4.676 1 ESTIMATOR 139.353867 -0.031154
4.700 1 GPS 3 38229216 481707726 821 13927 23 31 0 235503749 31 0
4.728 1 NAVIGATION 1 0 22007.2 3482.5 496442720. 496442720. 0 0
4.735 1 GPS 3 38229216 481707726 821 13927 23 31 0 235503749 31 0
4.742 1 SVINFO 1 9 13 7 47 52 113
4.779 1 WP_MOVED 9 360313.8125 4813652. 0. 31
4.878 1 GPS_SOL 0 0 0 0
4.955 1 GPS 3 38229221 481707732 799 13922 25 37 0 235504001 31 0
4.956 1 SVINFO 2 25 13 7 36 53 270
4.963 1 NAVIGATION 1 0 22007.2 3482.5 496445472. 496445472. 0 0
4.990 1 GPS 3 38229221 481707732 799 13922 25 37 0 235504001 31 0
4.994 1 SVINFO 3 14 12 4 30 44 295
4.995 1 DOWNLINK_STATUS 5 3637 158 1 759. 33. 0.
5.000 1 NAVIGATION 1 0 22007.2 3482.5 496445472. 496445472. 0 0
5.080 1 ATTITUDE -0.496126 1.394518 -0.04367
5.086 1 BAT 0 124 0 106 1 105 105 1
5.175 1 ESTIMATOR 139.291229 -0.057353
5.208 1 GPS 3 38229223 481707711 814 13930 15 28 0 235504249 31 0
5.209 1 SVINFO 4 27 13 7 42 39 118
5.218 1 NAVIGATION 1 0 22007.2 3482. 496441984. 496441984. 0 0
5.236 1 GPS 3 38229223 481707711 814 13930 15 28 0 235504249 31 0
5.239 1 SVINFO 5 29 12 4 15 26 194
5.280 1 WP_MOVED 10 360453.8125 4813581. 75. 31
5.283 1 DL_VALUE 17 1.5
5.327 1 CIRCLE 0. 0. 100.
5.432 1 DESIRED 0.6 -0.2 4.6 114. -83. 25. -2.
5.456 1 GPS 3 38229224 481707691 824 13939 21 43 0 235504501 31 0
5.456 1 SVINFO 6 2 13 7 38 17 104
5.464 1 NAVIGATION 1 0 22007.2 3482. 496443360. 496443360. 0 0
5.493 1 GPS 3 38229224 481707691 824 13939 21 43 0 235504501 31 0
5.493 1 SVINFO 7 4 13 6 35 14 65
5.495 1 IR_SENSORS -76 -86 -10 -162 271 0
5.511 1 PONG 
5.575 1 ATTITUDE -0.490688 1.438151 -0.05104
5.676 1 ESTIMATOR 139.300369 -0.035448
5.704 1 GPS 3 38229224 481707675 808 13944 27 57 0 235504749 31 0
5.704 1 SVINFO 8 15 12 4 28 6 169
5.715 1 NAVIGATION 1 0 22007.2 3482. 496443360. 496443360. 0 0
5.740 1 GPS 3 38229224 481707675 808 13944 27 57 0 235504749 31 0
5.779 1 WP_MOVED 11 360170.5 4813757.5 75. 31
5.948 1 GPS 3 38229224 481707657 804 13944 28 44 0 235505001 31 0
5.963 1 NAVIGATION 1 0 22007.2 3481.5 496439872. 496439872. 0 0
5.988 1 GPS 3 38229224 481707657 804 13944 28 44 0 235505001 31 0
5.992 1 NAVIGATION 1 0 22007.2 3481.5 496439872. 496439872. 0 0
5.993 1 DOWNLINK_STATUS 6 4337 189 1 700. 31. 16.79
6.080 1 ATTITUDE -0.484743 1.403245 -0.0544
6.080 1 CALIBRATION -150. 1
6.994 1 DOWNLINK_STATUS 7 4366 191 1 29. 2. 16.79
