0000       1 
0001       1 
0002       1 
0003       1 
0004       1 
0005       1 
0006       1 
0007       1 
0008       1 
0009       1 
0010       1 
0011       1 
0012       1 
0013       1 
0014       1 
0015       1 
0016       1 
0017       1 
0018       1 
0019       1 
0020       1 
0021       1 
0022       1 
0023       1 
0024       1 
0025       1 
0026       1 
0027       1 
0028       1 
0029       1 
0030       1 
0031       1 
0032       1 
0033       1 
0034       1 
0035       1 
0036       1 
0037       1 
0038       1 
0039       1 
0040       1 
0041       1 
0042       1 
0043       1 
0044       1 
0045       1 
0046       1 
0047       1 
0048       1 
0049       1 
0050       1 
0051       1 
0052       1 
0053       1 
0054       1 
0055       1 
0056       1 
0057       1 
0058       1 
0059       1 
0060       1 
0061       1 
0062       1 
0063       1 
0064       1 
0065       1 
0066       1 
0067       1 
0068       1 
0069       1 
0070       1 
0071       1 
0072       1 
0073       1 
0074       1 
0075       1 
0076       1 
0077       1 
0078       1 
0079       1 
0080       1 
0081       1 
0082       1 
0083       1 
0084       1 
0085       1 
0086       1 
0087       1 
0088       1 
0089       1 
0090       1 
0091       1 
0092       1 
0093       1 
0094       1 
0095       1 
0096       1 
0097       1 
0098       1 
0099       1 
0100       1 
0101       1 
0102       1 
0103       1 
0104       1 
0105       1 
0106       1 
0107       1 
0108       1 
0109       1 
0110       1 
0111       1 
0112       1 
0113       1 
0114       1 
0115       1 
0116       1 
0117       1 
0118       1 
0119       1 
0120       1 
0121       1 
0122       1 
0123       1 
0124       1 
0125       1 
0126       1 
0127       1 
0128       1 
0129       1 
0130       1 
0131       1 
0132       1 
0133       1 
0134       1 
0135       1 
0136       1 
0137       1 
0138       1 
0139       1 
0140       1 
0141       1 
0142       21024 
0143       21024 
0144       1 
0145       1 
0146       1 
0147       1 
0148       1 
0149       1 
0150       1 
0151       1 
0152       1 
0153       1 
0154       1 
0155       1 
0156       1 
0157       1 
0158       1 
0159       1 
0160       1 
0161       1 
0162       1 
0163       1 
0164       1 
0165       1 
0166       1 
0167       1 
0168       1 
0169       1 
0170       1 
0171       1 
0172       1 
0173       1 
0174       1 
0175       1 
0176       1 
0177       1 
0178       1 
0179       1 
0180       1 
0181       1 
0182       1 
0183       1 
0184       1 
0185       1 
0186       1 
0187       1 
0188       1 
0189       1 
0190       1 
0191       1 
0192       1 
0193       1 
0194       1 
0195       21812 
0196       21812 
0197       1 
0198       1 
0199       1 
0200       1 
0201       1 
0202       1 
0203       1 
0204       1 
0205       1 
0206       1 
0207       1 
0208       1 
0209       1 
0210       1 
0211       1 
0212       18048 
0213       18048 
0214       18003 
0215       17992 
0216       1 
0217       1 
0218       1 
0219       1 
0220       1 
0221       1 
0222       1 
0223       1 
0224       1 
0225       1 
0226       1 
0227       1 
0228       1 
0229       1 
0230       1 
0231       1 
0232       1 
0233       1 
0234       1 
0235       1 
0236       19438 
0237       19438 
0238       18944 
0239       1 
0240       1 
0241       1 
0242       1 
0243       1 
0244       1 
0245       1 
0246       1 
0247       1 
0248       1 
0249       1 
0250       1 
0251       1 
0252       1 
0253       1 
0254       1 
0255       1 
0256       1 
0257       1 
0258       1 
0259       1 
0260       1 
0261       1 
0262       1 
0263       1 
0264       1 
0265       1 
0266       1 
0267       1 
0268       22199 
0269       22199 
0270       21978 
0271       21782 
0272       21553 
0273       21345 
0274       21112 
0275       20737 
0276       20545 
0277       20545 
0278       20378 
0279       20197 
0280       19996 
0281       19761 
0282       19648 
0283       19420 
0284       19272 
0285       19149 
0286       18631 
0287       1 
0288       1 
0289       1 
0290       1 
0291       1 
0292       1 
0293       1 
0294       1 
0295       1 
0296       1 
0297       1 
0298       1 
0299       1 
0300       16726 
0301       16726 
0302       16726 
0303       16678 
0304       16531 
0305       16413 
0306       16206 
0307       16124 
0308       16124 
0309       16016 
0310       15712 
0311       15563 
0312       15563 
0313       15563 
0314       15563 
0315       15553 
0316       15490 
0317       15388 
0318       15302 
0319       15178 
0320       15113 
0321       15004 
0322       14947 
0323       14841 
0324       14769 
0325       14678 
0326       14602 
0327       14515 
0328       14455 
0329       14404 
0330       14278 
0331       14200 
0332       14140 
0333       14064 
0334       13971 
0335       13913 
0336       13872 
0337       13793 
0338       13706 
0339       13651 
0340       13576 
0341       13519 
0342       13400 
0343       13347 
0344       13308 
0345       13242 
0346       13198 
0347       13105 
0348       13052 
0349       12973 
0350       12930 
0351       12880 
0352       12806 
0353       12765 
0354       12690 
0355       12634 
0356       12594 
0357       12537 
0358       12494 
0359       12426 
0360       12406 
0361       12326 
0362       12259 
0363       12234 
0364       12212 
0365       12158 
0366       12091 
0367       12046 
0368       12014 
0369       11957 
0370       11921 
0371       11883 
0372       11850 
0373       11790 
0374       11738 
0375       11729 
0376       11682 
0377       11646 
0378       11584 
0379       11565 
0380       11506 
0381       11480 
0382       11448 
0383       11425 
0384       11343 
0385       11324 
0386       11300 
0387       11219 
0388       11206 
0389       11176 
0390       11122 
0391       11116 
0392       11062 
0393       11026 
0394       11012 
0395       10992 
0396       10944 
0397       10903 
0398       10889 
0399       10808 
0400       10802 
0401       10795 
0402       10752 
0403       10717 
0404       10708 
0405       10671 
0406       10634 
0407       10610 
0408       10590 
0409       10549 
0410       10530 
0411       10501 
0412       10461 
0413       10423 
0414       10420 
0415       10405 
0416       10363 
0417       10334 
0418       10320 
0419       10303 
0420       10274 
0421       10251 
0422       10206 
0423       10186 
0424       10178 
0425       10155 
0426       10130 
0427       10110 
0428       10065 
0429       10060 
0430       10055 
0431       10029 
0432       10009 
0433       9981 
0434       9953 
0435       9937 
0436       9928 
0437       9892 
0438       9890 
0439       9857 
0440       9820 
0441       9811 
0442       9794 
0443       9781 
0444       9741 
0445       9731 
0446       9700 
0447       9684 
0448       9680 
0449       9673 
0450       9657 
0451       9619 
0452       9619 
0453       9602 
0454       9586 
0455       9559 
0456       9557 
0457       9539 
0458       9518 
0459       9514 
0460       9514 
0461       9484 
0462       9468 
0463       9460 
0464       9453 
0465       9423 
0466       9423 
0467       9419 
0468       9406 
0469       9393 
0470       9375 
0471       9358 
0472       9358 
0473       9342 
0474       9336 
0475       9318 
0476       9305 
0477       9301 
0478       9284 
0479       9273 
0480       9265 
0481       9260 
0482       9249 
0483       9222 
0484       9221 
0485       9218 
0486       9204 
0487       9207 
0488       9207 
0489       9207 
0490       9184 
0491       9175 
0492       9172 
0493       9164 
0494       9164 
0495       9164 
0496       9137 
0497       9137 
0498       9143 
0499       9143 
0500       9125 
0501       9115 
0502       9115 
0503       9115 
0504       9104 
0505       9101 
0506       9101 
0507       9101 
0508       9088 
0509       9086 
0510       9081 
0511       9076 
0512       9076 
0513       9064 
0514       9060 
0515       9056 
0516       9054 
0517       9044 
0518       9050 
0519       9043 
0520       9042 
0521       9035 
0522       9035 
0523       9035 
0524       8997 
0525       8978 
0526       8967 
0527       8967 
0528       8993 
0529       9000 
0530       9003 
0531       9021 
0532       9032 
0533       9034 
0534       9037 
0535       9043 
0536       9043 
0537       9038 
0538       9038 
0539       9037 
0540       9037 
0541       9035 
0542       9037 
0543       9035 
0544       9038 
0545       9036 
0546       9040 
0547       9037 
0548       9037 
0549       9036 
0550       9036 
0551       9037 
0552       9048 
0553       9037 
0554       9042 
0555       9042 
0556       9053 
0557       9062 
0558       9066 
0559       9066 
0560       9080 
0561       9080 
0562       9083 
0563       9088 
0564       9095 
0565       9112 
0566       9112 
0567       9110 
0568       9110 
0569       9127 
0570       9146 
0571       9150 
0572       9150 
0573       9153 
0574       9157 
0575       9176 
0576       9187 
0577       9194 
0578       9214 
0579       9220 
0580       9222 
0581       9227 
0582       9228 
0583       9234 
0584       9251 
0585       9251 
0586       9259 
0587       9265 
0588       9276 
0589       9281 
0590       9305 
0591       9316 
0592       9320 
0593       9337 
0594       9351 
0595       9354 
0596       9366 
0597       9370 
0598       9370 
0599       9405 
0600       9405 
0601       9410 
0602       9432 
0603       9459 
0604       9477 
0605       9482 
0606       9504 
0607       9518 
0608       9521 
0609       9533 
0610       9547 
0611       9567 
0612       9570 
0613       9587 
0614       9608 
0615       9613 
0616       9631 
0617       9644 
0618       9665 
0619       9681 
0620       9688 
0621       9700 
0622       9717 
0623       9727 
0624       9769 
0625       9801 
0626       9807 
0627       9813 
0628       9843 
0629       9870 
0630       9887 
0631       9904 
0632       9906 
0633       9943 
0634       9958 
0635       9980 
0636       10030 
0637       10053 
0638       10057 
0639       10065 
0640       10127 
0641       10139 
0642       10161 
0643       10163 
0644       10221 
0645       10235 
0646       10235 
0647       10231 
0648       10166 
0649       10149 
0650       10149 
0651       10164 
0652       10195 
0653       10197 
0654       10195 
0655       7502 
0656       7500 
0657       7502 
0658       7525 
0659       7545 
0660       7585 
0661       7597 
0662       7614 
0663       7614 
0664       7611 
0665       7587 
0666       7570 
0667       7548 
0668       4955 
0669       4909 
0670       4861 
0671       4748 
0672       4660 
0673       4568 
0674       4445 
0675       4262 
0676       4165 
0677       4106 
0678       4083 
0679       4028 
0680       3977 
0681       3961 
0682       3961 
0683       3961 
0684       3977 
0685       3988 
0686       3995 
0687       4012 
0688       4023 
0689       4045 
0690       4068 
0691       4089 
0692       4102 
0693       4133 
0694       4139 
0695       4153 
0696       4170 
0697       4190 
0698       4241 
0699       4243 
0700       4261 
0701       4299 
0702       4360 
0703       4420 
0704       4452 
0705       4464 
0706       4513 
0707       4533 
0708       4544 
0709       4589 
0710       4604 
0711       4621 
0712       4636 
0713       4656 
0714       4694 
0715       4751 
0716       4765 
0717       4783 
0718       4802 
0719       4825 
0720       4867 
0721       4896 
0722       4898 
0723       4933 
0724       4951 
0725       4979 
0726       4989 
0727       5030 
0728       5038 
0729       5090 
0730       5094 
0731       5104 
0732       5145 
0733       5167 
0734       5188 
0735       5218 
0736       5233 
0737       5294 
0738       5325 
0739       5346 
0740       5365 
0741       5390 
0742       5392 
0743       5457 
0744       5498 
0745       5548 
0746       5555 
0747       5610 
0748       5632 
0749       5637 
0750       5677 
0751       5745 
0752       5758 
0753       5803 
0754       5867 
0755       5895 
0756       5918 
0757       5977 
0758       6011 
0759       6071 
0760       6105 
0761       6136 
0762       6206 
0763       6231 
0764       6295 
0765       6351 
0766       6353 
0767       6431 
0768       6475 
0769       6526 
0770       6573 
0771       6607 
0772       6694 
0773       6725 
0774       6759 
0775       6854 
0776       6905 
0777       6972 
0778       7005 
0779       7104 
0780       7123 
0781       7172 
0782       7220 
0783       7272 
0784       7344 
0785       7413 
0786       7470 
0787       7527 
0788       7586 
0789       7684 
0790       7768 
0791       7829 
0792       7894 
0793       7986 
0794       8080 
0795       8124 
0796       8192 
0797       8255 
0798       8273 
0799       8300 
0800       8374 
0801       8490 
0802       8619 
0803       8749 
0804       8950 
0805       9077 
0806       9155 
0807       9328 
0808       9413 
0809       9543 
0810       9693 
0811       9810 
0812       9953 
0813       10099 
0814       10224 
0815       10224 
0816       10318 
0817       10670 
0818       10757 
0819       10820 
0820       10991 
0821       11140 
0822       11298 
0823       11472 
0824       11668 
0825       11788 
0826       11978 
0827       12203 
0828       12372 
0829       12505 
0830       12728 
0831       12728 
0832       12728 
0833       1 
0834       13425 
0835       13826 
0836       14136 
0837       14281 
0838       14281 
0839       1 
0840       1 
0841       1 
0842       1 
0843       15958 
0844       15958 
0845       1 
0846       1 
0847       1 
0848       1 
0849       1 
0850       1 
0851       1 
0852       1 
0853       1 
0854       24318 
0855       24318 
0856       24318 
0857       24318 
0858       1 
0859       1 
0860       1 
0861       1 
0862       1 
0863       1 
0864       1 
0865       1 
0866       1 
0867       24591 
0868       24591 
0869       24550 
0870       24540 
0871       24540 
0872       24535 
0873       24537 
0874       24526 
0875       24511 
0876       24499 
0877       24441 
0878       24423 
0879       1 
0880       24423 
0881       24426 
0882       24426 
0883       24446 
0884       24482 
0885       24482 
0886       24482 
0887       24468 
0888       24361 
0889       1 
0890       1 
0891       1 
0892       1 
0893       1 
0894       1 
0895       1 
0896       1 
0897       1 
0898       1 
0899       1 
0900       1 
0901       1 
0902       1 
0903       1 
0904       1 
0905       1 
0906       1 
0907       1 
0908       1 
0909       1 
0910       1 
0911       1 
0912       1 
0913       1 
0914       1 
0915       1 
0916       1 
0917       1 
0918       1 
0919       1 
0920       1 
0921       1 
0922       1 
0923       1 
0924       1 
0925       1 
0926       1 
0927       1 
0928       1 
0929       1 
0930       1 
0931       1 
0932       1 
0933       1 
0934       1 
0935       1 
0936       1 
0937       1 
0938       1 
0939       1 
0940       1 
0941       1 
0942       1 
0943       1 
0944       1 
0945       1 
0946       1 
0947       1 
0948       1 
0949       1 
0950       1 
0951       1 
0952       1 
0953       1 
0954       1 
0955       1 
0956       1 
0957       1 
0958       1 
0959       1 
0960       1 
0961       1 
0962       1 
0963       1 
0964       1 
0965       1 
0966       1 
0967       1 
0968       1 
0969       1 
0970       1 
0971       1 
0972       1 
0973       1 
0974       1 
0975       1 
0976       1 
0977       1 
0978       1 
0979       1 
0980       1 
0981       1 
0982       1 
0983       1 
0984       1 
0985       1 
0986       1 
0987       1 
0988       1 
0989       1 
0990       1 
0991       1 
0992       1 
0993       1 
0994       1 
0995       1 
0996       1 
0997       1 
0998       1 
0999       1 
1000       1 
1001       1 
1002       1 
1003       1 
1004       1 
1005       1 
1006       1 
1007       1 
1008       4 
1009       47 
1010       41 
1011       41 
1012       41 
1013       56 
1014       54 
1015       54 
1016       54 
1017       4 
1018       4 
1019       4 
1020       46 
1021       57 
1022       63 
1023       63 
1024       57 
1025       55 
1026       55 
1027       55 
1028       54 
1029       52 
1030       54 
1031       53 
1032       53 
1033       53 
1034       54 
1035       67 
1036       69 
1037       69 
1038       67 
1039       64 
1040       63 
1041       62 
1042       62 
1043       63 
1044       63 
1045       64 
1046       72 
1047       72 
1048       69 
1049       69 
1050       66 
1051       65 
1052       65 
1053       65 
1054       66 
1055       66 
1056       66 
1057       65 
1058       66 
1059       64 
1060       64 
1061       66 
1062       69 
1063       69 
1064       69 
1065       73 
1066       66 
1067       66 
1068       66 
1069       66 
1070       66 
1071       66 
1072       65 
1073       64 
1074       65 
1075       64 
1076       64 
1077       64 
1078       65 
1079       63 
1297966619.301317
