0000       1 
0001       1 
0002       1 
0003       1 
0004       1 
0005       1 
0006       1 
0007       1 
0008       1 
0009       1 
0010       1 
0011       1 
0012       1 
0013       1 
0014       1 
0015       1 
0016       1 
0017       1 
0018       1 
0019       1 
0020       1 
0021       1 
0022       1 
0023       1 
0024       1 
0025       1 
0026       1 
0027       1 
0028       1 
0029       1 
0030       1 
0031       1 
0032       1 
0033       1 
0034       1 
0035       1 
0036       1 
0037       1 
0038       1 
0039       1 
0040       1 
0041       1 
0042       1 
0043       1 
0044       1 
0045       1 
0046       1 
0047       1 
0048       1 
0049       1 
0050       1 
0051       1 
0052       1 
0053       1 
0054       1 
0055       1 
0056       1 
0057       1 
0058       1 
0059       1 
0060       1 
0061       1 
0062       1 
0063       1 
0064       1 
0065       1 
0066       1 
0067       1 
0068       1 
0069       1 
0070       1 
0071       1 
0072       1 
0073       1 
0074       1 
0075       1 
0076       1 
0077       1 
0078       1 
0079       1 
0080       1 
0081       1 
0082       1 
0083       1 
0084       1 
0085       1 
0086       1 
0087       1 
0088       1 
0089       1 
0090       1 
0091       1 
0092       1 
0093       1 
0094       1 
0095       1 
0096       1 
0097       1 
0098       1 
0099       1 
0100       1 
0101       1 
0102       1 
0103       1 
0104       1 
0105       1 
0106       1 
0107       1 
0108       1 
0109       1 
0110       1 
0111       1 
0112       1 
0113       1 
0114       1 
0115       1 
0116       1 
0117       1 
0118       1 
0119       1 
0120       1 
0121       1 
0122       1 
0123       1 
0124       1 
0125       1 
0126       1 
0127       1 
0128       1 
0129       1 
0130       1 
0131       1 
0132       1 
0133       1 
0134       1 
0135       1 
0136       1 
0137       1 
0138       1 
0139       1 
0140       1 
0141       1 
0142       1 
0143       1 
0144       1 
0145       1 
0146       1 
0147       1 
0148       1 
0149       1 
0150       1 
0151       1 
0152       1 
0153       1 
0154       1 
0155       1 
0156       1 
0157       1 
0158       1 
0159       1 
0160       1 
0161       1 
0162       1 
0163       1 
0164       1 
0165       1 
0166       1 
0167       1 
0168       1 
0169       1 
0170       1 
0171       1 
0172       1 
0173       1 
0174       1 
0175       1 
0176       1 
0177       1 
0178       1 
0179       1 
0180       1 
0181       1 
0182       1 
0183       1 
0184       1 
0185       1 
0186       1 
0187       1 
0188       1 
0189       1 
0190       1 
0191       1 
0192       1 
0193       1 
0194       1 
0195       1 
0196       1 
0197       1 
0198       1 
0199       1 
0200       1 
0201       1 
0202       1 
0203       1 
0204       1 
0205       1 
0206       1 
0207       1 
0208       1 
0209       1 
0210       1 
0211       1 
0212       1 
0213       1 
0214       1 
0215       1 
0216       1 
0217       1 
0218       1 
0219       1 
0220       1 
0221       1 
0222       1 
0223       1 
0224       1 
0225       1 
0226       1 
0227       1 
0228       1 
0229       1 
0230       1 
0231       1 
0232       1 
0233       1 
0234       1 
0235       1 
0236       1 
0237       1 
0238       1 
0239       1 
0240       1 
0241       1 
0242       1 
0243       1 
0244       1 
0245       1 
0246       1 
0247       1 
0248       1 
0249       1 
0250       1 
0251       1 
0252       1 
0253       1 
0254       1 
0255       1 
0256       1 
0257       1 
0258       1 
0259       1 
0260       1 
0261       1 
0262       1 
0263       1 
0264       1 
0265       1 
0266       1 
0267       1 
0268       1 
0269       1 
0270       1 
0271       1 
0272       1 
0273       1 
0274       1 
0275       1 
0276       1 
0277       1 
0278       1 
0279       1 
0280       1 
0281       1 
0282       1 
0283       1 
0284       1 
0285       1 
0286       1 
0287       1 
0288       1 
0289       1 
0290       1 
0291       1 
0292       1 
0293       1 
0294       1 
0295       1 
0296       1 
0297       18488 
0298       18488 
0299       18181 
0300       18041 
0301       17928 
0302       17928 
0303       17767 
0304       17641 
0305       17520 
0306       17248 
0307       17145 
0308       17040 
0309       16970 
0310       16803 
0311       16662 
0312       16577 
0313       16473 
0314       16384 
0315       16251 
0316       16142 
0317       16003 
0318       15931 
0319       15834 
0320       15689 
0321       15580 
0322       15507 
0323       15374 
0324       15272 
0325       15203 
0326       15080 
0327       14990 
0328       14908 
0329       14834 
0330       14714 
0331       14639 
0332       14543 
0333       14473 
0334       14400 
0335       14291 
0336       14197 
0337       14114 
0338       14045 
0339       13988 
0340       13915 
0341       13804 
0342       13744 
0343       13687 
0344       13599 
0345       13543 
0346       13461 
0347       13373 
0348       13314 
0349       13258 
0350       13185 
0351       13118 
0352       13072 
0353       12988 
0354       12928 
0355       12878 
0356       12793 
0357       12733 
0358       12695 
0359       12632 
0360       12541 
0361       12518 
0362       12435 
0363       12385 
0364       12350 
0365       12283 
0366       12231 
0367       12153 
0368       12085 
0369       12062 
0370       12019 
0371       11954 
0372       11930 
0373       11876 
0374       11812 
0375       11769 
0376       11714 
0377       7425 
0378       7421 
0379       7418 
0380       7397 
0381       7379 
0382       7379 
0383       7381 
0384       7456 
0385       7477 
0386       7477 
0387       7454 
0388       7436 
0389       7412 
0390       7388 
0391       7371 
0392       7345 
0393       7321 
0394       7273 
0395       7269 
0396       7248 
0397       7239 
0398       7202 
0399       7188 
0400       7161 
0401       7137 
0402       7120 
0403       7092 
0404       7067 
0405       7064 
0406       7033 
0407       7019 
0408       7002 
0409       6988 
0410       6966 
0411       6924 
0412       6917 
0413       6884 
0414       6878 
0415       6868 
0416       6845 
0417       6835 
0418       6800 
0419       6779 
0420       6760 
0421       6748 
0422       6742 
0423       6726 
0424       6701 
0425       6669 
0426       6653 
0427       6637 
0428       6627 
0429       6603 
0430       6595 
0431       6587 
0432       6580 
0433       6546 
0434       6537 
0435       6512 
0436       6498 
0437       6493 
0438       6471 
0439       6467 
0440       6452 
0441       6435 
0442       6416 
0443       6415 
0444       6403 
0445       6390 
0446       6375 
0447       6373 
0448       6344 
0449       6334 
0450       6322 
0451       6317 
0452       6284 
0453       6280 
0454       6281 
0455       6280 
0456       6275 
0457       6246 
0458       6241 
0459       6214 
0460       6214 
0461       6209 
0462       6197 
0463       6193 
0464       6177 
0465       6171 
0466       6157 
0467       6153 
0468       6125 
0469       6116 
0470       6113 
0471       6113 
0472       6110 
0473       6094 
0474       6080 
0475       6077 
0476       6077 
0477       6067 
0478       6061 
0479       6054 
0480       6046 
0481       6034 
0482       6024 
0483       6012 
0484       6008 
0485       6007 
0486       5990 
0487       5990 
0488       5986 
0489       5986 
0490       5976 
0491       5970 
0492       5970 
0493       5961 
0494       5944 
0495       5940 
0496       5938 
0497       5933 
0498       5924 
0499       5924 
0500       5919 
0501       5919 
0502       5909 
0503       5909 
0504       5899 
0505       5887 
0506       5881 
0507       5881 
0508       5893 
0509       5893 
0510       5890 
0511       5867 
0512       5867 
0513       5859 
0514       5860 
0515       5860 
0516       5860 
0517       5853 
0518       5853 
0519       5859 
0520       5859 
0521       5848 
0522       5847 
0523       5848 
0524       5839 
0525       5829 
0526       5829 
0527       5826 
0528       5841 
0529       5835 
0530       5835 
0531       5830 
0532       5828 
0533       5828 
0534       5827 
0535       5827 
0536       5828 
0537       5828 
0538       5826 
0539       5819 
0540       5819 
0541       5819 
0542       5829 
0543       5835 
0544       5835 
0545       5835 
0546       5823 
0547       5823 
0548       5835 
0549       5835 
0550       5833 
0551       5826 
0552       5826 
0553       5828 
0554       5842 
0555       5842 
0556       5836 
0557       5836 
0558       5840 
0559       5841 
0560       5841 
0561       5844 
0562       5845 
0563       5851 
0564       5851 
0565       5851 
0566       5853 
0567       5859 
0568       5868 
0569       5874 
0570       5874 
0571       5874 
0572       5873 
0573       5874 
0574       5874 
0575       5880 
0576       5884 
0577       5886 
0578       5887 
0579       5893 
0580       5893 
0581       5898 
0582       5910 
0583       5910 
0584       5910 
0585       5915 
0586       5931 
0587       5933 
0588       5943 
0589       5943 
0590       5943 
0591       5949 
0592       5961 
0593       5961 
0594       5961 
0595       5977 
0596       5979 
0597       5984 
0598       5984 
0599       5984 
0600       5995 
0601       6012 
0602       6028 
0603       6028 
0604       6028 
0605       6035 
0606       6037 
0607       6046 
0608       6053 
0609       6061 
0610       6061 
0611       6061 
0612       6082 
0613       6091 
0614       6106 
0615       6120 
0616       6124 
0617       6121 
0618       6136 
0619       6140 
0620       6153 
0621       6156 
0622       6177 
0623       6188 
0624       6192 
0625       6198 
0626       6219 
0627       6221 
0628       6228 
0629       6229 
0630       6254 
0631       6260 
0632       6262 
0633       6277 
0634       6288 
0635       6308 
0636       6314 
0637       6321 
0638       6349 
0639       6351 
0640       6368 
0641       6379 
0642       6394 
0643       6409 
0644       6414 
0645       6437 
0646       6443 
0647       6468 
0648       6477 
0649       6498 
0650       6508 
0651       6510 
0652       6554 
0653       6562 
0654       6567 
0655       6585 
0656       6591 
0657       6613 
0658       6648 
0659       6657 
0660       6658 
0661       6658 
0662       6705 
0663       6718 
0664       6728 
0665       6730 
0666       6766 
0667       6781 
0668       6794 
0669       6816 
0670       6842 
0671       6855 
0672       6872 
0673       6900 
0674       6908 
0675       6938 
0676       6944 
0677       6969 
0678       6999 
0679       7013 
0680       7027 
0681       7060 
0682       7076 
0683       7087 
0684       7108 
0685       7130 
0686       7172 
0687       7196 
0688       7236 
0689       7238 
0690       7251 
0691       7277 
0692       7290 
0693       7317 
0694       7358 
0695       7369 
0696       7397 
0697       7427 
0698       7445 
0699       7480 
0700       7526 
0701       7527 
0702       7542 
0703       7555 
0704       7574 
0705       7631 
0706       7663 
0707       7704 
0708       7720 
0709       7750 
0710       7766 
0711       7798 
0712       7838 
0713       7871 
0714       7898 
0715       7911 
0716       7968 
0717       8010 
0718       8057 
0719       8083 
0720       8109 
0721       8130 
0722       8173 
0723       8231 
0724       8247 
0725       8287 
0726       8325 
0727       8359 
0728       8402 
0729       8440 
0730       8485 
0731       8542 
0732       8558 
0733       8597 
0734       8652 
0735       8681 
0736       8750 
0737       8789 
0738       8840 
0739       8850 
0740       8922 
0741       8940 
0742       9011 
0743       9057 
0744       9088 
0745       9126 
0746       9167 
0747       9212 
0748       9274 
0749       9330 
0750       9375 
0751       9419 
0752       9493 
0753       9528 
0754       9592 
0755       9622 
0756       9690 
0757       9764 
0758       9821 
0759       9877 
0760       9922 
0761       9973 
0762       10038 
0763       10112 
0764       10211 
0765       10211 
0766       10211 
0767       1 
0768       1 
0769       1 
0770       11239 
0771       11484 
0772       11590 
0773       11670 
0774       11771 
0775       11840 
0776       11895 
0777       11990 
0778       12088 
0779       12174 
0780       12256 
0781       12333 
0782       12443 
0783       12528 
0784       12630 
0785       12729 
0786       12847 
0787       12899 
0788       12986 
0789       13097 
0790       13195 
0791       13269 
0792       13269 
0793       13351 
0794       13603 
0795       13603 
0796       1 
0797       1 
0798       1 
0799       1 
0800       14152 
0801       14152 
0802       14139 
0803       1 
0804       1 
0805       1 
0806       1 
0807       12183 
0808       12183 
0809       12183 
0810       12181 
0811       12137 
0812       12118 
0813       12090 
0814       12082 
0815       12063 
0816       12022 
0817       12004 
0818       11990 
0819       11954 
0820       11954 
0821       11950 
0822       11932 
0823       11896 
0824       11892 
0825       11863 
0826       11863 
0827       10197 
0828       10176 
0829       10164 
0830       10166 
0831       10164 
0832       10137 
0833       10121 
0834       10108 
0835       10105 
0836       10084 
0837       10075 
0838       10069 
0839       10064 
0840       10025 
0841       7825 
0842       7825 
0843       7825 
0844       7778 
0845       7722 
0846       7671 
0847       7646 
0848       7628 
0849       7544 
0850       7508 
0851       7489 
0852       7463 
0853       7397 
0854       7360 
0855       7336 
0856       7327 
0857       7258 
0858       7254 
0859       7246 
0860       7172 
0861       7129 
0862       6890 
0863       6890 
0864       6981 
0865       6988 
0866       6991 
0867       7070 
0868       7211 
0869       7405 
0870       7485 
0871       7485 
0872       7478 
0873       7459 
0874       7428 
0875       7428 
0876       7440 
0877       7440 
0878       7415 
0879       7409 
0880       7409 
0881       7407 
0882       7399 
0883       7399 
0884       7398 
0885       7398 
0886       7391 
0887       7391 
0888       7405 
0889       7405 
0890       7399 
0891       7383 
0892       7383 
0893       7401 
0894       7401 
0895       7396 
0896       7392 
0897       7366 
0898       1 
0899       1 
0900       1 
0901       1 
0902       1 
0903       1 
0904       1 
0905       1 
0906       1 
0907       1 
0908       1 
0909       1 
0910       1 
0911       1 
0912       1 
0913       1 
0914       1 
0915       1 
0916       1 
0917       1 
0918       1 
0919       1 
0920       1 
0921       1 
0922       1 
0923       1 
0924       1 
0925       1 
0926       1 
0927       1 
0928       1 
0929       1 
0930       1 
0931       1 
0932       1 
0933       1 
0934       1 
0935       1 
0936       1 
0937       1 
0938       1 
0939       1 
0940       1 
0941       1 
0942       1 
0943       1 
0944       1 
0945       1 
0946       1 
0947       1 
0948       1 
0949       1 
0950       1 
0951       1 
0952       1 
0953       1 
0954       1 
0955       1 
0956       1 
0957       1 
0958       1 
0959       1 
0960       1 
0961       1 
0962       1 
0963       1 
0964       1 
0965       1 
0966       1 
0967       1 
0968       1 
0969       1 
0970       1 
0971       1 
0972       1 
0973       1 
0974       1 
0975       1 
0976       1 
0977       1 
0978       1 
0979       1 
0980       1 
0981       1 
0982       1 
0983       1 
0984       1 
0985       1 
0986       1 
0987       1 
0988       1 
0989       1 
0990       1 
0991       1 
0992       1 
0993       1 
0994       1 
0995       1 
0996       1 
0997       1 
0998       1 
0999       1 
1000       1 
1001       1 
1002       1 
1003       1 
1004       1 
1005       1 
1006       1 
1007       1 
1008       4 
1009       4 
1010       4 
1011       4 
1012       54 
1013       54 
1014       54 
1015       54 
1016       50 
1017       50 
1018       55 
1019       55 
1020       55 
1021       57 
1022       57 
1023       57 
1024       62 
1025       64 
1026       64 
1027       62 
1028       62 
1029       60 
1030       50 
1031       48 
1032       48 
1033       50 
1034       51 
1035       73 
1036       73 
1037       73 
1038       65 
1039       65 
1040       63 
1041       64 
1042       62 
1043       64 
1044       62 
1045       62 
1046       62 
1047       65 
1048       65 
1049       69 
1050       69 
1051       69 
1052       66 
1053       66 
1054       66 
1055       66 
1056       66 
1057       66 
1058       65 
1059       63 
1060       62 
1061       63 
1062       65 
1063       69 
1064       69 
1065       69 
1066       62 
1067       62 
1068       62 
1069       64 
1070       66 
1071       68 
1072       66 
1073       64 
1074       66 
1075       62 
1076       62 
1077       61 
1078       62 
1079       61 
1297966653.992570
