0000       1 
0001       1 
0002       1 
0003       1 
0004       1 
0005       1 
0006       1 
0007       1 
0008       1 
0009       1 
0010       1 
0011       1 
0012       1 
0013       1 
0014       1 
0015       1 
0016       1 
0017       1 
0018       1 
0019       1 
0020       1 
0021       1 
0022       1 
0023       1 
0024       1 
0025       1 
0026       1 
0027       1 
0028       1 
0029       1 
0030       1 
0031       1 
0032       1 
0033       1 
0034       1 
0035       1 
0036       1 
0037       1 
0038       1 
0039       1 
0040       1 
0041       1 
0042       1 
0043       1 
0044       1 
0045       1 
0046       1 
0047       1 
0048       1 
0049       1 
0050       1 
0051       1 
0052       1 
0053       1 
0054       1 
0055       1 
0056       1 
0057       1 
0058       1 
0059       1 
0060       1 
0061       1 
0062       1 
0063       1 
0064       1 
0065       1 
0066       1 
0067       1 
0068       1 
0069       1 
0070       1 
0071       1 
0072       1 
0073       1 
0074       1 
0075       1 
0076       1 
0077       1 
0078       1 
0079       1 
0080       1 
0081       1 
0082       1 
0083       1 
0084       1 
0085       1 
0086       1 
0087       1 
0088       1 
0089       1 
0090       1 
0091       1 
0092       1 
0093       1 
0094       1 
0095       1 
0096       1 
0097       1 
0098       4719 
0099       4719 
0100       4724 
0101       4719 
0102       4719 
0103       4709 
0104       4694 
0105       4692 
0106       4691 
0107       4686 
0108       4686 
0109       4673 
0110       4660 
0111       4653 
0112       4652 
0113       4650 
0114       4646 
0115       4642 
0116       4639 
0117       4636 
0118       4630 
0119       4625 
0120       4618 
0121       4611 
0122       4609 
0123       4599 
0124       4597 
0125       4597 
0126       4594 
0127       4594 
0128       4590 
0129       4586 
0130       4582 
0131       4578 
0132       4567 
0133       4563 
0134       4561 
0135       4561 
0136       4557 
0137       4557 
0138       4552 
0139       4550 
0140       4549 
0141       4541 
0142       4540 
0143       4539 
0144       4539 
0145       4539 
0146       4538 
0147       4538 
0148       4528 
0149       4528 
0150       4528 
0151       4528 
0152       4522 
0153       4522 
0154       4520 
0155       4520 
0156       4519 
0157       4519 
0158       4519 
0159       4519 
0160       4519 
0161       4519 
0162       4518 
0163       4518 
0164       4516 
0165       4516 
0166       4516 
0167       4513 
0168       4513 
0169       4513 
0170       4512 
0171       4511 
0172       4507 
0173       4507 
0174       4507 
0175       4503 
0176       4503 
0177       4507 
0178       4512 
0179       4517 
0180       4518 
0181       4518 
0182       4512 
0183       4518 
0184       4520 
0185       4520 
0186       4520 
0187       4521 
0188       4521 
0189       4530 
0190       4530 
0191       4530 
0192       4530 
0193       4535 
0194       4535 
0195       4535 
0196       4535 
0197       4535 
0198       4535 
0199       4538 
0200       4547 
0201       4549 
0202       4551 
0203       4552 
0204       4553 
0205       4554 
0206       4572 
0207       4575 
0208       4579 
0209       4581 
0210       4582 
0211       4585 
0212       4585 
0213       4586 
0214       4587 
0215       4587 
0216       4595 
0217       4609 
0218       4612 
0219       4612 
0220       4614 
0221       4626 
0222       4628 
0223       4635 
0224       4635 
0225       4640 
0226       4645 
0227       4650 
0228       4652 
0229       4661 
0230       4669 
0231       4669 
0232       4669 
0233       4679 
0234       4688 
0235       4699 
0236       4700 
0237       4708 
0238       4713 
0239       4717 
0240       4722 
0241       4731 
0242       4739 
0243       4748 
0244       4749 
0245       4758 
0246       4762 
0247       4768 
0248       4788 
0249       4791 
0250       4796 
0251       4804 
0252       4806 
0253       4821 
0254       4823 
0255       4830 
0256       4832 
0257       4848 
0258       4853 
0259       4861 
0260       4874 
0261       4884 
0262       4885 
0263       4899 
0264       4909 
0265       4924 
0266       4927 
0267       4934 
0268       4939 
0269       4955 
0270       4964 
0271       4973 
0272       4987 
0273       4995 
0274       5004 
0275       5013 
0276       5020 
0277       5041 
0278       5043 
0279       5074 
0280       5079 
0281       5083 
0282       5094 
0283       5111 
0284       5118 
0285       5130 
0286       5147 
0287       5149 
0288       5169 
0289       5179 
0290       5187 
0291       5197 
0292       5224 
0293       5235 
0294       5243 
0295       5265 
0296       5278 
0297       5287 
0298       5297 
0299       5303 
0300       5334 
0301       5356 
0302       5364 
0303       5374 
0304       5382 
0305       5417 
0306       5427 
0307       5445 
0308       5446 
0309       5471 
0310       5484 
0311       5506 
0312       5528 
0313       5529 
0314       5568 
0315       5571 
0316       5588 
0317       5609 
0318       5637 
0319       5649 
0320       5675 
0321       5683 
0322       5714 
0323       5731 
0324       5745 
0325       5769 
0326       5776 
0327       5800 
0328       5824 
0329       5856 
0330       5870 
0331       5885 
0332       5906 
0333       5924 
0334       5938 
0335       5964 
0336       5990 
0337       6025 
0338       6038 
0339       6067 
0340       6075 
0341       6104 
0342       6136 
0343       6160 
0344       6186 
0345       6208 
0346       6242 
0347       6252 
0348       6279 
0349       6308 
0350       6338 
0351       6362 
0352       6400 
0353       6434 
0354       6457 
0355       6502 
0356       6503 
0357       6544 
0358       6574 
0359       6598 
0360       6637 
0361       6670 
0362       6714 
0363       6726 
0364       6769 
0365       6804 
0366       6839 
0367       6869 
0368       6910 
0369       6950 
0370       6981 
0371       7031 
0372       7066 
0373       7099 
0374       7140 
0375       7173 
0376       7214 
0377       7263 
0378       7312 
0379       7345 
0380       7378 
0381       7425 
0382       7456 
0383       7520 
0384       7551 
0385       7606 
0386       7642 
0387       7695 
0388       7748 
0389       7784 
0390       7815 
0391       7892 
0392       7945 
0393       7987 
0394       8050 
0395       8091 
0396       8128 
0397       8148 
0398       8148 
0399       8084 
0400       8047 
0401       8047 
0402       8056 
0403       8056 
0404       8042 
0405       8042 
0406       8096 
0407       8096 
0408       8062 
0409       7980 
0410       7980 
0411       8011 
0412       8058 
0413       8170 
0414       8206 
0415       8280 
0416       8291 
0417       8409 
0418       8522 
0419       8764 
0420       8969 
0421       9032 
0422       9097 
0423       9430 
0424       9430 
0425       9436 
0426       9436 
0427       9416 
0428       9361 
0429       9345 
0430       7796 
0431       7796 
0432       7813 
0433       7813 
0434       7734 
0435       7647 
0436       7607 
0437       7591 
0438       7581 
0439       7552 
0440       7517 
0441       7489 
0442       7489 
0443       7477 
0444       7468 
0445       7397 
0446       7397 
0447       7389 
0448       7388 
0449       7388 
0450       7388 
0451       7369 
0452       7359 
0453       7369 
0454       7359 
0455       7335 
0456       7228 
0457       7228 
0458       7285 
0459       7285 
0460       7284 
0461       7274 
0462       7274 
0463       7270 
0464       7270 
0465       7270 
0466       7259 
0467       7255 
0468       7170 
0469       7153 
0470       7157 
0471       7157 
0472       7184 
0473       7184 
0474       7184 
0475       7163 
0476       7163 
0477       7143 
0478       7133 
0479       7133 
0480       7178 
0481       7268 
0482       7300 
0483       7344 
0484       7415 
0485       7447 
0486       7638 
0487       8472 
0488       8521 
0489       8521 
0490       8514 
0491       8509 
0492       8500 
0493       8500 
0494       8488 
0495       8486 
0496       8486 
0497       8486 
0498       8468 
0499       8456 
0500       8456 
0501       8456 
0502       8455 
0503       8444 
0504       8437 
0505       8437 
0506       8437 
0507       8430 
0508       8427 
0509       8413 
0510       8399 
0511       8395 
0512       8392 
0513       8392 
0514       8390 
0515       8377 
0516       8376 
0517       8375 
0518       8376 
0519       8374 
0520       8374 
0521       8374 
0522       8381 
0523       8381 
0524       8367 
0525       8359 
0526       8358 
0527       8355 
0528       8355 
0529       8355 
0530       8350 
0531       8350 
0532       8359 
0533       8370 
0534       8372 
0535       8390 
0536       8390 
0537       8388 
0538       8383 
0539       8388 
0540       8390 
0541       8395 
0542       8395 
0543       8393 
0544       8390 
0545       8393 
0546       8416 
0547       8421 
0548       8421 
0549       8428 
0550       8411 
0551       8428 
0552       8435 
0553       8436 
0554       8444 
0555       8444 
0556       8451 
0557       8466 
0558       8471 
0559       8471 
0560       8471 
0561       8476 
0562       8489 
0563       8489 
0564       8489 
0565       8491 
0566       8497 
0567       8512 
0568       8507 
0569       8526 
0570       8514 
0571       8529 
0572       8552 
0573       8556 
0574       8563 
0575       8571 
0576       8579 
0577       8584 
0578       8604 
0579       8612 
0580       8613 
0581       8622 
0582       8622 
0583       8622 
0584       8633 
0585       8647 
0586       8675 
0587       8690 
0588       8690 
0589       8690 
0590       8699 
0591       8710 
0592       8731 
0593       8735 
0594       8743 
0595       8749 
0596       8755 
0597       8773 
0598       8783 
0599       8783 
0600       8783 
0601       8817 
0602       8821 
0603       8822 
0604       8831 
0605       8849 
0606       8849 
0607       8859 
0608       8859 
0609       8902 
0610       8903 
0611       8903 
0612       8899 
0613       8899 
0614       8910 
0615       8929 
0616       8929 
0617       8938 
0618       8932 
0619       8938 
0620       8934 
0621       8934 
0622       8934 
0623       8974 
0624       8974 
0625       8922 
0626       8775 
0627       8688 
0628       8688 
0629       8777 
0630       8805 
0631       8785 
0632       8785 
0633       8673 
0634       8640 
0635       8632 
0636       8632 
0637       8632 
0638       8599 
0639       8599 
0640       8637 
0641       8656 
0642       8673 
0643       8698 
0644       8763 
0645       8763 
0646       8728 
0647       8728 
0648       8757 
0649       8799 
0650       8799 
0651       8799 
0652       8869 
0653       8869 
0654       8847 
0655       8847 
0656       8838 
0657       8696 
0658       8696 
0659       8685 
0660       8685 
0661       8685 
0662       8661 
0663       10057 
0664       10087 
0665       10136 
0666       10139 
0667       10139 
0668       10170 
0669       10174 
0670       10227 
0671       10264 
0672       10271 
0673       10271 
0674       10238 
0675       10238 
0676       10265 
0677       10265 
0678       10268 
0679       10268 
0680       10484 
0681       10558 
0682       10582 
0683       10640 
0684       10672 
0685       10698 
0686       10744 
0687       10770 
0688       10821 
0689       10839 
0690       10917 
0691       10950 
0692       10991 
0693       11029 
0694       11059 
0695       11106 
0696       11134 
0697       11187 
0698       11238 
0699       11305 
0700       11326 
0701       11377 
0702       11410 
0703       11476 
0704       11494 
0705       11581 
0706       11602 
0707       11666 
0708       11728 
0709       11773 
0710       11841 
0711       11844 
0712       11899 
0713       11953 
0714       12002 
0715       12029 
0716       12106 
0717       12180 
0718       12218 
0719       12251 
0720       12251 
0721       12288 
0722       12288 
0723       12288 
0724       12288 
0725       1 
0726       1 
0727       12471 
0728       12653 
0729       12720 
0730       12720 
0731       12766 
0732       13103 
0733       13182 
0734       13253 
0735       13345 
0736       13410 
0737       13505 
0738       13566 
0739       13617 
0740       13706 
0741       13757 
0742       13857 
0743       13954 
0744       14002 
0745       14099 
0746       14208 
0747       14263 
0748       14398 
0749       14451 
0750       14540 
0751       14601 
0752       14747 
0753       14813 
0754       14858 
0755       14973 
0756       15057 
0757       15060 
0758       15177 
0759       15177 
0760       15282 
0761       15647 
0762       15862 
0763       15912 
0764       15912 
0765       15789 
0766       15720 
0767       15684 
0768       15634 
0769       15616 
0770       15553 
0771       15508 
0772       15480 
0773       15421 
0774       15388 
0775       15363 
0776       15336 
0777       15286 
0778       15237 
0779       15198 
0780       15181 
0781       15125 
0782       15125 
0783       15152 
0784       15156 
0785       15156 
0786       15108 
0787       15087 
0788       15039 
0789       15013 
0790       14983 
0791       14959 
0792       14931 
0793       14882 
0794       14857 
0795       14827 
0796       14815 
0797       14755 
0798       14753 
0799       14732 
0800       14656 
0801       14536 
0802       14484 
0803       14446 
0804       14431 
0805       14391 
0806       14370 
0807       14337 
0808       14316 
0809       14290 
0810       14273 
0811       14250 
0812       14234 
0813       14213 
0814       14188 
0815       14155 
0816       14141 
0817       14114 
0818       14092 
0819       14086 
0820       14062 
0821       14044 
0822       14020 
0823       14000 
0824       13981 
0825       13965 
0826       13957 
0827       13927 
0828       13920 
0829       13898 
0830       13898 
0831       13933 
0832       13978 
0833       13978 
0834       13965 
0835       13929 
0836       13901 
0837       13896 
0838       13895 
0839       13876 
0840       13868 
0841       13852 
0842       13842 
0843       13839 
0844       13829 
0845       13825 
0846       13791 
0847       13780 
0848       13766 
0849       13761 
0850       13749 
0851       13729 
0852       13610 
0853       13557 
0854       13538 
0855       13538 
0856       13538 
0857       13518 
0858       13513 
0859       13506 
0860       13492 
0861       13492 
0862       13593 
0863       13630 
0864       13648 
0865       13648 
0866       13629 
0867       13625 
0868       13607 
0869       13607 
0870       13593 
0871       13536 
0872       1 
0873       1 
0874       1 
0875       1 
0876       1 
0877       1 
0878       1 
0879       1 
0880       1 
0881       1 
0882       1 
0883       1 
0884       1 
0885       1 
0886       1 
0887       1 
0888       1 
0889       1 
0890       1 
0891       1 
0892       1 
0893       1 
0894       1 
0895       1 
0896       1 
0897       1 
0898       1 
0899       1 
0900       1 
0901       1 
0902       1 
0903       1 
0904       1 
0905       1 
0906       1 
0907       1 
0908       1 
0909       1 
0910       1 
0911       1 
0912       1 
0913       1 
0914       1 
0915       1 
0916       1 
0917       1 
0918       1 
0919       1 
0920       1 
0921       1 
0922       1 
0923       1 
0924       1 
0925       1 
0926       1 
0927       1 
0928       1 
0929       1 
0930       1 
0931       1 
0932       1 
0933       1 
0934       1 
0935       1 
0936       1 
0937       1 
0938       1 
0939       1 
0940       1 
0941       1 
0942       1 
0943       1 
0944       1 
0945       1 
0946       1 
0947       1 
0948       1 
0949       1 
0950       1 
0951       1 
0952       1 
0953       1 
0954       1 
0955       1 
0956       1 
0957       1 
0958       1 
0959       1 
0960       1 
0961       1 
0962       1 
0963       1 
0964       1 
0965       1 
0966       1 
0967       1 
0968       1 
0969       1 
0970       1 
0971       1 
0972       1 
0973       1 
0974       1 
0975       1 
0976       1 
0977       1 
0978       1 
0979       1 
0980       1 
0981       1 
0982       1 
0983       1 
0984       1 
0985       1 
0986       1 
0987       1 
0988       1 
0989       1 
0990       1 
0991       1 
0992       1 
0993       1 
0994       1 
0995       1 
0996       1 
0997       1 
0998       1 
0999       1 
1000       1 
1001       1 
1002       1 
1003       1 
1004       1 
1005       1 
1006       1 
1007       4 
1008       4 
1009       56 
1010       56 
1011       45 
1012       43 
1013       45 
1014       43 
1015       4 
1016       4 
1017       4 
1018       4 
1019       45 
1020       46 
1021       46 
1022       46 
1023       54 
1024       55 
1025       63 
1026       65 
1027       64 
1028       64 
1029       63 
1030       58 
1031       58 
1032       58 
1033       58 
1034       65 
1035       65 
1036       67 
1037       67 
1038       68 
1039       71 
1040       71 
1041       68 
1042       72 
1043       68 
1044       68 
1045       68 
1046       69 
1047       69 
1048       69 
1049       69 
1050       69 
1051       69 
1052       67 
1053       70 
1054       67 
1055       67 
1056       67 
1057       66 
1058       66 
1059       68 
1060       68 
1061       68 
1062       68 
1063       68 
1064       68 
1065       68 
1066       68 
1067       68 
1068       73 
1069       73 
1070       73 
1071       72 
1072       72 
1073       72 
1074       72 
1075       75 
1076       75 
1077       75 
1078       74 
1079       68 
1297966720.608296
