0000       1 
0001       1 
0002       1 
0003       1 
0004       1 
0005       1 
0006       1 
0007       1 
0008       1 
0009       1 
0010       1 
0011       1 
0012       1 
0013       1 
0014       1 
0015       1 
0016       1 
0017       1 
0018       1 
0019       1 
0020       1 
0021       1 
0022       1 
0023       1 
0024       1 
0025       1 
0026       1 
0027       1 
0028       1 
0029       1 
0030       1 
0031       1 
0032       1 
0033       1 
0034       1 
0035       1 
0036       1 
0037       1 
0038       1 
0039       1 
0040       1 
0041       1 
0042       1 
0043       1 
0044       1 
0045       1 
0046       1 
0047       1 
0048       1 
0049       1 
0050       1 
0051       1 
0052       1 
0053       1 
0054       1 
0055       1 
0056       1 
0057       1 
0058       1 
0059       1 
0060       1 
0061       1 
0062       1 
0063       1 
0064       1 
0065       1 
0066       1 
0067       1 
0068       1 
0069       1 
0070       1 
0071       1 
0072       1 
0073       1 
0074       1 
0075       1 
0076       1 
0077       1 
0078       1 
0079       1 
0080       1 
0081       1 
0082       1 
0083       1 
0084       1 
0085       1 
0086       1 
0087       1 
0088       1 
0089       1 
0090       1 
0091       1 
0092       1 
0093       1 
0094       1 
0095       1 
0096       1 
0097       1 
0098       1 
0099       1 
0100       1 
0101       1 
0102       1 
0103       1 
0104       1 
0105       1 
0106       1 
0107       1 
0108       1 
0109       1 
0110       1 
0111       1 
0112       1 
0113       1 
0114       1 
0115       1 
0116       1 
0117       1 
0118       1 
0119       1 
0120       1 
0121       1 
0122       1 
0123       1 
0124       1 
0125       1 
0126       1 
0127       1 
0128       1 
0129       1 
0130       1 
0131       1 
0132       1 
0133       1 
0134       1 
0135       1 
0136       1 
0137       1 
0138       1 
0139       1 
0140       1 
0141       1 
0142       1 
0143       1 
0144       1 
0145       1 
0146       1 
0147       1 
0148       1 
0149       1 
0150       1 
0151       1 
0152       1 
0153       1 
0154       1 
0155       1 
0156       1 
0157       1 
0158       1 
0159       1 
0160       1 
0161       1 
0162       1 
0163       1 
0164       1 
0165       1 
0166       1 
0167       1 
0168       1 
0169       1 
0170       1 
0171       1 
0172       1 
0173       1 
0174       1 
0175       1 
0176       1 
0177       1 
0178       1 
0179       1 
0180       1 
0181       1 
0182       1 
0183       1 
0184       1 
0185       1 
0186       1 
0187       1 
0188       1 
0189       1 
0190       1 
0191       1 
0192       1 
0193       1 
0194       1 
0195       1 
0196       1 
0197       1 
0198       1 
0199       1 
0200       1 
0201       1 
0202       1 
0203       1 
0204       1 
0205       1 
0206       1 
0207       1 
0208       1 
0209       1 
0210       1 
0211       1 
0212       1 
0213       1 
0214       1 
0215       1 
0216       1 
0217       1 
0218       1 
0219       1 
0220       1 
0221       1 
0222       1 
0223       1 
0224       1 
0225       1 
0226       1 
0227       1 
0228       1 
0229       1 
0230       1 
0231       1 
0232       1 
0233       1 
0234       1 
0235       1 
0236       1 
0237       1 
0238       1 
0239       1 
0240       1 
0241       1 
0242       1 
0243       1 
0244       1 
0245       1 
0246       1 
0247       1 
0248       1 
0249       1 
0250       1 
0251       1 
0252       1 
0253       1 
0254       1 
0255       1 
0256       1 
0257       1 
0258       1 
0259       1 
0260       1 
0261       1 
0262       1 
0263       1 
0264       1 
0265       1 
0266       1 
0267       1 
0268       1 
0269       1 
0270       1 
0271       1 
0272       14039 
0273       14039 
0274       14039 
0275       13609 
0276       13559 
0277       13559 
0278       13485 
0279       13309 
0280       13171 
0281       13171 
0282       12930 
0283       12798 
0284       12798 
0285       12691 
0286       12613 
0287       12496 
0288       12381 
0289       12268 
0290       12224 
0291       12081 
0292       12018 
0293       11895 
0294       11810 
0295       11751 
0296       11650 
0297       11574 
0298       11479 
0299       11416 
0300       11318 
0301       11241 
0302       11111 
0303       11070 
0304       10987 
0305       10903 
0306       10815 
0307       10754 
0308       10653 
0309       10586 
0310       10539 
0311       10459 
0312       10418 
0313       10350 
0314       10248 
0315       10220 
0316       10146 
0317       10083 
0318       9989 
0319       9956 
0320       9890 
0321       9855 
0322       9773 
0323       9743 
0324       9666 
0325       9562 
0326       9553 
0327       9493 
0328       9445 
0329       9418 
0330       9332 
0331       9305 
0332       9225 
0333       9196 
0334       9127 
0335       9086 
0336       9041 
0337       9016 
0338       8961 
0339       8884 
0340       8870 
0341       8794 
0342       8746 
0343       8736 
0344       8716 
0345       8668 
0346       8612 
0347       8564 
0348       8522 
0349       8483 
0350       8439 
0351       8412 
0352       8370 
0353       8341 
0354       8316 
0355       8276 
0356       8234 
0357       8208 
0358       8151 
0359       8146 
0360       8112 
0361       8049 
0362       8027 
0363       7989 
0364       7954 
0365       7919 
0366       7910 
0367       7871 
0368       7818 
0369       7778 
0370       7777 
0371       7761 
0372       7725 
0373       7693 
0374       7665 
0375       7612 
0376       7597 
0377       7563 
0378       7542 
0379       7511 
0380       7498 
0381       7467 
0382       7443 
0383       7428 
0384       7400 
0385       7381 
0386       7335 
0387       7313 
0388       7306 
0389       7272 
0390       7250 
0391       7228 
0392       7226 
0393       7178 
0394       7172 
0395       7136 
0396       7135 
0397       7102 
0398       7078 
0399       7060 
0400       7040 
0401       7031 
0402       6986 
0403       6978 
0404       6959 
0405       6931 
0406       6914 
0407       6903 
0408       6889 
0409       6855 
0410       6843 
0411       6814 
0412       6812 
0413       6789 
0414       6784 
0415       6749 
0416       6738 
0417       6713 
0418       6702 
0419       6694 
0420       6676 
0421       6667 
0422       6643 
0423       6607 
0424       6598 
0425       6586 
0426       6573 
0427       6573 
0428       6536 
0429       6530 
0430       6504 
0431       6501 
0432       6476 
0433       6474 
0434       6465 
0435       6439 
0436       6418 
0437       6415 
0438       6405 
0439       6388 
0440       6362 
0441       6358 
0442       6337 
0443       6335 
0444       6325 
0445       6314 
0446       6314 
0447       6303 
0448       6280 
0449       6280 
0450       6253 
0451       6238 
0452       6235 
0453       6229 
0454       6229 
0455       6207 
0456       6184 
0457       6181 
0458       6179 
0459       6179 
0460       6167 
0461       6156 
0462       6139 
0463       6123 
0464       6123 
0465       6123 
0466       6115 
0467       6115 
0468       6083 
0469       6074 
0470       6083 
0471       6060 
0472       6063 
0473       6052 
0474       6043 
0475       6035 
0476       6031 
0477       6015 
0478       6010 
0479       6007 
0480       6007 
0481       5981 
0482       5978 
0483       5973 
0484       5973 
0485       5973 
0486       5966 
0487       5960 
0488       5957 
0489       5943 
0490       5939 
0491       5937 
0492       5936 
0493       5937 
0494       5935 
0495       5915 
0496       5915 
0497       5914 
0498       5914 
0499       5912 
0500       5910 
0501       5905 
0502       5905 
0503       5894 
0504       5893 
0505       5880 
0506       5866 
0507       5866 
0508       5873 
0509       5873 
0510       5862 
0511       5859 
0512       5856 
0513       5855 
0514       5855 
0515       5855 
0516       5854 
0517       5854 
0518       5841 
0519       5841 
0520       5845 
0521       5849 
0522       5845 
0523       5838 
0524       5837 
0525       5837 
0526       5833 
0527       5844 
0528       5833 
0529       5833 
0530       5828 
0531       5828 
0532       5830 
0533       5830 
0534       5825 
0535       5825 
0536       5830 
0537       5831 
0538       5836 
0539       5837 
0540       5836 
0541       5831 
0542       5831 
0543       5828 
0544       5826 
0545       5814 
0546       5814 
0547       5848 
0548       5848 
0549       5841 
0550       5830 
0551       5829 
0552       5830 
0553       5838 
0554       5838 
0555       5838 
0556       5845 
0557       5845 
0558       5845 
0559       5858 
0560       5858 
0561       5858 
0562       5857 
0563       5857 
0564       5857 
0565       5861 
0566       5867 
0567       5886 
0568       5897 
0569       5897 
0570       5888 
0571       5888 
0572       5902 
0573       5911 
0574       5911 
0575       5919 
0576       5910 
0577       5920 
0578       5932 
0579       5932 
0580       5933 
0581       5935 
0582       5936 
0583       5942 
0584       5942 
0585       5942 
0586       5942 
0587       5951 
0588       5951 
0589       5951 
0590       5861 
0591       5788 
0592       5788 
0593       5790 
0594       5798 
0595       5803 
0596       5804 
0597       5804 
0598       5807 
0599       5810 
0600       5837 
0601       8817 
0602       8817 
0603       8821 
0604       8823 
0605       8829 
0606       8860 
0607       8920 
0608       8982 
0609       9018 
0610       9033 
0611       9039 
0612       9048 
0613       9064 
0614       9099 
0615       9125 
0616       9133 
0617       9137 
0618       9138 
0619       9161 
0620       9223 
0621       9226 
0622       9249 
0623       9255 
0624       9276 
0625       9308 
0626       9324 
0627       9329 
0628       9346 
0629       9361 
0630       9392 
0631       9411 
0632       9432 
0633       9434 
0634       9456 
0635       9488 
0636       9498 
0637       9512 
0638       9528 
0639       9532 
0640       9565 
0641       9601 
0642       9602 
0643       9663 
0644       9665 
0645       9681 
0646       9687 
0647       9693 
0648       9736 
0649       9772 
0650       9789 
0651       9806 
0652       9813 
0653       9854 
0654       9896 
0655       9902 
0656       9916 
0657       9950 
0658       9962 
0659       9965 
0660       10030 
0661       10054 
0662       10084 
0663       10089 
0664       10124 
0665       10151 
0666       10194 
0667       10201 
0668       10222 
0669       10246 
0670       10291 
0671       10323 
0672       10332 
0673       10357 
0674       10383 
0675       10421 
0676       10441 
0677       10466 
0678       10525 
0679       10548 
0680       10566 
0681       10572 
0682       10630 
0683       10653 
0684       10664 
0685       10708 
0686       10775 
0687       10786 
0688       10815 
0689       10852 
0690       10906 
0691       10935 
0692       10959 
0693       11010 
0694       11029 
0695       11061 
0696       11097 
0697       11154 
0698       11174 
0699       11242 
0700       11270 
0701       11292 
0702       11381 
0703       11392 
0704       11436 
0705       11467 
0706       11538 
0707       11590 
0708       11627 
0709       11665 
0710       11732 
0711       11757 
0712       11818 
0713       11833 
0714       11881 
0715       11973 
0716       11987 
0717       12047 
0718       12105 
0719       12163 
0720       12226 
0721       12241 
0722       12318 
0723       12401 
0724       12431 
0725       12510 
0726       12588 
0727       12648 
0728       12720 
0729       12779 
0730       12860 
0731       12951 
0732       13006 
0733       13055 
0734       13155 
0735       13232 
0736       13293 
0737       13402 
0738       13459 
0739       13522 
0740       13622 
0741       13729 
0742       13760 
0743       13801 
0744       13889 
0745       13984 
0746       14085 
0747       14196 
0748       14264 
0749       14307 
0750       14424 
0751       14512 
0752       14591 
0753       14688 
0754       14778 
0755       14840 
0756       14911 
0757       14911 
0758       14911 
0759       1 
0760       1 
0761       1 
0762       1 
0763       1 
0764       1 
0765       1 
0766       1 
0767       15848 
0768       16171 
0769       16171 
0770       16171 
0771       1 
0772       1 
0773       1 
0774       1 
0775       1 
0776       1 
0777       1 
0778       1 
0779       1 
0780       1 
0781       1 
0782       1 
0783       1 
0784       1 
0785       1 
0786       1 
0787       1 
0788       1 
0789       1 
0790       1 
0791       1 
0792       1 
0793       1 
0794       1 
0795       1 
0796       1 
0797       1 
0798       1 
0799       1 
0800       1 
0801       1 
0802       1 
0803       1 
0804       1 
0805       1 
0806       1 
0807       1 
0808       1 
0809       1 
0810       1 
0811       1 
0812       1 
0813       1 
0814       16822 
0815       16835 
0816       16822 
0817       16740 
0818       16497 
0819       16497 
0820       16671 
0821       16643 
0822       16643 
0823       16627 
0824       10134 
0825       10124 
0826       10124 
0827       10134 
0828       10124 
0829       1 
0830       1 
0831       1 
0832       1 
0833       1 
0834       1 
0835       1 
0836       1 
0837       1 
0838       1 
0839       1 
0840       1 
0841       1 
0842       10250 
0843       10254 
0844       10250 
0845       10244 
0846       10217 
0847       1 
0848       1 
0849       1 
0850       1 
0851       1 
0852       1 
0853       1 
0854       1 
0855       1 
0856       1 
0857       1 
0858       1 
0859       1 
0860       1 
0861       1 
0862       1 
0863       1 
0864       1 
0865       1 
0866       1 
0867       1 
0868       1 
0869       1 
0870       9439 
0871       10154 
0872       10158 
0873       10158 
0874       10135 
0875       10140 
0876       10140 
0877       10140 
0878       10125 
0879       10119 
0880       10111 
0881       10119 
0882       10128 
0883       10133 
0884       10137 
0885       10166 
0886       10166 
0887       10166 
0888       1 
0889       1 
0890       1 
0891       1 
0892       1 
0893       1 
0894       1 
0895       1 
0896       1 
0897       1 
0898       1 
0899       1 
0900       1 
0901       1 
0902       1 
0903       1 
0904       1 
0905       1 
0906       1 
0907       1 
0908       1 
0909       1 
0910       1 
0911       1 
0912       1 
0913       1 
0914       1 
0915       1 
0916       1 
0917       1 
0918       1 
0919       1 
0920       1 
0921       1 
0922       1 
0923       1 
0924       1 
0925       1 
0926       1 
0927       1 
0928       1 
0929       1 
0930       1 
0931       1 
0932       1 
0933       1 
0934       1 
0935       1 
0936       1 
0937       1 
0938       1 
0939       1 
0940       1 
0941       1 
0942       1 
0943       1 
0944       1 
0945       1 
0946       1 
0947       1 
0948       1 
0949       1 
0950       1 
0951       1 
0952       1 
0953       1 
0954       1 
0955       1 
0956       1 
0957       1 
0958       1 
0959       1 
0960       1 
0961       1 
0962       1 
0963       1 
0964       1 
0965       1 
0966       1 
0967       1 
0968       1 
0969       1 
0970       1 
0971       1 
0972       1 
0973       1 
0974       1 
0975       1 
0976       1 
0977       1 
0978       1 
0979       1 
0980       1 
0981       1 
0982       1 
0983       1 
0984       1 
0985       1 
0986       1 
0987       1 
0988       1 
0989       1 
0990       1 
0991       1 
0992       1 
0993       1 
0994       1 
0995       1 
0996       1 
0997       1 
0998       1 
0999       1 
1000       1 
1001       1 
1002       1 
1003       1 
1004       1 
1005       1 
1006       1 
1007       50 
1008       50 
1009       50 
1010       41 
1011       41 
1012       4 
1013       41 
1014       51 
1015       56 
1016       51 
1017       51 
1018       51 
1019       47 
1020       47 
1021       48 
1022       48 
1023       48 
1024       54 
1025       54 
1026       54 
1027       61 
1028       62 
1029       61 
1030       61 
1031       60 
1032       47 
1033       47 
1034       60 
1035       61 
1036       61 
1037       61 
1038       66 
1039       68 
1040       68 
1041       68 
1042       66 
1043       63 
1044       63 
1045       65 
1046       65 
1047       68 
1048       70 
1049       72 
1050       72 
1051       68 
1052       70 
1053       64 
1054       63 
1055       63 
1056       64 
1057       64 
1058       64 
1059       65 
1060       65 
1061       69 
1062       66 
1063       69 
1064       69 
1065       66 
1066       66 
1067       66 
1068       66 
1069       66 
1070       66 
1071       72 
1072       72 
1073       64 
1074       65 
1075       72 
1076       65 
1077       65 
1078       68 
1079       68 
1297966642.206693
