0000       1 
0001       1 
0002       1 
0003       1 
0004       1 
0005       1 
0006       1 
0007       1 
0008       1 
0009       1 
0010       1 
0011       1 
0012       1 
0013       1 
0014       1 
0015       1 
0016       1 
0017       1 
0018       1 
0019       1 
0020       1 
0021       1 
0022       1 
0023       1 
0024       1 
0025       1 
0026       1 
0027       1 
0028       1 
0029       1 
0030       1 
0031       1 
0032       1 
0033       1 
0034       1 
0035       1 
0036       1 
0037       1 
0038       1 
0039       1 
0040       1 
0041       1 
0042       1 
0043       1 
0044       1 
0045       1 
0046       1 
0047       1 
0048       1 
0049       1 
0050       1 
0051       1 
0052       1 
0053       1 
0054       1 
0055       1 
0056       1 
0057       1 
0058       1 
0059       1 
0060       1 
0061       1 
0062       1 
0063       1 
0064       1 
0065       1 
0066       1 
0067       1 
0068       1 
0069       1 
0070       1 
0071       1 
0072       1 
0073       1 
0074       1 
0075       1 
0076       1 
0077       1 
0078       1 
0079       1 
0080       1 
0081       1 
0082       1 
0083       1 
0084       1 
0085       1 
0086       1 
0087       1 
0088       1 
0089       1 
0090       1 
0091       1 
0092       1 
0093       1 
0094       1 
0095       1 
0096       1 
0097       1 
0098       1 
0099       1 
0100       1 
0101       1 
0102       1 
0103       1 
0104       1 
0105       1 
0106       1 
0107       1 
0108       1 
0109       1 
0110       1 
0111       1 
0112       1 
0113       1 
0114       1 
0115       1 
0116       1 
0117       1 
0118       1 
0119       1 
0120       1 
0121       1 
0122       1 
0123       1 
0124       1 
0125       1 
0126       1 
0127       1 
0128       1 
0129       1 
0130       1 
0131       1 
0132       1 
0133       1 
0134       1 
0135       1 
0136       1 
0137       1 
0138       1 
0139       1 
0140       1 
0141       1 
0142       1 
0143       1 
0144       1 
0145       1 
0146       1 
0147       1 
0148       1 
0149       1 
0150       1 
0151       1 
0152       1 
0153       1 
0154       1 
0155       1 
0156       1 
0157       1 
0158       1 
0159       1 
0160       1 
0161       1 
0162       1 
0163       1 
0164       1 
0165       1 
0166       1 
0167       1 
0168       1 
0169       1 
0170       1 
0171       1 
0172       1 
0173       1 
0174       1 
0175       1 
0176       1 
0177       1 
0178       1 
0179       1 
0180       1 
0181       1 
0182       1 
0183       1 
0184       1 
0185       1 
0186       1 
0187       1 
0188       1 
0189       1 
0190       1 
0191       1 
0192       1 
0193       1 
0194       1 
0195       1 
0196       1 
0197       1 
0198       1 
0199       1 
0200       1 
0201       1 
0202       1 
0203       1 
0204       1 
0205       1 
0206       1 
0207       1 
0208       1 
0209       1 
0210       1 
0211       1 
0212       1 
0213       1 
0214       1 
0215       1 
0216       1 
0217       1 
0218       1 
0219       1 
0220       1 
0221       1 
0222       1 
0223       1 
0224       1 
0225       1 
0226       1 
0227       1 
0228       1 
0229       1 
0230       1 
0231       1 
0232       1 
0233       1 
0234       1 
0235       1 
0236       1 
0237       1 
0238       1 
0239       1 
0240       1 
0241       1 
0242       1 
0243       1 
0244       1 
0245       1 
0246       1 
0247       1 
0248       1 
0249       1 
0250       1 
0251       1 
0252       16410 
0253       16410 
0254       16434 
0255       16451 
0256       16530 
0257       16550 
0258       16580 
0259       16622 
0260       16626 
0261       16656 
0262       16664 
0263       16694 
0264       16696 
0265       16736 
0266       16799 
0267       16927 
0268       20412 
0269       20426 
0270       20491 
0271       20492 
0272       20558 
0273       20597 
0274       20602 
0275       20658 
0276       20716 
0277       20722 
0278       20780 
0279       20780 
0280       1 
0281       1 
0282       1 
0283       1 
0284       1 
0285       1 
0286       1 
0287       1 
0288       1 
0289       1 
0290       1 
0291       1 
0292       1 
0293       1 
0294       1 
0295       17708 
0296       17836 
0297       17739 
0298       17739 
0299       17558 
0300       17278 
0301       16968 
0302       16968 
0303       16960 
0304       1 
0305       1 
0306       1 
0307       1 
0308       16325 
0309       16325 
0310       16325 
0311       16280 
0312       16148 
0313       16111 
0314       15913 
0315       15847 
0316       15847 
0317       15638 
0318       15555 
0319       15555 
0320       15488 
0321       15422 
0322       15303 
0323       15271 
0324       1 
0325       1 
0326       1 
0327       14767 
0328       14767 
0329       14708 
0330       14613 
0331       14565 
0332       14466 
0333       14371 
0334       14313 
0335       14205 
0336       14119 
0337       13922 
0338       13811 
0339       13811 
0340       13811 
0341       13776 
0342       13593 
0343       13543 
0344       13543 
0345       13509 
0346       13400 
0347       13337 
0348       13305 
0349       13194 
0350       13040 
0351       1 
0352       1 
0353       12677 
0354       12677 
0355       12677 
0356       12677 
0357       12434 
0358       12595 
0359       12434 
0360       12427 
0361       12350 
0362       12291 
0363       12045 
0364       12045 
0365       12045 
0366       12037 
0367       11999 
0368       11999 
0369       11999 
0370       11945 
0371       11907 
0372       11845 
0373       11746 
0374       11746 
0375       11727 
0376       11666 
0377       11643 
0378       11587 
0379       11548 
0380       11515 
0381       11448 
0382       11448 
0383       11363 
0384       11341 
0385       11286 
0386       11239 
0387       11202 
0388       11180 
0389       11113 
0390       11084 
0391       11019 
0392       11003 
0393       10981 
0394       10903 
0395       10897 
0396       10873 
0397       10812 
0398       10805 
0399       10751 
0400       10708 
0401       10702 
0402       8563 
0403       8477 
0404       8410 
0405       8407 
0406       8322 
0407       8270 
0408       8188 
0409       8188 
0410       8194 
0411       8194 
0412       8184 
0413       8184 
0414       8184 
0415       8224 
0416       8251 
0417       8251 
0418       8234 
0419       8234 
0420       8220 
0421       8206 
0422       8189 
0423       8145 
0424       8115 
0425       8077 
0426       8070 
0427       7975 
0428       7912 
0429       7895 
0430       7841 
0431       7841 
0432       7883 
0433       7954 
0434       7996 
0435       7996 
0436       7988 
0437       7988 
0438       7988 
0439       7999 
0440       7999 
0441       7979 
0442       7958 
0443       7948 
0444       7935 
0445       7935 
0446       7927 
0447       7895 
0448       7858 
0449       7846 
0450       7820 
0451       7797 
0452       7797 
0453       7845 
0454       7849 
0455       7883 
0456       7894 
0457       7895 
0458       7898 
0459       7973 
0460       8002 
0461       8002 
0462       7982 
0463       7982 
0464       8018 
0465       8044 
0466       8048 
0467       8048 
0468       8048 
0469       8049 
0470       8060 
0471       8106 
0472       8165 
0473       8599 
0474       8937 
0475       9004 
0476       9015 
0477       9015 
0478       8978 
0479       8976 
0480       8964 
0481       8958 
0482       8953 
0483       8930 
0484       8930 
0485       8930 
0486       8940 
0487       8924 
0488       8915 
0489       8915 
0490       8915 
0491       8914 
0492       8884 
0493       8884 
0494       8878 
0495       8866 
0496       8863 
0497       8860 
0498       8850 
0499       8845 
0500       8823 
0501       8822 
0502       8803 
0503       8803 
0504       8792 
0505       8793 
0506       8779 
0507       8779 
0508       8777 
0509       8762 
0510       8755 
0511       8752 
0512       8742 
0513       8742 
0514       8742 
0515       8744 
0516       8739 
0517       8725 
0518       8725 
0519       8725 
0520       8721 
0521       8703 
0522       8703 
0523       8703 
0524       8695 
0525       8695 
0526       8691 
0527       8681 
0528       8678 
0529       8675 
0530       8673 
0531       8675 
0532       8673 
0533       8661 
0534       8652 
0535       8643 
0536       8639 
0537       8114 
0538       7638 
0539       7556 
0540       7500 
0541       7429 
0542       7416 
0543       7409 
0544       7392 
0545       7375 
0546       7350 
0547       7343 
0548       7309 
0549       7309 
0550       7317 
0551       7317 
0552       7313 
0553       7303 
0554       7301 
0555       7300 
0556       7300 
0557       7305 
0558       7312 
0559       7326 
0560       7336 
0561       7336 
0562       7336 
0563       7350 
0564       7366 
0565       7393 
0566       7427 
0567       7427 
0568       7419 
0569       7412 
0570       7410 
0571       7377 
0572       7377 
0573       7404 
0574       7487 
0575       7490 
0576       7515 
0577       7516 
0578       7625 
0579       7680 
0580       7680 
0581       7690 
0582       8172 
0583       8663 
0584       8701 
0585       8701 
0586       8627 
0587       8563 
0588       8542 
0589       8542 
0590       8542 
0591       8543 
0592       8543 
0593       8550 
0594       8613 
0595       8673 
0596       8707 
0597       8707 
0598       8640 
0599       8096 
0600       7977 
0601       7970 
0602       7945 
0603       7928 
0604       7902 
0605       7843 
0606       7589 
0607       7528 
0608       7511 
0609       7509 
0610       7509 
0611       7513 
0612       7528 
0613       7528 
0614       7480 
0615       7464 
0616       7457 
0617       7457 
0618       7462 
0619       7469 
0620       7472 
0621       7477 
0622       7487 
0623       7507 
0624       7509 
0625       7540 
0626       7553 
0627       7595 
0628       7613 
0629       7627 
0630       7651 
0631       7702 
0632       7721 
0633       7731 
0634       7840 
0635       7894 
0636       7910 
0637       8094 
0638       8428 
0639       8428 
0640       8686 
0641       8686 
0642       8692 
0643       8702 
0644       8712 
0645       8717 
0646       8747 
0647       8768 
0648       8787 
0649       8799 
0650       8821 
0651       8874 
0652       9211 
0653       9401 
0654       9545 
0655       9639 
0656       9649 
0657       9681 
0658       9736 
0659       9776 
0660       9799 
0661       9835 
0662       9856 
0663       9890 
0664       9915 
0665       9979 
0666       9992 
0667       10019 
0668       10053 
0669       10087 
0670       10119 
0671       10157 
0672       10181 
0673       10218 
0674       10218 
0675       10074 
0676       9970 
0677       9884 
0678       9825 
0679       9759 
0680       9692 
0681       9637 
0682       9574 
0683       9517 
0684       9456 
0685       9395 
0686       9359 
0687       9283 
0688       9215 
0689       9161 
0690       9114 
0691       9063 
0692       9013 
0693       8950 
0694       8936 
0695       8926 
0696       8921 
0697       8921 
0698       8954 
0699       8954 
0700       8930 
0701       8849 
0702       8794 
0703       8736 
0704       8718 
0705       8651 
0706       8607 
0707       8571 
0708       8534 
0709       8494 
0710       8447 
0711       8395 
0712       8359 
0713       8332 
0714       8263 
0715       8256 
0716       8216 
0717       8145 
0718       7956 
0719       7810 
0720       7783 
0721       7746 
0722       7709 
0723       7674 
0724       7654 
0725       7632 
0726       7585 
0727       7542 
0728       7515 
0729       7474 
0730       7445 
0731       7423 
0732       7388 
0733       7367 
0734       7334 
0735       7311 
0736       7293 
0737       7263 
0738       7224 
0739       7207 
0740       7164 
0741       7161 
0742       7122 
0743       7105 
0744       7081 
0745       7054 
0746       7029 
0747       7020 
0748       6982 
0749       6955 
0750       6940 
0751       6904 
0752       6894 
0753       6870 
0754       6844 
0755       6821 
0756       6775 
0757       6775 
0758       6742 
0759       6723 
0760       6697 
0761       6670 
0762       6642 
0763       6627 
0764       6600 
0765       6589 
0766       6571 
0767       6545 
0768       6506 
0769       6461 
0770       6436 
0771       6405 
0772       6372 
0773       6329 
0774       6303 
0775       6277 
0776       6247 
0777       6214 
0778       6172 
0779       6157 
0780       6127 
0781       6102 
0782       6071 
0783       6049 
0784       6029 
0785       5986 
0786       5954 
0787       5917 
0788       5906 
0789       5867 
0790       5852 
0791       5828 
0792       5791 
0793       5766 
0794       5736 
0795       5711 
0796       5704 
0797       5676 
0798       5661 
0799       5634 
0800       5604 
0801       5598 
0802       5580 
0803       5558 
0804       5541 
0805       5508 
0806       5486 
0807       5468 
0808       5466 
0809       5468 
0810       5466 
0811       5421 
0812       5377 
0813       5365 
0814       5325 
0815       5309 
0816       5298 
0817       5279 
0818       5240 
0819       5233 
0820       5212 
0821       5197 
0822       5182 
0823       5160 
0824       5143 
0825       5127 
0826       5110 
0827       5103 
0828       5061 
0829       5054 
0830       5028 
0831       5003 
0832       4991 
0833       4976 
0834       4953 
0835       4950 
0836       4925 
0837       4895 
0838       4886 
0839       4876 
0840       4853 
0841       4842 
0842       4842 
0843       4811 
0844       4800 
0845       4793 
0846       4769 
0847       4764 
0848       4763 
0849       4764 
0850       4769 
0851       4787 
0852       4833 
0853       4911 
0854       5010 
0855       5139 
0856       5269 
0857       5395 
0858       5525 
0859       5680 
0860       6144 
0861       6860 
0862       6997 
0863       7198 
0864       7385 
0865       7523 
0866       7708 
0867       7870 
0868       8048 
0869       8274 
0870       8563 
0871       8718 
0872       8718 
0873       8705 
0874       8705 
0875       8722 
0876       8722 
0877       1 
0878       1 
0879       1 
0880       1 
0881       1 
0882       1 
0883       1 
0884       1 
0885       1 
0886       1 
0887       1 
0888       1 
0889       1 
0890       1 
0891       1 
0892       1 
0893       1 
0894       1 
0895       4867 
0896       4867 
0897       4867 
0898       4867 
0899       1 
0900       1 
0901       1 
0902       1 
0903       1 
0904       1 
0905       1 
0906       1 
0907       1 
0908       1 
0909       1 
0910       1 
0911       1 
0912       1 
0913       1 
0914       1 
0915       1 
0916       1 
0917       1 
0918       1 
0919       1 
0920       1 
0921       1 
0922       1 
0923       1 
0924       1 
0925       1 
0926       1 
0927       1 
0928       1 
0929       1 
0930       1 
0931       1 
0932       1 
0933       1 
0934       1 
0935       1 
0936       1 
0937       1 
0938       1 
0939       1 
0940       1 
0941       1 
0942       1 
0943       1 
0944       1 
0945       1 
0946       1 
0947       1 
0948       1 
0949       1 
0950       1 
0951       1 
0952       1 
0953       1 
0954       1 
0955       1 
0956       1 
0957       1 
0958       1 
0959       1 
0960       1 
0961       1 
0962       1 
0963       1 
0964       1 
0965       1 
0966       1 
0967       1 
0968       1 
0969       1 
0970       1 
0971       1 
0972       1 
0973       1 
0974       1 
0975       1 
0976       1 
0977       1 
0978       1 
0979       1 
0980       1 
0981       1 
0982       1 
0983       1 
0984       1 
0985       1 
0986       1 
0987       1 
0988       1 
0989       1 
0990       1 
0991       1 
0992       1 
0993       1 
0994       1 
0995       1 
0996       1 
0997       1 
0998       1 
0999       1 
1000       1 
1001       1 
1002       1 
1003       1 
1004       1 
1005       1 
1006       1 
1007       4 
1008       54 
1009       54 
1010       45 
1011       45 
1012       45 
1013       45 
1014       45 
1015       48 
1016       48 
1017       49 
1018       49 
1019       50 
1020       50 
1021       51 
1022       52 
1023       57 
1024       58 
1025       62 
1026       62 
1027       62 
1028       61 
1029       61 
1030       56 
1031       56 
1032       56 
1033       56 
1034       57 
1035       66 
1036       67 
1037       68 
1038       69 
1039       68 
1040       68 
1041       68 
1042       73 
1043       68 
1044       68 
1045       73 
1046       71 
1047       68 
1048       71 
1049       71 
1050       71 
1051       69 
1052       69 
1053       66 
1054       69 
1055       66 
1056       66 
1057       68 
1058       68 
1059       68 
1060       68 
1061       70 
1062       68 
1063       70 
1064       71 
1065       71 
1066       70 
1067       70 
1068       70 
1069       68 
1070       64 
1071       64 
1072       64 
1073       67 
1074       69 
1075       69 
1076       67 
1077       69 
1078       69 
1079       65 
1297966691.554215
