0000       1 
0001       1 
0002       1 
0003       1 
0004       1 
0005       1 
0006       1 
0007       1 
0008       1 
0009       1 
0010       1 
0011       1 
0012       1 
0013       1 
0014       1 
0015       1 
0016       1 
0017       1 
0018       1 
0019       1 
0020       1 
0021       1 
0022       1 
0023       1 
0024       1 
0025       1 
0026       1 
0027       1 
0028       1 
0029       1 
0030       1 
0031       1 
0032       1 
0033       1 
0034       1 
0035       1 
0036       1 
0037       1 
0038       1 
0039       1 
0040       1 
0041       1 
0042       1 
0043       1 
0044       1 
0045       1 
0046       1 
0047       1 
0048       1 
0049       1 
0050       1 
0051       1 
0052       1 
0053       1 
0054       1 
0055       1 
0056       1 
0057       1 
0058       1 
0059       1 
0060       1 
0061       1 
0062       1 
0063       1 
0064       1 
0065       1 
0066       1 
0067       1 
0068       1 
0069       1 
0070       1 
0071       1 
0072       1 
0073       1 
0074       1 
0075       1 
0076       1 
0077       1 
0078       1 
0079       1 
0080       1 
0081       1 
0082       1 
0083       1 
0084       1 
0085       1 
0086       1 
0087       1 
0088       1 
0089       1 
0090       1 
0091       1 
0092       1 
0093       1 
0094       1 
0095       1 
0096       1 
0097       1 
0098       1 
0099       1 
0100       1 
0101       1 
0102       1 
0103       1 
0104       1 
0105       1 
0106       1 
0107       1 
0108       1 
0109       1 
0110       1 
0111       1 
0112       1 
0113       1 
0114       1 
0115       1 
0116       1 
0117       1 
0118       1 
0119       1 
0120       1 
0121       1 
0122       1 
0123       1 
0124       1 
0125       1 
0126       1 
0127       1 
0128       1 
0129       1 
0130       1 
0131       1 
0132       1 
0133       1 
0134       1 
0135       1 
0136       1 
0137       1 
0138       1 
0139       1 
0140       1 
0141       17329 
0142       17329 
0143       1 
0144       1 
0145       1 
0146       1 
0147       1 
0148       1 
0149       1 
0150       1 
0151       1 
0152       1 
0153       1 
0154       1 
0155       1 
0156       1 
0157       1 
0158       1 
0159       1 
0160       1 
0161       1 
0162       1 
0163       1 
0164       1 
0165       4578 
0166       4583 
0167       4583 
0168       4579 
0169       4578 
0170       4579 
0171       4579 
0172       4579 
0173       4576 
0174       4573 
0175       4572 
0176       4572 
0177       4571 
0178       4571 
0179       4572 
0180       4571 
0181       4564 
0182       4568 
0183       4564 
0184       4563 
0185       4563 
0186       4559 
0187       4554 
0188       4553 
0189       4553 
0190       4553 
0191       4554 
0192       4553 
0193       4561 
0194       4561 
0195       4553 
0196       4550 
0197       4553 
0198       4553 
0199       4553 
0200       4553 
0201       4553 
0202       4553 
0203       4553 
0204       4553 
0205       4553 
0206       4556 
0207       4555 
0208       4559 
0209       4562 
0210       4562 
0211       4562 
0212       4565 
0213       4565 
0214       4565 
0215       4566 
0216       4580 
0217       4581 
0218       4581 
0219       4580 
0220       4580 
0221       4586 
0222       4586 
0223       4590 
0224       4598 
0225       4599 
0226       4603 
0227       4607 
0228       4607 
0229       4612 
0230       4612 
0231       4612 
0232       4612 
0233       4615 
0234       4623 
0235       4626 
0236       4631 
0237       4638 
0238       4638 
0239       4638 
0240       4609 
0241       4458 
0242       4250 
0243       4109 
0244       3949 
0245       3799 
0246       3682 
0247       3551 
0248       3431 
0249       3323 
0250       3230 
0251       3137 
0252       3051 
0253       2979 
0254       2889 
0255       2827 
0256       2753 
0257       2709 
0258       2629 
0259       2578 
0260       2510 
0261       2462 
0262       2418 
0263       2375 
0264       2331 
0265       2261 
0266       2217 
0267       2189 
0268       2151 
0269       2119 
0270       2077 
0271       2030 
0272       2001 
0273       1963 
0274       1935 
0275       1912 
0276       1872 
0277       1839 
0278       1810 
0279       1783 
0280       1757 
0281       1731 
0282       1702 
0283       1690 
0284       1663 
0285       1627 
0286       1606 
0287       1591 
0288       1560 
0289       1549 
0290       1524 
0291       1505 
0292       1478 
0293       1463 
0294       1457 
0295       1441 
0296       1427 
0297       1408 
0298       1390 
0299       1363 
0300       1351 
0301       1348 
0302       1331 
0303       1314 
0304       1303 
0305       1270 
0306       1270 
0307       1270 
0308       1272 
0309       1272 
0310       1272 
0311       1241 
0312       1223 
0313       1203 
0314       1177 
0315       1174 
0316       1165 
0317       1135 
0318       1126 
0319       1120 
0320       1111 
0321       1108 
0322       1104 
0323       1080 
0324       1074 
0325       1061 
0326       1047 
0327       1045 
0328       1045 
0329       1029 
0330       1019 
0331       1018 
0332       987 
0333       985 
0334       984 
0335       981 
0336       969 
0337       966 
0338       949 
0339       941 
0340       941 
0341       931 
0342       931 
0343       931 
0344       922 
0345       905 
0346       901 
0347       900 
0348       896 
0349       887 
0350       881 
0351       879 
0352       868 
0353       867 
0354       861 
0355       861 
0356       844 
0357       843 
0358       842 
0359       839 
0360       837 
0361       829 
0362       824 
0363       824 
0364       819 
0365       819 
0366       815 
0367       802 
0368       795 
0369       792 
0370       792 
0371       792 
0372       790 
0373       781 
0374       778 
0375       777 
0376       772 
0377       771 
0378       771 
0379       762 
0380       752 
0381       752 
0382       752 
0383       752 
0384       752 
0385       752 
0386       750 
0387       738 
0388       738 
0389       737 
0390       732 
0391       726 
0392       732 
0393       725 
0394       722 
0395       720 
0396       720 
0397       720 
0398       719 
0399       719 
0400       720 
0401       714 
0402       713 
0403       708 
0404       708 
0405       705 
0406       700 
0407       700 
0408       700 
0409       700 
0410       697 
0411       697 
0412       691 
0413       691 
0414       691 
0415       691 
0416       691 
0417       681 
0418       679 
0419       679 
0420       681 
0421       685 
0422       685 
0423       685 
0424       685 
0425       680 
0426       677 
0427       676 
0428       671 
0429       671 
0430       666 
0431       665 
0432       658 
0433       658 
0434       658 
0435       660 
0436       660 
0437       660 
0438       650 
0439       648 
0440       648 
0441       650 
0442       650 
0443       647 
0444       647 
0445       647 
0446       645 
0447       644 
0448       644 
0449       644 
0450       642 
0451       640 
0452       640 
0453       638 
0454       638 
0455       636 
0456       636 
0457       636 
0458       636 
0459       636 
0460       636 
0461       638 
0462       641 
0463       641 
0464       638 
0465       638 
0466       638 
0467       636 
0468       636 
0469       638 
0470       639 
0471       639 
0472       639 
0473       639 
0474       639 
0475       639 
0476       639 
0477       637 
0478       637 
0479       637 
0480       637 
0481       636 
0482       637 
0483       637 
0484       637 
0485       636 
0486       635 
0487       630 
0488       635 
0489       635 
0490       637 
0491       637 
0492       637 
0493       633 
0494       633 
0495       633 
0496       633 
0497       634 
0498       634 
0499       634 
0500       634 
0501       630 
0502       630 
0503       638 
0504       643 
0505       643 
0506       643 
0507       640 
0508       633 
0509       633 
0510       634 
0511       629 
0512       629 
0513       629 
0514       625 
0515       625 
0516       625 
0517       628 
0518       631 
0519       634 
0520       634 
0521       635 
0522       634 
0523       629 
0524       629 
0525       629 
0526       629 
0527       629 
0528       627 
0529       625 
0530       625 
0531       626 
0532       626 
0533       629 
0534       629 
0535       629 
0536       624 
0537       620 
0538       620 
0539       620 
0540       631 
0541       631 
0542       631 
0543       622 
0544       616 
0545       616 
0546       616 
0547       622 
0548       623 
0549       625 
0550       625 
0551       625 
0552       625 
0553       625 
0554       623 
0555       623 
0556       623 
0557       623 
0558       623 
0559       623 
0560       622 
0561       629 
0562       629 
0563       633 
0564       633 
0565       633 
0566       636 
0567       638 
0568       638 
0569       636 
0570       638 
0571       638 
0572       638 
0573       651 
0574       657 
0575       657 
0576       657 
0577       657 
0578       657 
0579       660 
0580       662 
0581       669 
0582       669 
0583       670 
0584       670 
0585       673 
0586       673 
0587       673 
0588       673 
0589       672 
0590       671 
0591       670 
0592       671 
0593       671 
0594       675 
0595       675 
0596       675 
0597       675 
0598       674 
0599       672 
0600       672 
0601       674 
0602       675 
0603       677 
0604       685 
0605       685 
0606       682 
0607       686 
0608       686 
0609       686 
0610       686 
0611       689 
0612       686 
0613       689 
0614       693 
0615       695 
0616       695 
0617       696 
0618       696 
0619       696 
0620       696 
0621       701 
0622       708 
0623       710 
0624       710 
0625       709 
0626       709 
0627       711 
0628       718 
0629       720 
0630       720 
0631       718 
0632       720 
0633       720 
0634       722 
0635       727 
0636       730 
0637       731 
0638       733 
0639       736 
0640       737 
0641       743 
0642       743 
0643       739 
0644       742 
0645       742 
0646       742 
0647       752 
0648       753 
0649       753 
0650       754 
0651       754 
0652       755 
0653       759 
0654       759 
0655       760 
0656       760 
0657       763 
0658       765 
0659       769 
0660       771 
0661       772 
0662       773 
0663       777 
0664       781 
0665       781 
0666       783 
0667       788 
0668       791 
0669       800 
0670       802 
0671       804 
0672       809 
0673       822 
0674       822 
0675       824 
0676       827 
0677       833 
0678       835 
0679       838 
0680       844 
0681       846 
0682       849 
0683       852 
0684       853 
0685       857 
0686       872 
0687       872 
0688       872 
0689       872 
0690       877 
0691       881 
0692       894 
0693       895 
0694       899 
0695       903 
0696       903 
0697       908 
0698       908 
0699       910 
0700       929 
0701       931 
0702       937 
0703       939 
0704       955 
0705       956 
0706       968 
0707       989 
0708       1012 
0709       1014 
0710       1022 
0711       1045 
0712       1050 
0713       1070 
0714       1094 
0715       1109 
0716       1110 
0717       1179 
0718       1217 
0719       1225 
0720       1230 
0721       1336 
0722       1379 
0723       1405 
0724       1420 
0725       1421 
0726       1436 
0727       1442 
0728       1442 
0729       1445 
0730       1451 
0731       1451 
0732       1460 
0733       1465 
0734       1477 
0735       1488 
0736       1492 
0737       1504 
0738       1529 
0739       1535 
0740       1536 
0741       1536 
0742       1539 
0743       1541 
0744       1562 
0745       1565 
0746       1573 
0747       1592 
0748       1626 
0749       1634 
0750       1654 
0751       1675 
0752       1677 
0753       1699 
0754       1713 
0755       1717 
0756       1718 
0757       1743 
0758       1750 
0759       1762 
0760       1782 
0761       1801 
0762       1811 
0763       1826 
0764       1840 
0765       1843 
0766       1863 
0767       1907 
0768       1912 
0769       1923 
0770       1929 
0771       1939 
0772       1949 
0773       1973 
0774       1997 
0775       2029 
0776       2057 
0777       2068 
0778       2109 
0779       2126 
0780       2133 
0781       2150 
0782       2155 
0783       2164 
0784       2178 
0785       2205 
0786       2228 
0787       2258 
0788       2259 
0789       2295 
0790       2312 
0791       2328 
0792       2373 
0793       2377 
0794       2412 
0795       2443 
0796       2457 
0797       2469 
0798       2484 
0799       2485 
0800       2538 
0801       2564 
0802       2646 
0803       2665 
0804       2704 
0805       2720 
0806       2738 
0807       2763 
0808       2802 
0809       2862 
0810       2886 
0811       2920 
0812       2940 
0813       2977 
0814       2990 
0815       3060 
0816       3100 
0817       3183 
0818       3224 
0819       3248 
0820       3331 
0821       3335 
0822       3335 
0823       3335 
0824       1443 
0825       1443 
0826       1443 
0827       1449 
0828       1464 
0829       1467 
0830       1507 
0831       1542 
0832       1543 
0833       1544 
0834       1573 
0835       1588 
0836       1588 
0837       1597 
0838       1599 
0839       1607 
0840       1616 
0841       1663 
0842       1711 
0843       1772 
0844       5208 
0845       5341 
0846       5341 
0847       1936 
0848       1934 
0849       1934 
0850       1936 
0851       2036 
0852       6227 
0853       6598 
0854       6949 
0855       7260 
0856       7506 
0857       7955 
0858       8270 
0859       8306 
0860       8362 
0861       8371 
0862       8371 
0863       8384 
0864       8410 
0865       8410 
0866       2546 
0867       2546 
0868       2546 
0869       2561 
0870       2562 
0871       15531 
0872       15531 
0873       15520 
0874       1 
0875       1 
0876       1 
0877       1 
0878       2712 
0879       2774 
0880       2934 
0881       2993 
0882       3041 
0883       3041 
0884       3041 
0885       3036 
0886       3032 
0887       1 
0888       1 
0889       1 
0890       1 
0891       1 
0892       1 
0893       1 
0894       1 
0895       1 
0896       1 
0897       1 
0898       4389 
0899       4517 
0900       4522 
0901       4522 
0902       4517 
0903       1 
0904       1 
0905       1 
0906       1 
0907       1 
0908       6039 
0909       6049 
0910       6049 
0911       6025 
0912       1 
0913       1 
0914       1 
0915       1 
0916       1 
0917       1 
0918       1 
0919       1 
0920       1 
0921       1 
0922       1 
0923       1 
0924       1 
0925       1 
0926       1 
0927       1 
0928       1 
0929       1 
0930       1 
0931       1 
0932       1 
0933       1 
0934       1 
0935       1 
0936       1 
0937       1 
0938       1 
0939       1 
0940       1 
0941       1 
0942       1 
0943       1 
0944       1 
0945       1 
0946       1 
0947       1 
0948       1 
0949       1 
0950       1 
0951       1 
0952       1 
0953       1 
0954       1 
0955       1 
0956       1 
0957       1 
0958       1 
0959       1 
0960       1 
0961       1 
0962       1 
0963       1 
0964       1 
0965       1 
0966       1 
0967       1 
0968       1 
0969       1 
0970       1 
0971       1 
0972       1 
0973       1 
0974       1 
0975       1 
0976       1 
0977       1 
0978       1 
0979       1 
0980       1 
0981       1 
0982       1 
0983       1 
0984       1 
0985       1 
0986       1 
0987       1 
0988       1 
0989       1 
0990       1 
0991       1 
0992       1 
0993       1 
0994       1 
0995       1 
0996       1 
0997       1 
0998       1 
0999       1 
1000       1 
1001       1 
1002       1 
1003       1 
1004       1 
1005       1 
1006       1 
1007       4 
1008       42 
1009       42 
1010       4 
1011       4 
1012       4 
1013       4 
1014       41 
1015       51 
1016       55 
1017       55 
1018       55 
1019       65 
1020       65 
1021       58 
1022       58 
1023       58 
1024       54 
1025       51 
1026       54 
1027       54 
1028       54 
1029       52 
1030       52 
1031       52 
1032       48 
1033       48 
1034       54 
1035       63 
1036       69 
1037       69 
1038       69 
1039       69 
1040       69 
1041       69 
1042       69 
1043       71 
1044       71 
1045       71 
1046       69 
1047       69 
1048       69 
1049       71 
1050       67 
1051       68 
1052       68 
1053       67 
1054       67 
1055       65 
1056       63 
1057       63 
1058       69 
1059       69 
1060       69 
1061       69 
1062       69 
1063       68 
1064       65 
1065       64 
1066       62 
1067       62 
1068       64 
1069       61 
1070       61 
1071       61 
1072       61 
1073       61 
1074       65 
1075       65 
1076       65 
1077       65 
1078       64 
1079       57 
1297966709.282762
