0000       1 
0001       1 
0002       1 
0003       1 
0004       1 
0005       1 
0006       1 
0007       1 
0008       1 
0009       1 
0010       1 
0011       1 
0012       1 
0013       1 
0014       1 
0015       1 
0016       1 
0017       1 
0018       1 
0019       1 
0020       1 
0021       1 
0022       1 
0023       1 
0024       1 
0025       1 
0026       1 
0027       1 
0028       1 
0029       1 
0030       1 
0031       1 
0032       1 
0033       1 
0034       1 
0035       1 
0036       1 
0037       1 
0038       1 
0039       1 
0040       1 
0041       1 
0042       1 
0043       1 
0044       1 
0045       1 
0046       1 
0047       1 
0048       1 
0049       1 
0050       1 
0051       1 
0052       1 
0053       1 
0054       1 
0055       1 
0056       1 
0057       1 
0058       1 
0059       1 
0060       1 
0061       1 
0062       1 
0063       1 
0064       1 
0065       1 
0066       1 
0067       1 
0068       1 
0069       1 
0070       1 
0071       1 
0072       1 
0073       1 
0074       1 
0075       1 
0076       1 
0077       1 
0078       1 
0079       1 
0080       1 
0081       1 
0082       1 
0083       1 
0084       1 
0085       1 
0086       1 
0087       1 
0088       1 
0089       1 
0090       1 
0091       1 
0092       1 
0093       1 
0094       1 
0095       1 
0096       1 
0097       1 
0098       1 
0099       1 
0100       1 
0101       1 
0102       1 
0103       1 
0104       1 
0105       1 
0106       1 
0107       1 
0108       1 
0109       1 
0110       1 
0111       1 
0112       1 
0113       1 
0114       1 
0115       1 
0116       1 
0117       1 
0118       1 
0119       1 
0120       1 
0121       1 
0122       1 
0123       1 
0124       1 
0125       1 
0126       1 
0127       1 
0128       1 
0129       1 
0130       1 
0131       1 
0132       1 
0133       1 
0134       1 
0135       1 
0136       1 
0137       1 
0138       1 
0139       1 
0140       1 
0141       1 
0142       1 
0143       1 
0144       1 
0145       1 
0146       1 
0147       1 
0148       1 
0149       1 
0150       1 
0151       1 
0152       1 
0153       1 
0154       1 
0155       1 
0156       1 
0157       1 
0158       1 
0159       1 
0160       1 
0161       1 
0162       1 
0163       1 
0164       1 
0165       1 
0166       1 
0167       1 
0168       1 
0169       1 
0170       1 
0171       1 
0172       1 
0173       1 
0174       1 
0175       1 
0176       1 
0177       1 
0178       1 
0179       1 
0180       1 
0181       1 
0182       1 
0183       1 
0184       1 
0185       1 
0186       1 
0187       1 
0188       1 
0189       1 
0190       1 
0191       1 
0192       1 
0193       1 
0194       1 
0195       1 
0196       1 
0197       1 
0198       1 
0199       1 
0200       1 
0201       1 
0202       1 
0203       1 
0204       1 
0205       1 
0206       1 
0207       1 
0208       1 
0209       1 
0210       1 
0211       1 
0212       1 
0213       1 
0214       1 
0215       1 
0216       1 
0217       1 
0218       1 
0219       1 
0220       1 
0221       1 
0222       1 
0223       1 
0224       1 
0225       1 
0226       1 
0227       1 
0228       1 
0229       1 
0230       1 
0231       1 
0232       1 
0233       1 
0234       1 
0235       1 
0236       1 
0237       1 
0238       1 
0239       1 
0240       1 
0241       1 
0242       1 
0243       1 
0244       1 
0245       1 
0246       1 
0247       1 
0248       27785 
0249       27785 
0250       27785 
0251       1 
0252       1 
0253       1 
0254       27950 
0255       28025 
0256       28025 
0257       28262 
0258       28310 
0259       28310 
0260       28141 
0261       1 
0262       1 
0263       1 
0264       1 
0265       1 
0266       1 
0267       16039 
0268       16198 
0269       16242 
0270       16246 
0271       16267 
0272       16267 
0273       16141 
0274       15993 
0275       15354 
0276       1 
0277       1 
0278       1 
0279       1 
0280       1 
0281       1 
0282       1 
0283       1 
0284       1 
0285       13103 
0286       13127 
0287       13152 
0288       13202 
0289       13257 
0290       13258 
0291       13292 
0292       13314 
0293       13354 
0294       13364 
0295       13392 
0296       13419 
0297       13419 
0298       13416 
0299       13416 
0300       13454 
0301       13559 
0302       13559 
0303       1 
0304       1 
0305       1 
0306       1 
0307       1 
0308       1 
0309       1 
0310       1 
0311       1 
0312       1 
0313       1 
0314       1 
0315       1 
0316       1 
0317       1 
0318       1 
0319       1 
0320       1 
0321       1 
0322       1 
0323       1 
0324       1 
0325       1 
0326       1 
0327       1 
0328       1 
0329       1 
0330       1 
0331       1 
0332       1 
0333       1 
0334       1 
0335       14914 
0336       14914 
0337       14650 
0338       14570 
0339       14570 
0340       14570 
0341       14442 
0342       14374 
0343       14294 
0344       14213 
0345       14155 
0346       14063 
0347       14006 
0348       13970 
0349       13911 
0350       13809 
0351       13730 
0352       13681 
0353       13607 
0354       13590 
0355       13504 
0356       13446 
0357       13401 
0358       13324 
0359       13277 
0360       13252 
0361       13182 
0362       13106 
0363       13055 
0364       13024 
0365       12961 
0366       12919 
0367       12856 
0368       12800 
0369       12730 
0370       12676 
0371       12661 
0372       12600 
0373       12551 
0374       12477 
0375       12460 
0376       12405 
0377       12303 
0378       12285 
0379       12248 
0380       12122 
0381       12097 
0382       12043 
0383       12009 
0384       11952 
0385       11895 
0386       11890 
0387       11824 
0388       11776 
0389       11740 
0390       11670 
0391       11630 
0392       11582 
0393       11527 
0394       11491 
0395       11465 
0396       11423 
0397       11346 
0398       11334 
0399       11294 
0400       11252 
0401       11196 
0402       11162 
0403       11113 
0404       11086 
0405       11038 
0406       11002 
0407       10972 
0408       10928 
0409       10927 
0410       10875 
0411       10830 
0412       10815 
0413       10751 
0414       10706 
0415       10675 
0416       10642 
0417       10622 
0418       10576 
0419       10540 
0420       10507 
0421       10480 
0422       10442 
0423       10417 
0424       10372 
0425       10345 
0426       10309 
0427       10264 
0428       10245 
0429       10237 
0430       10211 
0431       10161 
0432       10151 
0433       10105 
0434       10096 
0435       10068 
0436       10057 
0437       10016 
0438       9988 
0439       9977 
0440       9936 
0441       9916 
0442       9901 
0443       9850 
0444       9841 
0445       9811 
0446       9776 
0447       9762 
0448       9759 
0449       9724 
0450       9686 
0451       9677 
0452       9642 
0453       9622 
0454       9617 
0455       9598 
0456       9566 
0457       9547 
0458       9531 
0459       9508 
0460       9494 
0461       9464 
0462       9460 
0463       9414 
0464       9395 
0465       9370 
0466       9358 
0467       9355 
0468       9333 
0469       9298 
0470       9287 
0471       9269 
0472       9264 
0473       9246 
0474       9227 
0475       9194 
0476       7847 
0477       7836 
0478       7779 
0479       7707 
0480       7680 
0481       7629 
0482       7578 
0483       7556 
0484       7552 
0485       7525 
0486       7525 
0487       7511 
0488       7484 
0489       7463 
0490       7454 
0491       7443 
0492       7438 
0493       7433 
0494       7422 
0495       7407 
0496       7402 
0497       7402 
0498       7407 
0499       7428 
0500       7437 
0501       7448 
0502       7451 
0503       7490 
0504       7490 
0505       7507 
0506       7549 
0507       7575 
0508       7647 
0509       7721 
0510       8026 
0511       8367 
0512       8472 
0513       8472 
0514       8319 
0515       8319 
0516       8313 
0517       8313 
0518       8215 
0519       8201 
0520       8177 
0521       6640 
0522       6635 
0523       6633 
0524       6633 
0525       6665 
0526       6665 
0527       6643 
0528       6643 
0529       6654 
0530       6654 
0531       6634 
0532       6618 
0533       6618 
0534       6636 
0535       6847 
0536       6984 
0537       7000 
0538       7005 
0539       7010 
0540       7043 
0541       7051 
0542       7148 
0543       7237 
0544       7237 
0545       7169 
0546       7151 
0547       7120 
0548       7085 
0549       7046 
0550       7022 
0551       6999 
0552       6947 
0553       6902 
0554       6870 
0555       6868 
0556       6870 
0557       6911 
0558       6974 
0559       7049 
0560       7053 
0561       7049 
0562       6977 
0563       6977 
0564       7089 
0565       7119 
0566       7166 
0567       7233 
0568       7269 
0569       7269 
0570       7255 
0571       7208 
0572       7193 
0573       7165 
0574       7165 
0575       7194 
0576       7212 
0577       7219 
0578       7237 
0579       7257 
0580       7257 
0581       7260 
0582       7275 
0583       7333 
0584       7413 
0585       7464 
0586       7478 
0587       7497 
0588       7532 
0589       7571 
0590       7606 
0591       7610 
0592       7623 
0593       8661 
0594       8732 
0595       8732 
0596       8736 
0597       8744 
0598       8766 
0599       8768 
0600       8768 
0601       8756 
0602       8756 
0603       8768 
0604       8778 
0605       8798 
0606       8809 
0607       8822 
0608       8826 
0609       8826 
0610       8828 
0611       8842 
0612       8860 
0613       8864 
0614       8864 
0615       8864 
0616       8891 
0617       8893 
0618       8938 
0619       8938 
0620       8945 
0621       8954 
0622       8959 
0623       8995 
0624       9000 
0625       9018 
0626       9031 
0627       9036 
0628       9039 
0629       9044 
0630       9053 
0631       9072 
0632       9101 
0633       9113 
0634       9113 
0635       9117 
0636       9143 
0637       9143 
0638       9152 
0639       9175 
0640       9182 
0641       9198 
0642       9215 
0643       9244 
0644       9253 
0645       9260 
0646       9262 
0647       9276 
0648       9302 
0649       9302 
0650       9292 
0651       9271 
0652       9234 
0653       9219 
0654       9179 
0655       9113 
0656       8931 
0657       8759 
0658       8756 
0659       8746 
0660       8746 
0661       8746 
0662       8746 
0663       8757 
0664       8769 
0665       8783 
0666       8801 
0667       8801 
0668       8821 
0669       8852 
0670       8855 
0671       9018 
0672       9018 
0673       9018 
0674       9210 
0675       9243 
0676       9609 
0677       9705 
0678       9752 
0679       9808 
0680       9874 
0681       9878 
0682       9900 
0683       9928 
0684       10019 
0685       10037 
0686       10050 
0687       10059 
0688       10104 
0689       10137 
0690       10138 
0691       10191 
0692       10207 
0693       10243 
0694       10301 
0695       10310 
0696       10336 
0697       10357 
0698       10384 
0699       10440 
0700       10470 
0701       10503 
0702       10507 
0703       10536 
0704       10556 
0705       10618 
0706       10633 
0707       10669 
0708       10729 
0709       10744 
0710       10791 
0711       10836 
0712       10884 
0713       10928 
0714       10939 
0715       10981 
0716       11000 
0717       11063 
0718       11091 
0719       11141 
0720       11165 
0721       11193 
0722       11275 
0723       11309 
0724       11345 
0725       11391 
0726       11424 
0727       11441 
0728       11476 
0729       11496 
0730       11517 
0731       11586 
0732       11638 
0733       11656 
0734       11716 
0735       11822 
0736       11848 
0737       11848 
0738       11851 
0739       11822 
0740       11618 
0741       11460 
0742       11460 
0743       11398 
0744       11298 
0745       11278 
0746       11117 
0747       11019 
0748       11012 
0749       10939 
0750       10902 
0751       10842 
0752       10787 
0753       10778 
0754       10712 
0755       10675 
0756       10651 
0757       10602 
0758       10565 
0759       10502 
0760       10466 
0761       10440 
0762       10394 
0763       10379 
0764       10334 
0765       10301 
0766       10244 
0767       10219 
0768       10179 
0769       10168 
0770       10112 
0771       10077 
0772       10039 
0773       10005 
0774       9980 
0775       9948 
0776       9908 
0777       9871 
0778       9848 
0779       9825 
0780       9794 
0781       9752 
0782       9728 
0783       9703 
0784       9661 
0785       9643 
0786       9618 
0787       9586 
0788       9551 
0789       9524 
0790       9511 
0791       9488 
0792       9456 
0793       9432 
0794       9406 
0795       9377 
0796       9350 
0797       9335 
0798       9323 
0799       9289 
0800       9263 
0801       9248 
0802       9213 
0803       9195 
0804       9179 
0805       9156 
0806       9136 
0807       9116 
0808       9084 
0809       9060 
0810       9045 
0811       9037 
0812       9024 
0813       8989 
0814       8980 
0815       8967 
0816       8943 
0817       8912 
0818       8907 
0819       8873 
0820       8870 
0821       8861 
0822       8833 
0823       8816 
0824       8790 
0825       8776 
0826       8763 
0827       8747 
0828       8746 
0829       8730 
0830       8706 
0831       8695 
0832       8682 
0833       8662 
0834       8643 
0835       8632 
0836       8617 
0837       8599 
0838       8587 
0839       8576 
0840       8560 
0841       8549 
0842       8546 
0843       8528 
0844       8516 
0845       8504 
0846       8475 
0847       8475 
0848       8473 
0849       8488 
0850       8492 
0851       8492 
0852       6847 
0853       6812 
0854       6810 
0855       6794 
0856       6763 
0857       6758 
0858       6698 
0859       6689 
0860       6689 
0861       6663 
0862       6634 
0863       6626 
0864       6610 
0865       6610 
0866       6603 
0867       6592 
0868       6533 
0869       6526 
0870       6526 
0871       6526 
0872       6488 
0873       6464 
0874       6461 
0875       6461 
0876       6442 
0877       6431 
0878       6416 
0879       6416 
0880       6448 
0881       6527 
0882       6664 
0883       6876 
0884       7120 
0885       7321 
0886       7356 
0887       7357 
0888       7357 
0889       7357 
0890       7324 
0891       7324 
0892       7329 
0893       7332 
0894       7332 
0895       7332 
0896       7301 
0897       7301 
0898       7316 
0899       7316 
0900       7326 
0901       7300 
0902       7310 
0903       7277 
0904       7283 
0905       7283 
0906       7283 
0907       7283 
0908       7283 
0909       7270 
0910       7292 
0911       7301 
0912       7308 
0913       7308 
0914       1 
0915       1 
0916       1 
0917       1 
0918       1 
0919       1 
0920       1 
0921       1 
0922       1 
0923       1 
0924       1 
0925       1 
0926       1 
0927       1 
0928       1 
0929       1 
0930       1 
0931       1 
0932       1 
0933       1 
0934       1 
0935       1 
0936       1 
0937       1 
0938       1 
0939       1 
0940       1 
0941       1 
0942       1 
0943       1 
0944       1 
0945       1 
0946       1 
0947       1 
0948       1 
0949       1 
0950       1 
0951       1 
0952       1 
0953       1 
0954       1 
0955       1 
0956       1 
0957       1 
0958       1 
0959       1 
0960       1 
0961       1 
0962       1 
0963       1 
0964       1 
0965       1 
0966       1 
0967       1 
0968       1 
0969       1 
0970       1 
0971       1 
0972       1 
0973       1 
0974       1 
0975       1 
0976       1 
0977       1 
0978       1 
0979       1 
0980       1 
0981       1 
0982       1 
0983       1 
0984       1 
0985       1 
0986       1 
0987       1 
0988       1 
0989       1 
0990       1 
0991       1 
0992       1 
0993       1 
0994       1 
0995       1 
0996       1 
0997       1 
0998       1 
0999       1 
1000       1 
1001       1 
1002       1 
1003       1 
1004       1 
1005       1 
1006       1 
1007       1 
1008       41 
1009       41 
1010       41 
1011       41 
1012       4 
1013       4 
1014       48 
1015       48 
1016       48 
1017       48 
1018       48 
1019       48 
1020       46 
1021       54 
1022       58 
1023       54 
1024       55 
1025       58 
1026       55 
1027       55 
1028       55 
1029       55 
1030       54 
1031       55 
1032       55 
1033       56 
1034       62 
1035       63 
1036       64 
1037       67 
1038       67 
1039       71 
1040       76 
1041       76 
1042       76 
1043       76 
1044       70 
1045       70 
1046       70 
1047       72 
1048       72 
1049       72 
1050       69 
1051       69 
1052       69 
1053       71 
1054       71 
1055       71 
1056       67 
1057       63 
1058       63 
1059       66 
1060       67 
1061       66 
1062       66 
1063       65 
1064       62 
1065       62 
1066       65 
1067       67 
1068       67 
1069       71 
1070       67 
1071       71 
1072       71 
1073       71 
1074       68 
1075       68 
1076       68 
1077       67 
1078       67 
1079       67 
1297966694.801294
