0000       1 
0001       1 
0002       1 
0003       1 
0004       1 
0005       1 
0006       1 
0007       1 
0008       1 
0009       1 
0010       1 
0011       1 
0012       1 
0013       1 
0014       1 
0015       1 
0016       1 
0017       1 
0018       1 
0019       1 
0020       1 
0021       1 
0022       1 
0023       1 
0024       1 
0025       1 
0026       1 
0027       1 
0028       1 
0029       1 
0030       1 
0031       1 
0032       1 
0033       1 
0034       1 
0035       1 
0036       1 
0037       1 
0038       1 
0039       1 
0040       1 
0041       1 
0042       1 
0043       1 
0044       1 
0045       1 
0046       1 
0047       1 
0048       1 
0049       1 
0050       1 
0051       1 
0052       1 
0053       1 
0054       1 
0055       1 
0056       1 
0057       1 
0058       1 
0059       1 
0060       1 
0061       1 
0062       1 
0063       1 
0064       1 
0065       1 
0066       1 
0067       1 
0068       1 
0069       1 
0070       1 
0071       1 
0072       1 
0073       1 
0074       1 
0075       1 
0076       1 
0077       1 
0078       1 
0079       1 
0080       1 
0081       1 
0082       1 
0083       1 
0084       1 
0085       1 
0086       1 
0087       1 
0088       1 
0089       1 
0090       1 
0091       1 
0092       1 
0093       1 
0094       1 
0095       1 
0096       1 
0097       1 
0098       1 
0099       1 
0100       1 
0101       1 
0102       1 
0103       1 
0104       1 
0105       1 
0106       1 
0107       1 
0108       1 
0109       1 
0110       1 
0111       1 
0112       1 
0113       1 
0114       1 
0115       1 
0116       1 
0117       1 
0118       1 
0119       1 
0120       1 
0121       1 
0122       1 
0123       1 
0124       1 
0125       1 
0126       1 
0127       1 
0128       1 
0129       1 
0130       1 
0131       1 
0132       1 
0133       1 
0134       1 
0135       1 
0136       1 
0137       1 
0138       1 
0139       1 
0140       1 
0141       1 
0142       1 
0143       1 
0144       1 
0145       1 
0146       1 
0147       1 
0148       1 
0149       1 
0150       1 
0151       1 
0152       1 
0153       1 
0154       1 
0155       1 
0156       1 
0157       1 
0158       1 
0159       1 
0160       1 
0161       1 
0162       1 
0163       1 
0164       1 
0165       1 
0166       1 
0167       1 
0168       1 
0169       1 
0170       1 
0171       1 
0172       1 
0173       1 
0174       1 
0175       1 
0176       1 
0177       1 
0178       1 
0179       1 
0180       1 
0181       1 
0182       1 
0183       1 
0184       1 
0185       1 
0186       1 
0187       1 
0188       1 
0189       1 
0190       1 
0191       1 
0192       1 
0193       1 
0194       1 
0195       1 
0196       1 
0197       1 
0198       1 
0199       1 
0200       1 
0201       1 
0202       1 
0203       1 
0204       1 
0205       1 
0206       1 
0207       1 
0208       1 
0209       1 
0210       1 
0211       1 
0212       1 
0213       1 
0214       1 
0215       1 
0216       1 
0217       1 
0218       1 
0219       1 
0220       1 
0221       1 
0222       1 
0223       1 
0224       1 
0225       1 
0226       1 
0227       1 
0228       1 
0229       1 
0230       1 
0231       1 
0232       1 
0233       1 
0234       1 
0235       1 
0236       1 
0237       1 
0238       1 
0239       1 
0240       1 
0241       1 
0242       1 
0243       1 
0244       1 
0245       1 
0246       1 
0247       1 
0248       1 
0249       1 
0250       1 
0251       1 
0252       1 
0253       1 
0254       1 
0255       1 
0256       1 
0257       1 
0258       1 
0259       1 
0260       1 
0261       1 
0262       1 
0263       1 
0264       1 
0265       1 
0266       1 
0267       1 
0268       1 
0269       1 
0270       1 
0271       1 
0272       1 
0273       1 
0274       1 
0275       1 
0276       1 
0277       1 
0278       1 
0279       1 
0280       1 
0281       1 
0282       14015 
0283       14015 
0284       14015 
0285       13782 
0286       13492 
0287       13434 
0288       1 
0289       13103 
0290       13103 
0291       13103 
0292       12872 
0293       12760 
0294       12760 
0295       12646 
0296       12535 
0297       12414 
0298       12328 
0299       12215 
0300       12170 
0301       12058 
0302       11933 
0303       11860 
0304       11799 
0305       11706 
0306       11598 
0307       11542 
0308       11424 
0309       11325 
0310       11294 
0311       11193 
0312       11080 
0313       11009 
0314       10948 
0315       10875 
0316       10784 
0317       10692 
0318       10644 
0319       10553 
0320       10499 
0321       10446 
0322       10392 
0323       10311 
0324       10248 
0325       10197 
0326       10116 
0327       10059 
0328       9974 
0329       9948 
0330       9885 
0331       9785 
0332       9739 
0333       9722 
0334       9636 
0335       9582 
0336       9521 
0337       9495 
0338       9428 
0339       9391 
0340       9312 
0341       9255 
0342       9231 
0343       9186 
0344       9142 
0345       9095 
0346       9029 
0347       8981 
0348       8951 
0349       8892 
0350       8843 
0351       8806 
0352       8780 
0353       8718 
0354       8711 
0355       8680 
0356       8598 
0357       8571 
0358       8531 
0359       8486 
0360       8448 
0361       8431 
0362       8359 
0363       8322 
0364       8309 
0365       8282 
0366       8244 
0367       8187 
0368       8149 
0369       8111 
0370       8081 
0371       8056 
0372       8009 
0373       7998 
0374       7923 
0375       7898 
0376       7872 
0377       7862 
0378       7821 
0379       7783 
0380       7772 
0381       7746 
0382       7725 
0383       7692 
0384       7669 
0385       7639 
0386       7611 
0387       7557 
0388       7541 
0389       7514 
0390       7500 
0391       7453 
0392       7451 
0393       7418 
0394       7411 
0395       7388 
0396       7378 
0397       7329 
0398       7312 
0399       7286 
0400       7250 
0401       7232 
0402       7227 
0403       7196 
0404       7166 
0405       7146 
0406       7119 
0407       7089 
0408       7071 
0409       7059 
0410       7055 
0411       7028 
0412       6997 
0413       6980 
0414       6970 
0415       6968 
0416       6915 
0417       6892 
0418       6870 
0419       6869 
0420       6858 
0421       6823 
0422       6820 
0423       6810 
0424       6784 
0425       6759 
0426       6758 
0427       6733 
0428       6722 
0429       6684 
0430       6681 
0431       6672 
0432       6656 
0433       6636 
0434       6612 
0435       6598 
0436       6594 
0437       6546 
0438       6539 
0439       6532 
0440       6527 
0441       6507 
0442       6496 
0443       6491 
0444       6473 
0445       6438 
0446       6437 
0447       6436 
0448       6401 
0449       6388 
0450       6388 
0451       6389 
0452       6389 
0453       6344 
0454       6342 
0455       6337 
0456       6316 
0457       6315 
0458       6293 
0459       6285 
0460       6282 
0461       6257 
0462       6251 
0463       6237 
0464       6227 
0465       6209 
0466       6206 
0467       6196 
0468       6196 
0469       6190 
0470       6175 
0471       6167 
0472       6160 
0473       6143 
0474       6136 
0475       6133 
0476       6116 
0477       6105 
0478       6104 
0479       6088 
0480       6086 
0481       6086 
0482       6075 
0483       6073 
0484       6053 
0485       6052 
0486       6052 
0487       6044 
0488       6026 
0489       6023 
0490       6023 
0491       6023 
0492       6018 
0493       6006 
0494       5997 
0495       5997 
0496       5996 
0497       5984 
0498       5976 
0499       5978 
0500       5976 
0501       5973 
0502       5949 
0503       5949 
0504       5946 
0505       5940 
0506       5941 
0507       5941 
0508       5941 
0509       5928 
0510       5928 
0511       5928 
0512       5918 
0513       5911 
0514       5891 
0515       5888 
0516       5888 
0517       5894 
0518       5896 
0519       5894 
0520       5885 
0521       5884 
0522       5871 
0523       5871 
0524       5878 
0525       5885 
0526       5878 
0527       5882 
0528       5869 
0529       5882 
0530       5873 
0531       5873 
0532       5873 
0533       5876 
0534       5876 
0535       5872 
0536       5861 
0537       5861 
0538       5864 
0539       5864 
0540       5864 
0541       5864 
0542       5859 
0543       5861 
0544       5860 
0545       5861 
0546       5860 
0547       5871 
0548       5853 
0549       5870 
0550       5870 
0551       5870 
0552       5866 
0553       5866 
0554       5866 
0555       5862 
0556       5853 
0557       5853 
0558       5874 
0559       5875 
0560       5875 
0561       5876 
0562       5874 
0563       5877 
0564       5877 
0565       5880 
0566       5894 
0567       5894 
0568       5892 
0569       5892 
0570       5893 
0571       5893 
0572       5893 
0573       5904 
0574       5913 
0575       5915 
0576       5916 
0577       5919 
0578       5921 
0579       5934 
0580       5944 
0581       5944 
0582       5951 
0583       5938 
0584       5938 
0585       5932 
0586       5932 
0587       5945 
0588       5951 
0589       5957 
0590       5957 
0591       5938 
0592       5827 
0593       5782 
0594       5782 
0595       5792 
0596       5798 
0597       5798 
0598       5798 
0599       5805 
0600       5824 
0601       5838 
0602       5838 
0603       8788 
0604       8790 
0605       8790 
0606       8800 
0607       8812 
0608       8825 
0609       8848 
0610       8871 
0611       8944 
0612       9018 
0613       9029 
0614       9041 
0615       9048 
0616       9085 
0617       9091 
0618       9109 
0619       9138 
0620       9141 
0621       9160 
0622       9188 
0623       9207 
0624       9214 
0625       9222 
0626       9228 
0627       9265 
0628       9279 
0629       9282 
0630       9290 
0631       9299 
0632       9312 
0633       9368 
0634       9371 
0635       9371 
0636       9416 
0637       9417 
0638       9433 
0639       9437 
0640       9483 
0641       9500 
0642       9504 
0643       9504 
0644       9559 
0645       9569 
0646       9595 
0647       9599 
0648       9637 
0649       9639 
0650       9663 
0651       9679 
0652       9704 
0653       9708 
0654       9754 
0655       9759 
0656       9789 
0657       9831 
0658       9853 
0659       9865 
0660       9888 
0661       9921 
0662       9939 
0663       9952 
0664       9987 
0665       10024 
0666       10028 
0667       10063 
0668       10088 
0669       10118 
0670       10140 
0671       10173 
0672       10195 
0673       10210 
0674       10240 
0675       10286 
0676       10298 
0677       10339 
0678       10345 
0679       10363 
0680       10401 
0681       10413 
0682       10482 
0683       10498 
0684       10508 
0685       10533 
0686       10544 
0687       10587 
0688       10616 
0689       10659 
0690       10671 
0691       10720 
0692       10724 
0693       10814 
0694       10814 
0695       10887 
0696       10896 
0697       10929 
0698       10944 
0699       10992 
0700       11035 
0701       11084 
0702       11089 
0703       11160 
0704       11185 
0705       11232 
0706       11262 
0707       11281 
0708       11362 
0709       11402 
0710       11419 
0711       11501 
0712       11547 
0713       11590 
0714       11621 
0715       11663 
0716       11720 
0717       11741 
0718       11796 
0719       11859 
0720       11911 
0721       11949 
0722       11993 
0723       12051 
0724       12107 
0725       12168 
0726       12214 
0727       12286 
0728       12296 
0729       12378 
0730       12444 
0731       12526 
0732       12567 
0733       12644 
0734       12678 
0735       12753 
0736       12846 
0737       12907 
0738       13000 
0739       13053 
0740       13133 
0741       13204 
0742       13204 
0743       13258 
0744       13440 
0745       13473 
0746       13585 
0747       13669 
0748       13747 
0749       13841 
0750       13908 
0751       13977 
0752       14076 
0753       14106 
0754       14213 
0755       14319 
0756       14378 
0757       14489 
0758       14580 
0759       14633 
0760       14712 
0761       14785 
0762       14850 
0763       14957 
0764       15043 
0765       15123 
0766       15221 
0767       15313 
0768       15409 
0769       15523 
0770       15602 
0771       15715 
0772       15838 
0773       15951 
0774       16058 
0775       16153 
0776       16264 
0777       16364 
0778       16502 
0779       16595 
0780       16735 
0781       16854 
0782       16987 
0783       17088 
0784       17088 
0785       1 
0786       1 
0787       1 
0788       1 
0789       1 
0790       1 
0791       1 
0792       1 
0793       1 
0794       1 
0795       1 
0796       1 
0797       1 
0798       1 
0799       1 
0800       1 
0801       1 
0802       1 
0803       1 
0804       1 
0805       1 
0806       1 
0807       1 
0808       1 
0809       1 
0810       1 
0811       1 
0812       1 
0813       1 
0814       1 
0815       1 
0816       1 
0817       1 
0818       1 
0819       1 
0820       1 
0821       1 
0822       1 
0823       1 
0824       1 
0825       1 
0826       1 
0827       1 
0828       1 
0829       1 
0830       1 
0831       1 
0832       9804 
0833       9965 
0834       9965 
0835       1 
0836       1 
0837       1 
0838       1 
0839       1 
0840       1 
0841       1 
0842       1 
0843       1 
0844       1 
0845       1 
0846       1 
0847       1 
0848       1 
0849       1 
0850       1 
0851       1 
0852       1 
0853       1 
0854       1 
0855       1 
0856       1 
0857       1 
0858       1 
0859       1 
0860       1 
0861       1 
0862       1 
0863       1 
0864       1 
0865       1 
0866       1 
0867       1 
0868       1 
0869       1 
0870       1 
0871       1 
0872       1 
0873       1 
0874       1 
0875       1 
0876       1 
0877       1 
0878       1 
0879       1 
0880       1 
0881       1 
0882       1 
0883       1 
0884       1 
0885       1 
0886       1 
0887       1 
0888       1 
0889       1 
0890       1 
0891       1 
0892       1 
0893       1 
0894       1 
0895       1 
0896       1 
0897       1 
0898       1 
0899       1 
0900       1 
0901       1 
0902       1 
0903       1 
0904       1 
0905       1 
0906       1 
0907       1 
0908       1 
0909       1 
0910       1 
0911       1 
0912       1 
0913       1 
0914       1 
0915       1 
0916       1 
0917       1 
0918       1 
0919       1 
0920       1 
0921       1 
0922       1 
0923       1 
0924       1 
0925       1 
0926       1 
0927       1 
0928       1 
0929       1 
0930       1 
0931       1 
0932       1 
0933       1 
0934       1 
0935       1 
0936       1 
0937       1 
0938       1 
0939       1 
0940       1 
0941       1 
0942       1 
0943       1 
0944       1 
0945       1 
0946       1 
0947       1 
0948       1 
0949       1 
0950       1 
0951       1 
0952       1 
0953       1 
0954       1 
0955       1 
0956       1 
0957       1 
0958       1 
0959       1 
0960       1 
0961       1 
0962       1 
0963       1 
0964       1 
0965       1 
0966       1 
0967       1 
0968       1 
0969       1 
0970       1 
0971       1 
0972       1 
0973       1 
0974       1 
0975       1 
0976       1 
0977       1 
0978       1 
0979       1 
0980       1 
0981       1 
0982       1 
0983       1 
0984       1 
0985       1 
0986       1 
0987       1 
0988       1 
0989       1 
0990       1 
0991       1 
0992       1 
0993       1 
0994       1 
0995       1 
0996       1 
0997       1 
0998       1 
0999       1 
1000       1 
1001       1 
1002       1 
1003       1 
1004       1 
1005       1 
1006       1 
1007       4 
1008       43 
1009       49 
1010       43 
1011       49 
1012       51 
1013       51 
1014       4 
1015       4 
1016       4 
1017       4 
1018       4 
1019       4 
1020       49 
1021       49 
1022       50 
1023       56 
1024       62 
1025       62 
1026       65 
1027       65 
1028       65 
1029       61 
1030       53 
1031       53 
1032       53 
1033       54 
1034       54 
1035       63 
1036       69 
1037       71 
1038       71 
1039       71 
1040       71 
1041       71 
1042       69 
1043       69 
1044       68 
1045       67 
1046       67 
1047       67 
1048       67 
1049       67 
1050       67 
1051       67 
1052       67 
1053       67 
1054       69 
1055       69 
1056       65 
1057       62 
1058       62 
1059       62 
1060       71 
1061       71 
1062       72 
1063       71 
1064       63 
1065       63 
1066       65 
1067       65 
1068       67 
1069       67 
1070       65 
1071       67 
1072       67 
1073       60 
1074       60 
1075       60 
1076       59 
1077       59 
1078       59 
1079       59 
1297966642.035309
