0000       1 
0001       1 
0002       1 
0003       1 
0004       1 
0005       1 
0006       1 
0007       1 
0008       1 
0009       1 
0010       1 
0011       1 
0012       1 
0013       1 
0014       1 
0015       1 
0016       1 
0017       1 
0018       1 
0019       1 
0020       1 
0021       1 
0022       1 
0023       1 
0024       1 
0025       1 
0026       1 
0027       1 
0028       1 
0029       1 
0030       1 
0031       1 
0032       1 
0033       1 
0034       1 
0035       1 
0036       1 
0037       1 
0038       1 
0039       1 
0040       1 
0041       1 
0042       1 
0043       1 
0044       1 
0045       1 
0046       1 
0047       1 
0048       1 
0049       1 
0050       1 
0051       1 
0052       1 
0053       1 
0054       1 
0055       1 
0056       1 
0057       1 
0058       1 
0059       1 
0060       1 
0061       1 
0062       1 
0063       1 
0064       1 
0065       1 
0066       1 
0067       1 
0068       1 
0069       1 
0070       1 
0071       1 
0072       1 
0073       1 
0074       1 
0075       1 
0076       1 
0077       1 
0078       1 
0079       1 
0080       1 
0081       1 
0082       1 
0083       1 
0084       1 
0085       1 
0086       1 
0087       1 
0088       1 
0089       1 
0090       1 
0091       1 
0092       1 
0093       1 
0094       1 
0095       1 
0096       1 
0097       1 
0098       1 
0099       1 
0100       1 
0101       1 
0102       1 
0103       1 
0104       1 
0105       1 
0106       1 
0107       1 
0108       1 
0109       1 
0110       1 
0111       1 
0112       1 
0113       1 
0114       1 
0115       1 
0116       1 
0117       1 
0118       1 
0119       1 
0120       1 
0121       1 
0122       1 
0123       1 
0124       1 
0125       1 
0126       1 
0127       1 
0128       1 
0129       1 
0130       1 
0131       1 
0132       1 
0133       1 
0134       1 
0135       1 
0136       1 
0137       20548 
0138       20548 
0139       20505 
0140       20490 
0141       20473 
0142       1 
0143       1 
0144       1 
0145       20036 
0146       20078 
0147       20078 
0148       1 
0149       1 
0150       1 
0151       1 
0152       1 
0153       20203 
0154       20203 
0155       20203 
0156       20201 
0157       20189 
0158       20186 
0159       20150 
0160       20141 
0161       14326 
0162       14325 
0163       14325 
0164       14322 
0165       14303 
0166       14292 
0167       14292 
0168       14267 
0169       14267 
0170       14262 
0171       14260 
0172       14255 
0173       14251 
0174       14249 
0175       14237 
0176       14215 
0177       14211 
0178       14206 
0179       14203 
0180       14203 
0181       14203 
0182       14201 
0183       13994 
0184       13984 
0185       13979 
0186       13976 
0187       13976 
0188       13976 
0189       13974 
0190       13971 
0191       13974 
0192       14022 
0193       14127 
0194       14290 
0195       14579 
0196       14597 
0197       14612 
0198       14597 
0199       14595 
0200       14588 
0201       14595 
0202       14585 
0203       14572 
0204       1 
0205       1 
0206       1 
0207       1 
0208       14171 
0209       14175 
0210       14204 
0211       14195 
0212       14195 
0213       14063 
0214       14024 
0215       14024 
0216       14017 
0217       14026 
0218       14026 
0219       14031 
0220       14039 
0221       14056 
0222       14056 
0223       14067 
0224       14081 
0225       14082 
0226       14085 
0227       14092 
0228       14092 
0229       13495 
0230       13495 
0231       13495 
0232       13495 
0233       13519 
0234       14134 
0235       14153 
0236       14153 
0237       13577 
0238       13577 
0239       13577 
0240       13577 
0241       13577 
0242       13589 
0243       14245 
0244       14258 
0245       14347 
0246       14452 
0247       14467 
0248       14483 
0249       14486 
0250       14499 
0251       14522 
0252       14534 
0253       14548 
0254       14567 
0255       14574 
0256       14600 
0257       14615 
0258       14642 
0259       14658 
0260       14660 
0261       14677 
0262       14697 
0263       14713 
0264       14713 
0265       14649 
0266       14616 
0267       14616 
0268       14635 
0269       14665 
0270       14669 
0271       14689 
0272       14730 
0273       14744 
0274       14774 
0275       14791 
0276       14809 
0277       14829 
0278       14845 
0279       14845 
0280       14845 
0281       14512 
0282       14899 
0283       14974 
0284       14989 
0285       14989 
0286       14998 
0287       15004 
0288       15013 
0289       15022 
0290       15083 
0291       15161 
0292       15211 
0293       15211 
0294       1 
0295       1 
0296       1 
0297       1 
0298       1 
0299       1 
0300       1 
0301       1 
0302       1 
0303       1 
0304       1 
0305       1 
0306       1 
0307       12586 
0308       12586 
0309       12559 
0310       12559 
0311       12587 
0312       12615 
0313       12658 
0314       12687 
0315       12721 
0316       12745 
0317       12769 
0318       12806 
0319       12835 
0320       12884 
0321       12913 
0322       12956 
0323       12972 
0324       13033 
0325       13056 
0326       13102 
0327       13123 
0328       13163 
0329       13199 
0330       13199 
0331       13193 
0332       11750 
0333       11725 
0334       11725 
0335       11725 
0336       1 
0337       1 
0338       1 
0339       1 
0340       1 
0341       11459 
0342       11523 
0343       11523 
0344       11460 
0345       11401 
0346       11333 
0347       11248 
0348       11181 
0349       11122 
0350       11065 
0351       11001 
0352       10927 
0353       10869 
0354       10807 
0355       10737 
0356       10656 
0357       10618 
0358       10584 
0359       10513 
0360       10470 
0361       10409 
0362       10355 
0363       10292 
0364       10259 
0365       10210 
0366       10150 
0367       10103 
0368       10034 
0369       9985 
0370       9947 
0371       9890 
0372       9858 
0373       9819 
0374       9785 
0375       9785 
0376       9843 
0377       9876 
0378       9892 
0379       9916 
0380       9950 
0381       9990 
0382       10054 
0383       10087 
0384       10128 
0385       10192 
0386       10217 
0387       10263 
0388       10318 
0389       10359 
0390       10414 
0391       10440 
0392       10511 
0393       10535 
0394       10615 
0395       10669 
0396       10720 
0397       10811 
0398       10880 
0399       10901 
0400       10971 
0401       11032 
0402       11090 
0403       11165 
0404       11166 
0405       11166 
0406       11137 
0407       11113 
0408       11120 
0409       11120 
0410       11120 
0411       11090 
0412       11049 
0413       11025 
0414       10978 
0415       10932 
0416       10899 
0417       10867 
0418       10832 
0419       10797 
0420       10782 
0421       10703 
0422       10691 
0423       10657 
0424       10636 
0425       10609 
0426       10573 
0427       10527 
0428       10510 
0429       10476 
0430       10438 
0431       10408 
0432       10400 
0433       10355 
0434       10342 
0435       10315 
0436       10265 
0437       10257 
0438       10237 
0439       10184 
0440       10167 
0441       10165 
0442       10124 
0443       10094 
0444       10060 
0445       10048 
0446       9991 
0447       9982 
0448       9964 
0449       9962 
0450       9924 
0451       9891 
0452       9887 
0453       9844 
0454       9818 
0455       9809 
0456       9765 
0457       9729 
0458       9728 
0459       9708 
0460       9692 
0461       9690 
0462       9692 
0463       9687 
0464       9680 
0465       9652 
0466       9628 
0467       9618 
0468       9608 
0469       9589 
0470       9589 
0471       9556 
0472       9513 
0473       9503 
0474       9494 
0475       9483 
0476       9478 
0477       9451 
0478       9446 
0479       9430 
0480       9392 
0481       9384 
0482       9376 
0483       9364 
0484       9353 
0485       9351 
0486       9327 
0487       9290 
0488       9290 
0489       9287 
0490       9262 
0491       9242 
0492       9238 
0493       9237 
0494       9223 
0495       9212 
0496       9197 
0497       9190 
0498       9163 
0499       9156 
0500       9131 
0501       9125 
0502       9120 
0503       9119 
0504       9104 
0505       9095 
0506       9093 
0507       9084 
0508       9067 
0509       9066 
0510       9046 
0511       9021 
0512       9014 
0513       9004 
0514       9009 
0515       9003 
0516       8998 
0517       8983 
0518       6396 
0519       6396 
0520       6402 
0521       6443 
0522       6460 
0523       6460 
0524       6454 
0525       6451 
0526       6451 
0527       6444 
0528       6444 
0529       6438 
0530       6429 
0531       6406 
0532       6406 
0533       6411 
0534       6411 
0535       6417 
0536       6416 
0537       6416 
0538       6402 
0539       6398 
0540       6402 
0541       6389 
0542       6374 
0543       6359 
0544       6359 
0545       6360 
0546       6380 
0547       6382 
0548       6382 
0549       6378 
0550       6378 
0551       6380 
0552       6380 
0553       6365 
0554       6356 
0555       6343 
0556       6343 
0557       6349 
0558       6352 
0559       6362 
0560       6365 
0561       6365 
0562       6367 
0563       6364 
0564       6364 
0565       6364 
0566       6358 
0567       6341 
0568       6338 
0569       6338 
0570       6359 
0571       6361 
0572       6364 
0573       6368 
0574       6364 
0575       6357 
0576       6357 
0577       6358 
0578       6358 
0579       6355 
0580       6330 
0581       6330 
0582       6356 
0583       6368 
0584       6368 
0585       6372 
0586       6380 
0587       6384 
0588       6385 
0589       6391 
0590       6391 
0591       6375 
0592       6367 
0593       6367 
0594       6383 
0595       6390 
0596       6392 
0597       6411 
0598       6415 
0599       6422 
0600       6423 
0601       6436 
0602       6436 
0603       6436 
0604       6420 
0605       6420 
0606       6446 
0607       6463 
0608       6463 
0609       6474 
0610       6474 
0611       6474 
0612       6488 
0613       6488 
0614       6486 
0615       6484 
0616       6471 
0617       6471 
0618       6511 
0619       6532 
0620       6532 
0621       6540 
0622       6541 
0623       6565 
0624       6567 
0625       6572 
0626       6572 
0627       6563 
0628       6563 
0629       6584 
0630       6599 
0631       6618 
0632       6621 
0633       6633 
0634       6648 
0635       6648 
0636       6649 
0637       6649 
0638       6653 
0639       6659 
0640       6659 
0641       6703 
0642       6718 
0643       6721 
0644       6742 
0645       6748 
0646       6755 
0647       6758 
0648       6777 
0649       6777 
0650       6790 
0651       6791 
0652       6822 
0653       6828 
0654       6841 
0655       6875 
0656       6883 
0657       6895 
0658       6897 
0659       6897 
0660       6896 
0661       6896 
0662       6924 
0663       6956 
0664       6966 
0665       6991 
0666       7002 
0667       7025 
0668       7035 
0669       7040 
0670       7044 
0671       7053 
0672       7081 
0673       7117 
0674       7128 
0675       7152 
0676       7156 
0677       7181 
0678       7203 
0679       7203 
0680       7203 
0681       7207 
0682       7251 
0683       7281 
0684       7287 
0685       7328 
0686       7331 
0687       7357 
0688       7371 
0689       7371 
0690       7371 
0691       7415 
0692       7454 
0693       7470 
0694       7488 
0695       7501 
0696       7527 
0697       7545 
0698       7546 
0699       7560 
0700       7604 
0701       7648 
0702       7660 
0703       7690 
0704       7696 
0705       7733 
0706       7733 
0707       7737 
0708       7776 
0709       7823 
0710       7858 
0711       7896 
0712       7909 
0713       7921 
0714       7928 
0715       7938 
0716       7983 
0717       8031 
0718       8075 
0719       8096 
0720       8131 
0721       8144 
0722       8149 
0723       8158 
0724       8246 
0725       8260 
0726       8304 
0727       8325 
0728       8361 
0729       8370 
0730       8372 
0731       8455 
0732       8486 
0733       8514 
0734       8563 
0735       8589 
0736       8602 
0737       8602 
0738       8686 
0739       8719 
0740       8766 
0741       8793 
0742       8820 
0743       8839 
0744       8849 
0745       8910 
0746       8973 
0747       8975 
0748       9024 
0749       9039 
0750       9076 
0751       9076 
0752       8966 
0753       7112 
0754       7112 
0755       7130 
0756       7206 
0757       7232 
0758       7273 
0759       7316 
0760       7350 
0761       7404 
0762       7419 
0763       7450 
0764       7471 
0765       7546 
0766       7560 
0767       7602 
0768       7639 
0769       7664 
0770       7664 
0771       7649 
0772       1 
0773       1 
0774       3372 
0775       3372 
0776       3570 
0777       3581 
0778       3592 
0779       3592 
0780       3599 
0781       3605 
0782       3616 
0783       3616 
0784       3635 
0785       3661 
0786       3671 
0787       3687 
0788       3702 
0789       3709 
0790       3714 
0791       3735 
0792       3754 
0793       3754 
0794       3754 
0795       3746 
0796       3643 
0797       3504 
0798       3203 
0799       3190 
0800       3190 
0801       3190 
0802       3199 
0803       3210 
0804       3214 
0805       3222 
0806       3250 
0807       3255 
0808       3258 
0809       3264 
0810       3286 
0811       3306 
0812       3321 
0813       3335 
0814       3357 
0815       3374 
0816       3383 
0817       3415 
0818       3453 
0819       3470 
0820       3483 
0821       3521 
0822       3536 
0823       3570 
0824       3591 
0825       3629 
0826       3667 
0827       3705 
0828       3731 
0829       3765 
0830       3814 
0831       3853 
0832       3888 
0833       3936 
0834       3982 
0835       4051 
0836       4117 
0837       4190 
0838       4578 
0839       5308 
0840       5308 
0841       5311 
0842       5316 
0843       5316 
0844       5316 
0845       5392 
0846       5392 
0847       5349 
0848       5331 
0849       5327 
0850       5291 
0851       5291 
0852       5335 
0853       5353 
0854       5475 
0855       5475 
0856       5457 
0857       5448 
0858       5423 
0859       5377 
0860       5364 
0861       5340 
0862       5334 
0863       5326 
0864       5198 
0865       5172 
0866       5172 
0867       5221 
0868       5221 
0869       5221 
0870       5241 
0871       5298 
0872       5411 
0873       5484 
0874       5632 
0875       5781 
0876       5919 
0877       6047 
0878       6176 
0879       7319 
0880       7529 
0881       7718 
0882       7877 
0883       8139 
0884       8377 
0885       8610 
0886       8842 
0887       8842 
0888       5357 
0889       5301 
0890       5290 
0891       5236 
0892       5236 
0893       5239 
0894       5240 
0895       5240 
0896       5257 
0897       5257 
0898       5247 
0899       5242 
0900       5242 
0901       5242 
0902       5233 
0903       5233 
0904       5230 
0905       5230 
0906       5228 
0907       5227 
0908       5222 
0909       5222 
0910       5214 
0911       5162 
0912       5076 
0913       1 
0914       1 
0915       1 
0916       1 
0917       1 
0918       1 
0919       1 
0920       1 
0921       1 
0922       1 
0923       1 
0924       1 
0925       1 
0926       1 
0927       1 
0928       1 
0929       1 
0930       1 
0931       1 
0932       1 
0933       1 
0934       1 
0935       1 
0936       1 
0937       1 
0938       1 
0939       1 
0940       1 
0941       1 
0942       1 
0943       1 
0944       1 
0945       1 
0946       1 
0947       1 
0948       1 
0949       1 
0950       1 
0951       1 
0952       1 
0953       1 
0954       1 
0955       1 
0956       1 
0957       1 
0958       1 
0959       1 
0960       1 
0961       1 
0962       1 
0963       1 
0964       1 
0965       1 
0966       1 
0967       1 
0968       1 
0969       1 
0970       1 
0971       1 
0972       1 
0973       1 
0974       1 
0975       1 
0976       1 
0977       1 
0978       1 
0979       1 
0980       1 
0981       1 
0982       1 
0983       1 
0984       1 
0985       1 
0986       1 
0987       1 
0988       1 
0989       1 
0990       1 
0991       1 
0992       1 
0993       1 
0994       1 
0995       1 
0996       1 
0997       1 
0998       1 
0999       1 
1000       1 
1001       1 
1002       1 
1003       1 
1004       1 
1005       1 
1006       1 
1007       4 
1008       4 
1009       41 
1010       47 
1011       47 
1012       47 
1013       47 
1014       45 
1015       45 
1016       54 
1017       42 
1018       56 
1019       59 
1020       59 
1021       48 
1022       58 
1023       58 
1024       58 
1025       68 
1026       68 
1027       68 
1028       66 
1029       66 
1030       61 
1031       60 
1032       60 
1033       60 
1034       61 
1035       63 
1036       63 
1037       71 
1038       71 
1039       71 
1040       71 
1041       71 
1042       71 
1043       65 
1044       65 
1045       65 
1046       65 
1047       65 
1048       69 
1049       69 
1050       71 
1051       69 
1052       72 
1053       69 
1054       69 
1055       69 
1056       68 
1057       68 
1058       68 
1059       68 
1060       68 
1061       62 
1062       62 
1063       62 
1064       60 
1065       60 
1066       63 
1067       63 
1068       66 
1069       66 
1070       68 
1071       66 
1072       68 
1073       66 
1074       61 
1075       61 
1076       69 
1077       65 
1078       69 
1079       69 
1297966680.709085
