0000       1 
0001       1 
0002       1 
0003       1 
0004       1 
0005       1 
0006       1 
0007       1 
0008       1 
0009       1 
0010       1 
0011       1 
0012       1 
0013       1 
0014       1 
0015       1 
0016       1 
0017       1 
0018       1 
0019       1 
0020       1 
0021       1 
0022       1 
0023       1 
0024       1 
0025       1 
0026       1 
0027       1 
0028       1 
0029       1 
0030       1 
0031       1 
0032       1 
0033       1 
0034       1 
0035       1 
0036       1 
0037       1 
0038       1 
0039       1 
0040       1 
0041       1 
0042       1 
0043       1 
0044       1 
0045       1 
0046       1 
0047       1 
0048       1 
0049       1 
0050       1 
0051       1 
0052       1 
0053       1 
0054       1 
0055       1 
0056       1 
0057       1 
0058       1 
0059       1 
0060       1 
0061       1 
0062       1 
0063       1 
0064       1 
0065       1 
0066       1 
0067       1 
0068       1 
0069       1 
0070       1 
0071       1 
0072       1 
0073       1 
0074       1 
0075       1 
0076       1 
0077       1 
0078       1 
0079       1 
0080       1 
0081       1 
0082       1 
0083       1 
0084       1 
0085       1 
0086       1 
0087       1 
0088       1 
0089       1 
0090       1 
0091       1 
0092       1 
0093       1 
0094       1 
0095       1 
0096       1 
0097       1 
0098       1 
0099       1 
0100       1 
0101       1 
0102       1 
0103       1 
0104       1 
0105       1 
0106       1 
0107       1 
0108       1 
0109       1 
0110       1 
0111       1 
0112       1 
0113       1 
0114       1 
0115       1 
0116       1 
0117       1 
0118       1 
0119       1 
0120       1 
0121       1 
0122       1 
0123       1 
0124       1 
0125       1 
0126       1 
0127       1 
0128       1 
0129       1 
0130       1 
0131       1 
0132       1 
0133       1 
0134       1 
0135       1 
0136       1 
0137       22100 
0138       22100 
0139       22080 
0140       1 
0141       1 
0142       1 
0143       1 
0144       21521 
0145       21591 
0146       21667 
0147       21667 
0148       1 
0149       1 
0150       1 
0151       1 
0152       21833 
0153       21833 
0154       21784 
0155       21779 
0156       21769 
0157       21769 
0158       21721 
0159       21695 
0160       15939 
0161       15929 
0162       15929 
0163       15924 
0164       15918 
0165       15899 
0166       15885 
0167       15885 
0168       15879 
0169       15868 
0170       15868 
0171       15853 
0172       15853 
0173       15853 
0174       15846 
0175       15845 
0176       15833 
0177       15823 
0178       15821 
0179       15814 
0180       15621 
0181       15609 
0182       15594 
0183       15594 
0184       15595 
0185       15595 
0186       15599 
0187       15612 
0188       15660 
0189       15784 
0190       15784 
0191       15778 
0192       15778 
0193       15778 
0194       15768 
0195       15768 
0196       15768 
0197       15767 
0198       15767 
0199       15760 
0200       15760 
0201       15760 
0202       15765 
0203       15765 
0204       15789 
0205       15789 
0206       15762 
0207       15681 
0208       15622 
0209       15622 
0210       15623 
0211       15635 
0212       15640 
0213       15652 
0214       15668 
0215       15668 
0216       15672 
0217       15668 
0218       15672 
0219       15695 
0220       15695 
0221       15106 
0222       14968 
0223       14968 
0224       14968 
0225       15106 
0226       15671 
0227       15671 
0228       15634 
0229       14991 
0230       1 
0231       1 
0232       14991 
0233       15709 
0234       15784 
0235       15890 
0236       16024 
0237       16037 
0238       16049 
0239       16075 
0240       16078 
0241       16108 
0242       16108 
0243       16126 
0244       16126 
0245       16141 
0246       16161 
0247       16168 
0248       16168 
0249       16209 
0250       16209 
0251       16209 
0252       16202 
0253       16202 
0254       16202 
0255       16182 
0256       16182 
0257       16196 
0258       16241 
0259       16250 
0260       16259 
0261       16300 
0262       16302 
0263       16339 
0264       16355 
0265       16378 
0266       16378 
0267       16070 
0268       1 
0269       16070 
0270       16516 
0271       16517 
0272       16516 
0273       16430 
0274       16293 
0275       16104 
0276       16102 
0277       16104 
0278       16718 
0279       16718 
0280       1 
0281       1 
0282       1 
0283       1 
0284       1 
0285       1 
0286       1 
0287       1 
0288       1 
0289       1 
0290       14087 
0291       14087 
0292       14035 
0293       14035 
0294       14052 
0295       14091 
0296       14107 
0297       14166 
0298       14178 
0299       14207 
0300       14257 
0301       14272 
0302       14297 
0303       14338 
0304       14368 
0305       14418 
0306       14456 
0307       14478 
0308       14491 
0309       14560 
0310       14576 
0311       14576 
0312       1 
0313       1 
0314       1 
0315       1 
0316       1 
0317       1 
0318       1 
0319       1 
0320       1 
0321       12827 
0322       12827 
0323       12726 
0324       12603 
0325       12552 
0326       12461 
0327       12377 
0328       12289 
0329       12209 
0330       12120 
0331       12048 
0332       11628 
0333       11599 
0334       11599 
0335       1 
0336       1 
0337       1 
0338       1 
0339       1 
0340       1 
0341       11241 
0342       11241 
0343       11165 
0344       11112 
0345       11037 
0346       10984 
0347       10984 
0348       11025 
0349       11071 
0350       11128 
0351       11142 
0352       11190 
0353       11225 
0354       11267 
0355       11328 
0356       11343 
0357       11400 
0358       11427 
0359       11471 
0360       11534 
0361       11592 
0362       11629 
0363       11678 
0364       11720 
0365       11771 
0366       11811 
0367       11866 
0368       11950 
0369       12007 
0370       12048 
0371       12092 
0372       12130 
0373       12186 
0374       12224 
0375       12276 
0376       12276 
0377       12232 
0378       12170 
0379       12170 
0380       12171 
0381       12171 
0382       12163 
0383       12102 
0384       12055 
0385       11984 
0386       11933 
0387       11905 
0388       11819 
0389       11790 
0390       11772 
0391       11724 
0392       11680 
0393       11631 
0394       11588 
0395       11551 
0396       11520 
0397       11466 
0398       11394 
0399       11370 
0400       11301 
0401       11277 
0402       11236 
0403       11202 
0404       11175 
0405       11119 
0406       11089 
0407       11043 
0408       11020 
0409       10980 
0410       10941 
0411       10874 
0412       10863 
0413       10812 
0414       10791 
0415       10765 
0416       10725 
0417       10687 
0418       10647 
0419       10622 
0420       10577 
0421       10564 
0422       10513 
0423       10513 
0424       10495 
0425       10478 
0426       10452 
0427       10432 
0428       10404 
0429       10377 
0430       10353 
0431       10328 
0432       10295 
0433       10282 
0434       10254 
0435       10223 
0436       10188 
0437       10164 
0438       10162 
0439       10116 
0440       10112 
0441       10080 
0442       10067 
0443       10041 
0444       10022 
0445       10010 
0446       9978 
0447       9934 
0448       9921 
0449       9904 
0450       9864 
0451       9853 
0452       9822 
0453       9802 
0454       9799 
0455       9785 
0456       9744 
0457       9720 
0458       6849 
0459       6849 
0460       6882 
0461       6987 
0462       7035 
0463       7035 
0464       7001 
0465       6969 
0466       6967 
0467       6961 
0468       6933 
0469       6908 
0470       6852 
0471       6841 
0472       6823 
0473       6823 
0474       6820 
0475       6801 
0476       6794 
0477       6792 
0478       6781 
0479       6765 
0480       6751 
0481       6714 
0482       6710 
0483       6710 
0484       6705 
0485       6705 
0486       6696 
0487       6686 
0488       6683 
0489       6669 
0490       6654 
0491       6651 
0492       6609 
0493       6609 
0494       6608 
0495       6610 
0496       6608 
0497       6595 
0498       6584 
0499       6584 
0500       6566 
0501       6566 
0502       6550 
0503       6521 
0504       6513 
0505       6513 
0506       6519 
0507       6519 
0508       6515 
0509       6498 
0510       6498 
0511       6498 
0512       6494 
0513       6485 
0514       6466 
0515       6429 
0516       6429 
0517       6442 
0518       6447 
0519       6449 
0520       6449 
0521       6440 
0522       6440 
0523       6441 
0524       6441 
0525       6423 
0526       6406 
0527       6381 
0528       6373 
0529       6373 
0530       6384 
0531       6388 
0532       6388 
0533       6378 
0534       6375 
0535       6378 
0536       6371 
0537       6371 
0538       6360 
0539       6346 
0540       6346 
0541       6346 
0542       6356 
0543       6364 
0544       6369 
0545       6364 
0546       6359 
0547       6359 
0548       6356 
0549       6356 
0550       6354 
0551       6328 
0552       6308 
0553       6308 
0554       6337 
0555       6339 
0556       6337 
0557       6332 
0558       6332 
0559       6343 
0560       6343 
0561       6346 
0562       6342 
0563       6326 
0564       6303 
0565       6303 
0566       6333 
0567       6333 
0568       6346 
0569       6351 
0570       6346 
0571       6341 
0572       6341 
0573       6355 
0574       6355 
0575       6341 
0576       6331 
0577       6331 
0578       6331 
0579       6360 
0580       6366 
0581       6372 
0582       6372 
0583       6375 
0584       6375 
0585       6381 
0586       6393 
0587       6393 
0588       6364 
0589       6364 
0590       6371 
0591       6394 
0592       6400 
0593       6402 
0594       6403 
0595       6408 
0596       6408 
0597       6418 
0598       6421 
0599       6421 
0600       6412 
0601       6412 
0602       6416 
0603       6428 
0604       6444 
0605       6456 
0606       6456 
0607       6471 
0608       6473 
0609       6479 
0610       6485 
0611       6485 
0612       6474 
0613       6474 
0614       6492 
0615       6521 
0616       6522 
0617       6537 
0618       6544 
0619       6554 
0620       6556 
0621       6562 
0622       6568 
0623       6568 
0624       6566 
0625       6566 
0626       6604 
0627       6608 
0628       6627 
0629       6632 
0630       6634 
0631       6640 
0632       6666 
0633       6670 
0634       6670 
0635       6673 
0636       6677 
0637       6697 
0638       6714 
0639       6714 
0640       6736 
0641       6750 
0642       6766 
0643       6768 
0644       6783 
0645       6783 
0646       6780 
0647       6780 
0648       6821 
0649       6822 
0650       6838 
0651       6871 
0652       6886 
0653       6889 
0654       6893 
0655       6900 
0656       6909 
0657       6909 
0658       6928 
0659       6961 
0660       6985 
0661       7005 
0662       7013 
0663       7022 
0664       7026 
0665       7049 
0666       7049 
0667       7049 
0668       7079 
0669       7102 
0670       7123 
0671       7153 
0672       7160 
0673       7179 
0674       7198 
0675       7207 
0676       7218 
0677       7220 
0678       7253 
0679       7286 
0680       7307 
0681       7316 
0682       7339 
0683       7361 
0684       7361 
0685       7376 
0686       7376 
0687       7422 
0688       7454 
0689       7470 
0690       7491 
0691       7526 
0692       7550 
0693       7550 
0694       7552 
0695       7556 
0696       7618 
0697       7642 
0698       7666 
0699       7684 
0700       7718 
0701       7746 
0702       7746 
0703       7748 
0704       7777 
0705       7846 
0706       7882 
0707       7889 
0708       7912 
0709       7943 
0710       7943 
0711       7953 
0712       8004 
0713       8042 
0714       8074 
0715       8102 
0716       8134 
0717       8156 
0718       8157 
0719       8165 
0720       8180 
0721       11260 
0722       11282 
0723       11319 
0724       11375 
0725       11426 
0726       11463 
0727       11473 
0728       11547 
0729       11617 
0730       11630 
0731       11678 
0732       11724 
0733       11765 
0734       11817 
0735       11872 
0736       11923 
0737       11985 
0738       12032 
0739       12083 
0740       12126 
0741       12167 
0742       12201 
0743       12269 
0744       12280 
0745       12280 
0746       1 
0747       1 
0748       1 
0749       1 
0750       7143 
0751       7211 
0752       7240 
0753       7272 
0754       7291 
0755       7355 
0756       7388 
0757       7424 
0758       7469 
0759       7509 
0760       7539 
0761       7568 
0762       7647 
0763       7660 
0764       7682 
0765       7688 
0766       7688 
0767       7682 
0768       7448 
0769       3546 
0770       3527 
0771       3527 
0772       3546 
0773       3548 
0774       3553 
0775       3557 
0776       3587 
0777       3596 
0778       3600 
0779       3602 
0780       3644 
0781       3655 
0782       3661 
0783       3670 
0784       3676 
0785       3704 
0786       3704 
0787       3704 
0788       3703 
0789       3646 
0790       3528 
0791       3375 
0792       3131 
0793       3131 
0794       3128 
0795       3131 
0796       3131 
0797       3142 
0798       3157 
0799       3167 
0800       3169 
0801       3175 
0802       3207 
0803       3221 
0804       3232 
0805       3237 
0806       3264 
0807       3285 
0808       3291 
0809       3323 
0810       3336 
0811       3358 
0812       3390 
0813       3416 
0814       3431 
0815       3448 
0816       3467 
0817       3529 
0818       3555 
0819       3572 
0820       3607 
0821       3630 
0822       3666 
0823       3684 
0824       3731 
0825       3771 
0826       3809 
0827       3858 
0828       3902 
0829       3961 
0830       4023 
0831       4060 
0832       4135 
0833       4204 
0834       4261 
0835       4328 
0836       5932 
0837       5932 
0838       5898 
0839       5888 
0840       5851 
0841       5835 
0842       5803 
0843       5768 
0844       5758 
0845       5717 
0846       5715 
0847       5673 
0848       5649 
0849       5613 
0850       5604 
0851       5583 
0852       5549 
0853       5517 
0854       5513 
0855       5475 
0856       5459 
0857       5445 
0858       5393 
0859       5384 
0860       5365 
0861       5288 
0862       5288 
0863       5280 
0864       5271 
0865       5271 
0866       5333 
0867       5382 
0868       5491 
0869       5599 
0870       5754 
0871       5849 
0872       6025 
0873       6196 
0874       6316 
0875       7540 
0876       7754 
0877       7967 
0878       8112 
0879       8375 
0880       8605 
0881       8831 
0882       9014 
0883       9014 
0884       9328 
0885       9856 
0886       10123 
0887       10383 
0888       10713 
0889       11128 
0890       11128 
0891       5360 
0892       5360 
0893       1 
0894       1 
0895       1 
0896       1 
0897       1 
0898       5309 
0899       5309 
0900       5309 
0901       1 
0902       5076 
0903       5076 
0904       5076 
0905       5076 
0906       5076 
0907       5152 
0908       5152 
0909       1 
0910       1 
0911       1 
0912       1 
0913       1 
0914       1 
0915       1 
0916       1 
0917       1 
0918       1 
0919       1 
0920       1 
0921       1 
0922       1 
0923       1 
0924       1 
0925       1 
0926       1 
0927       1 
0928       1 
0929       1 
0930       1 
0931       1 
0932       1 
0933       1 
0934       1 
0935       1 
0936       1 
0937       1 
0938       1 
0939       1 
0940       1 
0941       1 
0942       1 
0943       1 
0944       1 
0945       1 
0946       1 
0947       1 
0948       1 
0949       1 
0950       1 
0951       1 
0952       1 
0953       1 
0954       1 
0955       1 
0956       1 
0957       1 
0958       1 
0959       1 
0960       1 
0961       1 
0962       1 
0963       1 
0964       1 
0965       1 
0966       1 
0967       1 
0968       1 
0969       1 
0970       1 
0971       1 
0972       1 
0973       1 
0974       1 
0975       1 
0976       1 
0977       1 
0978       1 
0979       1 
0980       1 
0981       1 
0982       1 
0983       1 
0984       1 
0985       1 
0986       1 
0987       1 
0988       1 
0989       1 
0990       1 
0991       1 
0992       1 
0993       1 
0994       1 
0995       1 
0996       1 
0997       1 
0998       1 
0999       1 
1000       1 
1001       1 
1002       1 
1003       1 
1004       1 
1005       1 
1006       1 
1007       4 
1008       46 
1009       42 
1010       46 
1011       52 
1012       57 
1013       58 
1014       58 
1015       57 
1016       45 
1017       45 
1018       43 
1019       45 
1020       53 
1021       53 
1022       47 
1023       49 
1024       49 
1025       49 
1026       55 
1027       63 
1028       63 
1029       55 
1030       51 
1031       51 
1032       51 
1033       52 
1034       65 
1035       65 
1036       68 
1037       72 
1038       72 
1039       72 
1040       72 
1041       72 
1042       72 
1043       69 
1044       69 
1045       69 
1046       69 
1047       69 
1048       68 
1049       63 
1050       64 
1051       64 
1052       64 
1053       65 
1054       69 
1055       69 
1056       65 
1057       65 
1058       70 
1059       65 
1060       72 
1061       72 
1062       70 
1063       67 
1064       67 
1065       67 
1066       70 
1067       67 
1068       67 
1069       70 
1070       72 
1071       69 
1072       69 
1073       72 
1074       69 
1075       69 
1076       66 
1077       72 
1078       72 
1079       72 
1297966678.676224
