0000       1 
0001       1 
0002       1 
0003       1 
0004       1 
0005       1 
0006       1 
0007       1 
0008       1 
0009       1 
0010       1 
0011       1 
0012       1 
0013       1 
0014       1 
0015       1 
0016       1 
0017       1 
0018       1 
0019       1 
0020       1 
0021       1 
0022       1 
0023       1 
0024       1 
0025       1 
0026       1 
0027       1 
0028       1 
0029       1 
0030       1 
0031       1 
0032       1 
0033       1 
0034       1 
0035       1 
0036       1 
0037       1 
0038       1 
0039       1 
0040       1 
0041       1 
0042       1 
0043       1 
0044       1 
0045       1 
0046       1 
0047       1 
0048       1 
0049       1 
0050       1 
0051       1 
0052       1 
0053       1 
0054       1 
0055       1 
0056       1 
0057       1 
0058       1 
0059       1 
0060       1 
0061       1 
0062       1 
0063       1 
0064       1 
0065       1 
0066       1 
0067       1 
0068       1 
0069       1 
0070       1 
0071       1 
0072       1 
0073       1 
0074       1 
0075       1 
0076       1 
0077       1 
0078       1 
0079       1 
0080       1 
0081       1 
0082       1 
0083       1 
0084       1 
0085       1 
0086       1 
0087       1 
0088       1 
0089       1 
0090       1 
0091       1 
0092       1 
0093       1 
0094       1 
0095       1 
0096       1 
0097       1 
0098       1 
0099       1 
0100       1 
0101       1 
0102       1 
0103       1 
0104       1 
0105       1 
0106       1 
0107       1 
0108       1 
0109       1 
0110       1 
0111       1 
0112       1 
0113       1 
0114       1 
0115       1 
0116       1 
0117       1 
0118       1 
0119       1 
0120       1 
0121       1 
0122       1 
0123       1 
0124       1 
0125       1 
0126       1 
0127       1 
0128       1 
0129       1 
0130       1 
0131       1 
0132       1 
0133       1 
0134       1 
0135       1 
0136       1 
0137       1 
0138       1 
0139       1 
0140       1 
0141       5352 
0142       5362 
0143       5360 
0144       5360 
0145       5360 
0146       5356 
0147       5341 
0148       5340 
0149       5332 
0150       5331 
0151       5330 
0152       5329 
0153       5318 
0154       5314 
0155       5311 
0156       5311 
0157       5310 
0158       5308 
0159       5304 
0160       5302 
0161       5295 
0162       5293 
0163       5293 
0164       5293 
0165       5290 
0166       5283 
0167       5283 
0168       5286 
0169       5286 
0170       5280 
0171       5277 
0172       5272 
0173       5266 
0174       5266 
0175       5273 
0176       5273 
0177       5267 
0178       5258 
0179       5258 
0180       5258 
0181       5258 
0182       5258 
0183       5257 
0184       5259 
0185       5257 
0186       5255 
0187       5254 
0188       5254 
0189       5261 
0190       5262 
0191       5263 
0192       5262 
0193       5250 
0194       5250 
0195       5255 
0196       5256 
0197       5257 
0198       5257 
0199       5266 
0200       5257 
0201       5274 
0202       5271 
0203       5272 
0204       5272 
0205       5272 
0206       5270 
0207       5270 
0208       5278 
0209       5278 
0210       5289 
0211       5287 
0212       5287 
0213       5287 
0214       5293 
0215       5297 
0216       5298 
0217       5301 
0218       5302 
0219       5302 
0220       5306 
0221       5307 
0222       5308 
0223       5309 
0224       5313 
0225       5320 
0226       5322 
0227       5327 
0228       5335 
0229       5338 
0230       5339 
0231       5339 
0232       5356 
0233       5359 
0234       5359 
0235       5362 
0236       5374 
0237       5379 
0238       5383 
0239       5391 
0240       5393 
0241       5393 
0242       5393 
0243       5404 
0244       5404 
0245       5415 
0246       5423 
0247       5423 
0248       5430 
0249       5430 
0250       5440 
0251       5450 
0252       5455 
0253       5455 
0254       5455 
0255       5465 
0256       5480 
0257       5487 
0258       5499 
0259       5500 
0260       5500 
0261       5511 
0262       5530 
0263       5533 
0264       5547 
0265       5557 
0266       5559 
0267       5569 
0268       5583 
0269       5583 
0270       5588 
0271       5602 
0272       5602 
0273       5603 
0274       5629 
0275       5634 
0276       5658 
0277       5659 
0278       5670 
0279       5670 
0280       5678 
0281       5696 
0282       5700 
0283       5711 
0284       5719 
0285       5728 
0286       5745 
0287       5761 
0288       5762 
0289       5777 
0290       5788 
0291       5796 
0292       5804 
0293       5820 
0294       5848 
0295       5868 
0296       5871 
0297       5879 
0298       5882 
0299       5894 
0300       5919 
0301       5938 
0302       5960 
0303       5960 
0304       5960 
0305       5985 
0306       5994 
0307       6020 
0308       6030 
0309       6047 
0310       6048 
0311       6073 
0312       6093 
0313       6108 
0314       6123 
0315       6132 
0316       6160 
0317       6173 
0318       6205 
0319       6210 
0320       6237 
0321       6246 
0322       6255 
0323       6275 
0324       6291 
0325       6316 
0326       6327 
0327       6356 
0328       6374 
0329       6394 
0330       6414 
0331       6440 
0332       6448 
0333       6462 
0334       6502 
0335       6524 
0336       6537 
0337       6560 
0338       6579 
0339       6608 
0340       6636 
0341       6650 
0342       6677 
0343       6692 
0344       6729 
0345       6752 
0346       6794 
0347       6797 
0348       6814 
0349       6856 
0350       6860 
0351       6898 
0352       6915 
0353       6933 
0354       7008 
0355       10569 
0356       10600 
0357       10628 
0358       10689 
0359       10728 
0360       10773 
0361       10808 
0362       10808 
0363       10604 
0364       10426 
0365       10366 
0366       10294 
0367       10177 
0368       10155 
0369       10020 
0370       9892 
0371       9794 
0372       9727 
0373       9678 
0374       9598 
0375       9512 
0376       9453 
0377       9395 
0378       9366 
0379       9341 
0380       9275 
0381       9250 
0382       9202 
0383       9178 
0384       9103 
0385       9097 
0386       9057 
0387       9018 
0388       8996 
0389       8987 
0390       8961 
0391       8922 
0392       8895 
0393       8891 
0394       8874 
0395       8845 
0396       8821 
0397       8802 
0398       8758 
0399       8758 
0400       8758 
0401       8708 
0402       8707 
0403       8696 
0404       8696 
0405       8688 
0406       8682 
0407       8682 
0408       8684 
0409       8684 
0410       8694 
0411       8700 
0412       8700 
0413       8701 
0414       8706 
0415       8716 
0416       8717 
0417       8778 
0418       8826 
0419       8826 
0420       8798 
0421       8798 
0422       8841 
0423       8911 
0424       8973 
0425       9034 
0426       9116 
0427       9282 
0428       9487 
0429       9564 
0430       9648 
0431       9838 
0432       10083 
0433       10098 
0434       10098 
0435       8504 
0436       8487 
0437       8458 
0438       8350 
0439       8346 
0440       8259 
0441       8194 
0442       8167 
0443       8140 
0444       8140 
0445       8140 
0446       8102 
0447       8068 
0448       8053 
0449       8051 
0450       8051 
0451       8051 
0452       8038 
0453       8031 
0454       7998 
0455       7990 
0456       7979 
0457       7903 
0458       7903 
0459       7877 
0460       7862 
0461       7824 
0462       7824 
0463       7857 
0464       7882 
0465       7857 
0466       7828 
0467       7754 
0468       7728 
0469       7726 
0470       7726 
0471       7734 
0472       7734 
0473       7729 
0474       7717 
0475       7729 
0476       7736 
0477       7741 
0478       7761 
0479       7808 
0480       7892 
0481       7905 
0482       7976 
0483       7985 
0484       8033 
0485       8037 
0486       8041 
0487       8101 
0488       8508 
0489       8711 
0490       8732 
0491       8732 
0492       8788 
0493       8788 
0494       8799 
0495       8795 
0496       8799 
0497       8838 
0498       8868 
0499       8886 
0500       8912 
0501       8920 
0502       8948 
0503       8962 
0504       8962 
0505       8954 
0506       8954 
0507       8954 
0508       8953 
0509       8953 
0510       8944 
0511       8944 
0512       8941 
0513       8935 
0514       8930 
0515       8915 
0516       8913 
0517       8908 
0518       8908 
0519       8896 
0520       8889 
0521       8889 
0522       8866 
0523       8866 
0524       8866 
0525       8866 
0526       8853 
0527       8855 
0528       8851 
0529       8851 
0530       8849 
0531       8849 
0532       8850 
0533       8850 
0534       8842 
0535       8842 
0536       8840 
0537       8840 
0538       8820 
0539       8820 
0540       8823 
0541       8823 
0542       8819 
0543       8819 
0544       8820 
0545       8820 
0546       8820 
0547       8810 
0548       8810 
0549       8823 
0550       8823 
0551       8816 
0552       8811 
0553       8811 
0554       8811 
0555       8814 
0556       8814 
0557       8831 
0558       8831 
0559       8833 
0560       8832 
0561       8832 
0562       8820 
0563       8820 
0564       8839 
0565       8839 
0566       8839 
0567       8841 
0568       8841 
0569       8839 
0570       8839 
0571       8844 
0572       8853 
0573       8871 
0574       8872 
0575       8872 
0576       8872 
0577       8875 
0578       8881 
0579       8881 
0580       8882 
0581       8897 
0582       8897 
0583       8886 
0584       8886 
0585       7952 
0586       7926 
0587       7919 
0588       7841 
0589       7756 
0590       7746 
0591       7681 
0592       7644 
0593       7618 
0594       7611 
0595       7604 
0596       7575 
0597       7570 
0598       7566 
0599       7563 
0600       7561 
0601       7561 
0602       7572 
0603       7572 
0604       7571 
0605       7567 
0606       7569 
0607       7565 
0608       7569 
0609       7598 
0610       7607 
0611       7617 
0612       7630 
0613       7640 
0614       7659 
0615       7687 
0616       7711 
0617       7747 
0618       7802 
0619       7821 
0620       7850 
0621       8959 
0622       8962 
0623       8986 
0624       8999 
0625       9039 
0626       9054 
0627       9054 
0628       9147 
0629       9147 
0630       9025 
0631       8877 
0632       7646 
0633       7646 
0634       7681 
0635       7726 
0636       7726 
0637       7670 
0638       7591 
0639       7551 
0640       7537 
0641       7537 
0642       7535 
0643       7535 
0644       7506 
0645       7482 
0646       7482 
0647       7505 
0648       7603 
0649       7947 
0650       7947 
0651       7858 
0652       7858 
0653       7882 
0654       7885 
0655       7908 
0656       7948 
0657       7953 
0658       7953 
0659       7957 
0660       7957 
0661       7924 
0662       7915 
0663       7909 
0664       7909 
0665       7976 
0666       7998 
0667       8020 
0668       8048 
0669       8074 
0670       8077 
0671       8793 
0672       8852 
0673       9051 
0674       9085 
0675       9085 
0676       8785 
0677       8740 
0678       8740 
0679       8930 
0680       8945 
0681       10563 
0682       10592 
0683       10621 
0684       10676 
0685       10695 
0686       10719 
0687       10736 
0688       10756 
0689       10798 
0690       10855 
0691       10894 
0692       10907 
0693       10942 
0694       10965 
0695       11013 
0696       11057 
0697       11092 
0698       11122 
0699       11155 
0700       11201 
0701       11243 
0702       11257 
0703       11310 
0704       11310 
0705       11318 
0706       11318 
0707       11379 
0708       11420 
0709       11420 
0710       11280 
0711       11216 
0712       11185 
0713       11155 
0714       11024 
0715       10875 
0716       10788 
0717       10764 
0718       10699 
0719       10685 
0720       10677 
0721       10621 
0722       10573 
0723       10536 
0724       10536 
0725       10569 
0726       10602 
0727       10629 
0728       10634 
0729       10677 
0730       10728 
0731       10746 
0732       10796 
0733       10817 
0734       10935 
0735       10976 
0736       11031 
0737       11086 
0738       11203 
0739       11216 
0740       11286 
0741       11319 
0742       12431 
0743       12431 
0744       12391 
0745       12391 
0746       12357 
0747       12351 
0748       12326 
0749       12316 
0750       12302 
0751       12269 
0752       12252 
0753       12252 
0754       12293 
0755       12293 
0756       12260 
0757       12233 
0758       12223 
0759       12164 
0760       12140 
0761       12125 
0762       12125 
0763       12102 
0764       12142 
0765       12145 
0766       12178 
0767       12220 
0768       12278 
0769       12358 
0770       12439 
0771       12545 
0772       12545 
0773       12675 
0774       13590 
0775       13633 
0776       13706 
0777       13760 
0778       13857 
0779       13882 
0780       14936 
0781       14936 
0782       14911 
0783       14858 
0784       14815 
0785       14778 
0786       14744 
0787       14706 
0788       14694 
0789       14694 
0790       14697 
0791       14761 
0792       14761 
0793       14733 
0794       1 
0795       1 
0796       1 
0797       14509 
0798       14511 
0799       14509 
0800       14447 
0801       14420 
0802       14389 
0803       14371 
0804       14347 
0805       14293 
0806       14263 
0807       14244 
0808       14085 
0809       13966 
0810       13921 
0811       13898 
0812       13857 
0813       13839 
0814       13801 
0815       13784 
0816       13762 
0817       13742 
0818       13726 
0819       13668 
0820       13654 
0821       13640 
0822       13615 
0823       13585 
0824       13570 
0825       13526 
0826       13515 
0827       13497 
0828       13471 
0829       13468 
0830       13435 
0831       13405 
0832       13389 
0833       13377 
0834       13346 
0835       13332 
0836       13310 
0837       13310 
0838       13320 
0839       13327 
0840       13417 
0841       13428 
0842       13428 
0843       15326 
0844       15326 
0845       15321 
0846       15304 
0847       15287 
0848       15287 
0849       15429 
0850       15457 
0851       15429 
0852       1 
0853       1 
0854       1 
0855       1 
0856       1 
0857       1 
0858       1 
0859       1 
0860       12976 
0861       12976 
0862       12896 
0863       12877 
0864       12863 
0865       12858 
0866       12839 
0867       12837 
0868       12834 
0869       12815 
0870       12815 
0871       12912 
0872       12986 
0873       12986 
0874       12978 
0875       12952 
0876       12952 
0877       12952 
0878       12935 
0879       12929 
0880       12935 
0881       14910 
0882       14910 
0883       14904 
0884       1 
0885       1 
0886       1 
0887       1 
0888       1 
0889       1 
0890       1 
0891       1 
0892       1 
0893       1 
0894       1 
0895       1 
0896       1 
0897       1 
0898       1 
0899       1 
0900       1 
0901       1 
0902       1 
0903       1 
0904       1 
0905       1 
0906       1 
0907       1 
0908       1 
0909       1 
0910       1 
0911       1 
0912       1 
0913       1 
0914       1 
0915       1 
0916       1 
0917       1 
0918       1 
0919       1 
0920       1 
0921       1 
0922       1 
0923       1 
0924       1 
0925       1 
0926       1 
0927       1 
0928       1 
0929       1 
0930       1 
0931       1 
0932       1 
0933       1 
0934       1 
0935       1 
0936       1 
0937       1 
0938       1 
0939       1 
0940       1 
0941       1 
0942       1 
0943       1 
0944       1 
0945       1 
0946       1 
0947       1 
0948       1 
0949       1 
0950       1 
0951       1 
0952       1 
0953       1 
0954       1 
0955       1 
0956       1 
0957       1 
0958       1 
0959       1 
0960       1 
0961       1 
0962       1 
0963       1 
0964       1 
0965       1 
0966       1 
0967       1 
0968       1 
0969       1 
0970       1 
0971       1 
0972       1 
0973       1 
0974       1 
0975       1 
0976       1 
0977       1 
0978       1 
0979       1 
0980       1 
0981       1 
0982       1 
0983       1 
0984       1 
0985       1 
0986       1 
0987       1 
0988       1 
0989       1 
0990       1 
0991       1 
0992       1 
0993       1 
0994       1 
0995       1 
0996       1 
0997       1 
0998       1 
0999       1 
1000       1 
1001       1 
1002       1 
1003       1 
1004       1 
1005       1 
1006       1 
1007       4 
1008       4 
1009       4 
1010       4 
1011       46 
1012       51 
1013       46 
1014       46 
1015       46 
1016       47 
1017       46 
1018       46 
1019       47 
1020       47 
1021       59 
1022       59 
1023       66 
1024       66 
1025       65 
1026       65 
1027       65 
1028       62 
1029       62 
1030       51 
1031       51 
1032       51 
1033       53 
1034       54 
1035       66 
1036       69 
1037       74 
1038       74 
1039       68 
1040       68 
1041       68 
1042       68 
1043       74 
1044       74 
1045       74 
1046       67 
1047       67 
1048       63 
1049       67 
1050       67 
1051       67 
1052       67 
1053       67 
1054       67 
1055       70 
1056       67 
1057       67 
1058       71 
1059       71 
1060       68 
1061       68 
1062       67 
1063       67 
1064       67 
1065       71 
1066       71 
1067       74 
1068       71 
1069       68 
1070       68 
1071       68 
1072       67 
1073       66 
1074       62 
1075       62 
1076       61 
1077       62 
1078       67 
1079       67 
1297966700.131920
