0000       1 
0001       1 
0002       1 
0003       1 
0004       1 
0005       1 
0006       1 
0007       1 
0008       1 
0009       1 
0010       1 
0011       1 
0012       1 
0013       1 
0014       1 
0015       1 
0016       1 
0017       1 
0018       1 
0019       1 
0020       1 
0021       1 
0022       1 
0023       1 
0024       1 
0025       1 
0026       1 
0027       1 
0028       1 
0029       1 
0030       1 
0031       1 
0032       1 
0033       1 
0034       1 
0035       1 
0036       1 
0037       1 
0038       1 
0039       1 
0040       1 
0041       1 
0042       1 
0043       1 
0044       1 
0045       1 
0046       1 
0047       1 
0048       1 
0049       1 
0050       1 
0051       1 
0052       1 
0053       1 
0054       1 
0055       1 
0056       1 
0057       1 
0058       1 
0059       1 
0060       1 
0061       1 
0062       1 
0063       1 
0064       1 
0065       1 
0066       1 
0067       1 
0068       1 
0069       1 
0070       1 
0071       1 
0072       1 
0073       1 
0074       1 
0075       1 
0076       1 
0077       1 
0078       1 
0079       1 
0080       1 
0081       1 
0082       1 
0083       1 
0084       21227 
0085       21227 
0086       21227 
0087       21159 
0088       21152 
0089       1 
0090       1 
0091       1 
0092       1 
0093       1 
0094       1 
0095       1 
0096       1 
0097       1 
0098       1 
0099       1 
0100       1 
0101       20235 
0102       20425 
0103       20425 
0104       1 
0105       1 
0106       1 
0107       1 
0108       1 
0109       1 
0110       1 
0111       1 
0112       1 
0113       1 
0114       1 
0115       1 
0116       1 
0117       1 
0118       1 
0119       1 
0120       19482 
0121       19482 
0122       1 
0123       1 
0124       1 
0125       1 
0126       1 
0127       1 
0128       1 
0129       1 
0130       1 
0131       1 
0132       1 
0133       1 
0134       1 
0135       20640 
0136       20640 
0137       1 
0138       1 
0139       1 
0140       19435 
0141       19521 
0142       19521 
0143       1 
0144       1 
0145       1 
0146       1 
0147       1 
0148       1 
0149       1 
0150       1 
0151       1 
0152       1 
0153       1 
0154       1 
0155       1 
0156       1 
0157       1 
0158       1 
0159       1 
0160       1 
0161       1 
0162       1 
0163       1 
0164       1 
0165       1 
0166       1 
0167       1 
0168       1 
0169       1 
0170       1 
0171       1 
0172       1 
0173       1 
0174       1 
0175       1 
0176       1 
0177       1 
0178       1 
0179       1 
0180       1 
0181       1 
0182       1 
0183       1 
0184       1 
0185       1 
0186       1 
0187       1 
0188       1 
0189       1 
0190       1 
0191       1 
0192       1 
0193       1 
0194       1 
0195       1 
0196       1 
0197       1 
0198       1 
0199       1 
0200       1 
0201       1 
0202       1 
0203       1 
0204       1 
0205       23508 
0206       23508 
0207       1 
0208       1 
0209       1 
0210       1 
0211       1 
0212       1 
0213       1 
0214       1 
0215       1 
0216       1 
0217       1 
0218       1 
0219       1 
0220       1 
0221       1 
0222       1 
0223       1 
0224       1 
0225       1 
0226       1 
0227       1 
0228       1 
0229       1 
0230       1 
0231       1 
0232       1 
0233       1 
0234       1 
0235       1 
0236       1 
0237       1 
0238       1 
0239       21586 
0240       21586 
0241       21163 
0242       20967 
0243       20967 
0244       20845 
0245       20529 
0246       20380 
0247       20357 
0248       20156 
0249       19978 
0250       19760 
0251       19643 
0252       19471 
0253       19340 
0254       19172 
0255       18978 
0256       18796 
0257       18648 
0258       18476 
0259       18274 
0260       18013 
0261       17917 
0262       17824 
0263       17706 
0264       17561 
0265       17457 
0266       17273 
0267       17199 
0268       17199 
0269       1 
0270       1 
0271       1 
0272       1 
0273       1 
0274       16373 
0275       16373 
0276       16255 
0277       16162 
0278       15998 
0279       15890 
0280       15890 
0281       15788 
0282       15695 
0283       15559 
0284       15502 
0285       15395 
0286       15336 
0287       15266 
0288       15131 
0289       15014 
0290       15009 
0291       14994 
0292       14961 
0293       14873 
0294       14760 
0295       14688 
0296       14597 
0297       14548 
0298       14471 
0299       14348 
0300       14284 
0301       14207 
0302       14139 
0303       14085 
0304       13995 
0305       13914 
0306       13879 
0307       13784 
0308       13710 
0309       13659 
0310       13607 
0311       13544 
0312       13496 
0313       13403 
0314       13366 
0315       13311 
0316       13219 
0317       13198 
0318       13104 
0319       13078 
0320       12993 
0321       12942 
0322       12920 
0323       12834 
0324       12778 
0325       12699 
0326       12660 
0327       12602 
0328       12566 
0329       12499 
0330       12453 
0331       12386 
0332       12350 
0333       12301 
0334       12250 
0335       12214 
0336       12160 
0337       12112 
0338       12051 
0339       12016 
0340       11994 
0341       11935 
0342       11901 
0343       11835 
0344       11803 
0345       11773 
0346       11738 
0347       11715 
0348       11653 
0349       11624 
0350       11593 
0351       11576 
0352       11549 
0353       11494 
0354       11455 
0355       11409 
0356       11376 
0357       11347 
0358       11319 
0359       11280 
0360       11219 
0361       11211 
0362       11169 
0363       11138 
0364       11093 
0365       11055 
0366       11028 
0367       11003 
0368       10976 
0369       10947 
0370       10917 
0371       10871 
0372       10845 
0373       10824 
0374       10791 
0375       10774 
0376       10731 
0377       10723 
0378       10682 
0379       10666 
0380       10634 
0381       10632 
0382       10580 
0383       10551 
0384       10535 
0385       10510 
0386       10486 
0387       10452 
0388       10432 
0389       10425 
0390       10382 
0391       10362 
0392       10343 
0393       10313 
0394       10295 
0395       10286 
0396       10272 
0397       10252 
0398       10199 
0399       10190 
0400       10166 
0401       10149 
0402       10139 
0403       10112 
0404       10110 
0405       10061 
0406       10057 
0407       10031 
0408       10016 
0409       10005 
0410       9979 
0411       9960 
0412       9958 
0413       9927 
0414       9897 
0415       9893 
0416       9893 
0417       9856 
0418       9842 
0419       9830 
0420       9809 
0421       9796 
0422       9771 
0423       9759 
0424       9726 
0425       9715 
0426       9709 
0427       9687 
0428       9678 
0429       9658 
0430       9654 
0431       9643 
0432       9643 
0433       9618 
0434       9615 
0435       9570 
0436       9554 
0437       9553 
0438       9543 
0439       9532 
0440       9500 
0441       9500 
0442       9508 
0443       9508 
0444       9475 
0445       9472 
0446       9451 
0447       9446 
0448       9446 
0449       9436 
0450       9422 
0451       9422 
0452       9429 
0453       9429 
0454       9424 
0455       9375 
0456       9375 
0457       9375 
0458       9361 
0459       9348 
0460       9337 
0461       9322 
0462       9327 
0463       9318 
0464       9319 
0465       9310 
0466       9312 
0467       9295 
0468       9290 
0469       9290 
0470       9302 
0471       9302 
0472       9301 
0473       9253 
0474       9253 
0475       9267 
0476       9271 
0477       9267 
0478       9258 
0479       9258 
0480       9258 
0481       9251 
0482       9224 
0483       9241 
0484       9230 
0485       9230 
0486       9217 
0487       9217 
0488       9224 
0489       9224 
0490       9234 
0491       9224 
0492       9205 
0493       9205 
0494       9216 
0495       9216 
0496       9215 
0497       9210 
0498       9208 
0499       9203 
0500       9203 
0501       9203 
0502       9203 
0503       9203 
0504       9211 
0505       9211 
0506       9197 
0507       9197 
0508       9196 
0509       9191 
0510       9196 
0511       9214 
0512       9216 
0513       9216 
0514       9216 
0515       9227 
0516       9227 
0517       9236 
0518       9236 
0519       9233 
0520       9233 
0521       9243 
0522       9247 
0523       9263 
0524       9263 
0525       9270 
0526       9270 
0527       9274 
0528       9275 
0529       9293 
0530       9297 
0531       9297 
0532       9298 
0533       9307 
0534       9312 
0535       9312 
0536       9322 
0537       9322 
0538       9335 
0539       9357 
0540       9357 
0541       9357 
0542       9390 
0543       9402 
0544       9404 
0545       9405 
0546       9427 
0547       9427 
0548       9427 
0549       9446 
0550       9459 
0551       9472 
0552       9472 
0553       9466 
0554       9466 
0555       9483 
0556       9508 
0557       9517 
0558       9524 
0559       9547 
0560       9571 
0561       9583 
0562       9587 
0563       9601 
0564       9621 
0565       9635 
0566       9647 
0567       9648 
0568       9651 
0569       9684 
0570       9687 
0571       9698 
0572       9708 
0573       9708 
0574       9746 
0575       9748 
0576       9749 
0577       9766 
0578       9785 
0579       9801 
0580       9819 
0581       9850 
0582       9852 
0583       9880 
0584       9900 
0585       9924 
0586       9942 
0587       9945 
0588       9979 
0589       10000 
0590       10010 
0591       10013 
0592       10054 
0593       10069 
0594       10077 
0595       10080 
0596       10143 
0597       10151 
0598       10190 
0599       10195 
0600       10195 
0601       10220 
0602       10234 
0603       10220 
0604       10193 
0605       10162 
0606       10145 
0607       7422 
0608       7422 
0609       7423 
0610       7423 
0611       3841 
0612       3825 
0613       3803 
0614       3803 
0615       3740 
0616       3734 
0617       3728 
0618       3728 
0619       3728 
0620       3728 
0621       3728 
0622       1884 
0623       1848 
0624       1806 
0625       1768 
0626       1768 
0627       1768 
0628       1781 
0629       1857 
0630       1857 
0631       1857 
0632       1846 
0633       1780 
0634       1719 
0635       1676 
0636       1662 
0637       1660 
0638       1660 
0639       1660 
0640       1661 
0641       1667 
0642       1687 
0643       1692 
0644       1695 
0645       1696 
0646       1707 
0647       1713 
0648       1726 
0649       1733 
0650       1736 
0651       1737 
0652       1738 
0653       1760 
0654       1763 
0655       1765 
0656       1766 
0657       1766 
0658       1766 
0659       1766 
0660       1731 
0661       1626 
0662       1583 
0663       1550 
0664       1527 
0665       1520 
0666       1511 
0667       1510 
0668       1502 
0669       1500 
0670       1498 
0671       1495 
0672       1484 
0673       1473 
0674       1441 
0675       1379 
0676       1376 
0677       1373 
0678       1373 
0679       1373 
0680       1383 
0681       1456 
0682       1460 
0683       1467 
0684       1539 
0685       1539 
0686       1539 
0687       1245 
0688       1166 
0689       1152 
0690       1152 
0691       1152 
0692       1168 
0693       1204 
0694       1299 
0695       1470 
0696       1483 
0697       1485 
0698       1485 
0699       1485 
0700       1485 
0701       1475 
0702       1468 
0703       1462 
0704       1447 
0705       1413 
0706       951 
0707       949 
0708       949 
0709       949 
0710       951 
0711       953 
0712       960 
0713       969 
0714       978 
0715       3954 
0716       3966 
0717       4021 
0718       6025 
0719       6050 
0720       6088 
0721       6134 
0722       6172 
0723       6172 
0724       1432 
0725       1432 
0726       1430 
0727       1430 
0728       1434 
0729       6515 
0730       6563 
0731       6617 
0732       6665 
0733       6728 
0734       6728 
0735       752 
0736       740 
0737       739 
0738       738 
0739       734 
0740       734 
0741       731 
0742       731 
0743       734 
0744       736 
0745       736 
0746       737 
0747       752 
0748       754 
0749       765 
0750       779 
0751       7764 
0752       7867 
0753       7867 
0754       1375 
0755       1375 
0756       1375 
0757       1366 
0758       1380 
0759       1381 
0760       8512 
0761       8572 
0762       8640 
0763       8707 
0764       8829 
0765       8930 
0766       9001 
0767       9100 
0768       9195 
0769       9310 
0770       9399 
0771       9519 
0772       9614 
0773       9691 
0774       9724 
0775       9733 
0776       9867 
0777       10047 
0778       10338 
0779       10540 
0780       10637 
0781       10767 
0782       10950 
0783       11038 
0784       11210 
0785       11341 
0786       11506 
0787       11506 
0788       1331 
0789       1323 
0790       1323 
0791       1321 
0792       1317 
0793       1317 
0794       1317 
0795       1320 
0796       1320 
0797       1320 
0798       1343 
0799       1348 
0800       14356 
0801       14356 
0802       1 
0803       1 
0804       1 
0805       1 
0806       1 
0807       1 
0808       1 
0809       1 
0810       1 
0811       1 
0812       1 
0813       1 
0814       1 
0815       1 
0816       1 
0817       1 
0818       1 
0819       1 
0820       1 
0821       1 
0822       1 
0823       1 
0824       1 
0825       1 
0826       1 
0827       1 
0828       1 
0829       1 
0830       1 
0831       1 
0832       1 
0833       1 
0834       1 
0835       1 
0836       1 
0837       1 
0838       1 
0839       1 
0840       1 
0841       1 
0842       1 
0843       1 
0844       1 
0845       1 
0846       1 
0847       1 
0848       1 
0849       1 
0850       1 
0851       1 
0852       1 
0853       1 
0854       1 
0855       1 
0856       1 
0857       1 
0858       1 
0859       1 
0860       1 
0861       1 
0862       1 
0863       1 
0864       1 
0865       1 
0866       1 
0867       1 
0868       1 
0869       1 
0870       1 
0871       1 
0872       1 
0873       1 
0874       1 
0875       1 
0876       1 
0877       1 
0878       1 
0879       1 
0880       1 
0881       1 
0882       1 
0883       1 
0884       1 
0885       1 
0886       1 
0887       1 
0888       1 
0889       1 
0890       1 
0891       1 
0892       1 
0893       1 
0894       1 
0895       1 
0896       1 
0897       1 
0898       1 
0899       1 
0900       1 
0901       1 
0902       1 
0903       1 
0904       1 
0905       1 
0906       1 
0907       1 
0908       1 
0909       1 
0910       1 
0911       1 
0912       1 
0913       1 
0914       1 
0915       1 
0916       1 
0917       1 
0918       1 
0919       1 
0920       1 
0921       1 
0922       1 
0923       1 
0924       1 
0925       1 
0926       1 
0927       1 
0928       1 
0929       1 
0930       1 
0931       1 
0932       1 
0933       1 
0934       1 
0935       1 
0936       1 
0937       1 
0938       1 
0939       1 
0940       1 
0941       1 
0942       1 
0943       1 
0944       1 
0945       1 
0946       1 
0947       1 
0948       1 
0949       1 
0950       1 
0951       1 
0952       1 
0953       1 
0954       1 
0955       1 
0956       1 
0957       1 
0958       1 
0959       1 
0960       1 
0961       1 
0962       1 
0963       1 
0964       1 
0965       1 
0966       1 
0967       1 
0968       1 
0969       1 
0970       1 
0971       1 
0972       1 
0973       1 
0974       1 
0975       1 
0976       1 
0977       1 
0978       1 
0979       1 
0980       1 
0981       1 
0982       1 
0983       1 
0984       1 
0985       1 
0986       1 
0987       1 
0988       1 
0989       1 
0990       1 
0991       1 
0992       1 
0993       1 
0994       1 
0995       1 
0996       1 
0997       1 
0998       1 
0999       1 
1000       1 
1001       1 
1002       1 
1003       1 
1004       1 
1005       1 
1006       1 
1007       4 
1008       4 
1009       53 
1010       45 
1011       45 
1012       50 
1013       50 
1014       49 
1015       50 
1016       49 
1017       49 
1018       54 
1019       54 
1020       49 
1021       54 
1022       53 
1023       53 
1024       62 
1025       65 
1026       65 
1027       65 
1028       57 
1029       57 
1030       46 
1031       46 
1032       46 
1033       64 
1034       64 
1035       66 
1036       66 
1037       72 
1038       66 
1039       66 
1040       68 
1041       70 
1042       68 
1043       70 
1044       70 
1045       66 
1046       63 
1047       66 
1048       66 
1049       66 
1050       66 
1051       68 
1052       66 
1053       66 
1054       68 
1055       68 
1056       70 
1057       70 
1058       70 
1059       67 
1060       66 
1061       66 
1062       66 
1063       71 
1064       71 
1065       71 
1066       71 
1067       69 
1068       66 
1069       66 
1070       66 
1071       66 
1072       66 
1073       66 
1074       66 
1075       64 
1076       64 
1077       65 
1078       69 
1079       65 
1297966617.243178
