0000       1 
0001       1 
0002       1 
0003       1 
0004       1 
0005       1 
0006       1 
0007       1 
0008       1 
0009       1 
0010       1 
0011       1 
0012       1 
0013       1 
0014       1 
0015       1 
0016       1 
0017       1 
0018       1 
0019       1 
0020       1 
0021       1 
0022       1 
0023       1 
0024       1 
0025       1 
0026       1 
0027       1 
0028       1 
0029       1 
0030       1 
0031       1 
0032       1 
0033       1 
0034       1 
0035       1 
0036       1 
0037       1 
0038       1 
0039       1 
0040       1 
0041       1 
0042       1 
0043       1 
0044       1 
0045       1 
0046       1 
0047       1 
0048       1 
0049       1 
0050       1 
0051       1 
0052       1 
0053       1 
0054       1 
0055       1 
0056       1 
0057       1 
0058       1 
0059       1 
0060       1 
0061       1 
0062       1 
0063       1 
0064       1 
0065       1 
0066       1 
0067       1 
0068       1 
0069       1 
0070       1 
0071       1 
0072       1 
0073       1 
0074       1 
0075       1 
0076       1 
0077       1 
0078       1 
0079       1 
0080       1 
0081       1 
0082       1 
0083       1 
0084       1 
0085       1 
0086       1 
0087       1 
0088       1 
0089       1 
0090       1 
0091       1 
0092       1 
0093       1 
0094       1 
0095       1 
0096       1 
0097       1 
0098       1 
0099       1 
0100       1 
0101       1 
0102       1 
0103       1 
0104       1 
0105       1 
0106       1 
0107       1 
0108       1 
0109       1 
0110       1 
0111       1 
0112       1 
0113       1 
0114       1 
0115       1 
0116       1 
0117       1 
0118       1 
0119       1 
0120       1 
0121       1 
0122       1 
0123       1 
0124       1 
0125       1 
0126       1 
0127       1 
0128       1 
0129       1 
0130       1 
0131       1 
0132       1 
0133       1 
0134       1 
0135       1 
0136       25320 
0137       25320 
0138       25268 
0139       25260 
0140       25186 
0141       25062 
0142       25062 
0143       25126 
0144       25126 
0145       25126 
0146       24915 
0147       24915 
0148       24915 
0149       25053 
0150       25053 
0151       25009 
0152       25009 
0153       25013 
0154       25013 
0155       24956 
0156       24956 
0157       24956 
0158       24706 
0159       19241 
0160       19233 
0161       19228 
0162       19209 
0163       19202 
0164       19194 
0165       19194 
0166       19194 
0167       19186 
0168       19181 
0169       19164 
0170       19164 
0171       19164 
0172       19164 
0173       19164 
0174       19083 
0175       18953 
0176       18953 
0177       18950 
0178       18943 
0179       18942 
0180       18942 
0181       18988 
0182       19122 
0183       19501 
0184       19516 
0185       19517 
0186       19543 
0187       19543 
0188       19526 
0189       19500 
0190       1 
0191       1 
0192       1 
0193       1 
0194       1 
0195       1 
0196       19063 
0197       19063 
0198       18985 
0199       18982 
0200       18977 
0201       18977 
0202       19002 
0203       19007 
0204       19007 
0205       19019 
0206       19026 
0207       19026 
0208       19017 
0209       18450 
0210       1 
0211       18450 
0212       19021 
0213       19078 
0214       19078 
0215       18522 
0216       1 
0217       1 
0218       18522 
0219       19157 
0220       19177 
0221       19322 
0222       19350 
0223       19357 
0224       19378 
0225       19407 
0226       19412 
0227       19429 
0228       19454 
0229       19466 
0230       19473 
0231       19475 
0232       19510 
0233       19524 
0234       19532 
0235       19532 
0236       19470 
0237       19455 
0238       19455 
0239       19455 
0240       19459 
0241       19498 
0242       19522 
0243       19537 
0244       19559 
0245       19591 
0246       19591 
0247       19591 
0248       19613 
0249       19686 
0250       19713 
0251       19713 
0252       19701 
0253       19374 
0254       1 
0255       19374 
0256       19889 
0257       19911 
0258       19911 
0259       1 
0260       1 
0261       1 
0262       1 
0263       1 
0264       1 
0265       17160 
0266       17192 
0267       17192 
0268       17224 
0269       17239 
0270       17297 
0271       17327 
0272       17329 
0273       17376 
0274       17401 
0275       17434 
0276       17479 
0277       17494 
0278       17515 
0279       17582 
0280       17611 
0281       17611 
0282       1 
0283       1 
0284       1 
0285       1 
0286       1 
0287       1 
0288       15721 
0289       15721 
0290       15562 
0291       15477 
0292       15324 
0293       15152 
0294       1 
0295       1 
0296       1 
0297       1 
0298       1 
0299       1 
0300       1 
0301       1 
0302       13920 
0303       13920 
0304       13896 
0305       13896 
0306       13934 
0307       13975 
0308       14012 
0309       14035 
0310       14081 
0311       14121 
0312       14160 
0313       14194 
0314       14236 
0315       14286 
0316       14319 
0317       14361 
0318       14405 
0319       14444 
0320       14509 
0321       14534 
0322       14566 
0323       14618 
0324       14698 
0325       14759 
0326       14783 
0327       14809 
0328       14857 
0329       14922 
0330       14922 
0331       14917 
0332       14811 
0333       14811 
0334       14832 
0335       14832 
0336       14718 
0337       14650 
0338       14541 
0339       14474 
0340       14395 
0341       14297 
0342       14184 
0343       14101 
0344       14058 
0345       13953 
0346       13886 
0347       13787 
0348       13736 
0349       13692 
0350       13611 
0351       13545 
0352       13484 
0353       13412 
0354       13345 
0355       13274 
0356       13231 
0357       13152 
0358       13110 
0359       13064 
0360       13002 
0361       12918 
0362       12826 
0363       12793 
0364       12760 
0365       12673 
0366       12640 
0367       12585 
0368       12514 
0369       12436 
0370       12400 
0371       12391 
0372       12291 
0373       12260 
0374       12200 
0375       12149 
0376       12083 
0377       12046 
0378       11990 
0379       11741 
0380       11688 
0381       11616 
0382       1 
0383       1 
0384       11616 
0385       11670 
0386       11670 
0387       11625 
0388       11539 
0389       9680 
0390       9652 
0391       9652 
0392       9633 
0393       1 
0394       1 
0395       1 
0396       1 
0397       10051 
0398       10106 
0399       11016 
0400       11029 
0401       11029 
0402       10983 
0403       10928 
0404       10738 
0405       10475 
0406       10429 
0407       10376 
0408       10359 
0409       10338 
0410       10323 
0411       10283 
0412       10251 
0413       10225 
0414       10187 
0415       10156 
0416       10122 
0417       10108 
0418       10072 
0419       10068 
0420       10001 
0421       9959 
0422       9948 
0423       9946 
0424       9914 
0425       9906 
0426       9868 
0427       9843 
0428       9826 
0429       9768 
0430       9742 
0431       9735 
0432       9706 
0433       9682 
0434       9667 
0435       9658 
0436       9603 
0437       9595 
0438       9552 
0439       9530 
0440       9514 
0441       9491 
0442       9490 
0443       9469 
0444       9432 
0445       9399 
0446       9396 
0447       9383 
0448       9354 
0449       9337 
0450       9326 
0451       9299 
0452       9273 
0453       9263 
0454       9232 
0455       9212 
0456       9204 
0457       9204 
0458       9192 
0459       9165 
0460       6734 
0461       6734 
0462       6734 
0463       6705 
0464       6702 
0465       6704 
0466       6694 
0467       6683 
0468       6683 
0469       6722 
0470       6767 
0471       6832 
0472       6851 
0473       6851 
0474       6843 
0475       6830 
0476       6819 
0477       6802 
0478       6768 
0479       6701 
0480       6688 
0481       6688 
0482       6688 
0483       6666 
0484       6655 
0485       6654 
0486       6635 
0487       6633 
0488       6624 
0489       6622 
0490       6580 
0491       6573 
0492       6573 
0493       6573 
0494       6572 
0495       6567 
0496       6555 
0497       6553 
0498       6544 
0499       6538 
0500       6526 
0501       6517 
0502       6491 
0503       6491 
0504       6514 
0505       6514 
0506       6492 
0507       6490 
0508       6489 
0509       6478 
0510       6472 
0511       6464 
0512       6463 
0513       6437 
0514       6437 
0515       6437 
0516       6443 
0517       6443 
0518       6433 
0519       6433 
0520       6433 
0521       6435 
0522       6426 
0523       6426 
0524       6406 
0525       6393 
0526       6393 
0527       6393 
0528       6401 
0529       6401 
0530       6394 
0531       6391 
0532       6391 
0533       6399 
0534       6399 
0535       6389 
0536       6378 
0537       6369 
0538       6360 
0539       6360 
0540       6371 
0541       6377 
0542       6374 
0543       6377 
0544       6374 
0545       6382 
0546       6382 
0547       6382 
0548       6379 
0549       6367 
0550       6362 
0551       6362 
0552       6369 
0553       6384 
0554       6384 
0555       6381 
0556       6380 
0557       6380 
0558       6381 
0559       6381 
0560       6373 
0561       6366 
0562       6363 
0563       6363 
0564       6383 
0565       6383 
0566       6383 
0567       6382 
0568       6397 
0569       6402 
0570       6402 
0571       6409 
0572       6402 
0573       6383 
0574       6383 
0575       6393 
0576       6408 
0577       6428 
0578       6429 
0579       6429 
0580       6435 
0581       6432 
0582       6435 
0583       6441 
0584       6441 
0585       6426 
0586       6426 
0587       6440 
0588       6452 
0589       6466 
0590       6470 
0591       6479 
0592       6481 
0593       6481 
0594       6486 
0595       6488 
0596       6488 
0597       6484 
0598       6484 
0599       6503 
0600       6525 
0601       6525 
0602       6529 
0603       6535 
0604       6544 
0605       6545 
0606       6549 
0607       6557 
0608       6557 
0609       6557 
0610       6544 
0611       6540 
0612       6478 
0613       6478 
0614       8921 
0615       8924 
0616       8950 
0617       8949 
0618       8958 
0619       8977 
0620       8996 
0621       9005 
0622       9025 
0623       9031 
0624       9041 
0625       9049 
0626       9069 
0627       9092 
0628       9105 
0629       9133 
0630       9140 
0631       9155 
0632       9181 
0633       9185 
0634       9193 
0635       9217 
0636       9245 
0637       9261 
0638       9264 
0639       9284 
0640       9300 
0641       9300 
0642       9342 
0643       9354 
0644       9366 
0645       9384 
0646       9396 
0647       9424 
0648       9446 
0649       9472 
0650       9485 
0651       9492 
0652       9512 
0653       9543 
0654       9560 
0655       9562 
0656       9594 
0657       9622 
0658       9629 
0659       9657 
0660       9666 
0661       9697 
0662       9756 
0663       9782 
0664       9809 
0665       9816 
0666       9849 
0667       9863 
0668       9876 
0669       9894 
0670       9935 
0671       9975 
0672       9993 
0673       10010 
0674       10068 
0675       10072 
0676       10120 
0677       10128 
0678       10150 
0679       10183 
0680       10220 
0681       10243 
0682       10249 
0683       10296 
0684       10345 
0685       10365 
0686       10402 
0687       10420 
0688       10452 
0689       10470 
0690       10494 
0691       10548 
0692       10595 
0693       10621 
0694       10622 
0695       10654 
0696       10704 
0697       10724 
0698       10765 
0699       10820 
0700       10843 
0701       10894 
0702       10940 
0703       10962 
0704       11007 
0705       11058 
0706       11058 
0707       11058 
0708       11032 
0709       10962 
0710       10928 
0711       10875 
0712       10841 
0713       10759 
0714       10720 
0715       10692 
0716       10640 
0717       10605 
0718       10533 
0719       10490 
0720       10432 
0721       10396 
0722       10356 
0723       10296 
0724       10236 
0725       10182 
0726       10146 
0727       10120 
0728       10087 
0729       10033 
0730       10018 
0731       9945 
0732       9912 
0733       9876 
0734       9847 
0735       9796 
0736       9772 
0737       9718 
0738       9671 
0739       9652 
0740       9616 
0741       9574 
0742       9539 
0743       9512 
0744       9452 
0745       9429 
0746       9404 
0747       9373 
0748       9340 
0749       9301 
0750       9270 
0751       9239 
0752       9207 
0753       9169 
0754       9159 
0755       9113 
0756       9089 
0757       8987 
0758       8987 
0759       9042 
0760       9091 
0761       9130 
0762       9141 
0763       9258 
0764       9310 
0765       9369 
0766       9403 
0767       9418 
0768       9525 
0769       9587 
0770       9637 
0771       9686 
0772       9733 
0773       9832 
0774       9904 
0775       9961 
0776       9979 
0777       10123 
0778       10161 
0779       10234 
0780       10270 
0781       10319 
0782       10408 
0783       10509 
0784       10534 
0785       10603 
0786       10697 
0787       10789 
0788       10792 
0789       10927 
0790       11028 
0791       11090 
0792       11114 
0793       11114 
0794       1 
0795       1 
0796       1 
0797       1 
0798       1 
0799       1 
0800       1 
0801       1 
0802       1 
0803       1 
0804       4774 
0805       4803 
0806       4806 
0807       4836 
0808       4861 
0809       4896 
0810       4923 
0811       4967 
0812       4991 
0813       5006 
0814       5036 
0815       5046 
0816       5069 
0817       5069 
0818       4264 
0819       4264 
0820       4264 
0821       4267 
0822       4276 
0823       4293 
0824       4332 
0825       4349 
0826       4361 
0827       4397 
0828       4426 
0829       4451 
0830       4513 
0831       4519 
0832       4582 
0833       4636 
0834       4681 
0835       4702 
0836       4784 
0837       4856 
0838       4892 
0839       4954 
0840       5055 
0841       5102 
0842       5190 
0843       5273 
0844       5347 
0845       5499 
0846       5625 
0847       5625 
0848       5726 
0849       7432 
0850       7441 
0851       7432 
0852       7423 
0853       7423 
0854       7423 
0855       7414 
0856       7413 
0857       7405 
0858       7413 
0859       7531 
0860       7531 
0861       7483 
0862       7453 
0863       7410 
0864       7361 
0865       7347 
0866       7071 
0867       7071 
0868       7182 
0869       7182 
0870       7182 
0871       7291 
0872       7497 
0873       7611 
0874       7678 
0875       7678 
0876       7677 
0877       7660 
0878       7627 
0879       7627 
0880       7627 
0881       7617 
0882       7616 
0883       7600 
0884       7600 
0885       7605 
0886       7615 
0887       7615 
0888       7577 
0889       7577 
0890       7593 
0891       7593 
0892       1 
0893       1 
0894       1 
0895       1 
0896       1 
0897       1 
0898       1 
0899       1 
0900       1 
0901       1 
0902       1 
0903       1 
0904       1 
0905       1 
0906       1 
0907       1 
0908       1 
0909       1 
0910       1 
0911       1 
0912       1 
0913       1 
0914       1 
0915       1 
0916       1 
0917       1 
0918       1 
0919       1 
0920       1 
0921       1 
0922       1 
0923       1 
0924       1 
0925       1 
0926       1 
0927       1 
0928       1 
0929       1 
0930       1 
0931       1 
0932       1 
0933       1 
0934       1 
0935       1 
0936       1 
0937       1 
0938       1 
0939       1 
0940       1 
0941       1 
0942       1 
0943       1 
0944       1 
0945       1 
0946       1 
0947       1 
0948       1 
0949       1 
0950       1 
0951       1 
0952       1 
0953       1 
0954       1 
0955       1 
0956       1 
0957       1 
0958       1 
0959       1 
0960       1 
0961       1 
0962       1 
0963       1 
0964       1 
0965       1 
0966       1 
0967       1 
0968       1 
0969       1 
0970       1 
0971       1 
0972       1 
0973       1 
0974       1 
0975       1 
0976       1 
0977       1 
0978       1 
0979       1 
0980       1 
0981       1 
0982       1 
0983       1 
0984       1 
0985       1 
0986       1 
0987       1 
0988       1 
0989       1 
0990       1 
0991       1 
0992       1 
0993       1 
0994       1 
0995       1 
0996       1 
0997       1 
0998       1 
0999       1 
1000       1 
1001       1 
1002       1 
1003       1 
1004       1 
1005       1 
1006       1 
1007       4 
1008       4 
1009       42 
1010       43 
1011       43 
1012       43 
1013       45 
1014       45 
1015       48 
1016       50 
1017       50 
1018       48 
1019       57 
1020       57 
1021       58 
1022       61 
1023       61 
1024       58 
1025       62 
1026       68 
1027       64 
1028       64 
1029       64 
1030       56 
1031       53 
1032       53 
1033       56 
1034       59 
1035       69 
1036       69 
1037       69 
1038       67 
1039       67 
1040       67 
1041       73 
1042       73 
1043       73 
1044       71 
1045       68 
1046       68 
1047       68 
1048       69 
1049       69 
1050       69 
1051       69 
1052       69 
1053       69 
1054       69 
1055       73 
1056       73 
1057       73 
1058       71 
1059       68 
1060       67 
1061       67 
1062       67 
1063       67 
1064       67 
1065       67 
1066       66 
1067       66 
1068       61 
1069       61 
1070       66 
1071       66 
1072       67 
1073       67 
1074       67 
1075       65 
1076       65 
1077       65 
1078       66 
1079       66 
1297966674.733557
