0000       1 
0001       1 
0002       1 
0003       1 
0004       1 
0005       1 
0006       1 
0007       1 
0008       1 
0009       1 
0010       1 
0011       1 
0012       1 
0013       1 
0014       1 
0015       1 
0016       1 
0017       1 
0018       1 
0019       1 
0020       1 
0021       1 
0022       1 
0023       1 
0024       1 
0025       1 
0026       1 
0027       1 
0028       1 
0029       1 
0030       1 
0031       1 
0032       1 
0033       1 
0034       1 
0035       1 
0036       1 
0037       1 
0038       1 
0039       1 
0040       1 
0041       1 
0042       1 
0043       1 
0044       1 
0045       1 
0046       1 
0047       1 
0048       1 
0049       1 
0050       1 
0051       1 
0052       1 
0053       1 
0054       1 
0055       1 
0056       1 
0057       1 
0058       1 
0059       1 
0060       1 
0061       1 
0062       1 
0063       1 
0064       1 
0065       1 
0066       1 
0067       1 
0068       1 
0069       1 
0070       1 
0071       1 
0072       1 
0073       1 
0074       1 
0075       1 
0076       1 
0077       1 
0078       1 
0079       1 
0080       1 
0081       1 
0082       1 
0083       1 
0084       1 
0085       1 
0086       1 
0087       1 
0088       1 
0089       1 
0090       1 
0091       1 
0092       1 
0093       1 
0094       1 
0095       1 
0096       1 
0097       1 
0098       1 
0099       1 
0100       1 
0101       1 
0102       1 
0103       1 
0104       1 
0105       1 
0106       1 
0107       1 
0108       1 
0109       1 
0110       1 
0111       1 
0112       1 
0113       1 
0114       1 
0115       1 
0116       1 
0117       1 
0118       1 
0119       1 
0120       1 
0121       1 
0122       1 
0123       1 
0124       1 
0125       1 
0126       1 
0127       1 
0128       1 
0129       1 
0130       1 
0131       1 
0132       1 
0133       1 
0134       1 
0135       1 
0136       1 
0137       1 
0138       1 
0139       1 
0140       1 
0141       1 
0142       1 
0143       1 
0144       1 
0145       1 
0146       1 
0147       1 
0148       1 
0149       1 
0150       1 
0151       1 
0152       1 
0153       1 
0154       1 
0155       1 
0156       1 
0157       1 
0158       1 
0159       1 
0160       1 
0161       1 
0162       1 
0163       1 
0164       1 
0165       1 
0166       1 
0167       1 
0168       1 
0169       1 
0170       1 
0171       1 
0172       1 
0173       1 
0174       1 
0175       1 
0176       1 
0177       1 
0178       1 
0179       1 
0180       1 
0181       1 
0182       1 
0183       1 
0184       1 
0185       1 
0186       1 
0187       1 
0188       1 
0189       1 
0190       1 
0191       1 
0192       1 
0193       1 
0194       1 
0195       1 
0196       1 
0197       1 
0198       1 
0199       1 
0200       1 
0201       1 
0202       1 
0203       1 
0204       1 
0205       1 
0206       1 
0207       1 
0208       1 
0209       1 
0210       1 
0211       1 
0212       1 
0213       1 
0214       1 
0215       1 
0216       1 
0217       1 
0218       1 
0219       1 
0220       1 
0221       1 
0222       1 
0223       1 
0224       1 
0225       1 
0226       1 
0227       1 
0228       1 
0229       1 
0230       1 
0231       1 
0232       1 
0233       1 
0234       1 
0235       1 
0236       1 
0237       1 
0238       1 
0239       1 
0240       1 
0241       1 
0242       1 
0243       1 
0244       1 
0245       1 
0246       1 
0247       1 
0248       1 
0249       1 
0250       1 
0251       1 
0252       1 
0253       1 
0254       1 
0255       1 
0256       1 
0257       1 
0258       1 
0259       1 
0260       1 
0261       1 
0262       1 
0263       1 
0264       1 
0265       1 
0266       1 
0267       1 
0268       1 
0269       1 
0270       1 
0271       1 
0272       1 
0273       1 
0274       1 
0275       1 
0276       1 
0277       1 
0278       1 
0279       1 
0280       1 
0281       1 
0282       1 
0283       1 
0284       1 
0285       1 
0286       1 
0287       1 
0288       1 
0289       1 
0290       1 
0291       1 
0292       1 
0293       1 
0294       1 
0295       1 
0296       1 
0297       1 
0298       1 
0299       1 
0300       1 
0301       1 
0302       1 
0303       1 
0304       1 
0305       1 
0306       1 
0307       1 
0308       1 
0309       1 
0310       1 
0311       1 
0312       1 
0313       1 
0314       1 
0315       1 
0316       1 
0317       1 
0318       1 
0319       1 
0320       1 
0321       1 
0322       1 
0323       1 
0324       1 
0325       1 
0326       1 
0327       1 
0328       1 
0329       1 
0330       1 
0331       1 
0332       1 
0333       1 
0334       1 
0335       1 
0336       1 
0337       1 
0338       1 
0339       1 
0340       1 
0341       1 
0342       1 
0343       1 
0344       1 
0345       1 
0346       1 
0347       1 
0348       1 
0349       1 
0350       1 
0351       1 
0352       1 
0353       1 
0354       1 
0355       1 
0356       1 
0357       1 
0358       1 
0359       1 
0360       1 
0361       1 
0362       1 
0363       1 
0364       1 
0365       1 
0366       1 
0367       1 
0368       1 
0369       1 
0370       1 
0371       1 
0372       1 
0373       1 
0374       1 
0375       1 
0376       1 
0377       1 
0378       1 
0379       1 
0380       1 
0381       1 
0382       1 
0383       1 
0384       1 
0385       1 
0386       4623 
0387       4627 
0388       4627 
0389       4627 
0390       4627 
0391       4614 
0392       4611 
0393       4609 
0394       4607 
0395       4596 
0396       4595 
0397       4586 
0398       4586 
0399       4574 
0400       4570 
0401       4566 
0402       4566 
0403       4566 
0404       4561 
0405       4550 
0406       4546 
0407       4545 
0408       4540 
0409       4536 
0410       4533 
0411       4527 
0412       4523 
0413       4519 
0414       4518 
0415       4513 
0416       4512 
0417       4507 
0418       4506 
0419       4504 
0420       4494 
0421       4487 
0422       4483 
0423       4483 
0424       4480 
0425       4480 
0426       4480 
0427       4479 
0428       4471 
0429       4465 
0430       4463 
0431       4462 
0432       4456 
0433       4456 
0434       4450 
0435       4450 
0436       4450 
0437       4449 
0438       4450 
0439       4449 
0440       4447 
0441       4448 
0442       4447 
0443       4438 
0444       4435 
0445       4435 
0446       4434 
0447       4435 
0448       4437 
0449       4437 
0450       4437 
0451       4437 
0452       4431 
0453       4431 
0454       4430 
0455       4428 
0456       4425 
0457       4425 
0458       4425 
0459       4425 
0460       4431 
0461       4431 
0462       4424 
0463       4424 
0464       4435 
0465       4424 
0466       4431 
0467       4431 
0468       4430 
0469       4430 
0470       4431 
0471       4432 
0472       4435 
0473       4435 
0474       4435 
0475       4435 
0476       4436 
0477       4446 
0478       4443 
0479       4446 
0480       4446 
0481       4446 
0482       4446 
0483       4454 
0484       4458 
0485       4459 
0486       4467 
0487       4474 
0488       4474 
0489       4474 
0490       4474 
0491       4473 
0492       4473 
0493       4476 
0494       4484 
0495       4484 
0496       4487 
0497       4494 
0498       4495 
0499       4497 
0500       4501 
0501       4507 
0502       4514 
0503       4515 
0504       4516 
0505       4521 
0506       4521 
0507       4529 
0508       4529 
0509       4534 
0510       4534 
0511       4543 
0512       4550 
0513       4551 
0514       4555 
0515       4564 
0516       4564 
0517       4572 
0518       4575 
0519       4578 
0520       4584 
0521       4592 
0522       4602 
0523       4602 
0524       4609 
0525       4611 
0526       4623 
0527       4629 
0528       4629 
0529       4632 
0530       4633 
0531       4637 
0532       4639 
0533       4662 
0534       4666 
0535       4676 
0536       4677 
0537       4686 
0538       4696 
0539       4699 
0540       4704 
0541       4706 
0542       4715 
0543       4735 
0544       4745 
0545       4758 
0546       4761 
0547       4764 
0548       4766 
0549       4780 
0550       4782 
0551       4790 
0552       4798 
0553       4807 
0554       4822 
0555       4836 
0556       4849 
0557       4850 
0558       4863 
0559       4874 
0560       4876 
0561       4884 
0562       4899 
0563       4918 
0564       4924 
0565       4927 
0566       4945 
0567       4948 
0568       4971 
0569       4978 
0570       4982 
0571       5006 
0572       5024 
0573       5029 
0574       5043 
0575       5051 
0576       5089 
0577       5102 
0578       5102 
0579       5131 
0580       5155 
0581       5170 
0582       5180 
0583       5208 
0584       5239 
0585       5279 
0586       5310 
0587       5328 
0588       5357 
0589       5383 
0590       5397 
0591       5414 
0592       5442 
0593       5464 
0594       5473 
0595       5511 
0596       5511 
0597       5530 
0598       5541 
0599       5565 
0600       5610 
0601       5627 
0602       5659 
0603       5673 
0604       5675 
0605       5673 
0606       5654 
0607       5638 
0608       5603 
0609       5598 
0610       5598 
0611       5620 
0612       5639 
0613       5682 
0614       5696 
0615       5717 
0616       5751 
0617       5830 
0618       5975 
0619       6006 
0620       6026 
0621       6054 
0622       6086 
0623       6097 
0624       6122 
0625       6130 
0626       6167 
0627       6191 
0628       6226 
0629       6252 
0630       6264 
0631       6302 
0632       6318 
0633       6346 
0634       6365 
0635       6400 
0636       6400 
0637       1 
0638       1 
0639       1 
0640       1 
0641       1 
0642       1 
0643       1 
0644       1 
0645       1 
0646       1 
0647       1 
0648       1 
0649       1 
0650       8890 
0651       8890 
0652       8853 
0653       8843 
0654       8843 
0655       7126 
0656       7111 
0657       7111 
0658       7126 
0659       7141 
0660       7209 
0661       7227 
0662       7255 
0663       8511 
0664       8511 
0665       8456 
0666       8405 
0667       8404 
0668       8378 
0669       8354 
0670       8292 
0671       8284 
0672       8263 
0673       8222 
0674       8197 
0675       8160 
0676       8030 
0677       7969 
0678       7969 
0679       7988 
0680       8016 
0681       8016 
0682       8021 
0683       8013 
0684       8007 
0685       8007 
0686       8061 
0687       8121 
0688       8121 
0689       1 
0690       1 
0691       1 
0692       1 
0693       1 
0694       1 
0695       1 
0696       1 
0697       1 
0698       1 
0699       1 
0700       1 
0701       9355 
0702       9371 
0703       9396 
0704       9400 
0705       9400 
0706       9379 
0707       9379 
0708       9410 
0709       9450 
0710       9450 
0711       9431 
0712       9384 
0713       9379 
0714       9363 
0715       9358 
0716       9329 
0717       9325 
0718       9298 
0719       9294 
0720       9068 
0721       8929 
0722       8713 
0723       8697 
0724       8697 
0725       8693 
0726       8713 
0727       8634 
0728       8579 
0729       8579 
0730       8579 
0731       8035 
0732       7663 
0733       7663 
0734       7663 
0735       7661 
0736       7658 
0737       7584 
0738       7584 
0739       7572 
0740       7572 
0741       7460 
0742       7451 
0743       7451 
0744       7444 
0745       7440 
0746       7429 
0747       7420 
0748       7417 
0749       7420 
0750       7433 
0751       7503 
0752       7503 
0753       7482 
0754       7476 
0755       7421 
0756       7327 
0757       7319 
0758       7322 
0759       7319 
0760       7304 
0761       7304 
0762       7353 
0763       7363 
0764       7363 
0765       7358 
0766       7316 
0767       7316 
0768       7422 
0769       7431 
0770       7431 
0771       7490 
0772       8032 
0773       8566 
0774       8602 
0775       8602 
0776       8589 
0777       8579 
0778       8566 
0779       8566 
0780       8565 
0781       8564 
0782       8548 
0783       8525 
0784       8525 
0785       8523 
0786       8520 
0787       8520 
0788       8514 
0789       8510 
0790       8498 
0791       8498 
0792       8486 
0793       8478 
0794       8473 
0795       8471 
0796       8468 
0797       8466 
0798       8460 
0799       8460 
0800       8460 
0801       8450 
0802       8447 
0803       8442 
0804       8439 
0805       8435 
0806       8432 
0807       8432 
0808       8437 
0809       8437 
0810       8421 
0811       8421 
0812       8423 
0813       8427 
0814       8427 
0815       8427 
0816       8413 
0817       8409 
0818       8409 
0819       8428 
0820       8428 
0821       8427 
0822       8421 
0823       8427 
0824       8431 
0825       8431 
0826       8424 
0827       8421 
0828       8421 
0829       8435 
0830       8446 
0831       8447 
0832       8446 
0833       8427 
0834       8427 
0835       8444 
0836       8453 
0837       8454 
0838       8454 
0839       8447 
0840       8447 
0841       8461 
0842       8470 
0843       8476 
0844       8476 
0845       8476 
0846       8482 
0847       8486 
0848       8494 
0849       8494 
0850       8493 
0851       8493 
0852       8517 
0853       8517 
0854       8528 
0855       8528 
0856       8541 
0857       8542 
0858       8549 
0859       8557 
0860       8557 
0861       8571 
0862       8571 
0863       8571 
0864       8588 
0865       8604 
0866       8619 
0867       8626 
0868       8626 
0869       8629 
0870       8634 
0871       8641 
0872       8657 
0873       8665 
0874       8675 
0875       8685 
0876       8691 
0877       8707 
0878       8707 
0879       8721 
0880       8740 
0881       8743 
0882       8759 
0883       8775 
0884       8781 
0885       8788 
0886       8790 
0887       8814 
0888       8823 
0889       8843 
0890       8845 
0891       8850 
0892       8864 
0893       8886 
0894       8914 
0895       8914 
0896       8914 
0897       8938 
0898       8950 
0899       8987 
0900       8987 
0901       8999 
0902       9012 
0903       9023 
0904       9039 
0905       9052 
0906       9075 
0907       9081 
0908       9097 
0909       9116 
0910       9145 
0911       9148 
0912       9163 
0913       9184 
0914       9205 
0915       9205 
0916       9202 
0917       9161 
0918       9026 
0919       9026 
0920       9054 
0921       9054 
0922       8897 
0923       8871 
0924       8829 
0925       8794 
0926       8788 
0927       8782 
0928       8743 
0929       8730 
0930       8730 
0931       8755 
0932       8763 
0933       8775 
0934       8781 
0935       8781 
0936       8777 
0937       8777 
0938       8795 
0939       8815 
0940       8839 
0941       8870 
0942       8870 
0943       8853 
0944       8853 
0945       9121 
0946       9182 
0947       9509 
0948       9804 
0949       9933 
0950       9978 
0951       9999 
0952       10050 
0953       10066 
0954       10093 
0955       10117 
0956       10154 
0957       10180 
0958       10214 
0959       10226 
0960       10255 
0961       10301 
0962       10327 
0963       10353 
0964       10383 
0965       10412 
0966       10430 
0967       10464 
0968       10505 
0969       10527 
0970       10577 
0971       10602 
0972       10649 
0973       10667 
0974       10705 
0975       10757 
0976       10799 
0977       10823 
0978       10886 
0979       10925 
0980       10954 
0981       10971 
0982       11027 
0983       11061 
0984       11125 
0985       11173 
0986       11211 
0987       11229 
0988       11288 
0989       11339 
0990       11384 
0991       11446 
0992       11449 
0993       11525 
0994       11564 
0995       11609 
0996       11673 
0997       11730 
0998       11764 
0999       11796 
1000       11844 
1001       11911 
1002       11952 
1003       12002 
1004       12039 
1005       12087 
1006       12087 
1007       75 
1008       56 
1009       45 
1010       49 
1011       55 
1012       55 
1013       53 
1014       53 
1015       55 
1016       56 
1017       58 
1018       58 
1019       58 
1020       60 
1021       60 
1022       60 
1023       61 
1024       64 
1025       64 
1026       67 
1027       67 
1028       62 
1029       56 
1030       52 
1031       52 
1032       52 
1033       55 
1034       67 
1035       70 
1036       70 
1037       71 
1038       72 
1039       72 
1040       77 
1041       77 
1042       78 
1043       75 
1044       75 
1045       70 
1046       64 
1047       64 
1048       64 
1049       64 
1050       64 
1051       69 
1052       69 
1053       70 
1054       70 
1055       70 
1056       68 
1057       68 
1058       66 
1059       65 
1060       65 
1061       65 
1062       65 
1063       61 
1064       64 
1065       64 
1066       64 
1067       65 
1068       65 
1069       66 
1070       66 
1071       69 
1072       69 
1073       69 
1074       65 
1075       65 
1076       65 
1077       65 
1078       65 
1079       65 
1297966716.012666
