0000       1 
0001       1 
0002       1 
0003       1 
0004       1 
0005       1 
0006       1 
0007       1 
0008       1 
0009       1 
0010       1 
0011       1 
0012       1 
0013       1 
0014       1 
0015       1 
0016       1 
0017       1 
0018       1 
0019       1 
0020       1 
0021       1 
0022       1 
0023       1 
0024       1 
0025       1 
0026       1 
0027       1 
0028       1 
0029       1 
0030       1 
0031       1 
0032       1 
0033       1 
0034       1 
0035       1 
0036       1 
0037       1 
0038       1 
0039       1 
0040       1 
0041       1 
0042       1 
0043       1 
0044       1 
0045       1 
0046       1 
0047       1 
0048       1 
0049       1 
0050       1 
0051       1 
0052       1 
0053       1 
0054       1 
0055       1 
0056       1 
0057       1 
0058       1 
0059       1 
0060       1 
0061       1 
0062       1 
0063       1 
0064       1 
0065       1 
0066       1 
0067       1 
0068       1 
0069       1 
0070       1 
0071       1 
0072       1 
0073       1 
0074       1 
0075       1 
0076       1 
0077       1 
0078       1 
0079       1 
0080       1 
0081       1 
0082       1 
0083       1 
0084       1 
0085       1 
0086       1 
0087       1 
0088       1 
0089       1 
0090       1 
0091       1 
0092       1 
0093       1 
0094       1 
0095       1 
0096       1 
0097       1 
0098       1 
0099       1 
0100       1 
0101       1 
0102       1 
0103       1 
0104       1 
0105       1 
0106       1 
0107       1 
0108       1 
0109       1 
0110       1 
0111       1 
0112       1 
0113       1 
0114       1 
0115       1 
0116       1 
0117       1 
0118       1 
0119       1 
0120       1 
0121       1 
0122       1 
0123       1 
0124       1 
0125       1 
0126       1 
0127       1 
0128       1 
0129       1 
0130       1 
0131       4507 
0132       4524 
0133       4524 
0134       4524 
0135       4517 
0136       4517 
0137       4516 
0138       4513 
0139       4511 
0140       4505 
0141       4504 
0142       4498 
0143       4487 
0144       4484 
0145       4483 
0146       4483 
0147       4481 
0148       4477 
0149       4477 
0150       4477 
0151       4471 
0152       4469 
0153       4471 
0154       4469 
0155       4465 
0156       4463 
0157       4462 
0158       4462 
0159       4462 
0160       4457 
0161       4452 
0162       4452 
0163       4450 
0164       4450 
0165       4448 
0166       4448 
0167       4448 
0168       4448 
0169       4446 
0170       4445 
0171       4445 
0172       4445 
0173       4453 
0174       4453 
0175       4453 
0176       4453 
0177       4450 
0178       4449 
0179       4449 
0180       4449 
0181       4448 
0182       4448 
0183       4452 
0184       4452 
0185       4452 
0186       4454 
0187       4454 
0188       4458 
0189       4458 
0190       4458 
0191       4459 
0192       4459 
0193       4458 
0194       4460 
0195       4460 
0196       4462 
0197       4473 
0198       4475 
0199       4475 
0200       4480 
0201       4482 
0202       4484 
0203       4486 
0204       4490 
0205       4490 
0206       4490 
0207       4495 
0208       4496 
0209       4495 
0210       4499 
0211       4499 
0212       4508 
0213       4508 
0214       4514 
0215       4514 
0216       4512 
0217       4517 
0218       4518 
0219       4526 
0220       4535 
0221       4535 
0222       4536 
0223       4536 
0224       4536 
0225       4545 
0226       4545 
0227       4545 
0228       1 
0229       1 
0230       1 
0231       1 
0232       1 
0233       1 
0234       1 
0235       1 
0236       1 
0237       1 
0238       1 
0239       1 
0240       1 
0241       1 
0242       1 
0243       1 
0244       1 
0245       1 
0246       1 
0247       1 
0248       1 
0249       1 
0250       1 
0251       1 
0252       1 
0253       1 
0254       1 
0255       23528 
0256       23528 
0257       1 
0258       1 
0259       1 
0260       1 
0261       1 
0262       1 
0263       1 
0264       1 
0265       1 
0266       1 
0267       1 
0268       24032 
0269       24032 
0270       1 
0271       1 
0272       1 
0273       24206 
0274       24277 
0275       24277 
0276       24180 
0277       1 
0278       1 
0279       1 
0280       1 
0281       1 
0282       1 
0283       1 
0284       1 
0285       1 
0286       1 
0287       1 
0288       17706 
0289       17940 
0290       17955 
0291       17955 
0292       17964 
0293       17946 
0294       1 
0295       1 
0296       1 
0297       1 
0298       1 
0299       1 
0300       1 
0301       1 
0302       1 
0303       1 
0304       1 
0305       1 
0306       16016 
0307       16037 
0308       16124 
0309       16129 
0310       16180 
0311       16180 
0312       16171 
0313       16085 
0314       16084 
0315       16024 
0316       15986 
0317       15897 
0318       15848 
0319       15760 
0320       15677 
0321       15547 
0322       15512 
0323       15470 
0324       15345 
0325       15156 
0326       1 
0327       1 
0328       1 
0329       1 
0330       1 
0331       14735 
0332       14735 
0333       14691 
0334       14591 
0335       14464 
0336       14180 
0337       14279 
0338       14180 
0339       14130 
0340       13991 
0341       13991 
0342       13997 
0343       13991 
0344       13896 
0345       13828 
0346       13737 
0347       13705 
0348       13671 
0349       13572 
0350       13493 
0351       13415 
0352       13415 
0353       13365 
0354       13331 
0355       13261 
0356       13161 
0357       13131 
0358       13101 
0359       13050 
0360       12959 
0361       12954 
0362       12884 
0363       12861 
0364       12777 
0365       12756 
0366       12673 
0367       12604 
0368       12559 
0369       12537 
0370       12484 
0371       12440 
0372       12423 
0373       12365 
0374       12359 
0375       12288 
0376       12228 
0377       12201 
0378       12153 
0379       12137 
0380       12062 
0381       12052 
0382       12029 
0383       11924 
0384       11921 
0385       11889 
0386       11848 
0387       11838 
0388       11783 
0389       11768 
0390       11717 
0391       11681 
0392       11651 
0393       11577 
0394       11571 
0395       11537 
0396       11526 
0397       11492 
0398       11444 
0399       11433 
0400       11400 
0401       11377 
0402       11350 
0403       11307 
0404       11280 
0405       11257 
0406       11229 
0407       11198 
0408       11147 
0409       11116 
0410       11079 
0411       11062 
0412       11003 
0413       10996 
0414       10954 
0415       10931 
0416       10920 
0417       10905 
0418       10868 
0419       10829 
0420       10819 
0421       10808 
0422       10776 
0423       10763 
0424       10740 
0425       10708 
0426       10653 
0427       10636 
0428       10624 
0429       10579 
0430       10561 
0431       10559 
0432       10533 
0433       9797 
0434       9758 
0435       9758 
0436       9756 
0437       9756 
0438       9801 
0439       9902 
0440       10067 
0441       10203 
0442       10316 
0443       10371 
0444       10514 
0445       10610 
0446       10725 
0447       10854 
0448       10930 
0449       10995 
0450       11048 
0451       11048 
0452       11116 
0453       12018 
0454       12049 
0455       12054 
0456       12075 
0457       12143 
0458       12218 
0459       12365 
0460       12497 
0461       12497 
0462       1 
0463       1 
0464       1 
0465       1 
0466       1 
0467       1 
0468       1 
0469       14286 
0470       14286 
0471       14286 
0472       14354 
0473       15021 
0474       15169 
0475       15564 
0476       15729 
0477       15729 
0478       15728 
0479       15707 
0480       15694 
0481       15664 
0482       15644 
0483       15565 
0484       15541 
0485       15532 
0486       15521 
0487       9079 
0488       9027 
0489       9023 
0490       9027 
0491       9046 
0492       9078 
0493       9088 
0494       9093 
0495       9095 
0496       9095 
0497       9095 
0498       9113 
0499       9182 
0500       9208 
0501       9297 
0502       9458 
0503       9458 
0504       9560 
0505       13156 
0506       13156 
0507       13164 
0508       13118 
0509       13118 
0510       13114 
0511       13113 
0512       13113 
0513       13157 
0514       13157 
0515       13141 
0516       8239 
0517       8218 
0518       8239 
0519       8582 
0520       8582 
0521       13782 
0522       13782 
0523       13782 
0524       13736 
0525       13728 
0526       13728 
0527       13761 
0528       13822 
0529       13857 
0530       13916 
0531       13917 
0532       13968 
0533       13989 
0534       14064 
0535       14107 
0536       14163 
0537       14165 
0538       14163 
0539       1 
0540       1 
0541       1 
0542       1 
0543       14718 
0544       14751 
0545       14751 
0546       11659 
0547       11637 
0548       11637 
0549       11638 
0550       12315 
0551       12315 
0552       11674 
0553       11643 
0554       11643 
0555       11640 
0556       11651 
0557       11640 
0558       1 
0559       1 
0560       1 
0561       1 
0562       1 
0563       1 
0564       1 
0565       1 
0566       1 
0567       1 
0568       8795 
0569       8795 
0570       8757 
0571       8756 
0572       7692 
0573       7692 
0574       7692 
0575       7724 
0576       7724 
0577       7743 
0578       8078 
0579       8152 
0580       8394 
0581       8394 
0582       1 
0583       1 
0584       1 
0585       1 
0586       8343 
0587       8345 
0588       8345 
0589       8345 
0590       1 
0591       1 
0592       1 
0593       7933 
0594       7933 
0595       7958 
0596       7958 
0597       7958 
0598       1 
0599       1 
0600       9936 
0601       9936 
0602       9963 
0603       10055 
0604       10055 
0605       8533 
0606       1 
0607       1 
0608       1 
0609       1 
0610       1 
0611       1 
0612       1 
0613       9167 
0614       9167 
0615       9167 
0616       1 
0617       1 
0618       1 
0619       1 
0620       1 
0621       1 
0622       13721 
0623       13747 
0624       13762 
0625       13776 
0626       13846 
0627       13872 
0628       13917 
0629       13967 
0630       13992 
0631       14009 
0632       14057 
0633       14102 
0634       14153 
0635       14153 
0636       1 
0637       1 
0638       1 
0639       1 
0640       1 
0641       1 
0642       1 
0643       1 
0644       1 
0645       1 
0646       1 
0647       1 
0648       1 
0649       1 
0650       1 
0651       1 
0652       1 
0653       1 
0654       1 
0655       1 
0656       1 
0657       1 
0658       1 
0659       1 
0660       1 
0661       1 
0662       1 
0663       1 
0664       1 
0665       1 
0666       1 
0667       1 
0668       1 
0669       1 
0670       1 
0671       1 
0672       1 
0673       1 
0674       1 
0675       1 
0676       1 
0677       1 
0678       1 
0679       1 
0680       1 
0681       1 
0682       1 
0683       1 
0684       1 
0685       1 
0686       1 
0687       1 
0688       1 
0689       1 
0690       1 
0691       1 
0692       1 
0693       1 
0694       1 
0695       1 
0696       1 
0697       1 
0698       1 
0699       1 
0700       1 
0701       1 
0702       20170 
0703       20170 
0704       20084 
0705       20012 
0706       19940 
0707       19804 
0708       19744 
0709       19647 
0710       19529 
0711       19458 
0712       19360 
0713       19318 
0714       19203 
0715       19130 
0716       19035 
0717       18951 
0718       18859 
0719       18857 
0720       18837 
0721       18827 
0722       1 
0723       1 
0724       1 
0725       21021 
0726       21021 
0727       20944 
0728       20876 
0729       1 
0730       1 
0731       1 
0732       1 
0733       1 
0734       1 
0735       1 
0736       1 
0737       1 
0738       1 
0739       1 
0740       17246 
0741       17246 
0742       17182 
0743       17108 
0744       17070 
0745       16998 
0746       16958 
0747       16902 
0748       16832 
0749       16778 
0750       16725 
0751       16665 
0752       16628 
0753       16559 
0754       16496 
0755       16457 
0756       16430 
0757       16387 
0758       16320 
0759       16260 
0760       16221 
0761       16178 
0762       16114 
0763       16076 
0764       16049 
0765       15998 
0766       15958 
0767       15896 
0768       15856 
0769       15808 
0770       15785 
0771       15732 
0772       15692 
0773       15638 
0774       15610 
0775       15608 
0776       15610 
0777       15666 
0778       15666 
0779       15704 
0780       17700 
0781       17700 
0782       17663 
0783       17622 
0784       17604 
0785       17467 
0786       17461 
0787       17461 
0788       17461 
0789       17562 
0790       17562 
0791       1 
0792       1 
0793       1 
0794       1 
0795       1 
0796       14958 
0797       14958 
0798       14948 
0799       14923 
0800       14865 
0801       14856 
0802       14793 
0803       14728 
0804       14631 
0805       14582 
0806       14534 
0807       14513 
0808       14486 
0809       14461 
0810       14444 
0811       14412 
0812       14392 
0813       14377 
0814       14335 
0815       14306 
0816       14306 
0817       14322 
0818       14426 
0819       14426 
0820       14421 
0821       14400 
0822       14369 
0823       14360 
0824       14325 
0825       14310 
0826       14296 
0827       14279 
0828       14240 
0829       14219 
0830       14219 
0831       16252 
0832       16252 
0833       16213 
0834       16198 
0835       16183 
0836       16182 
0837       1 
0838       1 
0839       1 
0840       1 
0841       1 
0842       1 
0843       1 
0844       1 
0845       1 
0846       1 
0847       1 
0848       1 
0849       1 
0850       1 
0851       1 
0852       1 
0853       1 
0854       1 
0855       1 
0856       1 
0857       1 
0858       1 
0859       1 
0860       1 
0861       1 
0862       1 
0863       1 
0864       1 
0865       1 
0866       1 
0867       1 
0868       1 
0869       1 
0870       1 
0871       1 
0872       1 
0873       1 
0874       1 
0875       1 
0876       1 
0877       1 
0878       1 
0879       1 
0880       1 
0881       1 
0882       1 
0883       1 
0884       1 
0885       1 
0886       1 
0887       1 
0888       1 
0889       1 
0890       1 
0891       1 
0892       1 
0893       1 
0894       1 
0895       1 
0896       1 
0897       1 
0898       1 
0899       1 
0900       1 
0901       1 
0902       1 
0903       1 
0904       1 
0905       1 
0906       1 
0907       1 
0908       1 
0909       1 
0910       1 
0911       1 
0912       1 
0913       1 
0914       1 
0915       1 
0916       1 
0917       1 
0918       1 
0919       1 
0920       1 
0921       1 
0922       1 
0923       1 
0924       1 
0925       1 
0926       1 
0927       1 
0928       1 
0929       1 
0930       1 
0931       1 
0932       1 
0933       1 
0934       1 
0935       1 
0936       1 
0937       1 
0938       1 
0939       1 
0940       1 
0941       1 
0942       1 
0943       1 
0944       1 
0945       1 
0946       1 
0947       1 
0948       1 
0949       1 
0950       1 
0951       1 
0952       1 
0953       1 
0954       1 
0955       1 
0956       1 
0957       1 
0958       1 
0959       1 
0960       1 
0961       1 
0962       1 
0963       1 
0964       1 
0965       1 
0966       1 
0967       1 
0968       1 
0969       1 
0970       1 
0971       1 
0972       1 
0973       1 
0974       1 
0975       1 
0976       1 
0977       1 
0978       1 
0979       1 
0980       1 
0981       1 
0982       1 
0983       1 
0984       1 
0985       1 
0986       1 
0987       1 
0988       1 
0989       1 
0990       1 
0991       1 
0992       1 
0993       1 
0994       1 
0995       1 
0996       1 
0997       1 
0998       1 
0999       1 
1000       1 
1001       1 
1002       1 
1003       1 
1004       1 
1005       1 
1006       1 
1007       4 
1008       4 
1009       4 
1010       4 
1011       4 
1012       4 
1013       4 
1014       47 
1015       47 
1016       4 
1017       47 
1018       49 
1019       49 
1020       58 
1021       60 
1022       60 
1023       60 
1024       58 
1025       59 
1026       59 
1027       66 
1028       59 
1029       59 
1030       52 
1031       51 
1032       51 
1033       52 
1034       62 
1035       70 
1036       72 
1037       72 
1038       72 
1039       72 
1040       71 
1041       71 
1042       71 
1043       67 
1044       66 
1045       67 
1046       67 
1047       66 
1048       66 
1049       66 
1050       65 
1051       65 
1052       65 
1053       65 
1054       65 
1055       65 
1056       65 
1057       61 
1058       61 
1059       61 
1060       62 
1061       59 
1062       60 
1063       60 
1064       60 
1065       60 
1066       63 
1067       66 
1068       66 
1069       66 
1070       62 
1071       62 
1072       62 
1073       69 
1074       69 
1075       70 
1076       69 
1077       65 
1078       65 
1079       65 
1297966706.404521
