0000       1 
0001       1 
0002       1 
0003       1 
0004       1 
0005       1 
0006       1 
0007       1 
0008       1 
0009       1 
0010       1 
0011       1 
0012       1 
0013       1 
0014       1 
0015       1 
0016       1 
0017       1 
0018       1 
0019       1 
0020       1 
0021       1 
0022       1 
0023       1 
0024       1 
0025       1 
0026       1 
0027       1 
0028       1 
0029       1 
0030       1 
0031       1 
0032       1 
0033       1 
0034       1 
0035       1 
0036       1 
0037       1 
0038       1 
0039       1 
0040       1 
0041       1 
0042       1 
0043       1 
0044       1 
0045       1 
0046       1 
0047       1 
0048       1 
0049       1 
0050       1 
0051       1 
0052       1 
0053       1 
0054       1 
0055       1 
0056       1 
0057       1 
0058       1 
0059       1 
0060       1 
0061       1 
0062       1 
0063       1 
0064       1 
0065       1 
0066       1 
0067       1 
0068       1 
0069       1 
0070       1 
0071       1 
0072       1 
0073       1 
0074       1 
0075       1 
0076       1 
0077       1 
0078       1 
0079       1 
0080       1 
0081       1 
0082       1 
0083       4710 
0084       4716 
0085       4716 
0086       4715 
0087       4710 
0088       4698 
0089       4694 
0090       4690 
0091       4681 
0092       4681 
0093       4674 
0094       4670 
0095       4654 
0096       4648 
0097       4645 
0098       4644 
0099       4638 
0100       4636 
0101       4625 
0102       4624 
0103       4621 
0104       4613 
0105       4612 
0106       4610 
0107       4606 
0108       4601 
0109       4593 
0110       4590 
0111       4587 
0112       4587 
0113       4581 
0114       4578 
0115       4569 
0116       4569 
0117       4569 
0118       4568 
0119       4559 
0120       4559 
0121       4556 
0122       4551 
0123       4551 
0124       4550 
0125       4546 
0126       4546 
0127       4533 
0128       4532 
0129       4527 
0130       4527 
0131       4527 
0132       4527 
0133       4527 
0134       4530 
0135       4526 
0136       4526 
0137       4526 
0138       4524 
0139       4522 
0140       4522 
0141       4513 
0142       4513 
0143       4514 
0144       4514 
0145       4514 
0146       4514 
0147       4508 
0148       4508 
0149       4510 
0150       4510 
0151       4512 
0152       4513 
0153       4513 
0154       4512 
0155       4509 
0156       4505 
0157       4505 
0158       4505 
0159       4505 
0160       4511 
0161       4511 
0162       4507 
0163       4501 
0164       4504 
0165       4504 
0166       4507 
0167       4510 
0168       4514 
0169       4514 
0170       4515 
0171       4515 
0172       4515 
0173       4515 
0174       4516 
0175       4530 
0176       4530 
0177       4520 
0178       4530 
0179       4529 
0180       4529 
0181       4532 
0182       4532 
0183       4532 
0184       4538 
0185       4538 
0186       4548 
0187       4548 
0188       4550 
0189       4559 
0190       4559 
0191       4562 
0192       4571 
0193       4571 
0194       4573 
0195       4574 
0196       4575 
0197       4579 
0198       4587 
0199       4591 
0200       4592 
0201       4593 
0202       4601 
0203       4602 
0204       4619 
0205       4619 
0206       4620 
0207       4628 
0208       4628 
0209       4629 
0210       4629 
0211       4641 
0212       4650 
0213       4651 
0214       4658 
0215       4659 
0216       4659 
0217       4663 
0218       4674 
0219       4684 
0220       4690 
0221       4694 
0222       4697 
0223       4701 
0224       4707 
0225       4716 
0226       4716 
0227       4724 
0228       4737 
0229       4739 
0230       4745 
0231       4746 
0232       4748 
0233       4762 
0234       4772 
0235       4781 
0236       4784 
0237       4798 
0238       4803 
0239       4808 
0240       4817 
0241       4829 
0242       4832 
0243       4835 
0244       4858 
0245       4865 
0246       4875 
0247       4875 
0248       4885 
0249       4896 
0250       4919 
0251       4925 
0252       4928 
0253       4944 
0254       4953 
0255       4959 
0256       4965 
0257       4973 
0258       4976 
0259       4997 
0260       5005 
0261       5009 
0262       5026 
0263       5034 
0264       5051 
0265       5053 
0266       5077 
0267       5083 
0268       5090 
0269       5109 
0270       5122 
0271       5153 
0272       5153 
0273       5154 
0274       5168 
0275       5192 
0276       5203 
0277       5219 
0278       5228 
0279       5238 
0280       5249 
0281       5268 
0282       5286 
0283       5311 
0284       5314 
0285       5319 
0286       5342 
0287       5343 
0288       5366 
0289       5384 
0290       5395 
0291       5407 
0292       5418 
0293       5450 
0294       5460 
0295       5479 
0296       5499 
0297       5514 
0298       5528 
0299       5540 
0300       5569 
0301       5580 
0302       5599 
0303       5617 
0304       5627 
0305       5653 
0306       5680 
0307       5694 
0308       5729 
0309       5735 
0310       5745 
0311       5765 
0312       5800 
0313       5811 
0314       5839 
0315       5864 
0316       5884 
0317       5900 
0318       5910 
0319       5935 
0320       5971 
0321       5978 
0322       6001 
0323       6037 
0324       6046 
0325       6077 
0326       6085 
0327       6125 
0328       6141 
0329       6174 
0330       6204 
0331       6228 
0332       6242 
0333       6279 
0334       6299 
0335       6333 
0336       6371 
0337       6389 
0338       6417 
0339       6430 
0340       6483 
0341       6510 
0342       6530 
0343       6572 
0344       6596 
0345       6632 
0346       6662 
0347       6694 
0348       6736 
0349       6771 
0350       6800 
0351       6831 
0352       6868 
0353       6898 
0354       6939 
0355       6972 
0356       7022 
0357       7042 
0358       7086 
0359       7127 
0360       7188 
0361       7209 
0362       7250 
0363       7293 
0364       7344 
0365       7371 
0366       7405 
0367       7464 
0368       7505 
0369       7540 
0370       7603 
0371       7629 
0372       7691 
0373       7716 
0374       7794 
0375       7823 
0376       7871 
0377       7936 
0378       7986 
0379       8030 
0380       8077 
0381       8136 
0382       8197 
0383       8197 
0384       8197 
0385       8178 
0386       8080 
0387       8080 
0388       8085 
0389       8087 
0390       8087 
0391       8124 
0392       8124 
0393       8026 
0394       8003 
0395       8003 
0396       8036 
0397       8127 
0398       8130 
0399       8188 
0400       8252 
0401       8354 
0402       8414 
0403       8535 
0404       8696 
0405       8770 
0406       9243 
0407       9473 
0408       9473 
0409       9450 
0410       9433 
0411       9399 
0412       9369 
0413       9337 
0414       9318 
0415       9311 
0416       7872 
0417       7783 
0418       7734 
0419       7712 
0420       7706 
0421       7616 
0422       7582 
0423       7567 
0424       7567 
0425       7567 
0426       7616 
0427       7638 
0428       7638 
0429       7487 
0430       7436 
0431       7433 
0432       7370 
0433       7370 
0434       7374 
0435       7389 
0436       7445 
0437       7445 
0438       7353 
0439       7292 
0440       7274 
0441       7248 
0442       7274 
0443       7278 
0444       7283 
0445       7283 
0446       7283 
0447       7232 
0448       7232 
0449       7277 
0450       7277 
0451       7264 
0452       7215 
0453       7205 
0454       7179 
0455       7179 
0456       7204 
0457       7204 
0458       7173 
0459       7173 
0460       7173 
0461       7150 
0462       7150 
0463       7188 
0464       7208 
0465       7212 
0466       7295 
0467       7328 
0468       7362 
0469       7413 
0470       7454 
0471       7910 
0472       8512 
0473       8518 
0474       8518 
0475       8509 
0476       8501 
0477       8497 
0478       8500 
0479       8487 
0480       8487 
0481       8477 
0482       8476 
0483       8476 
0484       8476 
0485       8459 
0486       8446 
0487       8440 
0488       8432 
0489       8432 
0490       8432 
0491       8431 
0492       8421 
0493       8417 
0494       8414 
0495       8408 
0496       8404 
0497       8396 
0498       8385 
0499       8382 
0500       8381 
0501       8381 
0502       8385 
0503       8385 
0504       8393 
0505       8385 
0506       8385 
0507       8378 
0508       8372 
0509       8372 
0510       8372 
0511       8371 
0512       8370 
0513       8365 
0514       8356 
0515       8350 
0516       8356 
0517       8360 
0518       8370 
0519       8376 
0520       8385 
0521       8376 
0522       8376 
0523       8376 
0524       8378 
0525       8387 
0526       8389 
0527       8389 
0528       8399 
0529       8401 
0530       8407 
0531       8405 
0532       8407 
0533       8428 
0534       8428 
0535       8428 
0536       8427 
0537       8430 
0538       8430 
0539       8438 
0540       8448 
0541       8456 
0542       8463 
0543       8456 
0544       8463 
0545       8473 
0546       8476 
0547       8480 
0548       8487 
0549       8494 
0550       8497 
0551       8500 
0552       8510 
0553       8514 
0554       8524 
0555       8540 
0556       8551 
0557       8551 
0558       8558 
0559       8558 
0560       8566 
0561       8594 
0562       8594 
0563       8598 
0564       8600 
0565       8602 
0566       8613 
0567       8637 
0568       8648 
0569       8649 
0570       8649 
0571       8662 
0572       8667 
0573       8684 
0574       8702 
0575       8702 
0576       8702 
0577       8721 
0578       8722 
0579       8740 
0580       8742 
0581       8760 
0582       8770 
0583       8771 
0584       8782 
0585       8804 
0586       8806 
0587       8827 
0588       8836 
0589       8841 
0590       8841 
0591       8865 
0592       8866 
0593       8886 
0594       8891 
0595       8894 
0596       8922 
0597       8922 
0598       8928 
0599       8931 
0600       8944 
0601       8945 
0602       8945 
0603       8945 
0604       8939 
0605       8935 
0606       8939 
0607       8982 
0608       8982 
0609       8941 
0610       8753 
0611       8690 
0612       8690 
0613       8869 
0614       8869 
0615       8847 
0616       8800 
0617       8711 
0618       8656 
0619       8634 
0620       8634 
0621       8636 
0622       8636 
0623       8636 
0624       8631 
0625       8631 
0626       8631 
0627       8690 
0628       8789 
0629       8805 
0630       8805 
0631       8745 
0632       8745 
0633       8774 
0634       8813 
0635       8839 
0636       8839 
0637       8900 
0638       8900 
0639       8870 
0640       8820 
0641       8768 
0642       8709 
0643       8701 
0644       8699 
0645       8693 
0646       8693 
0647       8721 
0648       8721 
0649       8680 
0650       8676 
0651       8676 
0652       10117 
0653       10164 
0654       10189 
0655       10208 
0656       10247 
0657       10251 
0658       10261 
0659       10277 
0660       10280 
0661       10280 
0662       10275 
0663       10275 
0664       10493 
0665       10526 
0666       10561 
0667       10606 
0668       10643 
0669       10672 
0670       10720 
0671       10752 
0672       10805 
0673       10837 
0674       10883 
0675       10914 
0676       10951 
0677       10997 
0678       11042 
0679       11093 
0680       11109 
0681       11159 
0682       11206 
0683       11231 
0684       11309 
0685       11349 
0686       11396 
0687       11416 
0688       11510 
0689       11545 
0690       11581 
0691       11618 
0692       11700 
0693       11722 
0694       11762 
0695       11820 
0696       11868 
0697       11949 
0698       11981 
0699       12028 
0700       12070 
0701       12138 
0702       12165 
0703       12197 
0704       12247 
0705       12294 
0706       12320 
0707       12354 
0708       12493 
0709       12493 
0710       1 
0711       1 
0712       1 
0713       1 
0714       1 
0715       1 
0716       13096 
0717       13130 
0718       13221 
0719       13323 
0720       13381 
0721       13439 
0722       13467 
0723       13590 
0724       13667 
0725       13732 
0726       13857 
0727       13933 
0728       14005 
0729       14042 
0730       14109 
0731       14255 
0732       14343 
0733       14421 
0734       14490 
0735       14556 
0736       14659 
0737       14750 
0738       14856 
0739       14921 
0740       15027 
0741       15101 
0742       15204 
0743       15296 
0744       15444 
0745       15586 
0746       15803 
0747       15903 
0748       15903 
0749       15893 
0750       15738 
0751       15719 
0752       15662 
0753       15617 
0754       15596 
0755       15541 
0756       15507 
0757       15467 
0758       15426 
0759       15393 
0760       15348 
0761       15304 
0762       15255 
0763       15249 
0764       15211 
0765       15173 
0766       15153 
0767       15153 
0768       15186 
0769       15186 
0770       15185 
0771       15153 
0772       15107 
0773       15062 
0774       15010 
0775       14993 
0776       14970 
0777       14954 
0778       14929 
0779       14863 
0780       14860 
0781       14820 
0782       14794 
0783       14782 
0784       14746 
0785       14691 
0786       14503 
0787       14469 
0788       14456 
0789       14419 
0790       14388 
0791       14370 
0792       14334 
0793       14307 
0794       14298 
0795       14278 
0796       14248 
0797       14227 
0798       14204 
0799       14182 
0800       14180 
0801       14162 
0802       14119 
0803       14105 
0804       14085 
0805       14065 
0806       14056 
0807       14029 
0808       14011 
0809       13989 
0810       13970 
0811       13935 
0812       13925 
0813       13921 
0814       13921 
0815       13957 
0816       13991 
0817       14012 
0818       14012 
0819       13982 
0820       13960 
0821       13960 
0822       13954 
0823       13946 
0824       13912 
0825       13895 
0826       13886 
0827       13875 
0828       13853 
0829       13847 
0830       13838 
0831       13815 
0832       13809 
0833       13809 
0834       13786 
0835       13783 
0836       13684 
0837       13597 
0838       13561 
0839       13559 
0840       13544 
0841       13530 
0842       13510 
0843       13507 
0844       13506 
0845       13506 
0846       13609 
0847       13668 
0848       13668 
0849       13658 
0850       13645 
0851       13658 
0852       13654 
0853       13654 
0854       13654 
0855       13679 
0856       13679 
0857       1 
0858       1 
0859       1 
0860       1 
0861       1 
0862       1 
0863       1 
0864       1 
0865       1 
0866       1 
0867       1 
0868       1 
0869       1 
0870       1 
0871       1 
0872       1 
0873       1 
0874       1 
0875       1 
0876       1 
0877       1 
0878       1 
0879       1 
0880       1 
0881       1 
0882       1 
0883       1 
0884       1 
0885       1 
0886       1 
0887       1 
0888       1 
0889       1 
0890       1 
0891       1 
0892       1 
0893       1 
0894       1 
0895       1 
0896       1 
0897       1 
0898       1 
0899       1 
0900       1 
0901       1 
0902       1 
0903       1 
0904       1 
0905       1 
0906       1 
0907       1 
0908       1 
0909       1 
0910       1 
0911       1 
0912       1 
0913       1 
0914       1 
0915       1 
0916       1 
0917       1 
0918       1 
0919       1 
0920       1 
0921       1 
0922       1 
0923       1 
0924       1 
0925       1 
0926       1 
0927       1 
0928       1 
0929       1 
0930       1 
0931       1 
0932       1 
0933       1 
0934       1 
0935       1 
0936       1 
0937       1 
0938       1 
0939       1 
0940       1 
0941       1 
0942       1 
0943       1 
0944       1 
0945       1 
0946       1 
0947       1 
0948       1 
0949       1 
0950       1 
0951       1 
0952       1 
0953       1 
0954       1 
0955       1 
0956       1 
0957       1 
0958       1 
0959       1 
0960       1 
0961       1 
0962       1 
0963       1 
0964       1 
0965       1 
0966       1 
0967       1 
0968       1 
0969       1 
0970       1 
0971       1 
0972       1 
0973       1 
0974       1 
0975       1 
0976       1 
0977       1 
0978       1 
0979       1 
0980       1 
0981       1 
0982       1 
0983       1 
0984       1 
0985       1 
0986       1 
0987       1 
0988       1 
0989       1 
0990       1 
0991       1 
0992       1 
0993       1 
0994       1 
0995       1 
0996       1 
0997       1 
0998       1 
0999       1 
1000       1 
1001       1 
1002       1 
1003       1 
1004       1 
1005       1 
1006       4 
1007       4 
1008       4 
1009       4 
1010       4 
1011       4 
1012       4 
1013       44 
1014       44 
1015       48 
1016       49 
1017       60 
1018       67 
1019       60 
1020       60 
1021       59 
1022       53 
1023       53 
1024       59 
1025       67 
1026       71 
1027       71 
1028       67 
1029       61 
1030       45 
1031       45 
1032       45 
1033       55 
1034       69 
1035       70 
1036       70 
1037       70 
1038       72 
1039       77 
1040       74 
1041       74 
1042       74 
1043       72 
1044       71 
1045       71 
1046       66 
1047       71 
1048       66 
1049       69 
1050       69 
1051       69 
1052       65 
1053       69 
1054       64 
1055       62 
1056       64 
1057       64 
1058       64 
1059       66 
1060       68 
1061       70 
1062       68 
1063       68 
1064       68 
1065       68 
1066       67 
1067       65 
1068       65 
1069       67 
1070       71 
1071       71 
1072       71 
1073       69 
1074       69 
1075       67 
1076       67 
1077       65 
1078       64 
1079       55 
1297966719.604152
