0000       1 
0001       1 
0002       1 
0003       1 
0004       1 
0005       1 
0006       1 
0007       1 
0008       1 
0009       1 
0010       1 
0011       1 
0012       1 
0013       1 
0014       1 
0015       1 
0016       1 
0017       1 
0018       1 
0019       1 
0020       1 
0021       1 
0022       1 
0023       1 
0024       1 
0025       1 
0026       1 
0027       1 
0028       1 
0029       1 
0030       1 
0031       1 
0032       1 
0033       1 
0034       1 
0035       1 
0036       1 
0037       1 
0038       1 
0039       1 
0040       1 
0041       1 
0042       1 
0043       1 
0044       1 
0045       1 
0046       1 
0047       1 
0048       1 
0049       1 
0050       1 
0051       1 
0052       1 
0053       1 
0054       1 
0055       1 
0056       1 
0057       1 
0058       1 
0059       1 
0060       1 
0061       1 
0062       1 
0063       1 
0064       1 
0065       1 
0066       1 
0067       1 
0068       1 
0069       1 
0070       1 
0071       1 
0072       1 
0073       1 
0074       1 
0075       1 
0076       1 
0077       1 
0078       1 
0079       1 
0080       1 
0081       1 
0082       1 
0083       1 
0084       1 
0085       1 
0086       1 
0087       1 
0088       1 
0089       1 
0090       1 
0091       1 
0092       1 
0093       1 
0094       1 
0095       1 
0096       1 
0097       1 
0098       1 
0099       1 
0100       1 
0101       1 
0102       1 
0103       1 
0104       1 
0105       1 
0106       1 
0107       1 
0108       1 
0109       1 
0110       1 
0111       1 
0112       1 
0113       1 
0114       1 
0115       1 
0116       1 
0117       1 
0118       1 
0119       1 
0120       1 
0121       1 
0122       1 
0123       1 
0124       1 
0125       1 
0126       1 
0127       1 
0128       1 
0129       1 
0130       1 
0131       1 
0132       1 
0133       1 
0134       1 
0135       1 
0136       1 
0137       1 
0138       1 
0139       1 
0140       1 
0141       1 
0142       1 
0143       1 
0144       1 
0145       1 
0146       1 
0147       1 
0148       1 
0149       1 
0150       1 
0151       1 
0152       1 
0153       1 
0154       1 
0155       1 
0156       1 
0157       1 
0158       1 
0159       1 
0160       1 
0161       1 
0162       1 
0163       1 
0164       1 
0165       1 
0166       1 
0167       1 
0168       1 
0169       1 
0170       1 
0171       1 
0172       1 
0173       1 
0174       1 
0175       1 
0176       1 
0177       1 
0178       1 
0179       1 
0180       1 
0181       1 
0182       1 
0183       1 
0184       1 
0185       1 
0186       1 
0187       1 
0188       1 
0189       1 
0190       1 
0191       1 
0192       1 
0193       1 
0194       1 
0195       1 
0196       1 
0197       1 
0198       1 
0199       1 
0200       1 
0201       1 
0202       1 
0203       1 
0204       1 
0205       1 
0206       1 
0207       1 
0208       1 
0209       1 
0210       1 
0211       1 
0212       1 
0213       1 
0214       1 
0215       1 
0216       1 
0217       1 
0218       1 
0219       1 
0220       1 
0221       1 
0222       1 
0223       1 
0224       1 
0225       1 
0226       1 
0227       1 
0228       1 
0229       1 
0230       1 
0231       1 
0232       1 
0233       1 
0234       1 
0235       1 
0236       1 
0237       1 
0238       1 
0239       1 
0240       1 
0241       1 
0242       1 
0243       1 
0244       1 
0245       1 
0246       1 
0247       1 
0248       1 
0249       1 
0250       1 
0251       1 
0252       1 
0253       1 
0254       1 
0255       1 
0256       1 
0257       1 
0258       1 
0259       1 
0260       1 
0261       1 
0262       1 
0263       1 
0264       1 
0265       1 
0266       1 
0267       1 
0268       1 
0269       1 
0270       1 
0271       1 
0272       1 
0273       1 
0274       1 
0275       1 
0276       1 
0277       1 
0278       1 
0279       1 
0280       1 
0281       1 
0282       1 
0283       1 
0284       1 
0285       1 
0286       1 
0287       1 
0288       1 
0289       1 
0290       1 
0291       1 
0292       1 
0293       1 
0294       1 
0295       1 
0296       1 
0297       1 
0298       1 
0299       1 
0300       1 
0301       1 
0302       1 
0303       1 
0304       1 
0305       1 
0306       1 
0307       1 
0308       1 
0309       1 
0310       1 
0311       1 
0312       1 
0313       1 
0314       1 
0315       1 
0316       1 
0317       1 
0318       1 
0319       1 
0320       1 
0321       1 
0322       1 
0323       1 
0324       1 
0325       1 
0326       1 
0327       1 
0328       1 
0329       1 
0330       1 
0331       1 
0332       1 
0333       1 
0334       1 
0335       1 
0336       1 
0337       1 
0338       1 
0339       1 
0340       1 
0341       1 
0342       1 
0343       1 
0344       1 
0345       1 
0346       1 
0347       1 
0348       1 
0349       1 
0350       1 
0351       1 
0352       1 
0353       1 
0354       1 
0355       1 
0356       1 
0357       1 
0358       1 
0359       1 
0360       1 
0361       1 
0362       1 
0363       1 
0364       1 
0365       1 
0366       1 
0367       1 
0368       1 
0369       1 
0370       1 
0371       1 
0372       1 
0373       1 
0374       1 
0375       17517 
0376       17517 
0377       17478 
0378       17448 
0379       17410 
0380       1 
0381       1 
0382       1 
0383       16581 
0384       16581 
0385       1 
0386       1 
0387       1 
0388       1 
0389       16463 
0390       16475 
0391       16532 
0392       16540 
0393       16540 
0394       16347 
0395       1 
0396       1 
0397       1 
0398       1 
0399       1 
0400       1 
0401       1 
0402       1 
0403       1 
0404       1 
0405       1 
0406       1 
0407       1 
0408       1 
0409       1 
0410       1 
0411       15474 
0412       15480 
0413       15474 
0414       15462 
0415       1 
0416       1 
0417       1 
0418       1 
0419       1 
0420       1 
0421       1 
0422       1 
0423       15351 
0424       15351 
0425       15351 
0426       15335 
0427       1 
0428       1 
0429       1 
0430       15311 
0431       15311 
0432       1 
0433       1 
0434       1 
0435       17688 
0436       17732 
0437       17732 
0438       1 
0439       1 
0440       1 
0441       1 
0442       1 
0443       1 
0444       1 
0445       1 
0446       1 
0447       1 
0448       1 
0449       1 
0450       1 
0451       1 
0452       1 
0453       1 
0454       1 
0455       1 
0456       1 
0457       1 
0458       1 
0459       1 
0460       1 
0461       1 
0462       1 
0463       1 
0464       1 
0465       1 
0466       1 
0467       1 
0468       1 
0469       1 
0470       1 
0471       1 
0472       1 
0473       1 
0474       17329 
0475       17329 
0476       17346 
0477       44758 
0478       44758 
0479       44758 
0480       1 
0481       1 
0482       1 
0483       17648 
0484       17648 
0485       1 
0486       1 
0487       1 
0488       1 
0489       1 
0490       1 
0491       14144 
0492       14144 
0493       14144 
0494       14309 
0495       14574 
0496       14640 
0497       14663 
0498       14667 
0499       14667 
0500       1 
0501       1 
0502       1 
0503       1 
0504       1 
0505       1 
0506       1 
0507       1 
0508       1 
0509       1 
0510       1 
0511       1 
0512       1 
0513       1 
0514       1 
0515       1 
0516       1 
0517       1 
0518       1 
0519       1 
0520       1 
0521       1 
0522       1 
0523       1 
0524       1 
0525       1 
0526       1 
0527       1 
0528       1 
0529       1 
0530       1 
0531       1 
0532       1 
0533       1 
0534       1 
0535       1 
0536       1 
0537       1 
0538       1 
0539       1 
0540       1 
0541       1 
0542       1 
0543       1 
0544       1 
0545       1 
0546       1 
0547       18393 
0548       18443 
0549       18443 
0550       18337 
0551       18298 
0552       18337 
0553       18372 
0554       18372 
0555       1 
0556       1 
0557       1 
0558       1 
0559       1 
0560       1 
0561       1 
0562       1 
0563       1 
0564       1 
0565       1 
0566       1 
0567       1 
0568       1 
0569       18062 
0570       18062 
0571       17659 
0572       17645 
0573       17645 
0574       17645 
0575       17386 
0576       17248 
0577       17248 
0578       17127 
0579       17014 
0580       16864 
0581       16750 
0582       16611 
0583       16477 
0584       16413 
0585       16317 
0586       16254 
0587       16207 
0588       16110 
0589       16012 
0590       15922 
0591       15884 
0592       15752 
0593       15642 
0594       15516 
0595       15372 
0596       15319 
0597       15236 
0598       15176 
0599       15116 
0600       15078 
0601       14984 
0602       14951 
0603       14906 
0604       14859 
0605       14804 
0606       14757 
0607       14660 
0608       14628 
0609       14568 
0610       14492 
0611       14430 
0612       14374 
0613       14261 
0614       14196 
0615       14192 
0616       14170 
0617       14051 
0618       14050 
0619       14023 
0620       13932 
0621       13876 
0622       13834 
0623       13795 
0624       13694 
0625       13628 
0626       13624 
0627       13618 
0628       13618 
0629       13611 
0630       13556 
0631       13457 
0632       13430 
0633       13404 
0634       13329 
0635       13277 
0636       13185 
0637       13149 
0638       13107 
0639       13061 
0640       13006 
0641       12976 
0642       12898 
0643       12864 
0644       12814 
0645       12776 
0646       12755 
0647       12688 
0648       12642 
0649       12602 
0650       12551 
0651       12530 
0652       12473 
0653       12440 
0654       12429 
0655       12383 
0656       12325 
0657       12280 
0658       12259 
0659       12249 
0660       12200 
0661       12187 
0662       12147 
0663       12133 
0664       12064 
0665       12045 
0666       11999 
0667       11986 
0668       11963 
0669       11928 
0670       11880 
0671       11850 
0672       11830 
0673       11781 
0674       11753 
0675       11739 
0676       11710 
0677       11693 
0678       11653 
0679       11648 
0680       11580 
0681       11572 
0682       11528 
0683       11516 
0684       11507 
0685       11465 
0686       11432 
0687       11403 
0688       11375 
0689       11374 
0690       11350 
0691       11314 
0692       11295 
0693       11276 
0694       11268 
0695       11246 
0696       11201 
0697       11192 
0698       11156 
0699       11152 
0700       11138 
0701       11099 
0702       11083 
0703       11069 
0704       11063 
0705       11048 
0706       11043 
0707       10987 
0708       10979 
0709       10964 
0710       10937 
0711       10899 
0712       10899 
0713       10899 
0714       10874 
0715       10869 
0716       10846 
0717       10844 
0718       10797 
0719       10790 
0720       10790 
0721       10790 
0722       10760 
0723       10743 
0724       10719 
0725       10712 
0726       10698 
0727       10685 
0728       10685 
0729       10651 
0730       10650 
0731       10632 
0732       10625 
0733       10612 
0734       10612 
0735       10607 
0736       10607 
0737       10594 
0738       10539 
0739       10535 
0740       10524 
0741       10520 
0742       10517 
0743       10514 
0744       10508 
0745       10483 
0746       10473 
0747       10462 
0748       10445 
0749       10457 
0750       10433 
0751       10433 
0752       10432 
0753       10425 
0754       10413 
0755       10425 
0756       10413 
0757       10389 
0758       10386 
0759       10372 
0760       10357 
0761       10357 
0762       10353 
0763       10353 
0764       10350 
0765       10338 
0766       10338 
0767       10332 
0768       10318 
0769       10318 
0770       10318 
0771       10302 
0772       10302 
0773       10302 
0774       10284 
0775       10282 
0776       10275 
0777       10282 
0778       10286 
0779       10286 
0780       10286 
0781       10285 
0782       10267 
0783       10269 
0784       10269 
0785       10269 
0786       10269 
0787       10263 
0788       10260 
0789       10249 
0790       10249 
0791       10254 
0792       10259 
0793       10263 
0794       10263 
0795       10263 
0796       10255 
0797       10260 
0798       10259 
0799       10259 
0800       10259 
0801       10265 
0802       10265 
0803       10258 
0804       10258 
0805       10266 
0806       10274 
0807       10266 
0808       10262 
0809       10262 
0810       10269 
0811       10269 
0812       10279 
0813       10280 
0814       10288 
0815       10288 
0816       10288 
0817       10309 
0818       10309 
0819       10311 
0820       10333 
0821       10336 
0822       10333 
0823       523 
0824       523 
0825       523 
0826       525 
0827       525 
0828       525 
0829       524 
0830       524 
0831       522 
0832       518 
0833       516 
0834       515 
0835       514 
0836       515 
0837       515 
0838       517 
0839       517 
0840       520 
0841       517 
0842       525 
0843       524 
0844       524 
0845       520 
0846       524 
0847       524 
0848       525 
0849       525 
0850       532 
0851       533 
0852       533 
0853       544 
0854       545 
0855       550 
0856       550 
0857       558 
0858       591 
0859       792 
0860       792 
0861       792 
0862       791 
0863       791 
0864       791 
0865       786 
0866       786 
0867       799 
0868       799 
0869       826 
0870       874 
0871       1128 
0872       1128 
0873       1128 
0874       1067 
0875       1046 
0876       1046 
0877       1046 
0878       1052 
0879       1054 
0880       1111 
0881       1188 
0882       1282 
0883       1283 
0884       1290 
0885       1290 
0886       1330 
0887       1381 
0888       1491 
0889       1541 
0890       1573 
0891       1651 
0892       1773 
0893       1804 
0894       1810 
0895       1812 
0896       1827 
0897       1839 
0898       1839 
0899       1839 
0900       1840 
0901       1840 
0902       1853 
0903       1862 
0904       1865 
0905       1869 
0906       1880 
0907       1882 
0908       1884 
0909       1894 
0910       1897 
0911       1911 
0912       1913 
0913       1928 
0914       1934 
0915       1942 
0916       2001 
0917       2041 
0918       2061 
0919       2062 
0920       2067 
0921       2071 
0922       2075 
0923       2088 
0924       2090 
0925       2093 
0926       2100 
0927       2123 
0928       2142 
0929       2147 
0930       2147 
0931       2152 
0932       2154 
0933       2158 
0934       2169 
0935       2181 
0936       2185 
0937       2193 
0938       2196 
0939       2199 
0940       2211 
0941       2214 
0942       2224 
0943       2227 
0944       2244 
0945       2245 
0946       2257 
0947       2271 
0948       2274 
0949       2276 
0950       2278 
0951       2300 
0952       2312 
0953       2317 
0954       2322 
0955       2324 
0956       2338 
0957       2340 
0958       2347 
0959       2373 
0960       2375 
0961       2387 
0962       2387 
0963       2394 
0964       2405 
0965       2423 
0966       2433 
0967       2444 
0968       2446 
0969       2450 
0970       2467 
0971       2484 
0972       2501 
0973       2504 
0974       2523 
0975       2524 
0976       2534 
0977       2544 
0978       2560 
0979       2565 
0980       2577 
0981       2588 
0982       2588 
0983       2624 
0984       2629 
0985       2640 
0986       2649 
0987       2671 
0988       2682 
0989       2701 
0990       2708 
0991       2744 
0992       2746 
0993       2761 
0994       2773 
0995       2792 
0996       2814 
0997       2817 
0998       2833 
0999       2838 
1000       2846 
1001       2855 
1002       2884 
1003       2907 
1004       2907 
1005       2922 
1006       2922 
1007       4 
1008       4 
1009       4 
1010       4 
1011       4 
1012       48 
1013       48 
1014       48 
1015       48 
1016       48 
1017       4 
1018       51 
1019       51 
1020       45 
1021       44 
1022       45 
1023       45 
1024       47 
1025       62 
1026       68 
1027       68 
1028       68 
1029       54 
1030       49 
1031       49 
1032       49 
1033       49 
1034       58 
1035       62 
1036       62 
1037       69 
1038       69 
1039       70 
1040       70 
1041       69 
1042       69 
1043       74 
1044       99 
1045       99 
1046       99 
1047       87 
1048       69 
1049       68 
1050       66 
1051       66 
1052       66 
1053       62 
1054       60 
1055       60 
1056       60 
1057       64 
1058       65 
1059       65 
1060       64 
1061       64 
1062       67 
1063       69 
1064       70 
1065       70 
1066       70 
1067       69 
1068       70 
1069       64 
1070       64 
1071       66 
1072       67 
1073       66 
1074       67 
1075       68 
1076       69 
1077       68 
1078       69 
1079       68 
1297966609.555179
