0000       1 
0001       1 
0002       1 
0003       1 
0004       1 
0005       1 
0006       1 
0007       1 
0008       1 
0009       1 
0010       1 
0011       1 
0012       1 
0013       1 
0014       1 
0015       1 
0016       1 
0017       1 
0018       1 
0019       1 
0020       1 
0021       1 
0022       1 
0023       1 
0024       1 
0025       1 
0026       1 
0027       1 
0028       1 
0029       1 
0030       1 
0031       1 
0032       1 
0033       1 
0034       1 
0035       1 
0036       1 
0037       1 
0038       1 
0039       1 
0040       1 
0041       1 
0042       1 
0043       1 
0044       1 
0045       1 
0046       1 
0047       1 
0048       1 
0049       1 
0050       1 
0051       1 
0052       1 
0053       1 
0054       1 
0055       1 
0056       1 
0057       1 
0058       1 
0059       1 
0060       1 
0061       1 
0062       1 
0063       1 
0064       1 
0065       1 
0066       1 
0067       1 
0068       1 
0069       1 
0070       1 
0071       1 
0072       1 
0073       1 
0074       1 
0075       1 
0076       1 
0077       1 
0078       1 
0079       1 
0080       1 
0081       1 
0082       1 
0083       1 
0084       1 
0085       1 
0086       1 
0087       1 
0088       1 
0089       1 
0090       1 
0091       1 
0092       1 
0093       1 
0094       1 
0095       1 
0096       1 
0097       1 
0098       1 
0099       1 
0100       1 
0101       1 
0102       1 
0103       1 
0104       1 
0105       1 
0106       1 
0107       1 
0108       1 
0109       1 
0110       1 
0111       1 
0112       1 
0113       1 
0114       1 
0115       1 
0116       1 
0117       1 
0118       1 
0119       1 
0120       1 
0121       1 
0122       1 
0123       1 
0124       1 
0125       1 
0126       1 
0127       1 
0128       4529 
0129       4552 
0130       4552 
0131       4544 
0132       4544 
0133       4528 
0134       4525 
0135       4521 
0136       4520 
0137       4519 
0138       4518 
0139       4502 
0140       4502 
0141       4501 
0142       4502 
0143       4502 
0144       4496 
0145       4496 
0146       4493 
0147       4493 
0148       4493 
0149       4491 
0150       4491 
0151       4491 
0152       4485 
0153       4484 
0154       4482 
0155       4482 
0156       4482 
0157       4482 
0158       4482 
0159       4477 
0160       4473 
0161       4473 
0162       4473 
0163       4473 
0164       4474 
0165       4476 
0166       4478 
0167       4478 
0168       4478 
0169       4473 
0170       4462 
0171       4462 
0172       4473 
0173       4471 
0174       4471 
0175       4475 
0176       4475 
0177       4474 
0178       4480 
0179       4480 
0180       4479 
0181       4479 
0182       4479 
0183       4479 
0184       4480 
0185       4482 
0186       4482 
0187       4484 
0188       4484 
0189       4484 
0190       4484 
0191       4484 
0192       4484 
0193       4493 
0194       4493 
0195       4493 
0196       4494 
0197       4494 
0198       4503 
0199       4509 
0200       4509 
0201       4510 
0202       4509 
0203       4510 
0204       4511 
0205       4512 
0206       4512 
0207       4526 
0208       4531 
0209       4532 
0210       4532 
0211       4535 
0212       4536 
0213       4549 
0214       4550 
0215       4550 
0216       4549 
0217       4549 
0218       4553 
0219       4542 
0220       4569 
0221       4569 
0222       4440 
0223       1 
0224       1 
0225       1 
0226       1 
0227       1 
0228       1 
0229       1 
0230       1 
0231       1 
0232       1 
0233       1 
0234       1 
0235       1 
0236       1 
0237       1 
0238       1 
0239       1 
0240       1 
0241       1 
0242       1 
0243       1 
0244       1 
0245       1 
0246       1 
0247       1 
0248       1 
0249       1 
0250       1 
0251       23544 
0252       23584 
0253       23630 
0254       23645 
0255       23694 
0256       23728 
0257       23764 
0258       23801 
0259       23801 
0260       23850 
0261       23929 
0262       23929 
0263       1 
0264       1 
0265       1 
0266       1 
0267       1 
0268       1 
0269       1 
0270       1 
0271       1 
0272       1 
0273       1 
0274       1 
0275       1 
0276       1 
0277       1 
0278       1 
0279       1 
0280       1 
0281       1 
0282       1 
0283       1 
0284       1 
0285       1 
0286       18674 
0287       18674 
0288       18656 
0289       18507 
0290       1 
0291       1 
0292       1 
0293       1 
0294       1 
0295       1 
0296       1 
0297       1 
0298       1 
0299       12305 
0300       12323 
0301       12323 
0302       12345 
0303       12381 
0304       12418 
0305       12455 
0306       12455 
0307       12435 
0308       12362 
0309       12283 
0310       12192 
0311       12167 
0312       12101 
0313       12012 
0314       11971 
0315       11839 
0316       11794 
0317       11733 
0318       11712 
0319       11624 
0320       11551 
0321       11518 
0322       11449 
0323       11359 
0324       11315 
0325       11238 
0326       11183 
0327       11121 
0328       11050 
0329       11049 
0330       10984 
0331       10928 
0332       10845 
0333       10772 
0334       10711 
0335       10703 
0336       10634 
0337       10586 
0338       10541 
0339       9822 
0340       9735 
0341       9735 
0342       9740 
0343       9771 
0344       9795 
0345       9860 
0346       9959 
0347       9991 
0348       10046 
0349       10074 
0350       10130 
0351       10165 
0352       10206 
0353       10243 
0354       10292 
0355       10353 
0356       10412 
0357       10412 
0358       10430 
0359       10459 
0360       10503 
0361       10505 
0362       10539 
0363       10543 
0364       10577 
0365       10660 
0366       10707 
0367       10792 
0368       10836 
0369       10919 
0370       10994 
0371       11067 
0372       11123 
0373       11157 
0374       11204 
0375       11239 
0376       11289 
0377       11312 
0378       11415 
0379       11450 
0380       11461 
0381       11461 
0382       11413 
0383       11381 
0384       11347 
0385       11297 
0386       11268 
0387       11245 
0388       11187 
0389       11170 
0390       11132 
0391       11092 
0392       11075 
0393       11038 
0394       10989 
0395       10965 
0396       10950 
0397       10906 
0398       10875 
0399       10840 
0400       10816 
0401       10783 
0402       10747 
0403       10705 
0404       10690 
0405       10655 
0406       10645 
0407       10592 
0408       10587 
0409       10557 
0410       10537 
0411       10514 
0412       10465 
0413       10443 
0414       10436 
0415       10399 
0416       10377 
0417       10349 
0418       10314 
0419       10290 
0420       10270 
0421       10249 
0422       10231 
0423       10198 
0424       10181 
0425       10152 
0426       10128 
0427       10115 
0428       10101 
0429       10077 
0430       10072 
0431       10029 
0432       10020 
0433       10006 
0434       10006 
0435       10055 
0436       10138 
0437       10147 
0438       10147 
0439       10009 
0440       9945 
0441       9934 
0442       9874 
0443       9840 
0444       9803 
0445       9802 
0446       9802 
0447       9819 
0448       9819 
0449       9808 
0450       9742 
0451       9728 
0452       9709 
0453       9707 
0454       9694 
0455       9678 
0456       9678 
0457       9694 
0458       9703 
0459       9718 
0460       9718 
0461       9661 
0462       9644 
0463       9654 
0464       9643 
0465       9654 
0466       9654 
0467       9675 
0468       9695 
0469       9695 
0470       9664 
0471       9664 
0472       9678 
0473       9680 
0474       9680 
0475       9671 
0476       9661 
0477       9653 
0478       9653 
0479       9653 
0480       9702 
0481       9718 
0482       9741 
0483       9850 
0484       9947 
0485       9947 
0486       9944 
0487       9944 
0488       9983 
0489       10056 
0490       10056 
0491       10036 
0492       10020 
0493       10016 
0494       10016 
0495       10017 
0496       10059 
0497       10082 
0498       10089 
0499       10112 
0500       10112 
0501       10086 
0502       10069 
0503       10047 
0504       10045 
0505       9987 
0506       9987 
0507       9990 
0508       10004 
0509       10031 
0510       10031 
0511       10025 
0512       10022 
0513       10022 
0514       10057 
0515       10121 
0516       10436 
0517       11283 
0518       11285 
0519       11283 
0520       11277 
0521       11277 
0522       11292 
0523       11292 
0524       11275 
0525       11274 
0526       11274 
0527       11264 
0528       11264 
0529       11255 
0530       11268 
0531       11268 
0532       11271 
0533       11282 
0534       11282 
0535       11272 
0536       11261 
0537       11272 
0538       11275 
0539       11278 
0540       11281 
0541       11283 
0542       11283 
0543       11289 
0544       11290 
0545       11295 
0546       11295 
0547       11295 
0548       11301 
0549       11312 
0550       11328 
0551       11332 
0552       11332 
0553       11332 
0554       11332 
0555       11336 
0556       11348 
0557       11348 
0558       11348 
0559       11361 
0560       11368 
0561       11374 
0562       11383 
0563       11395 
0564       11416 
0565       11428 
0566       11428 
0567       11432 
0568       11453 
0569       11454 
0570       11454 
0571       11450 
0572       11450 
0573       11472 
0574       11485 
0575       11489 
0576       11490 
0577       11498 
0578       11537 
0579       11537 
0580       11528 
0581       11528 
0582       11568 
0583       11594 
0584       11594 
0585       11585 
0586       11584 
0587       11585 
0588       11597 
0589       11616 
0590       11658 
0591       11679 
0592       11685 
0593       11695 
0594       11702 
0595       11723 
0596       11723 
0597       11724 
0598       11755 
0599       11769 
0600       11775 
0601       11821 
0602       11825 
0603       11844 
0604       11846 
0605       11865 
0606       11899 
0607       11915 
0608       11924 
0609       11949 
0610       11953 
0611       12001 
0612       12004 
0613       12034 
0614       12076 
0615       12096 
0616       12118 
0617       12130 
0618       12159 
0619       12190 
0620       12221 
0621       12247 
0622       12266 
0623       12331 
0624       12336 
0625       12391 
0626       12441 
0627       12442 
0628       12486 
0629       12536 
0630       12536 
0631       1 
0632       1 
0633       1 
0634       12422 
0635       12422 
0636       1 
0637       1 
0638       1 
0639       1 
0640       12628 
0641       12628 
0642       12635 
0643       12628 
0644       1 
0645       1 
0646       1 
0647       1 
0648       1 
0649       13108 
0650       13125 
0651       13176 
0652       13176 
0653       13124 
0654       1 
0655       1 
0656       13124 
0657       13340 
0658       13373 
0659       13417 
0660       13468 
0661       13493 
0662       13535 
0663       13568 
0664       13574 
0665       13618 
0666       13659 
0667       13675 
0668       13704 
0669       13734 
0670       13770 
0671       13842 
0672       13843 
0673       13865 
0674       13916 
0675       13946 
0676       13996 
0677       14002 
0678       14058 
0679       14085 
0680       14143 
0681       14181 
0682       14245 
0683       14267 
0684       14300 
0685       14375 
0686       14382 
0687       14442 
0688       14442 
0689       13265 
0690       13265 
0691       13271 
0692       13271 
0693       13251 
0694       13251 
0695       13275 
0696       13322 
0697       13341 
0698       13380 
0699       13382 
0700       13447 
0701       13481 
0702       13481 
0703       13490 
0704       13512 
0705       13558 
0706       13566 
0707       13611 
0708       13629 
0709       13675 
0710       13740 
0711       13755 
0712       13830 
0713       13878 
0714       13957 
0715       14020 
0716       14136 
0717       14192 
0718       14192 
0719       1 
0720       1 
0721       1 
0722       1 
0723       1 
0724       1 
0725       14574 
0726       14574 
0727       14574 
0728       14574 
0729       14312 
0730       14434 
0731       14434 
0732       14434 
0733       14404 
0734       14331 
0735       14282 
0736       14282 
0737       14283 
0738       14283 
0739       14283 
0740       14266 
0741       14306 
0742       14369 
0743       14369 
0744       14317 
0745       14317 
0746       14335 
0747       14373 
0748       14335 
0749       14335 
0750       1 
0751       1 
0752       1 
0753       1 
0754       1 
0755       14498 
0756       14604 
0757       14680 
0758       14829 
0759       14879 
0760       14930 
0761       15228 
0762       15228 
0763       15004 
0764       14911 
0765       14911 
0766       15004 
0767       15225 
0768       15333 
0769       15362 
0770       15362 
0771       15433 
0772       15502 
0773       15502 
0774       15460 
0775       15412 
0776       15368 
0777       15323 
0778       15293 
0779       15273 
0780       15232 
0781       15184 
0782       15163 
0783       15114 
0784       15081 
0785       15049 
0786       15014 
0787       14992 
0788       14938 
0789       14908 
0790       14884 
0791       14862 
0792       14823 
0793       14786 
0794       14763 
0795       14734 
0796       14717 
0797       14674 
0798       14645 
0799       14640 
0800       14587 
0801       14552 
0802       14539 
0803       14512 
0804       14512 
0805       14531 
0806       14545 
0807       14620 
0808       14620 
0809       14612 
0810       14584 
0811       14510 
0812       14510 
0813       16455 
0814       16455 
0815       16447 
0816       16447 
0817       16560 
0818       16560 
0819       16546 
0820       1 
0821       1 
0822       1 
0823       1 
0824       1 
0825       1 
0826       1 
0827       1 
0828       14045 
0829       14045 
0830       13941 
0831       13901 
0832       13885 
0833       13878 
0834       13853 
0835       13840 
0836       13828 
0837       13799 
0838       13783 
0839       13775 
0840       13775 
0841       13836 
0842       13907 
0843       13907 
0844       13905 
0845       13896 
0846       13894 
0847       13874 
0848       13861 
0849       13839 
0850       13827 
0851       13839 
0852       15823 
0853       15823 
0854       15796 
0855       15796 
0856       15795 
0857       1 
0858       1 
0859       1 
0860       1 
0861       1 
0862       1 
0863       1 
0864       1 
0865       1 
0866       1 
0867       1 
0868       1 
0869       1 
0870       1 
0871       1 
0872       1 
0873       1 
0874       1 
0875       1 
0876       1 
0877       1 
0878       1 
0879       1 
0880       1 
0881       1 
0882       1 
0883       1 
0884       1 
0885       1 
0886       1 
0887       1 
0888       1 
0889       1 
0890       1 
0891       1 
0892       1 
0893       1 
0894       1 
0895       1 
0896       1 
0897       1 
0898       1 
0899       1 
0900       1 
0901       1 
0902       1 
0903       1 
0904       1 
0905       1 
0906       1 
0907       1 
0908       1 
0909       1 
0910       1 
0911       1 
0912       1 
0913       1 
0914       1 
0915       1 
0916       1 
0917       1 
0918       1 
0919       1 
0920       1 
0921       1 
0922       1 
0923       1 
0924       1 
0925       1 
0926       1 
0927       1 
0928       1 
0929       1 
0930       1 
0931       1 
0932       1 
0933       1 
0934       1 
0935       1 
0936       1 
0937       1 
0938       1 
0939       1 
0940       1 
0941       1 
0942       1 
0943       1 
0944       1 
0945       1 
0946       1 
0947       1 
0948       1 
0949       1 
0950       1 
0951       1 
0952       1 
0953       1 
0954       1 
0955       1 
0956       1 
0957       1 
0958       1 
0959       1 
0960       1 
0961       1 
0962       1 
0963       1 
0964       1 
0965       1 
0966       1 
0967       1 
0968       1 
0969       1 
0970       1 
0971       1 
0972       1 
0973       1 
0974       1 
0975       1 
0976       1 
0977       1 
0978       1 
0979       1 
0980       1 
0981       1 
0982       1 
0983       1 
0984       1 
0985       1 
0986       1 
0987       1 
0988       1 
0989       1 
0990       1 
0991       1 
0992       1 
0993       1 
0994       1 
0995       1 
0996       1 
0997       1 
0998       1 
0999       1 
1000       1 
1001       1 
1002       1 
1003       1 
1004       1 
1005       1 
1006       4 
1007       4 
1008       4 
1009       4 
1010       4 
1011       4 
1012       4 
1013       4 
1014       4 
1015       44 
1016       4 
1017       44 
1018       44 
1019       56 
1020       56 
1021       56 
1022       56 
1023       56 
1024       56 
1025       52 
1026       52 
1027       62 
1028       62 
1029       53 
1030       62 
1031       53 
1032       51 
1033       51 
1034       63 
1035       75 
1036       75 
1037       75 
1038       75 
1039       77 
1040       75 
1041       75 
1042       75 
1043       68 
1044       68 
1045       68 
1046       66 
1047       71 
1048       71 
1049       66 
1050       66 
1051       66 
1052       66 
1053       66 
1054       66 
1055       65 
1056       65 
1057       65 
1058       65 
1059       69 
1060       72 
1061       72 
1062       69 
1063       72 
1064       69 
1065       69 
1066       69 
1067       69 
1068       66 
1069       66 
1070       66 
1071       67 
1072       73 
1073       73 
1074       67 
1075       61 
1076       61 
1077       61 
1078       61 
1079       61 
1297966706.809239
