0000       1 
0001       1 
0002       1 
0003       1 
0004       1 
0005       1 
0006       1 
0007       1 
0008       1 
0009       1 
0010       1 
0011       1 
0012       1 
0013       1 
0014       1 
0015       1 
0016       1 
0017       1 
0018       1 
0019       1 
0020       1 
0021       1 
0022       1 
0023       1 
0024       1 
0025       1 
0026       1 
0027       1 
0028       1 
0029       1 
0030       1 
0031       1 
0032       1 
0033       1 
0034       1 
0035       1 
0036       1 
0037       1 
0038       1 
0039       1 
0040       1 
0041       1 
0042       1 
0043       1 
0044       1 
0045       1 
0046       1 
0047       1 
0048       1 
0049       1 
0050       1 
0051       1 
0052       1 
0053       1 
0054       1 
0055       1 
0056       1 
0057       1 
0058       1 
0059       1 
0060       1 
0061       1 
0062       1 
0063       1 
0064       1 
0065       1 
0066       1 
0067       1 
0068       1 
0069       1 
0070       1 
0071       1 
0072       1 
0073       1 
0074       1 
0075       1 
0076       1 
0077       1 
0078       1 
0079       1 
0080       1 
0081       1 
0082       1 
0083       1 
0084       1 
0085       1 
0086       1 
0087       1 
0088       1 
0089       1 
0090       1 
0091       1 
0092       1 
0093       1 
0094       1 
0095       1 
0096       1 
0097       1 
0098       1 
0099       1 
0100       1 
0101       1 
0102       1 
0103       1 
0104       1 
0105       1 
0106       1 
0107       1 
0108       1 
0109       1 
0110       1 
0111       1 
0112       1 
0113       1 
0114       1 
0115       1 
0116       1 
0117       1 
0118       1 
0119       1 
0120       1 
0121       1 
0122       1 
0123       1 
0124       1 
0125       1 
0126       1 
0127       1 
0128       1 
0129       1 
0130       1 
0131       1 
0132       1 
0133       1 
0134       19547 
0135       19547 
0136       19519 
0137       19491 
0138       19455 
0139       19449 
0140       19411 
0141       19398 
0142       19344 
0143       19336 
0144       19317 
0145       19302 
0146       1 
0147       1 
0148       1 
0149       1 
0150       19285 
0151       19285 
0152       19248 
0153       1 
0154       1 
0155       1 
0156       1 
0157       1 
0158       1 
0159       13330 
0160       13331 
0161       13334 
0162       13331 
0163       13310 
0164       13304 
0165       13293 
0166       13289 
0167       13267 
0168       13262 
0169       13262 
0170       13247 
0171       13239 
0172       13230 
0173       13230 
0174       13220 
0175       13216 
0176       13216 
0177       13204 
0178       13204 
0179       13199 
0180       13198 
0181       13191 
0182       12993 
0183       12967 
0184       12967 
0185       12967 
0186       12967 
0187       12966 
0188       12959 
0189       12954 
0190       12954 
0191       12972 
0192       12996 
0193       13099 
0194       13141 
0195       13153 
0196       13171 
0197       13172 
0198       13173 
0199       13172 
0200       13173 
0201       14708 
0202       14708 
0203       13217 
0204       13213 
0205       13217 
0206       14727 
0207       14727 
0208       13215 
0209       13209 
0210       13203 
0211       13137 
0212       13137 
0213       13139 
0214       13139 
0215       13021 
0216       12962 
0217       12940 
0218       12940 
0219       12951 
0220       12951 
0221       12951 
0222       12945 
0223       12959 
0224       12973 
0225       12975 
0226       12984 
0227       12982 
0228       12984 
0229       12991 
0230       13006 
0231       13006 
0232       12442 
0233       12442 
0234       12442 
0235       12442 
0236       12442 
0237       12467 
0238       13056 
0239       13057 
0240       13057 
0241       12566 
0242       12526 
0243       12566 
0244       12526 
0245       12526 
0246       12576 
0247       13149 
0248       13151 
0249       13217 
0250       13341 
0251       13360 
0252       13373 
0253       13374 
0254       13420 
0255       13425 
0256       13432 
0257       13437 
0258       13432 
0259       1 
0260       1 
0261       1 
0262       1 
0263       1 
0264       1 
0265       1 
0266       1 
0267       13668 
0268       13676 
0269       13676 
0270       13603 
0271       13551 
0272       13516 
0273       13516 
0274       13519 
0275       13564 
0276       13569 
0277       13603 
0278       13618 
0279       13624 
0280       13632 
0281       13661 
0282       13687 
0283       13720 
0284       13739 
0285       13756 
0286       13756 
0287       13553 
0288       13457 
0289       13457 
0290       13853 
0291       13896 
0292       13900 
0293       13951 
0294       13952 
0295       13996 
0296       14022 
0297       14042 
0298       14079 
0299       14085 
0300       14114 
0301       14158 
0302       14339 
0303       14339 
0304       14402 
0305       14457 
0306       14470 
0307       14500 
0308       14559 
0309       14592 
0310       14592 
0311       14635 
0312       14683 
0313       14701 
0314       14742 
0315       14748 
0316       14799 
0317       14808 
0318       14839 
0319       14839 
0320       14832 
0321       14832 
0322       14833 
0323       14876 
0324       14897 
0325       14922 
0326       14973 
0327       15005 
0328       15044 
0329       15087 
0330       15126 
0331       15182 
0332       15208 
0333       15263 
0334       15288 
0335       15330 
0336       15397 
0337       15402 
0338       15467 
0339       15649 
0340       15649 
0341       15560 
0342       1 
0343       1 
0344       1 
0345       15116 
0346       15116 
0347       14984 
0348       14933 
0349       14842 
0350       14777 
0351       14657 
0352       14581 
0353       14476 
0354       14407 
0355       14323 
0356       14267 
0357       14128 
0358       14062 
0359       13986 
0360       13947 
0361       13863 
0362       13762 
0363       13689 
0364       13616 
0365       13546 
0366       13465 
0367       13418 
0368       13369 
0369       13311 
0370       13272 
0371       13168 
0372       13098 
0373       13037 
0374       12987 
0375       12959 
0376       12853 
0377       12778 
0378       12741 
0379       12702 
0380       12615 
0381       12559 
0382       12500 
0383       12455 
0384       12384 
0385       12307 
0386       12303 
0387       12229 
0388       12193 
0389       12159 
0390       12098 
0391       12037 
0392       11985 
0393       11944 
0394       11928 
0395       11831 
0396       11818 
0397       11807 
0398       11735 
0399       11691 
0400       11623 
0401       11593 
0402       11546 
0403       11522 
0404       11485 
0405       11429 
0406       11386 
0407       11342 
0408       11294 
0409       11250 
0410       11230 
0411       11192 
0412       11146 
0413       11130 
0414       11087 
0415       11051 
0416       10983 
0417       10963 
0418       10930 
0419       10877 
0420       10875 
0421       10832 
0422       10801 
0423       10759 
0424       10707 
0425       10697 
0426       10670 
0427       10601 
0428       10519 
0429       10423 
0430       10413 
0431       10390 
0432       10350 
0433       10340 
0434       10293 
0435       10281 
0436       10245 
0437       10221 
0438       10167 
0439       10160 
0440       10141 
0441       10116 
0442       10073 
0443       10045 
0444       10044 
0445       10021 
0446       9972 
0447       9956 
0448       9933 
0449       9928 
0450       9897 
0451       9889 
0452       9831 
0453       9811 
0454       9795 
0455       9786 
0456       9784 
0457       9724 
0458       9711 
0459       9684 
0460       9664 
0461       9656 
0462       9619 
0463       9618 
0464       9604 
0465       9572 
0466       9542 
0467       9529 
0468       9517 
0469       9500 
0470       9498 
0471       9490 
0472       9453 
0473       9433 
0474       9427 
0475       9405 
0476       9385 
0477       9347 
0478       9347 
0479       9347 
0480       9329 
0481       9329 
0482       9299 
0483       9298 
0484       9298 
0485       9311 
0486       9321 
0487       9321 
0488       9319 
0489       9299 
0490       9299 
0491       9291 
0492       9264 
0493       9251 
0494       9248 
0495       9227 
0496       9207 
0497       9192 
0498       9178 
0499       9177 
0500       9170 
0501       9156 
0502       9144 
0503       9120 
0504       9114 
0505       9113 
0506       9107 
0507       9107 
0508       9090 
0509       9070 
0510       9064 
0511       9062 
0512       9055 
0513       9043 
0514       9024 
0515       9008 
0516       9024 
0517       9008 
0518       8987 
0519       8972 
0520       8969 
0521       8972 
0522       8969 
0523       8972 
0524       8956 
0525       8952 
0526       8945 
0527       8940 
0528       8927 
0529       8927 
0530       8919 
0531       8919 
0532       8907 
0533       8905 
0534       8889 
0535       8889 
0536       8900 
0537       8900 
0538       8895 
0539       8882 
0540       8879 
0541       8882 
0542       8879 
0543       8870 
0544       8865 
0545       8864 
0546       8863 
0547       8853 
0548       8846 
0549       8841 
0550       8833 
0551       6284 
0552       6284 
0553       6342 
0554       6368 
0555       6372 
0556       6378 
0557       6378 
0558       6389 
0559       6389 
0560       6392 
0561       6394 
0562       6394 
0563       6374 
0564       6374 
0565       6375 
0566       6396 
0567       6400 
0568       6400 
0569       6407 
0570       6407 
0571       6407 
0572       6408 
0573       6408 
0574       6394 
0575       6374 
0576       6374 
0577       6393 
0578       6404 
0579       6414 
0580       6407 
0581       6415 
0582       6415 
0583       6427 
0584       6430 
0585       6427 
0586       6418 
0587       6412 
0588       6412 
0589       6441 
0590       6447 
0591       6458 
0592       6458 
0593       6459 
0594       6456 
0595       6461 
0596       6470 
0597       6470 
0598       6449 
0599       6442 
0600       6442 
0601       6464 
0602       6493 
0603       6511 
0604       6511 
0605       6512 
0606       6512 
0607       6522 
0608       6526 
0609       6526 
0610       6508 
0611       6508 
0612       6531 
0613       6539 
0614       6564 
0615       6569 
0616       6569 
0617       6578 
0618       6583 
0619       6583 
0620       6583 
0621       6581 
0622       6581 
0623       6590 
0624       6618 
0625       6627 
0626       6640 
0627       6659 
0628       6667 
0629       6667 
0630       6667 
0631       6680 
0632       6680 
0633       6680 
0634       6696 
0635       6717 
0636       6738 
0637       6747 
0638       6756 
0639       6766 
0640       6774 
0641       6794 
0642       6794 
0643       6790 
0644       6790 
0645       6817 
0646       6838 
0647       6844 
0648       6847 
0649       6864 
0650       6888 
0651       6891 
0652       6904 
0653       6904 
0654       6908 
0655       6941 
0656       6972 
0657       6977 
0658       6986 
0659       6992 
0660       7005 
0661       7034 
0662       7049 
0663       7049 
0664       7060 
0665       7075 
0666       7095 
0667       7115 
0668       7128 
0669       7149 
0670       7175 
0671       7184 
0672       7184 
0673       7195 
0674       7210 
0675       7233 
0676       7251 
0677       7268 
0678       7301 
0679       7312 
0680       7328 
0681       7342 
0682       7344 
0683       7363 
0684       7383 
0685       7406 
0686       7434 
0687       7456 
0688       7470 
0689       7512 
0690       7516 
0691       7516 
0692       7543 
0693       7582 
0694       7585 
0695       7629 
0696       7653 
0697       7683 
0698       7685 
0699       7696 
0700       7700 
0701       7759 
0702       7780 
0703       7817 
0704       7847 
0705       7862 
0706       7875 
0707       7877 
0708       7909 
0709       7954 
0710       7988 
0711       8022 
0712       8039 
0713       8074 
0714       8081 
0715       8084 
0716       8125 
0717       8190 
0718       8226 
0719       8263 
0720       8292 
0721       8299 
0722       8312 
0723       8329 
0724       8413 
0725       8453 
0726       8464 
0727       8489 
0728       8516 
0729       8516 
0730       8568 
0731       8610 
0732       8655 
0733       8706 
0734       8739 
0735       8740 
0736       8757 
0737       8832 
0738       8865 
0739       8924 
0740       8967 
0741       8980 
0742       8983 
0743       9055 
0744       9106 
0745       9145 
0746       9202 
0747       9209 
0748       9224 
0749       9299 
0750       9374 
0751       9423 
0752       9464 
0753       9465 
0754       9509 
0755       9586 
0756       9622 
0757       9678 
0758       9714 
0759       9727 
0760       9816 
0761       9872 
0762       9919 
0763       9964 
0764       9967 
0765       9967 
0766       9970 
0767       9953 
0768       9953 
0769       1 
0770       13822 
0771       13954 
0772       14051 
0773       14051 
0774       14019 
0775       14019 
0776       1 
0777       14173 
0778       14479 
0779       14479 
0780       1 
0781       1 
0782       1 
0783       1 
0784       1 
0785       1 
0786       1 
0787       1 
0788       15243 
0789       15561 
0790       15561 
0791       15545 
0792       15480 
0793       15469 
0794       15399 
0795       15343 
0796       15319 
0797       15281 
0798       15237 
0799       15193 
0800       15150 
0801       15114 
0802       15073 
0803       15066 
0804       15010 
0805       14974 
0806       14941 
0807       14886 
0808       14862 
0809       14842 
0810       14808 
0811       14760 
0812       14738 
0813       14704 
0814       14668 
0815       14648 
0816       14616 
0817       14564 
0818       14529 
0819       14501 
0820       14475 
0821       14452 
0822       14395 
0823       14387 
0824       14342 
0825       14322 
0826       14295 
0827       14265 
0828       14206 
0829       1 
0830       1 
0831       1 
0832       1 
0833       1 
0834       1 
0835       1 
0836       1 
0837       1 
0838       1 
0839       1 
0840       1 
0841       1 
0842       1 
0843       1 
0844       1 
0845       1 
0846       1 
0847       1 
0848       1 
0849       1 
0850       1 
0851       1 
0852       1 
0853       1 
0854       1 
0855       1 
0856       1 
0857       1 
0858       1 
0859       1 
0860       1 
0861       1 
0862       1 
0863       1 
0864       1 
0865       1 
0866       1 
0867       1 
0868       1 
0869       1 
0870       1 
0871       1 
0872       1 
0873       1 
0874       1 
0875       1 
0876       1 
0877       1 
0878       1 
0879       1 
0880       1 
0881       1 
0882       1 
0883       1 
0884       1 
0885       1 
0886       1 
0887       1 
0888       1 
0889       1 
0890       1 
0891       1 
0892       1 
0893       1 
0894       1 
0895       1 
0896       1 
0897       1 
0898       1 
0899       1 
0900       1 
0901       1 
0902       1 
0903       1 
0904       1 
0905       1 
0906       1 
0907       1 
0908       1 
0909       1 
0910       1 
0911       1 
0912       1 
0913       1 
0914       1 
0915       1 
0916       1 
0917       1 
0918       1 
0919       1 
0920       1 
0921       1 
0922       1 
0923       1 
0924       1 
0925       1 
0926       1 
0927       1 
0928       1 
0929       1 
0930       1 
0931       1 
0932       1 
0933       1 
0934       1 
0935       1 
0936       1 
0937       1 
0938       1 
0939       1 
0940       1 
0941       1 
0942       1 
0943       1 
0944       1 
0945       1 
0946       1 
0947       1 
0948       1 
0949       1 
0950       1 
0951       1 
0952       1 
0953       1 
0954       1 
0955       1 
0956       1 
0957       1 
0958       1 
0959       1 
0960       1 
0961       1 
0962       1 
0963       1 
0964       1 
0965       1 
0966       1 
0967       1 
0968       1 
0969       1 
0970       1 
0971       1 
0972       1 
0973       1 
0974       1 
0975       1 
0976       1 
0977       1 
0978       1 
0979       1 
0980       1 
0981       1 
0982       1 
0983       1 
0984       1 
0985       1 
0986       1 
0987       1 
0988       1 
0989       1 
0990       1 
0991       1 
0992       1 
0993       1 
0994       1 
0995       1 
0996       1 
0997       1 
0998       1 
0999       1 
1000       1 
1001       1 
1002       1 
1003       1 
1004       1 
1005       1 
1006       1 
1007       1 
1008       4 
1009       41 
1010       62 
1011       62 
1012       55 
1013       54 
1014       54 
1015       50 
1016       50 
1017       48 
1018       48 
1019       48 
1020       48 
1021       48 
1022       48 
1023       54 
1024       58 
1025       54 
1026       58 
1027       58 
1028       57 
1029       54 
1030       55 
1031       52 
1032       52 
1033       55 
1034       56 
1035       67 
1036       71 
1037       74 
1038       74 
1039       74 
1040       74 
1041       70 
1042       66 
1043       66 
1044       66 
1045       73 
1046       77 
1047       77 
1048       73 
1049       65 
1050       63 
1051       61 
1052       61 
1053       61 
1054       66 
1055       66 
1056       66 
1057       66 
1058       66 
1059       62 
1060       66 
1061       66 
1062       63 
1063       63 
1064       65 
1065       65 
1066       65 
1067       65 
1068       64 
1069       64 
1070       64 
1071       69 
1072       69 
1073       69 
1074       66 
1075       61 
1076       61 
1077       61 
1078       71 
1079       71 
1297966681.479816
