0000       1 
0001       1 
0002       1 
0003       1 
0004       1 
0005       1 
0006       1 
0007       1 
0008       1 
0009       1 
0010       1 
0011       1 
0012       1 
0013       1 
0014       1 
0015       1 
0016       1 
0017       1 
0018       1 
0019       1 
0020       1 
0021       1 
0022       1 
0023       1 
0024       1 
0025       1 
0026       1 
0027       1 
0028       1 
0029       1 
0030       1 
0031       1 
0032       1 
0033       1 
0034       1 
0035       1 
0036       1 
0037       1 
0038       1 
0039       1 
0040       1 
0041       1 
0042       1 
0043       1 
0044       1 
0045       1 
0046       1 
0047       1 
0048       1 
0049       1 
0050       1 
0051       1 
0052       1 
0053       1 
0054       1 
0055       1 
0056       1 
0057       1 
0058       1 
0059       1 
0060       1 
0061       1 
0062       1 
0063       1 
0064       1 
0065       1 
0066       1 
0067       1 
0068       1 
0069       1 
0070       1 
0071       1 
0072       1 
0073       1 
0074       1 
0075       1 
0076       1 
0077       1 
0078       1 
0079       1 
0080       1 
0081       1 
0082       1 
0083       1 
0084       1 
0085       1 
0086       1 
0087       1 
0088       1 
0089       1 
0090       1 
0091       1 
0092       1 
0093       1 
0094       1 
0095       1 
0096       1 
0097       1 
0098       1 
0099       1 
0100       1 
0101       1 
0102       1 
0103       1 
0104       1 
0105       1 
0106       1 
0107       1 
0108       1 
0109       1 
0110       1 
0111       1 
0112       1 
0113       1 
0114       1 
0115       1 
0116       1 
0117       1 
0118       1 
0119       1 
0120       1 
0121       1 
0122       1 
0123       1 
0124       1 
0125       1 
0126       1 
0127       1 
0128       1 
0129       1 
0130       1 
0131       1 
0132       1 
0133       1 
0134       1 
0135       1 
0136       1 
0137       1 
0138       1 
0139       1 
0140       1 
0141       1 
0142       1 
0143       1 
0144       1 
0145       1 
0146       1 
0147       1 
0148       1 
0149       1 
0150       1 
0151       1 
0152       1 
0153       1 
0154       1 
0155       1 
0156       1 
0157       1 
0158       1 
0159       1 
0160       1 
0161       1 
0162       1 
0163       1 
0164       1 
0165       1 
0166       1 
0167       1 
0168       1 
0169       1 
0170       1 
0171       1 
0172       1 
0173       1 
0174       1 
0175       1 
0176       1 
0177       1 
0178       1 
0179       1 
0180       1 
0181       1 
0182       1 
0183       1 
0184       1 
0185       1 
0186       1 
0187       1 
0188       1 
0189       1 
0190       1 
0191       1 
0192       1 
0193       1 
0194       1 
0195       1 
0196       1 
0197       1 
0198       1 
0199       1 
0200       1 
0201       1 
0202       1 
0203       1 
0204       1 
0205       1 
0206       1 
0207       1 
0208       1 
0209       1 
0210       1 
0211       1 
0212       1 
0213       1 
0214       1 
0215       1 
0216       1 
0217       1 
0218       1 
0219       1 
0220       1 
0221       1 
0222       1 
0223       1 
0224       1 
0225       1 
0226       1 
0227       1 
0228       1 
0229       1 
0230       1 
0231       1 
0232       1 
0233       1 
0234       1 
0235       1 
0236       1 
0237       1 
0238       1 
0239       1 
0240       1 
0241       1 
0242       1 
0243       1 
0244       1 
0245       1 
0246       1 
0247       1 
0248       1 
0249       1 
0250       1 
0251       1 
0252       1 
0253       1 
0254       1 
0255       1 
0256       1 
0257       1 
0258       1 
0259       1 
0260       1 
0261       1 
0262       1 
0263       1 
0264       1 
0265       1 
0266       1 
0267       1 
0268       1 
0269       1 
0270       25215 
0271       25215 
0272       1 
0273       1 
0274       1 
0275       1 
0276       1 
0277       1 
0278       1 
0279       1 
0280       1 
0281       1 
0282       1 
0283       1 
0284       1 
0285       1 
0286       1 
0287       1 
0288       1 
0289       1 
0290       1 
0291       1 
0292       1 
0293       1 
0294       1 
0295       1 
0296       1 
0297       1 
0298       1 
0299       1 
0300       1 
0301       1 
0302       1 
0303       1 
0304       1 
0305       1 
0306       1 
0307       1 
0308       1 
0309       1 
0310       1 
0311       1 
0312       1 
0313       1 
0314       1 
0315       1 
0316       1 
0317       1 
0318       1 
0319       1 
0320       1 
0321       1 
0322       1 
0323       1 
0324       1 
0325       1 
0326       1 
0327       15949 
0328       15949 
0329       1 
0330       1 
0331       1 
0332       1 
0333       1 
0334       15422 
0335       15422 
0336       15121 
0337       15059 
0338       15059 
0339       15059 
0340       14957 
0341       14871 
0342       14783 
0343       14684 
0344       14612 
0345       10339 
0346       10322 
0347       10322 
0348       10245 
0349       10184 
0350       10129 
0351       10086 
0352       10052 
0353       10016 
0354       9992 
0355       9992 
0356       9998 
0357       10022 
0358       10079 
0359       10106 
0360       10140 
0361       10196 
0362       10227 
0363       10238 
0364       10318 
0365       10336 
0366       10437 
0367       10491 
0368       10567 
0369       10567 
0370       1 
0371       1 
0372       1 
0373       1 
0374       11078 
0375       11078 
0376       1 
0377       1 
0378       1 
0379       1 
0380       1 
0381       12107 
0382       12107 
0383       12079 
0384       12007 
0385       12001 
0386       11957 
0387       11903 
0388       7885 
0389       7885 
0390       7893 
0391       7906 
0392       7906 
0393       7874 
0394       7845 
0395       7823 
0396       7782 
0397       7728 
0398       7715 
0399       7695 
0400       7649 
0401       7615 
0402       7584 
0403       7553 
0404       7530 
0405       7494 
0406       7448 
0407       7401 
0408       7380 
0409       7376 
0410       7344 
0411       7329 
0412       7308 
0413       7261 
0414       7248 
0415       7213 
0416       7195 
0417       7160 
0418       7150 
0419       7128 
0420       7079 
0421       7065 
0422       7062 
0423       6990 
0424       6953 
0425       6936 
0426       6926 
0427       6921 
0428       6908 
0429       6868 
0430       6855 
0431       6850 
0432       6841 
0433       6794 
0434       6779 
0435       6765 
0436       6720 
0437       6714 
0438       6707 
0439       6679 
0440       6667 
0441       6647 
0442       6620 
0443       6590 
0444       6574 
0445       6526 
0446       6499 
0447       6499 
0448       6514 
0449       9578 
0450       9669 
0451       9753 
0452       9772 
0453       9779 
0454       9782 
0455       9782 
0456       9775 
0457       9748 
0458       9709 
0459       9679 
0460       9656 
0461       9652 
0462       9643 
0463       9620 
0464       9589 
0465       9576 
0466       9575 
0467       9559 
0468       9519 
0469       9501 
0470       9491 
0471       9491 
0472       9484 
0473       9472 
0474       9447 
0475       9430 
0476       9427 
0477       9407 
0478       9391 
0479       9382 
0480       9364 
0481       9356 
0482       9350 
0483       9321 
0484       9316 
0485       9300 
0486       9289 
0487       9285 
0488       9282 
0489       9235 
0490       9229 
0491       9220 
0492       9218 
0493       9217 
0494       9190 
0495       9174 
0496       6286 
0497       6285 
0498       6254 
0499       6254 
0500       6258 
0501       6258 
0502       6239 
0503       6235 
0504       6235 
0505       6235 
0506       6260 
0507       6262 
0508       6290 
0509       6320 
0510       6337 
0511       6337 
0512       1 
0513       1 
0514       1 
0515       1 
0516       1 
0517       1 
0518       1 
0519       1 
0520       1 
0521       1 
0522       6438 
0523       6438 
0524       6359 
0525       6354 
0526       6345 
0527       6346 
0528       6346 
0529       6383 
0530       6383 
0531       6392 
0532       6445 
0533       6553 
0534       8777 
0535       8783 
0536       8781 
0537       8781 
0538       8778 
0539       8775 
0540       8775 
0541       8775 
0542       8770 
0543       8777 
0544       8764 
0545       8756 
0546       8756 
0547       8765 
0548       8765 
0549       8758 
0550       8758 
0551       8755 
0552       8762 
0553       8762 
0554       8763 
0555       8763 
0556       8764 
0557       8756 
0558       8764 
0559       8756 
0560       8765 
0561       8770 
0562       8773 
0563       8770 
0564       8756 
0565       8756 
0566       8765 
0567       8766 
0568       8766 
0569       8767 
0570       8767 
0571       8780 
0572       8780 
0573       8782 
0574       8786 
0575       8808 
0576       8817 
0577       8810 
0578       8817 
0579       8827 
0580       8831 
0581       8835 
0582       8831 
0583       8682 
0584       7867 
0585       7373 
0586       6873 
0587       6443 
0588       5969 
0589       5864 
0590       5858 
0591       5858 
0592       5861 
0593       5880 
0594       5890 
0595       5896 
0596       5900 
0597       5946 
0598       6037 
0599       6079 
0600       6100 
0601       6107 
0602       6118 
0603       6131 
0604       6139 
0605       6155 
0606       6164 
0607       6172 
0608       6173 
0609       6183 
0610       6198 
0611       6201 
0612       6214 
0613       6214 
0614       6219 
0615       6219 
0616       6222 
0617       6230 
0618       6237 
0619       6261 
0620       6262 
0621       6262 
0622       6287 
0623       6297 
0624       6313 
0625       6320 
0626       6320 
0627       6320 
0628       6334 
0629       6351 
0630       6354 
0631       6358 
0632       6371 
0633       6383 
0634       6400 
0635       6405 
0636       6406 
0637       6418 
0638       6437 
0639       6454 
0640       6460 
0641       6481 
0642       6487 
0643       6487 
0644       6493 
0645       6502 
0646       6553 
0647       6553 
0648       6557 
0649       6557 
0650       6565 
0651       6599 
0652       6605 
0653       6632 
0654       6638 
0655       6661 
0656       6668 
0657       6671 
0658       6688 
0659       6711 
0660       6723 
0661       6739 
0662       6740 
0663       6762 
0664       6763 
0665       6793 
0666       6808 
0667       6827 
0668       6848 
0669       6848 
0670       6792 
0671       6762 
0672       6704 
0673       6704 
0674       6729 
0675       6734 
0676       6746 
0677       6750 
0678       6753 
0679       6786 
0680       6805 
0681       6832 
0682       6845 
0683       6863 
0684       6883 
0685       6885 
0686       6898 
0687       10776 
0688       10797 
0689       10863 
0690       10879 
0691       10930 
0692       10954 
0693       11001 
0694       11009 
0695       11062 
0696       11087 
0697       11099 
0698       11176 
0699       11199 
0700       11239 
0701       11300 
0702       11320 
0703       11366 
0704       11401 
0705       11433 
0706       11484 
0707       11527 
0708       11577 
0709       11607 
0710       11651 
0711       11683 
0712       11718 
0713       11753 
0714       11825 
0715       11838 
0716       11890 
0717       11947 
0718       12001 
0719       12057 
0720       12090 
0721       12150 
0722       12183 
0723       12226 
0724       12287 
0725       12322 
0726       12383 
0727       12441 
0728       12479 
0729       12523 
0730       12593 
0731       12658 
0732       12721 
0733       12743 
0734       12807 
0735       12869 
0736       12924 
0737       12988 
0738       13071 
0739       13159 
0740       13163 
0741       13254 
0742       13335 
0743       13376 
0744       13445 
0745       13488 
0746       13581 
0747       13636 
0748       13702 
0749       13820 
0750       13874 
0751       13946 
0752       14007 
0753       14112 
0754       14185 
0755       14257 
0756       14308 
0757       14381 
0758       14477 
0759       14591 
0760       14622 
0761       14706 
0762       14782 
0763       14860 
0764       14983 
0765       15044 
0766       15129 
0767       15231 
0768       15308 
0769       15417 
0770       15480 
0771       15596 
0772       15698 
0773       15778 
0774       15847 
0775       15980 
0776       16076 
0777       16197 
0778       16287 
0779       16362 
0780       16416 
0781       16483 
0782       16483 
0783       16495 
0784       16691 
0785       16833 
0786       16940 
0787       17115 
0788       17222 
0789       17385 
0790       17519 
0791       17616 
0792       17671 
0793       17671 
0794       1 
0795       1 
0796       1 
0797       1 
0798       1 
0799       1 
0800       1 
0801       1 
0802       1 
0803       1 
0804       1 
0805       1 
0806       1 
0807       1 
0808       20278 
0809       20430 
0810       20510 
0811       20510 
0812       1 
0813       1 
0814       1 
0815       1 
0816       1 
0817       1 
0818       1 
0819       1 
0820       1 
0821       1 
0822       1 
0823       1 
0824       1 
0825       1 
0826       1 
0827       1 
0828       1 
0829       1 
0830       1 
0831       1 
0832       1 
0833       1 
0834       1 
0835       1 
0836       1 
0837       1 
0838       1 
0839       1 
0840       1 
0841       1 
0842       1 
0843       1 
0844       1 
0845       1 
0846       1 
0847       1 
0848       1 
0849       1 
0850       1 
0851       1 
0852       1 
0853       1 
0854       1 
0855       1 
0856       1 
0857       1 
0858       1 
0859       1 
0860       1 
0861       1 
0862       1 
0863       1 
0864       1 
0865       1 
0866       1 
0867       1 
0868       1 
0869       1 
0870       1 
0871       1 
0872       1 
0873       1 
0874       1 
0875       1 
0876       1 
0877       1 
0878       1 
0879       1 
0880       1 
0881       1 
0882       1 
0883       1 
0884       1 
0885       1 
0886       1 
0887       1 
0888       1 
0889       1 
0890       1 
0891       1 
0892       1 
0893       1 
0894       1 
0895       1 
0896       1 
0897       1 
0898       1 
0899       1 
0900       1 
0901       1 
0902       1 
0903       1 
0904       1 
0905       1 
0906       1 
0907       1 
0908       1 
0909       1 
0910       1 
0911       1 
0912       1 
0913       1 
0914       1 
0915       1 
0916       1 
0917       1 
0918       1 
0919       1 
0920       1 
0921       1 
0922       1 
0923       1 
0924       1 
0925       1 
0926       1 
0927       1 
0928       1 
0929       1 
0930       1 
0931       1 
0932       1 
0933       1 
0934       1 
0935       1 
0936       1 
0937       1 
0938       1 
0939       1 
0940       1 
0941       1 
0942       1 
0943       1 
0944       1 
0945       1 
0946       1 
0947       1 
0948       1 
0949       1 
0950       1 
0951       1 
0952       1 
0953       1 
0954       1 
0955       1 
0956       1 
0957       1 
0958       1 
0959       1 
0960       1 
0961       1 
0962       1 
0963       1 
0964       1 
0965       1 
0966       1 
0967       1 
0968       1 
0969       1 
0970       1 
0971       1 
0972       1 
0973       1 
0974       1 
0975       1 
0976       1 
0977       1 
0978       1 
0979       1 
0980       1 
0981       1 
0982       1 
0983       1 
0984       1 
0985       1 
0986       1 
0987       1 
0988       1 
0989       1 
0990       1 
0991       1 
0992       1 
0993       1 
0994       1 
0995       1 
0996       1 
0997       1 
0998       1 
0999       1 
1000       1 
1001       1 
1002       1 
1003       1 
1004       1 
1005       1 
1006       1 
1007       1 
1008       4 
1009       44 
1010       53 
1011       53 
1012       53 
1013       48 
1014       48 
1015       48 
1016       55 
1017       58 
1018       60 
1019       60 
1020       60 
1021       60 
1022       63 
1023       61 
1024       61 
1025       63 
1026       63 
1027       61 
1028       57 
1029       50 
1030       46 
1031       46 
1032       46 
1033       46 
1034       64 
1035       64 
1036       69 
1037       71 
1038       69 
1039       69 
1040       69 
1041       67 
1042       64 
1043       65 
1044       65 
1045       64 
1046       64 
1047       64 
1048       59 
1049       59 
1050       59 
1051       64 
1052       64 
1053       67 
1054       67 
1055       67 
1056       64 
1057       64 
1058       64 
1059       63 
1060       63 
1061       64 
1062       63 
1063       63 
1064       63 
1065       60 
1066       60 
1067       62 
1068       62 
1069       63 
1070       70 
1071       70 
1072       70 
1073       67 
1074       62 
1075       62 
1076       62 
1077       62 
1078       67 
1079       67 
1297966659.805331
