0000       1 
0001       1 
0002       1 
0003       1 
0004       1 
0005       1 
0006       1 
0007       1 
0008       1 
0009       1 
0010       1 
0011       1 
0012       1 
0013       1 
0014       1 
0015       1 
0016       1 
0017       1 
0018       1 
0019       1 
0020       1 
0021       1 
0022       1 
0023       1 
0024       1 
0025       1 
0026       1 
0027       1 
0028       1 
0029       1 
0030       1 
0031       1 
0032       1 
0033       1 
0034       1 
0035       1 
0036       1 
0037       1 
0038       1 
0039       1 
0040       1 
0041       1 
0042       1 
0043       1 
0044       1 
0045       1 
0046       1 
0047       1 
0048       1 
0049       1 
0050       1 
0051       1 
0052       1 
0053       1 
0054       1 
0055       1 
0056       1 
0057       1 
0058       1 
0059       1 
0060       1 
0061       1 
0062       1 
0063       1 
0064       1 
0065       1 
0066       1 
0067       1 
0068       1 
0069       1 
0070       1 
0071       1 
0072       1 
0073       1 
0074       1 
0075       1 
0076       1 
0077       1 
0078       1 
0079       1 
0080       1 
0081       1 
0082       1 
0083       1 
0084       1 
0085       1 
0086       1 
0087       1 
0088       1 
0089       1 
0090       1 
0091       1 
0092       1 
0093       1 
0094       1 
0095       1 
0096       1 
0097       1 
0098       1 
0099       1 
0100       1 
0101       1 
0102       1 
0103       1 
0104       1 
0105       1 
0106       1 
0107       1 
0108       1 
0109       1 
0110       1 
0111       1 
0112       1 
0113       1 
0114       1 
0115       1 
0116       1 
0117       1 
0118       1 
0119       1 
0120       1 
0121       1 
0122       1 
0123       1 
0124       1 
0125       1 
0126       1 
0127       1 
0128       1 
0129       1 
0130       1 
0131       1 
0132       1 
0133       1 
0134       1 
0135       1 
0136       1 
0137       1 
0138       1 
0139       1 
0140       1 
0141       1 
0142       1 
0143       1 
0144       1 
0145       1 
0146       1 
0147       1 
0148       1 
0149       1 
0150       1 
0151       1 
0152       1 
0153       1 
0154       1 
0155       1 
0156       1 
0157       1 
0158       1 
0159       1 
0160       1 
0161       1 
0162       1 
0163       1 
0164       1 
0165       1 
0166       1 
0167       1 
0168       1 
0169       1 
0170       1 
0171       1 
0172       1 
0173       1 
0174       1 
0175       1 
0176       1 
0177       1 
0178       1 
0179       1 
0180       1 
0181       1 
0182       1 
0183       1 
0184       1 
0185       1 
0186       1 
0187       1 
0188       1 
0189       1 
0190       1 
0191       1 
0192       1 
0193       1 
0194       1 
0195       1 
0196       1 
0197       1 
0198       1 
0199       1 
0200       1 
0201       1 
0202       1 
0203       1 
0204       1 
0205       1 
0206       1 
0207       1 
0208       1 
0209       1 
0210       1 
0211       1 
0212       1 
0213       1 
0214       1 
0215       1 
0216       1 
0217       1 
0218       1 
0219       1 
0220       1 
0221       1 
0222       1 
0223       1 
0224       1 
0225       1 
0226       1 
0227       1 
0228       1 
0229       1 
0230       1 
0231       1 
0232       1 
0233       1 
0234       1 
0235       1 
0236       1 
0237       13968 
0238       13968 
0239       1 
0240       1 
0241       1 
0242       1 
0243       1 
0244       1 
0245       1 
0246       1 
0247       1 
0248       1 
0249       1 
0250       1 
0251       1 
0252       1 
0253       1 
0254       13554 
0255       13554 
0256       1 
0257       1 
0258       1 
0259       1 
0260       1 
0261       1 
0262       1 
0263       1 
0264       1 
0265       1 
0266       1 
0267       1 
0268       1 
0269       1 
0270       1 
0271       1 
0272       1 
0273       1 
0274       1 
0275       1 
0276       1 
0277       1 
0278       1 
0279       1 
0280       1 
0281       1 
0282       1 
0283       1 
0284       1 
0285       1 
0286       1 
0287       1 
0288       1 
0289       1 
0290       1 
0291       1 
0292       1 
0293       1 
0294       1 
0295       1 
0296       1 
0297       1 
0298       1 
0299       1 
0300       1 
0301       18806 
0302       18806 
0303       18806 
0304       18629 
0305       18511 
0306       18388 
0307       18218 
0308       18103 
0309       17927 
0310       17822 
0311       17672 
0312       17532 
0313       17409 
0314       17291 
0315       17141 
0316       17018 
0317       16929 
0318       16818 
0319       16650 
0320       16519 
0321       16434 
0322       16329 
0323       16226 
0324       16132 
0325       15991 
0326       15912 
0327       15765 
0328       15658 
0329       15552 
0330       15460 
0331       15367 
0332       15275 
0333       15143 
0334       15063 
0335       14948 
0336       14890 
0337       14764 
0338       14729 
0339       14644 
0340       14552 
0341       14417 
0342       14344 
0343       14275 
0344       14175 
0345       14110 
0346       14006 
0347       13941 
0348       13866 
0349       13797 
0350       13696 
0351       13632 
0352       13577 
0353       13493 
0354       13438 
0355       13343 
0356       13296 
0357       13220 
0358       13153 
0359       13093 
0360       13006 
0361       12971 
0362       12911 
0363       12843 
0364       12786 
0365       12722 
0366       12627 
0367       12586 
0368       12543 
0369       12480 
0370       12438 
0371       12357 
0372       12294 
0373       12244 
0374       12183 
0375       12152 
0376       12115 
0377       12054 
0378       12001 
0379       11943 
0380       11904 
0381       11853 
0382       11807 
0383       11753 
0384       11734 
0385       11660 
0386       11633 
0387       11579 
0388       11512 
0389       11494 
0390       11442 
0391       11430 
0392       11342 
0393       11309 
0394       11271 
0395       11214 
0396       11183 
0397       11159 
0398       11110 
0399       11063 
0400       11035 
0401       10996 
0402       10952 
0403       10917 
0404       10898 
0405       10876 
0406       10819 
0407       10786 
0408       10718 
0409       10715 
0410       10684 
0411       10645 
0412       10628 
0413       10590 
0414       10569 
0415       10533 
0416       10500 
0417       10430 
0418       10410 
0419       10393 
0420       10345 
0421       10339 
0422       10312 
0423       10285 
0424       10259 
0425       10231 
0426       10206 
0427       10170 
0428       10139 
0429       10105 
0430       10094 
0431       10070 
0432       9969 
0433       9807 
0434       9783 
0435       9764 
0436       9748 
0437       9712 
0438       9702 
0439       9671 
0440       9658 
0441       9629 
0442       9585 
0443       9578 
0444       9548 
0445       9526 
0446       9490 
0447       9490 
0448       9470 
0449       9444 
0450       9423 
0451       9420 
0452       9414 
0453       9396 
0454       9364 
0455       9320 
0456       9310 
0457       9306 
0458       6070 
0459       6051 
0460       6037 
0461       6031 
0462       6022 
0463       6031 
0464       6021 
0465       6033 
0466       6046 
0467       6099 
0468       6150 
0469       6151 
0470       6151 
0471       6141 
0472       6132 
0473       6121 
0474       6121 
0475       6137 
0476       6145 
0477       6137 
0478       6116 
0479       6110 
0480       6092 
0481       6109 
0482       6092 
0483       6078 
0484       6057 
0485       6052 
0486       6046 
0487       6037 
0488       6038 
0489       6037 
0490       6024 
0491       6010 
0492       6008 
0493       6006 
0494       5999 
0495       5991 
0496       5989 
0497       5981 
0498       5979 
0499       5976 
0500       5969 
0501       5963 
0502       5945 
0503       5945 
0504       5946 
0505       5948 
0506       5946 
0507       5938 
0508       5931 
0509       5926 
0510       5913 
0511       5913 
0512       5912 
0513       5916 
0514       5909 
0515       5909 
0516       5909 
0517       5907 
0518       5901 
0519       5901 
0520       5888 
0521       5883 
0522       5882 
0523       5883 
0524       5879 
0525       5881 
0526       5875 
0527       5861 
0528       5861 
0529       5866 
0530       5866 
0531       5865 
0532       5864 
0533       5863 
0534       5849 
0535       5849 
0536       5854 
0537       5854 
0538       5857 
0539       5852 
0540       5852 
0541       5842 
0542       5842 
0543       5849 
0544       5849 
0545       5841 
0546       5841 
0547       5848 
0548       5848 
0549       5846 
0550       5838 
0551       5844 
0552       5836 
0553       5844 
0554       5836 
0555       5835 
0556       5835 
0557       5843 
0558       5843 
0559       5843 
0560       5838 
0561       5850 
0562       5853 
0563       5853 
0564       5850 
0565       5850 
0566       5850 
0567       5858 
0568       5864 
0569       5870 
0570       5866 
0571       5866 
0572       5861 
0573       5861 
0574       5868 
0575       5869 
0576       5869 
0577       5869 
0578       5885 
0579       5888 
0580       5893 
0581       5903 
0582       5905 
0583       5903 
0584       5907 
0585       5909 
0586       5910 
0587       5915 
0588       5921 
0589       5922 
0590       5927 
0591       5941 
0592       5941 
0593       5941 
0594       5942 
0595       5965 
0596       5970 
0597       5971 
0598       5979 
0599       5979 
0600       5973 
0601       5973 
0602       6002 
0603       6008 
0604       6011 
0605       6016 
0606       6016 
0607       6035 
0608       6039 
0609       6043 
0610       6045 
0611       6061 
0612       6068 
0613       6079 
0614       6084 
0615       6091 
0616       6093 
0617       6097 
0618       6109 
0619       6125 
0620       6126 
0621       6151 
0622       6151 
0623       6152 
0624       6164 
0625       6177 
0626       6189 
0627       6190 
0628       6216 
0629       6216 
0630       6230 
0631       6242 
0632       6250 
0633       6261 
0634       6279 
0635       6284 
0636       6317 
0637       6318 
0638       6325 
0639       6325 
0640       6340 
0641       6342 
0642       6378 
0643       6378 
0644       6390 
0645       6406 
0646       6407 
0647       6426 
0648       6435 
0649       6457 
0650       6473 
0651       6474 
0652       6490 
0653       6497 
0654       6531 
0655       6539 
0656       6545 
0657       6573 
0658       6588 
0659       6597 
0660       6612 
0661       6612 
0662       6641 
0663       6650 
0664       6678 
0665       6685 
0666       6689 
0667       6717 
0668       6733 
0669       6751 
0670       6766 
0671       6771 
0672       6801 
0673       6832 
0674       6832 
0675       6848 
0676       6867 
0677       6875 
0678       6897 
0679       6927 
0680       6937 
0681       7039 
0682       7214 
0683       7275 
0684       7540 
0685       7610 
0686       7632 
0687       7657 
0688       7703 
0689       7712 
0690       7748 
0691       7771 
0692       7799 
0693       7829 
0694       7847 
0695       7874 
0696       7898 
0697       7927 
0698       7941 
0699       7977 
0700       7988 
0701       8019 
0702       8026 
0703       8066 
0704       8092 
0705       8126 
0706       8132 
0707       8148 
0708       8173 
0709       8179 
0710       8254 
0711       8254 
0712       8268 
0713       8282 
0714       8286 
0715       8287 
0716       8334 
0717       8336 
0718       8366 
0719       8380 
0720       8425 
0721       8425 
0722       1 
0723       1 
0724       1 
0725       1 
0726       1 
0727       1 
0728       1 
0729       1 
0730       1 
0731       1 
0732       1 
0733       1 
0734       1 
0735       1 
0736       1 
0737       1 
0738       1 
0739       1 
0740       1 
0741       1 
0742       6191 
0743       6191 
0744       6159 
0745       6135 
0746       6122 
0747       6098 
0748       6084 
0749       6050 
0750       6031 
0751       6009 
0752       5996 
0753       5961 
0754       5959 
0755       5925 
0756       5911 
0757       5888 
0758       5852 
0759       5849 
0760       5833 
0761       5815 
0762       5813 
0763       5795 
0764       5768 
0765       5750 
0766       5718 
0767       5711 
0768       5700 
0769       5693 
0770       5658 
0771       5637 
0772       5632 
0773       5617 
0774       5591 
0775       5581 
0776       5569 
0777       5542 
0778       5541 
0779       5515 
0780       5513 
0781       5513 
0782       5519 
0783       5519 
0784       4177 
0785       4175 
0786       4149 
0787       4141 
0788       4126 
0789       4113 
0790       4092 
0791       4057 
0792       4044 
0793       4035 
0794       4018 
0795       3999 
0796       3989 
0797       3963 
0798       3949 
0799       3941 
0800       3928 
0801       3915 
0802       3895 
0803       3879 
0804       3878 
0805       3855 
0806       3849 
0807       3817 
0808       3800 
0809       3797 
0810       3785 
0811       3780 
0812       3760 
0813       3730 
0814       3724 
0815       3718 
0816       3712 
0817       3701 
0818       3672 
0819       3668 
0820       3657 
0821       3639 
0822       3561 
0823       3487 
0824       3487 
0825       3487 
0826       3552 
0827       3552 
0828       3552 
0829       3539 
0830       3526 
0831       3526 
0832       3526 
0833       3547 
0834       3582 
0835       3622 
0836       3689 
0837       3752 
0838       3800 
0839       3860 
0840       3898 
0841       3974 
0842       4049 
0843       4109 
0844       4197 
0845       4418 
0846       4616 
0847       4747 
0848       4802 
0849       4901 
0850       5030 
0851       5079 
0852       5187 
0853       5267 
0854       5382 
0855       5461 
0856       5580 
0857       5659 
0858       5659 
0859       3657 
0860       3657 
0861       3657 
0862       6292 
0863       6509 
0864       6517 
0865       6517 
0866       6517 
0867       6569 
0868       6668 
0869       6668 
0870       6668 
0871       6816 
0872       7878 
0873       8170 
0874       8412 
0875       8678 
0876       8962 
0877       9265 
0878       9508 
0879       9757 
0880       10221 
0881       10221 
0882       10221 
0883       10511 
0884       11730 
0885       11730 
0886       1 
0887       1 
0888       1 
0889       1 
0890       1 
0891       15991 
0892       17396 
0893       17396 
0894       3410 
0895       3400 
0896       3400 
0897       3385 
0898       1 
0899       1 
0900       1 
0901       1 
0902       1 
0903       1 
0904       1 
0905       1 
0906       1 
0907       1 
0908       1 
0909       1 
0910       1 
0911       1 
0912       1 
0913       1 
0914       1 
0915       1 
0916       1 
0917       1 
0918       1 
0919       1 
0920       1 
0921       1 
0922       1 
0923       1 
0924       1 
0925       1 
0926       1 
0927       1 
0928       1 
0929       1 
0930       1 
0931       1 
0932       1 
0933       1 
0934       1 
0935       1 
0936       1 
0937       1 
0938       1 
0939       1 
0940       1 
0941       1 
0942       1 
0943       1 
0944       1 
0945       1 
0946       1 
0947       1 
0948       1 
0949       1 
0950       1 
0951       1 
0952       1 
0953       1 
0954       1 
0955       1 
0956       1 
0957       1 
0958       1 
0959       1 
0960       1 
0961       1 
0962       1 
0963       1 
0964       1 
0965       1 
0966       1 
0967       1 
0968       1 
0969       1 
0970       1 
0971       1 
0972       1 
0973       1 
0974       1 
0975       1 
0976       1 
0977       1 
0978       1 
0979       1 
0980       1 
0981       1 
0982       1 
0983       1 
0984       1 
0985       1 
0986       1 
0987       1 
0988       1 
0989       1 
0990       1 
0991       1 
0992       1 
0993       1 
0994       1 
0995       1 
0996       1 
0997       1 
0998       1 
0999       1 
1000       1 
1001       1 
1002       1 
1003       1 
1004       1 
1005       1 
1006       1 
1007       1 
1008       4 
1009       4 
1010       4 
1011       4 
1012       41 
1013       54 
1014       45 
1015       54 
1016       57 
1017       57 
1018       58 
1019       59 
1020       59 
1021       59 
1022       63 
1023       66 
1024       63 
1025       66 
1026       63 
1027       62 
1028       59 
1029       56 
1030       56 
1031       54 
1032       53 
1033       54 
1034       59 
1035       62 
1036       66 
1037       66 
1038       68 
1039       68 
1040       68 
1041       72 
1042       72 
1043       69 
1044       68 
1045       69 
1046       68 
1047       65 
1048       68 
1049       69 
1050       65 
1051       69 
1052       69 
1053       69 
1054       69 
1055       72 
1056       69 
1057       69 
1058       69 
1059       69 
1060       69 
1061       69 
1062       69 
1063       71 
1064       71 
1065       71 
1066       71 
1067       71 
1068       71 
1069       71 
1070       71 
1071       69 
1072       69 
1073       68 
1074       68 
1075       67 
1076       68 
1077       67 
1078       65 
1079       63 
1297966657.156978
