0000       1 
0001       1 
0002       1 
0003       1 
0004       1 
0005       1 
0006       1 
0007       1 
0008       1 
0009       1 
0010       1 
0011       1 
0012       1 
0013       1 
0014       1 
0015       1 
0016       1 
0017       1 
0018       1 
0019       1 
0020       1 
0021       1 
0022       1 
0023       1 
0024       1 
0025       1 
0026       1 
0027       1 
0028       1 
0029       1 
0030       1 
0031       1 
0032       1 
0033       1 
0034       1 
0035       1 
0036       1 
0037       1 
0038       1 
0039       1 
0040       1 
0041       1 
0042       1 
0043       1 
0044       1 
0045       1 
0046       1 
0047       1 
0048       1 
0049       1 
0050       1 
0051       1 
0052       1 
0053       1 
0054       1 
0055       1 
0056       1 
0057       1 
0058       1 
0059       1 
0060       1 
0061       1 
0062       1 
0063       1 
0064       1 
0065       1 
0066       1 
0067       1 
0068       1 
0069       1 
0070       1 
0071       1 
0072       1 
0073       1 
0074       1 
0075       1 
0076       1 
0077       1 
0078       1 
0079       1 
0080       1 
0081       1 
0082       1 
0083       1 
0084       1 
0085       1 
0086       1 
0087       1 
0088       1 
0089       1 
0090       1 
0091       1 
0092       1 
0093       1 
0094       1 
0095       1 
0096       1 
0097       1 
0098       1 
0099       1 
0100       1 
0101       1 
0102       1 
0103       1 
0104       1 
0105       1 
0106       1 
0107       1 
0108       1 
0109       1 
0110       1 
0111       1 
0112       1 
0113       1 
0114       1 
0115       1 
0116       1 
0117       1 
0118       1 
0119       1 
0120       1 
0121       1 
0122       1 
0123       1 
0124       1 
0125       1 
0126       1 
0127       1 
0128       1 
0129       1 
0130       1 
0131       1 
0132       1 
0133       1 
0134       1 
0135       1 
0136       1 
0137       1 
0138       1 
0139       1 
0140       1 
0141       1 
0142       1 
0143       1 
0144       1 
0145       1 
0146       1 
0147       1 
0148       1 
0149       1 
0150       1 
0151       1 
0152       1 
0153       1 
0154       1 
0155       1 
0156       1 
0157       1 
0158       1 
0159       1 
0160       1 
0161       1 
0162       1 
0163       1 
0164       1 
0165       1 
0166       1 
0167       1 
0168       1 
0169       1 
0170       1 
0171       1 
0172       1 
0173       1 
0174       1 
0175       1 
0176       1 
0177       1 
0178       1 
0179       1 
0180       1 
0181       1 
0182       1 
0183       1 
0184       1 
0185       1 
0186       1 
0187       1 
0188       1 
0189       1 
0190       1 
0191       1 
0192       1 
0193       1 
0194       1 
0195       1 
0196       1 
0197       1 
0198       1 
0199       1 
0200       1 
0201       1 
0202       1 
0203       1 
0204       1 
0205       1 
0206       1 
0207       1 
0208       1 
0209       1 
0210       1 
0211       1 
0212       1 
0213       1 
0214       1 
0215       1 
0216       1 
0217       1 
0218       1 
0219       1 
0220       1 
0221       1 
0222       1 
0223       1 
0224       1 
0225       1 
0226       1 
0227       1 
0228       1 
0229       1 
0230       1 
0231       1 
0232       1 
0233       1 
0234       1 
0235       1 
0236       1 
0237       1 
0238       1 
0239       1 
0240       1 
0241       1 
0242       1 
0243       1 
0244       1 
0245       1 
0246       1 
0247       1 
0248       1 
0249       1 
0250       1 
0251       1 
0252       1 
0253       1 
0254       1 
0255       1 
0256       1 
0257       1 
0258       15266 
0259       15514 
0260       15548 
0261       15548 
0262       15227 
0263       1 
0264       1 
0265       1 
0266       1 
0267       1 
0268       1 
0269       1 
0270       1 
0271       1 
0272       13680 
0273       13680 
0274       13680 
0275       13420 
0276       13336 
0277       13306 
0278       12947 
0279       12830 
0280       12830 
0281       12830 
0282       12800 
0283       12642 
0284       12535 
0285       12444 
0286       12215 
0287       12129 
0288       12129 
0289       12054 
0290       11958 
0291       11877 
0292       11774 
0293       11679 
0294       11605 
0295       11514 
0296       11453 
0297       11362 
0298       11251 
0299       11175 
0300       11123 
0301       10997 
0302       10941 
0303       10897 
0304       10800 
0305       10723 
0306       10634 
0307       10577 
0308       10508 
0309       10464 
0310       10376 
0311       10351 
0312       10307 
0313       10171 
0314       10141 
0315       10100 
0316       10023 
0317       9980 
0318       9902 
0319       9848 
0320       9767 
0321       9705 
0322       9644 
0323       9575 
0324       9543 
0325       9517 
0326       9457 
0327       9384 
0328       9305 
0329       9276 
0330       9203 
0331       9189 
0332       9165 
0333       9081 
0334       9043 
0335       8967 
0336       8923 
0337       8918 
0338       8875 
0339       8819 
0340       8780 
0341       8719 
0342       8697 
0343       8637 
0344       8600 
0345       8568 
0346       8537 
0347       8514 
0348       8436 
0349       8425 
0350       8390 
0351       8344 
0352       8293 
0353       8270 
0354       8211 
0355       8207 
0356       8150 
0357       8134 
0358       8101 
0359       8075 
0360       8032 
0361       8016 
0362       7966 
0363       7915 
0364       7911 
0365       7881 
0366       7828 
0367       7804 
0368       7774 
0369       7736 
0370       7709 
0371       7686 
0372       7651 
0373       7632 
0374       7614 
0375       7590 
0376       7559 
0377       7541 
0378       7492 
0379       7480 
0380       7466 
0381       7431 
0382       7414 
0383       7368 
0384       7366 
0385       7341 
0386       7323 
0387       7308 
0388       7274 
0389       7246 
0390       7237 
0391       7206 
0392       7199 
0393       7173 
0394       7147 
0395       7139 
0396       7092 
0397       7082 
0398       7049 
0399       7031 
0400       7026 
0401       6986 
0402       6986 
0403       6944 
0404       6923 
0405       6909 
0406       6892 
0407       6882 
0408       6858 
0409       6831 
0410       6811 
0411       6810 
0412       6795 
0413       6776 
0414       6761 
0415       6740 
0416       6719 
0417       6716 
0418       6684 
0419       6660 
0420       6659 
0421       6633 
0422       6624 
0423       6611 
0424       6602 
0425       6579 
0426       6578 
0427       6566 
0428       6564 
0429       6518 
0430       6512 
0431       6497 
0432       6474 
0433       6459 
0434       6453 
0435       6454 
0436       6428 
0437       6428 
0438       6407 
0439       6395 
0440       6384 
0441       6376 
0442       6369 
0443       6342 
0444       6332 
0445       6328 
0446       6318 
0447       6311 
0448       6306 
0449       6303 
0450       6297 
0451       6253 
0452       6253 
0453       6246 
0454       6240 
0455       6239 
0456       6226 
0457       6222 
0458       6208 
0459       6198 
0460       6193 
0461       6179 
0462       6177 
0463       6158 
0464       6133 
0465       6133 
0466       6130 
0467       6124 
0468       6114 
0469       6107 
0470       6107 
0471       6085 
0472       6085 
0473       6083 
0474       6078 
0475       6056 
0476       6048 
0477       6043 
0478       6043 
0479       6043 
0480       6033 
0481       6032 
0482       6030 
0483       6023 
0484       6018 
0485       6004 
0486       5996 
0487       5993 
0488       5993 
0489       5980 
0490       5975 
0491       5967 
0492       5962 
0493       5962 
0494       5960 
0495       5959 
0496       5944 
0497       5944 
0498       5941 
0499       5941 
0500       5930 
0501       5930 
0502       5930 
0503       5916 
0504       5916 
0505       5916 
0506       5918 
0507       5918 
0508       5910 
0509       5906 
0510       5904 
0511       5902 
0512       5899 
0513       5897 
0514       5890 
0515       5890 
0516       5890 
0517       5887 
0518       5880 
0519       5887 
0520       5869 
0521       5872 
0522       5872 
0523       5881 
0524       5881 
0525       5873 
0526       5871 
0527       5871 
0528       5871 
0529       5870 
0530       5887 
0531       5870 
0532       5873 
0533       5873 
0534       5878 
0535       5878 
0536       5870 
0537       5870 
0538       5870 
0539       5872 
0540       5865 
0541       5865 
0542       5865 
0543       5868 
0544       5876 
0545       5876 
0546       5876 
0547       5872 
0548       5877 
0549       5886 
0550       5886 
0551       5881 
0552       5881 
0553       5894 
0554       5906 
0555       5906 
0556       5906 
0557       5906 
0558       5907 
0559       5907 
0560       5918 
0561       5922 
0562       5923 
0563       5930 
0564       5935 
0565       5935 
0566       5937 
0567       5950 
0568       5950 
0569       5954 
0570       5954 
0571       5954 
0572       5960 
0573       5960 
0574       5963 
0575       5974 
0576       5979 
0577       5986 
0578       5986 
0579       5988 
0580       5993 
0581       6007 
0582       6008 
0583       6010 
0584       6020 
0585       6021 
0586       6027 
0587       6025 
0588       6029 
0589       6049 
0590       6058 
0591       6083 
0592       6075 
0593       6083 
0594       6087 
0595       6088 
0596       6111 
0597       6111 
0598       6111 
0599       6119 
0600       6143 
0601       6145 
0602       6148 
0603       6152 
0604       6174 
0605       6176 
0606       6178 
0607       6178 
0608       6199 
0609       6214 
0610       6219 
0611       6233 
0612       6244 
0613       6255 
0614       6255 
0615       6270 
0616       6277 
0617       6294 
0618       6295 
0619       6318 
0620       6327 
0621       6328 
0622       6335 
0623       6342 
0624       6372 
0625       6379 
0626       6384 
0627       6392 
0628       6418 
0629       6430 
0630       6435 
0631       6451 
0632       6461 
0633       6462 
0634       6498 
0635       6511 
0636       6522 
0637       6524 
0638       6546 
0639       6561 
0640       6591 
0641       6602 
0642       6609 
0643       6620 
0644       6627 
0645       6647 
0646       6654 
0647       6658 
0648       6677 
0649       6677 
0650       6661 
0651       6544 
0652       6544 
0653       6552 
0654       6558 
0655       6558 
0656       6560 
0657       6560 
0658       6583 
0659       10188 
0660       10208 
0661       10229 
0662       10268 
0663       10271 
0664       10316 
0665       10361 
0666       10381 
0667       10403 
0668       10436 
0669       10476 
0670       10483 
0671       10554 
0672       10578 
0673       10601 
0674       10620 
0675       10666 
0676       10683 
0677       10735 
0678       10736 
0679       10774 
0680       10816 
0681       10871 
0682       10902 
0683       10909 
0684       10957 
0685       11015 
0686       11026 
0687       11055 
0688       11127 
0689       11158 
0690       11226 
0691       11243 
0692       11265 
0693       11292 
0694       11338 
0695       11396 
0696       11448 
0697       11508 
0698       11530 
0699       11550 
0700       11581 
0701       11660 
0702       11679 
0703       11744 
0704       11767 
0705       11806 
0706       11857 
0707       11894 
0708       11958 
0709       12015 
0710       12020 
0711       12110 
0712       12120 
0713       12178 
0714       12238 
0715       12272 
0716       12335 
0717       12380 
0718       12425 
0719       12510 
0720       12557 
0721       12582 
0722       12662 
0723       12706 
0724       12779 
0725       12854 
0726       12933 
0727       12964 
0728       13037 
0729       13064 
0730       13172 
0731       13228 
0732       13293 
0733       13375 
0734       13422 
0735       13509 
0736       13594 
0737       13663 
0738       13737 
0739       13809 
0740       13886 
0741       13932 
0742       14066 
0743       14066 
0744       14066 
0745       1 
0746       1 
0747       14310 
0748       14630 
0749       14708 
0750       14783 
0751       14783 
0752       14783 
0753       14872 
0754       15195 
0755       15336 
0756       15449 
0757       15556 
0758       15629 
0759       15720 
0760       15851 
0761       15983 
0762       16052 
0763       16168 
0764       16249 
0765       16343 
0766       16430 
0767       16556 
0768       16687 
0769       16801 
0770       16968 
0771       17048 
0772       17215 
0773       17314 
0774       17453 
0775       17590 
0776       17711 
0777       17850 
0778       17988 
0779       18128 
0780       18302 
0781       18414 
0782       18577 
0783       18742 
0784       18894 
0785       19064 
0786       19212 
0787       19380 
0788       19380 
0789       1 
0790       1 
0791       1 
0792       1 
0793       1 
0794       1 
0795       1 
0796       1 
0797       1 
0798       1 
0799       1 
0800       1 
0801       1 
0802       1 
0803       1 
0804       1 
0805       1 
0806       1 
0807       1 
0808       1 
0809       1 
0810       1 
0811       1 
0812       1 
0813       1 
0814       1 
0815       1 
0816       1 
0817       1 
0818       1 
0819       1 
0820       1 
0821       1 
0822       27478 
0823       27478 
0824       27440 
0825       27403 
0826       1 
0827       1 
0828       1 
0829       1 
0830       1 
0831       1 
0832       1 
0833       11892 
0834       11892 
0835       1 
0836       1 
0837       1 
0838       1 
0839       1 
0840       1 
0841       1 
0842       1 
0843       1 
0844       1 
0845       1 
0846       1 
0847       1 
0848       1 
0849       1 
0850       1 
0851       1 
0852       1 
0853       1 
0854       1 
0855       1 
0856       1 
0857       1 
0858       1 
0859       1 
0860       1 
0861       1 
0862       1 
0863       1 
0864       1 
0865       1 
0866       1 
0867       1 
0868       1 
0869       1 
0870       1 
0871       1 
0872       1 
0873       1 
0874       1 
0875       1 
0876       1 
0877       1 
0878       1 
0879       1 
0880       1 
0881       1 
0882       1 
0883       1 
0884       1 
0885       1 
0886       1 
0887       1 
0888       1 
0889       1 
0890       1 
0891       1 
0892       1 
0893       1 
0894       1 
0895       1 
0896       1 
0897       1 
0898       1 
0899       1 
0900       1 
0901       1 
0902       1 
0903       1 
0904       1 
0905       1 
0906       1 
0907       1 
0908       1 
0909       1 
0910       1 
0911       1 
0912       1 
0913       1 
0914       1 
0915       1 
0916       1 
0917       1 
0918       1 
0919       1 
0920       1 
0921       1 
0922       1 
0923       1 
0924       1 
0925       1 
0926       1 
0927       1 
0928       1 
0929       1 
0930       1 
0931       1 
0932       1 
0933       1 
0934       1 
0935       1 
0936       1 
0937       1 
0938       1 
0939       1 
0940       1 
0941       1 
0942       1 
0943       1 
0944       1 
0945       1 
0946       1 
0947       1 
0948       1 
0949       1 
0950       1 
0951       1 
0952       1 
0953       1 
0954       1 
0955       1 
0956       1 
0957       1 
0958       1 
0959       1 
0960       1 
0961       1 
0962       1 
0963       1 
0964       1 
0965       1 
0966       1 
0967       1 
0968       1 
0969       1 
0970       1 
0971       1 
0972       1 
0973       1 
0974       1 
0975       1 
0976       1 
0977       1 
0978       1 
0979       1 
0980       1 
0981       1 
0982       1 
0983       1 
0984       1 
0985       1 
0986       1 
0987       1 
0988       1 
0989       1 
0990       1 
0991       1 
0992       1 
0993       1 
0994       1 
0995       1 
0996       1 
0997       1 
0998       1 
0999       1 
1000       1 
1001       1 
1002       1 
1003       1 
1004       1 
1005       1 
1006       4 
1007       4 
1008       48 
1009       48 
1010       48 
1011       48 
1012       46 
1013       42 
1014       42 
1015       42 
1016       43 
1017       51 
1018       51 
1019       51 
1020       49 
1021       49 
1022       46 
1023       46 
1024       46 
1025       51 
1026       51 
1027       62 
1028       62 
1029       62 
1030       59 
1031       59 
1032       59 
1033       63 
1034       65 
1035       67 
1036       70 
1037       71 
1038       71 
1039       72 
1040       72 
1041       67 
1042       67 
1043       70 
1044       70 
1045       70 
1046       70 
1047       64 
1048       62 
1049       62 
1050       64 
1051       64 
1052       65 
1053       68 
1054       68 
1055       68 
1056       67 
1057       66 
1058       63 
1059       58 
1060       58 
1061       58 
1062       68 
1063       68 
1064       68 
1065       68 
1066       63 
1067       63 
1068       65 
1069       70 
1070       70 
1071       70 
1072       70 
1073       63 
1074       63 
1075       63 
1076       70 
1077       70 
1078       70 
1079       67 
1297966644.086905
