0000       1 
0001       1 
0002       1 
0003       1 
0004       1 
0005       1 
0006       1 
0007       1 
0008       1 
0009       1 
0010       1 
0011       1 
0012       1 
0013       1 
0014       1 
0015       1 
0016       1 
0017       1 
0018       1 
0019       1 
0020       1 
0021       1 
0022       1 
0023       1 
0024       1 
0025       1 
0026       1 
0027       1 
0028       1 
0029       1 
0030       1 
0031       1 
0032       1 
0033       1 
0034       1 
0035       1 
0036       1 
0037       1 
0038       1 
0039       1 
0040       1 
0041       1 
0042       1 
0043       1 
0044       1 
0045       1 
0046       1 
0047       1 
0048       1 
0049       1 
0050       1 
0051       1 
0052       1 
0053       1 
0054       1 
0055       1 
0056       1 
0057       1 
0058       1 
0059       1 
0060       1 
0061       1 
0062       1 
0063       1 
0064       1 
0065       1 
0066       1 
0067       1 
0068       1 
0069       1 
0070       1 
0071       1 
0072       1 
0073       1 
0074       1 
0075       1 
0076       1 
0077       1 
0078       1 
0079       1 
0080       1 
0081       18411 
0082       18471 
0083       18501 
0084       18543 
0085       18543 
0086       17404 
0087       17339 
0088       17404 
0089       17434 
0090       17434 
0091       17453 
0092       17433 
0093       17433 
0094       17349 
0095       17274 
0096       17241 
0097       1 
0098       1 
0099       1 
0100       1 
0101       1 
0102       1 
0103       1 
0104       1 
0105       1 
0106       1 
0107       1 
0108       1 
0109       1 
0110       1 
0111       1 
0112       1 
0113       1 
0114       1 
0115       1 
0116       1 
0117       15922 
0118       15922 
0119       15922 
0120       15922 
0121       15896 
0122       15852 
0123       15852 
0124       1 
0125       15469 
0126       15469 
0127       15469 
0128       15499 
0129       15499 
0130       15513 
0131       15657 
0132       15657 
0133       15717 
0134       15737 
0135       15737 
0136       15472 
0137       15373 
0138       15423 
0139       15373 
0140       15373 
0141       15423 
0142       15793 
0143       15793 
0144       1 
0145       1 
0146       1 
0147       1 
0148       1 
0149       1 
0150       1 
0151       1 
0152       1 
0153       1 
0154       1 
0155       16178 
0156       16330 
0157       16178 
0158       1 
0159       1 
0160       1 
0161       1 
0162       1 
0163       1 
0164       1 
0165       16728 
0166       16728 
0167       16815 
0168       16692 
0169       1 
0170       1 
0171       1 
0172       1 
0173       16280 
0174       16280 
0175       16184 
0176       16124 
0177       16062 
0178       15633 
0179       15546 
0180       15546 
0181       15546 
0182       15507 
0183       15481 
0184       15021 
0185       15014 
0186       15021 
0187       16725 
0188       16725 
0189       16114 
0190       14915 
0191       14915 
0192       1 
0193       1 
0194       1 
0195       1 
0196       17091 
0197       17091 
0198       17091 
0199       1 
0200       1 
0201       1 
0202       1 
0203       1 
0204       1 
0205       1 
0206       1 
0207       1 
0208       1 
0209       1 
0210       1 
0211       1 
0212       1 
0213       17158 
0214       17158 
0215       17158 
0216       16535 
0217       16535 
0218       16535 
0219       22203 
0220       22203 
0221       22203 
0222       22028 
0223       21655 
0224       21225 
0225       1 
0226       1 
0227       20680 
0228       20680 
0229       20680 
0230       20547 
0231       20368 
0232       20008 
0233       19823 
0234       19823 
0235       19717 
0236       19544 
0237       19384 
0238       19238 
0239       19104 
0240       18978 
0241       18740 
0242       18622 
0243       18483 
0244       18303 
0245       18150 
0246       18005 
0247       17908 
0248       17664 
0249       17340 
0250       17340 
0251       17309 
0252       17131 
0253       17131 
0254       17047 
0255       16912 
0256       16750 
0257       16673 
0258       16566 
0259       16441 
0260       16325 
0261       16255 
0262       16139 
0263       16092 
0264       15925 
0265       15871 
0266       15676 
0267       15600 
0268       15600 
0269       15582 
0270       15484 
0271       15381 
0272       15306 
0273       15146 
0274       15082 
0275       14999 
0276       14961 
0277       14854 
0278       14774 
0279       14701 
0280       14629 
0281       14512 
0282       14428 
0283       14331 
0284       14306 
0285       14304 
0286       14265 
0287       14185 
0288       14120 
0289       14000 
0290       13934 
0291       13893 
0292       13832 
0293       13736 
0294       13676 
0295       13675 
0296       13585 
0297       13531 
0298       13444 
0299       13409 
0300       13376 
0301       13326 
0302       13269 
0303       13210 
0304       13166 
0305       13067 
0306       13050 
0307       12986 
0308       12913 
0309       12860 
0310       12807 
0311       12764 
0312       12690 
0313       12652 
0314       12590 
0315       12545 
0316       12505 
0317       12454 
0318       12398 
0319       12324 
0320       12317 
0321       12255 
0322       12203 
0323       12149 
0324       12115 
0325       12070 
0326       12032 
0327       11973 
0328       11953 
0329       11917 
0330       11858 
0331       11852 
0332       11796 
0333       11766 
0334       11744 
0335       11687 
0336       11657 
0337       11615 
0338       11604 
0339       11554 
0340       11482 
0341       11458 
0342       11457 
0343       11406 
0344       11373 
0345       11337 
0346       11290 
0347       11269 
0348       11210 
0349       11194 
0350       11174 
0351       11133 
0352       11114 
0353       11071 
0354       11069 
0355       11010 
0356       11000 
0357       10971 
0358       10940 
0359       10897 
0360       10880 
0361       10836 
0362       10823 
0363       10800 
0364       10794 
0365       10744 
0366       10725 
0367       10687 
0368       10664 
0369       10645 
0370       10633 
0371       10591 
0372       10581 
0373       10547 
0374       10533 
0375       10523 
0376       10497 
0377       10473 
0378       10443 
0379       10414 
0380       10402 
0381       10371 
0382       10362 
0383       10335 
0384       10320 
0385       10283 
0386       10278 
0387       10270 
0388       10232 
0389       10217 
0390       10194 
0391       10177 
0392       10149 
0393       10144 
0394       10140 
0395       10098 
0396       10098 
0397       10097 
0398       10069 
0399       10056 
0400       10032 
0401       10023 
0402       10017 
0403       10002 
0404       9964 
0405       9937 
0406       9926 
0407       9920 
0408       9914 
0409       9888 
0410       9864 
0411       9864 
0412       9832 
0413       9827 
0414       9822 
0415       9811 
0416       9788 
0417       9769 
0418       9767 
0419       9755 
0420       9746 
0421       9741 
0422       9725 
0423       9696 
0424       9696 
0425       9690 
0426       9673 
0427       9668 
0428       9657 
0429       9628 
0430       9628 
0431       9622 
0432       9605 
0433       9598 
0434       9593 
0435       9569 
0436       9563 
0437       9550 
0438       9542 
0439       9540 
0440       9534 
0441       9534 
0442       9520 
0443       9510 
0444       9502 
0445       9490 
0446       9488 
0447       9475 
0448       9465 
0449       9465 
0450       9465 
0451       9461 
0452       9455 
0453       9448 
0454       9440 
0455       9423 
0456       9417 
0457       9409 
0458       9406 
0459       9406 
0460       9402 
0461       9409 
0462       9399 
0463       9396 
0464       9396 
0465       9393 
0466       9393 
0467       9386 
0468       9376 
0469       9376 
0470       9376 
0471       9365 
0472       9364 
0473       9349 
0474       9349 
0475       9349 
0476       9337 
0477       9337 
0478       9334 
0479       9338 
0480       9338 
0481       9351 
0482       9351 
0483       9339 
0484       9337 
0485       9337 
0486       9337 
0487       9340 
0488       9348 
0489       9353 
0490       9353 
0491       9353 
0492       9349 
0493       9349 
0494       9349 
0495       9359 
0496       9359 
0497       9358 
0498       9358 
0499       9384 
0500       9384 
0501       9382 
0502       9382 
0503       9387 
0504       9387 
0505       9390 
0506       9403 
0507       9408 
0508       9403 
0509       9408 
0510       9415 
0511       9415 
0512       9415 
0513       9427 
0514       9430 
0515       9430 
0516       9439 
0517       9439 
0518       9455 
0519       9456 
0520       9474 
0521       9477 
0522       9477 
0523       9482 
0524       9487 
0525       9493 
0526       9513 
0527       9516 
0528       9516 
0529       9531 
0530       9531 
0531       9569 
0532       9569 
0533       9575 
0534       9597 
0535       9602 
0536       9609 
0537       9602 
0538       9610 
0539       9633 
0540       9643 
0541       9677 
0542       9678 
0543       9696 
0544       9696 
0545       9696 
0546       9715 
0547       9723 
0548       9767 
0549       9768 
0550       9789 
0551       9789 
0552       9806 
0553       9814 
0554       9847 
0555       9865 
0556       9874 
0557       9885 
0558       9896 
0559       9930 
0560       9946 
0561       9962 
0562       9989 
0563       10008 
0564       10017 
0565       10053 
0566       10074 
0567       10074 
0568       10104 
0569       10115 
0570       10150 
0571       10158 
0572       10184 
0573       10184 
0574       10202 
0575       10232 
0576       10266 
0577       10268 
0578       10303 
0579       10330 
0580       10339 
0581       10370 
0582       10386 
0583       10396 
0584       10414 
0585       10433 
0586       10451 
0587       10481 
0588       10484 
0589       10484 
0590       10532 
0591       10558 
0592       10577 
0593       10597 
0594       10621 
0595       10637 
0596       10677 
0597       10704 
0598       10728 
0599       10758 
0600       10769 
0601       10810 
0602       10849 
0603       10885 
0604       10901 
0605       10917 
0606       10947 
0607       10979 
0608       10979 
0609       10929 
0610       10926 
0611       10916 
0612       10882 
0613       8034 
0614       7983 
0615       6034 
0616       5938 
0617       5654 
0618       5187 
0619       5178 
0620       5151 
0621       5151 
0622       5163 
0623       5171 
0624       5171 
0625       3083 
0626       3025 
0627       2947 
0628       2842 
0629       2747 
0630       2655 
0631       2567 
0632       2413 
0633       2092 
0634       1976 
0635       1976 
0636       1976 
0637       2014 
0638       2014 
0639       2014 
0640       1956 
0641       1888 
0642       1874 
0643       1874 
0644       1871 
0645       1871 
0646       1875 
0647       1876 
0648       1881 
0649       1890 
0650       1902 
0651       1909 
0652       1911 
0653       1932 
0654       1936 
0655       1946 
0656       1963 
0657       1969 
0658       1984 
0659       1992 
0660       1995 
0661       2012 
0662       2013 
0663       2027 
0664       2041 
0665       2045 
0666       2059 
0667       2071 
0668       2071 
0669       2071 
0670       1994 
0671       1860 
0672       1860 
0673       1860 
0674       1877 
0675       1974 
0676       2131 
0677       2161 
0678       2161 
0679       2161 
0680       1854 
0681       1636 
0682       1632 
0683       1632 
0684       1632 
0685       1722 
0686       2141 
0687       2402 
0688       2453 
0689       2457 
0690       2457 
0691       2479 
0692       2479 
0693       1777 
0694       1400 
0695       1400 
0696       1400 
0697       1832 
0698       2487 
0699       2603 
0700       2603 
0701       2635 
0702       2649 
0703       2673 
0704       2688 
0705       2697 
0706       2716 
0707       2731 
0708       2738 
0709       2738 
0710       2738 
0711       1166 
0712       1166 
0713       1166 
0714       1173 
0715       1200 
0716       1232 
0717       2963 
0718       2969 
0719       2990 
0720       3010 
0721       3020 
0722       3041 
0723       3077 
0724       3108 
0725       3124 
0726       3143 
0727       3154 
0728       3187 
0729       3226 
0730       3233 
0731       3278 
0732       3313 
0733       3313 
0734       3313 
0735       927 
0736       925 
0737       913 
0738       912 
0739       910 
0740       910 
0741       910 
0742       919 
0743       922 
0744       943 
0745       943 
0746       944 
0747       969 
0748       3877 
0749       3911 
0750       3941 
0751       3991 
0752       4029 
0753       4128 
0754       4162 
0755       4213 
0756       4241 
0757       4288 
0758       4321 
0759       4389 
0760       4446 
0761       4446 
0762       4446 
0763       4443 
0764       4443 
0765       4443 
0766       4474 
0767       4495 
0768       4562 
0769       4600 
0770       4632 
0771       4632 
0772       4685 
0773       11941 
0774       12494 
0775       12619 
0776       12619 
0777       4550 
0778       4550 
0779       1 
0780       4550 
0781       1 
0782       1 
0783       1 
0784       4530 
0785       4534 
0786       4542 
0787       4546 
0788       4542 
0789       4542 
0790       4535 
0791       4530 
0792       4513 
0793       1 
0794       1 
0795       1 
0796       1 
0797       1 
0798       1 
0799       1 
0800       1 
0801       1 
0802       1 
0803       1 
0804       1 
0805       1 
0806       1 
0807       1 
0808       1 
0809       1 
0810       1 
0811       1 
0812       1 
0813       1 
0814       1 
0815       1 
0816       1 
0817       1 
0818       1 
0819       4565 
0820       4565 
0821       4565 
0822       1 
0823       1 
0824       1 
0825       1 
0826       1 
0827       1 
0828       1 
0829       1 
0830       1 
0831       1 
0832       1 
0833       1 
0834       1 
0835       1 
0836       1 
0837       1 
0838       1 
0839       1 
0840       1 
0841       1 
0842       1 
0843       1 
0844       1 
0845       1 
0846       1 
0847       1 
0848       1 
0849       1 
0850       1 
0851       1 
0852       1 
0853       1 
0854       1 
0855       1 
0856       1 
0857       1 
0858       1 
0859       1 
0860       1 
0861       1 
0862       1 
0863       1 
0864       1 
0865       1 
0866       1 
0867       1 
0868       1 
0869       1 
0870       1 
0871       1 
0872       1 
0873       1 
0874       1 
0875       1 
0876       1 
0877       1 
0878       1 
0879       1 
0880       1 
0881       1 
0882       1 
0883       1 
0884       1 
0885       1 
0886       1 
0887       1 
0888       1 
0889       1 
0890       1 
0891       1 
0892       1 
0893       1 
0894       1 
0895       1 
0896       1 
0897       1 
0898       1 
0899       1 
0900       1 
0901       1 
0902       1 
0903       1 
0904       1 
0905       1 
0906       1 
0907       1 
0908       1 
0909       1 
0910       1 
0911       1 
0912       1 
0913       1 
0914       1 
0915       1 
0916       1 
0917       1 
0918       1 
0919       1 
0920       1 
0921       1 
0922       1 
0923       1 
0924       1 
0925       1 
0926       1 
0927       1 
0928       1 
0929       1 
0930       1 
0931       1 
0932       1 
0933       1 
0934       1 
0935       1 
0936       1 
0937       1 
0938       1 
0939       1 
0940       1 
0941       1 
0942       1 
0943       1 
0944       1 
0945       1 
0946       1 
0947       1 
0948       1 
0949       1 
0950       1 
0951       1 
0952       1 
0953       1 
0954       1 
0955       1 
0956       1 
0957       1 
0958       1 
0959       1 
0960       1 
0961       1 
0962       1 
0963       1 
0964       1 
0965       1 
0966       1 
0967       1 
0968       1 
0969       1 
0970       1 
0971       1 
0972       1 
0973       1 
0974       1 
0975       1 
0976       1 
0977       1 
0978       1 
0979       1 
0980       1 
0981       1 
0982       1 
0983       1 
0984       1 
0985       1 
0986       1 
0987       1 
0988       1 
0989       1 
0990       1 
0991       1 
0992       1 
0993       1 
0994       1 
0995       1 
0996       1 
0997       1 
0998       1 
0999       1 
1000       1 
1001       1 
1002       1 
1003       1 
1004       1 
1005       1 
1006       1 
1007       1 
1008       4 
1009       4 
1010       4 
1011       52 
1012       56 
1013       54 
1014       52 
1015       52 
1016       43 
1017       43 
1018       42 
1019       43 
1020       52 
1021       53 
1022       53 
1023       56 
1024       58 
1025       58 
1026       59 
1027       63 
1028       59 
1029       58 
1030       56 
1031       56 
1032       56 
1033       57 
1034       59 
1035       60 
1036       62 
1037       69 
1038       69 
1039       70 
1040       72 
1041       76 
1042       72 
1043       76 
1044       72 
1045       64 
1046       64 
1047       65 
1048       65 
1049       65 
1050       65 
1051       65 
1052       74 
1053       68 
1054       74 
1055       74 
1056       69 
1057       68 
1058       66 
1059       66 
1060       65 
1061       65 
1062       65 
1063       65 
1064       65 
1065       67 
1066       67 
1067       68 
1068       68 
1069       68 
1070       68 
1071       68 
1072       69 
1073       71 
1074       69 
1075       71 
1076       71 
1077       70 
1078       69 
1079       69 
1297966614.585030
