0000       1 
0001       1 
0002       1 
0003       1 
0004       1 
0005       1 
0006       1 
0007       1 
0008       1 
0009       1 
0010       1 
0011       1 
0012       1 
0013       1 
0014       1 
0015       1 
0016       1 
0017       1 
0018       1 
0019       1 
0020       1 
0021       1 
0022       1 
0023       1 
0024       1 
0025       1 
0026       1 
0027       1 
0028       1 
0029       1 
0030       1 
0031       1 
0032       1 
0033       1 
0034       1 
0035       1 
0036       1 
0037       1 
0038       1 
0039       1 
0040       1 
0041       1 
0042       1 
0043       1 
0044       1 
0045       1 
0046       1 
0047       1 
0048       1 
0049       1 
0050       1 
0051       1 
0052       1 
0053       1 
0054       1 
0055       1 
0056       1 
0057       1 
0058       1 
0059       1 
0060       1 
0061       1 
0062       1 
0063       1 
0064       1 
0065       1 
0066       1 
0067       1 
0068       1 
0069       1 
0070       1 
0071       1 
0072       1 
0073       1 
0074       1 
0075       1 
0076       1 
0077       1 
0078       1 
0079       1 
0080       1 
0081       1 
0082       1 
0083       1 
0084       1 
0085       1 
0086       1 
0087       1 
0088       1 
0089       1 
0090       1 
0091       1 
0092       1 
0093       1 
0094       1 
0095       1 
0096       1 
0097       1 
0098       1 
0099       1 
0100       1 
0101       1 
0102       1 
0103       1 
0104       1 
0105       1 
0106       1 
0107       1 
0108       1 
0109       1 
0110       1 
0111       1 
0112       1 
0113       1 
0114       1 
0115       1 
0116       1 
0117       1 
0118       1 
0119       1 
0120       1 
0121       1 
0122       1 
0123       1 
0124       1 
0125       1 
0126       1 
0127       1 
0128       1 
0129       1 
0130       1 
0131       1 
0132       1 
0133       1 
0134       1 
0135       1 
0136       1 
0137       1 
0138       1 
0139       1 
0140       1 
0141       1 
0142       1 
0143       1 
0144       1 
0145       1 
0146       1 
0147       1 
0148       1 
0149       1 
0150       1 
0151       1 
0152       1 
0153       1 
0154       1 
0155       1 
0156       1 
0157       1 
0158       1 
0159       1 
0160       1 
0161       1 
0162       1 
0163       1 
0164       1 
0165       1 
0166       1 
0167       1 
0168       1 
0169       1 
0170       1 
0171       1 
0172       1 
0173       1 
0174       1 
0175       1 
0176       1 
0177       1 
0178       1 
0179       1 
0180       1 
0181       1 
0182       1 
0183       1 
0184       1 
0185       1 
0186       1 
0187       1 
0188       1 
0189       1 
0190       1 
0191       1 
0192       1 
0193       1 
0194       1 
0195       1 
0196       1 
0197       1 
0198       1 
0199       1 
0200       1 
0201       1 
0202       1 
0203       1 
0204       1 
0205       1 
0206       1 
0207       1 
0208       1 
0209       1 
0210       1 
0211       1 
0212       1 
0213       1 
0214       1 
0215       1 
0216       1 
0217       1 
0218       1 
0219       1 
0220       1 
0221       1 
0222       19087 
0223       19087 
0224       1 
0225       1 
0226       1 
0227       1 
0228       1 
0229       1 
0230       1 
0231       1 
0232       1 
0233       1 
0234       1 
0235       1 
0236       1 
0237       1 
0238       1 
0239       1 
0240       1 
0241       1 
0242       1 
0243       1 
0244       1 
0245       1 
0246       1 
0247       1 
0248       1 
0249       1 
0250       1 
0251       1 
0252       1 
0253       1 
0254       1 
0255       1 
0256       1 
0257       1 
0258       1 
0259       1 
0260       1 
0261       1 
0262       1 
0263       1 
0264       1 
0265       1 
0266       1 
0267       1 
0268       1 
0269       1 
0270       1 
0271       1 
0272       1 
0273       1 
0274       1 
0275       1 
0276       1 
0277       1 
0278       1 
0279       1 
0280       1 
0281       1 
0282       1 
0283       1 
0284       1 
0285       1 
0286       1 
0287       1 
0288       1 
0289       1 
0290       1 
0291       1 
0292       1 
0293       1 
0294       1 
0295       1 
0296       1 
0297       1 
0298       1 
0299       1 
0300       1 
0301       1 
0302       1 
0303       1 
0304       1 
0305       1 
0306       1 
0307       1 
0308       1 
0309       1 
0310       1 
0311       20317 
0312       20317 
0313       19890 
0314       1 
0315       1 
0316       1 
0317       19230 
0318       19230 
0319       1 
0320       1 
0321       1 
0322       1 
0323       1 
0324       1 
0325       1 
0326       1 
0327       1 
0328       1 
0329       1 
0330       1 
0331       17069 
0332       17069 
0333       17069 
0334       16908 
0335       16633 
0336       16679 
0337       16679 
0338       16679 
0339       16523 
0340       16429 
0341       16305 
0342       16220 
0343       16065 
0344       15916 
0345       15848 
0346       15748 
0347       15637 
0348       15583 
0349       15496 
0350       15433 
0351       15311 
0352       15208 
0353       15147 
0354       15035 
0355       14945 
0356       14899 
0357       14768 
0358       14722 
0359       14617 
0360       14503 
0361       14408 
0362       14361 
0363       14292 
0364       14183 
0365       14096 
0366       14033 
0367       13924 
0368       13873 
0369       13801 
0370       13721 
0371       13658 
0372       13582 
0373       13512 
0374       13479 
0375       13393 
0376       13344 
0377       13293 
0378       13229 
0379       13167 
0380       13086 
0381       13012 
0382       12985 
0383       12900 
0384       12849 
0385       12786 
0386       12731 
0387       12707 
0388       12626 
0389       12578 
0390       12509 
0391       12489 
0392       12415 
0393       12374 
0394       12324 
0395       12284 
0396       12208 
0397       12176 
0398       12134 
0399       12064 
0400       12026 
0401       12002 
0402       11925 
0403       11883 
0404       11836 
0405       11817 
0406       11753 
0407       11725 
0408       11679 
0409       11646 
0410       11596 
0411       11544 
0412       11512 
0413       11468 
0414       11433 
0415       11388 
0416       11333 
0417       11302 
0418       11276 
0419       11233 
0420       11213 
0421       11138 
0422       11122 
0423       11077 
0424       11046 
0425       11025 
0426       10974 
0427       10945 
0428       10912 
0429       10858 
0430       10849 
0431       10806 
0432       10768 
0433       10761 
0434       10687 
0435       10676 
0436       10642 
0437       10606 
0438       10576 
0439       10573 
0440       10537 
0441       10525 
0442       10455 
0443       10445 
0444       10414 
0445       10407 
0446       10371 
0447       10349 
0448       10302 
0449       10294 
0450       10276 
0451       10251 
0452       10219 
0453       10218 
0454       10177 
0455       10150 
0456       10130 
0457       10078 
0458       10065 
0459       10050 
0460       10003 
0461       10002 
0462       9980 
0463       9943 
0464       9917 
0465       9902 
0466       9892 
0467       9880 
0468       9855 
0469       9819 
0470       9798 
0471       9777 
0472       9758 
0473       9757 
0474       9701 
0475       9701 
0476       9681 
0477       9671 
0478       9653 
0479       9642 
0480       9613 
0481       9610 
0482       9595 
0483       9567 
0484       9553 
0485       9518 
0486       9516 
0487       9492 
0488       9488 
0489       9462 
0490       9436 
0491       9432 
0492       9422 
0493       9412 
0494       9399 
0495       9377 
0496       9370 
0497       9347 
0498       9346 
0499       9325 
0500       9315 
0501       9315 
0502       9287 
0503       9271 
0504       9259 
0505       9252 
0506       9237 
0507       9221 
0508       9221 
0509       9207 
0510       9172 
0511       9172 
0512       9175 
0513       9175 
0514       9140 
0515       9128 
0516       9128 
0517       9129 
0518       9129 
0519       9128 
0520       9116 
0521       9081 
0522       9081 
0523       9075 
0524       9058 
0525       9057 
0526       9057 
0527       9057 
0528       9045 
0529       9037 
0530       9021 
0531       9021 
0532       9014 
0533       9013 
0534       9011 
0535       8996 
0536       8983 
0537       8983 
0538       9000 
0539       9000 
0540       8978 
0541       8971 
0542       8965 
0543       8965 
0544       8963 
0545       8963 
0546       8960 
0547       8940 
0548       8935 
0549       8928 
0550       8928 
0551       8939 
0552       8949 
0553       8949 
0554       8921 
0555       8913 
0556       8907 
0557       8907 
0558       8907 
0559       8905 
0560       8905 
0561       8890 
0562       8890 
0563       8896 
0564       8896 
0565       8855 
0566       8855 
0567       8862 
0568       8873 
0569       8887 
0570       8891 
0571       8893 
0572       8893 
0573       8899 
0574       8900 
0575       8920 
0576       8921 
0577       8927 
0578       8935 
0579       8937 
0580       8942 
0581       8942 
0582       8942 
0583       8942 
0584       8952 
0585       8942 
0586       8935 
0587       8934 
0588       8935 
0589       8941 
0590       8947 
0591       8947 
0592       8948 
0593       8943 
0594       8948 
0595       8959 
0596       8959 
0597       8967 
0598       8970 
0599       8980 
0600       8997 
0601       9001 
0602       9003 
0603       9007 
0604       9003 
0605       9007 
0606       9019 
0607       9023 
0608       9038 
0609       9039 
0610       9056 
0611       9065 
0612       9072 
0613       9082 
0614       9106 
0615       9109 
0616       9113 
0617       9113 
0618       9113 
0619       9120 
0620       9152 
0621       9167 
0622       9171 
0623       9177 
0624       9181 
0625       9196 
0626       9200 
0627       9198 
0628       9209 
0629       9209 
0630       9231 
0631       9253 
0632       9256 
0633       9278 
0634       9278 
0635       9288 
0636       9305 
0637       9311 
0638       9335 
0639       9349 
0640       9354 
0641       9355 
0642       9356 
0643       9379 
0644       9418 
0645       9447 
0646       9447 
0647       9460 
0648       9461 
0649       9492 
0650       9500 
0651       9518 
0652       9532 
0653       9542 
0654       9571 
0655       9590 
0656       9596 
0657       9602 
0658       9633 
0659       9633 
0660       9647 
0661       9671 
0662       9680 
0663       9693 
0664       9728 
0665       9742 
0666       9757 
0667       9777 
0668       9790 
0669       9828 
0670       9842 
0671       9861 
0672       9889 
0673       9908 
0674       9935 
0675       9965 
0676       9984 
0677       9990 
0678       10017 
0679       10059 
0680       10093 
0681       10094 
0682       10122 
0683       10147 
0684       10184 
0685       10195 
0686       10226 
0687       10251 
0688       10269 
0689       10311 
0690       10327 
0691       10349 
0692       10389 
0693       10393 
0694       10444 
0695       10444 
0696       10427 
0697       10414 
0698       10414 
0699       10414 
0700       10419 
0701       10449 
0702       10454 
0703       10482 
0704       10519 
0705       10548 
0706       10572 
0707       10572 
0708       7775 
0709       7775 
0710       7786 
0711       7806 
0712       7844 
0713       7881 
0714       7894 
0715       7932 
0716       7932 
0717       7930 
0718       7909 
0719       7909 
0720       7911 
0721       7916 
0722       7945 
0723       7964 
0724       7975 
0725       7975 
0726       5352 
0727       5323 
0728       5256 
0729       5210 
0730       5141 
0731       5088 
0732       5002 
0733       4938 
0734       4867 
0735       4819 
0736       4751 
0737       4662 
0738       4587 
0739       4506 
0740       4454 
0741       4406 
0742       4372 
0743       4341 
0744       4327 
0745       4327 
0746       4327 
0747       4332 
0748       4375 
0749       4399 
0750       4411 
0751       4442 
0752       4447 
0753       4491 
0754       4519 
0755       4545 
0756       4569 
0757       4590 
0758       4623 
0759       4641 
0760       4675 
0761       4692 
0762       4719 
0763       4795 
0764       4816 
0765       4867 
0766       4896 
0767       5013 
0768       5022 
0769       5059 
0770       5101 
0771       5116 
0772       5142 
0773       5166 
0774       5220 
0775       5255 
0776       5263 
0777       5300 
0778       5336 
0779       5388 
0780       5399 
0781       5454 
0782       5464 
0783       5529 
0784       5557 
0785       5576 
0786       5624 
0787       5675 
0788       5714 
0789       5727 
0790       5768 
0791       5824 
0792       5860 
0793       5865 
0794       5890 
0795       5938 
0796       5975 
0797       6049 
0798       6095 
0799       6133 
0800       6183 
0801       6223 
0802       6266 
0803       6316 
0804       6374 
0805       6411 
0806       6438 
0807       6517 
0808       6573 
0809       6613 
0810       6649 
0811       6720 
0812       6768 
0813       6834 
0814       6862 
0815       6938 
0816       7005 
0817       7071 
0818       7096 
0819       7143 
0820       7197 
0821       7268 
0822       7322 
0823       7390 
0824       7480 
0825       7543 
0826       7628 
0827       7691 
0828       7778 
0829       7862 
0830       7942 
0831       8006 
0832       8071 
0833       8071 
0834       8071 
0835       8156 
0836       8266 
0837       8368 
0838       8470 
0839       8683 
0840       8832 
0841       8931 
0842       9050 
0843       9211 
0844       9363 
0845       9467 
0846       9588 
0847       9687 
0848       9812 
0849       9968 
0850       9968 
0851       10121 
0852       10324 
0853       10454 
0854       10581 
0855       10676 
0856       10792 
0857       10942 
0858       11090 
0859       11282 
0860       11459 
0861       11670 
0862       11817 
0863       11974 
0864       12176 
0865       12406 
0866       12578 
0867       12817 
0868       13033 
0869       13214 
0870       13479 
0871       13479 
0872       1 
0873       1 
0874       1 
0875       1 
0876       1 
0877       1 
0878       15211 
0879       15641 
0880       15641 
0881       15695 
0882       23559 
0883       23559 
0884       23559 
0885       23556 
0886       23548 
0887       23532 
0888       23520 
0889       23518 
0890       23514 
0891       23514 
0892       23521 
0893       23521 
0894       23473 
0895       23422 
0896       23473 
0897       23422 
0898       1 
0899       1 
0900       1 
0901       1 
0902       1 
0903       1 
0904       1 
0905       1 
0906       1 
0907       1 
0908       1 
0909       1 
0910       23575 
0911       23575 
0912       1 
0913       1 
0914       1 
0915       23481 
0916       23509 
0917       23512 
0918       23530 
0919       23536 
0920       23542 
0921       23542 
0922       23542 
0923       23596 
0924       23596 
0925       23583 
0926       1 
0927       1 
0928       1 
0929       1 
0930       1 
0931       1 
0932       1 
0933       1 
0934       1 
0935       1 
0936       1 
0937       1 
0938       1 
0939       1 
0940       1 
0941       1 
0942       1 
0943       1 
0944       1 
0945       1 
0946       1 
0947       1 
0948       1 
0949       1 
0950       1 
0951       1 
0952       1 
0953       1 
0954       1 
0955       1 
0956       1 
0957       1 
0958       1 
0959       1 
0960       1 
0961       1 
0962       1 
0963       1 
0964       1 
0965       1 
0966       1 
0967       1 
0968       1 
0969       1 
0970       1 
0971       1 
0972       1 
0973       1 
0974       1 
0975       1 
0976       1 
0977       1 
0978       1 
0979       1 
0980       1 
0981       1 
0982       1 
0983       1 
0984       1 
0985       1 
0986       1 
0987       1 
0988       1 
0989       1 
0990       1 
0991       1 
0992       1 
0993       1 
0994       1 
0995       1 
0996       1 
0997       1 
0998       1 
0999       1 
1000       1 
1001       1 
1002       1 
1003       1 
1004       1 
1005       1 
1006       1 
1007       4 
1008       51 
1009       51 
1010       4 
1011       4 
1012       4 
1013       4 
1014       57 
1015       57 
1016       57 
1017       57 
1018       51 
1019       48 
1020       48 
1021       48 
1022       51 
1023       51 
1024       51 
1025       57 
1026       62 
1027       69 
1028       69 
1029       69 
1030       62 
1031       62 
1032       62 
1033       64 
1034       69 
1035       69 
1036       72 
1037       70 
1038       70 
1039       75 
1040       75 
1041       74 
1042       75 
1043       75 
1044       74 
1045       75 
1046       75 
1047       67 
1048       66 
1049       67 
1050       67 
1051       67 
1052       67 
1053       67 
1054       66 
1055       66 
1056       66 
1057       66 
1058       67 
1059       67 
1060       58 
1061       58 
1062       63 
1063       63 
1064       65 
1065       68 
1066       70 
1067       70 
1068       70 
1069       60 
1070       60 
1071       60 
1072       64 
1073       65 
1074       66 
1075       65 
1076       64 
1077       66 
1078       66 
1079       63 
1297966621.109231
