0000       1 
0001       1 
0002       1 
0003       1 
0004       1 
0005       1 
0006       1 
0007       1 
0008       1 
0009       1 
0010       1 
0011       1 
0012       1 
0013       1 
0014       1 
0015       1 
0016       1 
0017       1 
0018       1 
0019       1 
0020       1 
0021       1 
0022       1 
0023       1 
0024       1 
0025       1 
0026       1 
0027       1 
0028       1 
0029       1 
0030       1 
0031       1 
0032       1 
0033       1 
0034       1 
0035       1 
0036       1 
0037       1 
0038       1 
0039       1 
0040       1 
0041       1 
0042       1 
0043       1 
0044       1 
0045       1 
0046       1 
0047       1 
0048       1 
0049       1 
0050       1 
0051       1 
0052       1 
0053       1 
0054       1 
0055       1 
0056       1 
0057       1 
0058       1 
0059       1 
0060       1 
0061       1 
0062       1 
0063       1 
0064       1 
0065       1 
0066       1 
0067       1 
0068       1 
0069       1 
0070       1 
0071       1 
0072       1 
0073       1 
0074       1 
0075       1 
0076       1 
0077       1 
0078       1 
0079       1 
0080       1 
0081       1 
0082       1 
0083       1 
0084       1 
0085       1 
0086       1 
0087       1 
0088       1 
0089       1 
0090       1 
0091       1 
0092       1 
0093       1 
0094       1 
0095       1 
0096       1 
0097       1 
0098       1 
0099       1 
0100       1 
0101       1 
0102       1 
0103       1 
0104       4448 
0105       4620 
0106       4620 
0107       4620 
0108       4610 
0109       4588 
0110       4581 
0111       4575 
0112       4569 
0113       4568 
0114       4563 
0115       4565 
0116       4563 
0117       4555 
0118       4544 
0119       4541 
0120       4539 
0121       4535 
0122       4535 
0123       4529 
0124       4528 
0125       4522 
0126       4522 
0127       4518 
0128       4514 
0129       4493 
0130       4493 
0131       4493 
0132       4490 
0133       4490 
0134       4490 
0135       4487 
0136       4483 
0137       4481 
0138       4480 
0139       4480 
0140       4478 
0141       4476 
0142       4475 
0143       4475 
0144       4473 
0145       4471 
0146       4469 
0147       4468 
0148       4468 
0149       4463 
0150       4463 
0151       4461 
0152       4448 
0153       4448 
0154       4447 
0155       4444 
0156       4444 
0157       4444 
0158       4444 
0159       4444 
0160       4449 
0161       4449 
0162       4445 
0163       4441 
0164       4445 
0165       4445 
0166       4447 
0167       4447 
0168       4452 
0169       4447 
0170       4451 
0171       4451 
0172       4451 
0173       4448 
0174       4451 
0175       4451 
0176       4453 
0177       4453 
0178       4454 
0179       4454 
0180       4454 
0181       4454 
0182       4460 
0183       4460 
0184       4461 
0185       4463 
0186       4465 
0187       4465 
0188       4465 
0189       4471 
0190       4474 
0191       4475 
0192       4474 
0193       4475 
0194       4480 
0195       4480 
0196       4483 
0197       4492 
0198       4492 
0199       4492 
0200       4492 
0201       4492 
0202       4505 
0203       4511 
0204       4517 
0205       4519 
0206       4519 
0207       4520 
0208       4521 
0209       4522 
0210       4534 
0211       4539 
0212       4546 
0213       4546 
0214       4546 
0215       4546 
0216       4550 
0217       4561 
0218       4561 
0219       4561 
0220       4561 
0221       4557 
0222       1 
0223       1 
0224       1 
0225       1 
0226       1 
0227       1 
0228       1 
0229       1 
0230       1 
0231       1 
0232       1 
0233       1 
0234       1 
0235       1 
0236       1 
0237       1 
0238       1 
0239       1 
0240       1 
0241       1 
0242       1 
0243       1 
0244       1 
0245       1 
0246       1 
0247       1 
0248       1 
0249       1 
0250       1 
0251       1 
0252       1 
0253       1 
0254       1 
0255       1 
0256       1 
0257       1 
0258       1 
0259       1 
0260       1 
0261       1 
0262       1 
0263       1 
0264       1 
0265       1 
0266       1 
0267       1 
0268       1 
0269       15958 
0270       15958 
0271       1 
0272       1 
0273       1 
0274       1 
0275       1 
0276       1 
0277       1 
0278       1 
0279       1 
0280       1 
0281       1 
0282       1 
0283       1 
0284       1 
0285       1 
0286       1 
0287       1 
0288       1 
0289       1 
0290       1 
0291       1 
0292       1 
0293       1 
0294       1 
0295       1 
0296       1 
0297       1 
0298       1 
0299       1 
0300       1 
0301       1 
0302       1 
0303       1 
0304       1 
0305       1 
0306       1 
0307       1 
0308       1 
0309       1 
0310       1 
0311       1 
0312       1 
0313       1 
0314       1 
0315       1 
0316       1 
0317       1 
0318       1 
0319       1 
0320       1 
0321       1 
0322       1 
0323       1 
0324       1 
0325       1 
0326       1 
0327       1 
0328       1 
0329       1 
0330       1 
0331       1 
0332       1 
0333       1 
0334       1 
0335       1 
0336       1 
0337       1 
0338       1 
0339       1 
0340       1 
0341       1 
0342       1 
0343       1 
0344       1 
0345       1 
0346       1 
0347       1 
0348       1 
0349       1 
0350       1 
0351       1 
0352       1 
0353       1 
0354       1 
0355       1 
0356       1 
0357       1 
0358       1 
0359       1 
0360       1 
0361       1 
0362       1 
0363       1 
0364       1 
0365       1 
0366       1 
0367       1 
0368       1 
0369       1 
0370       1 
0371       1 
0372       1 
0373       1 
0374       1 
0375       1 
0376       1 
0377       1 
0378       1 
0379       1 
0380       1 
0381       1 
0382       1 
0383       1 
0384       1 
0385       1 
0386       1 
0387       1 
0388       1 
0389       1 
0390       1 
0391       1 
0392       1 
0393       1 
0394       1 
0395       1 
0396       1 
0397       1 
0398       1 
0399       1 
0400       1 
0401       1 
0402       1 
0403       1 
0404       1 
0405       1 
0406       1 
0407       1 
0408       1 
0409       1 
0410       1 
0411       1 
0412       1 
0413       1 
0414       1 
0415       1 
0416       1 
0417       1 
0418       1 
0419       1 
0420       1 
0421       1 
0422       1 
0423       1 
0424       1 
0425       1 
0426       1 
0427       1 
0428       1 
0429       1 
0430       1 
0431       1 
0432       1 
0433       1 
0434       1 
0435       1 
0436       1 
0437       1 
0438       1 
0439       1 
0440       1 
0441       1 
0442       1 
0443       1 
0444       1 
0445       1 
0446       1 
0447       1 
0448       1 
0449       1 
0450       1 
0451       1 
0452       1 
0453       1 
0454       1 
0455       1 
0456       1 
0457       1 
0458       1 
0459       1 
0460       1 
0461       1 
0462       1 
0463       1 
0464       1 
0465       1 
0466       1 
0467       1 
0468       1 
0469       1 
0470       1 
0471       1 
0472       1 
0473       1 
0474       1 
0475       1 
0476       1 
0477       1 
0478       1 
0479       1 
0480       1 
0481       1 
0482       1 
0483       1 
0484       9479 
0485       9479 
0486       10656 
0487       10656 
0488       1 
0489       1 
0490       1 
0491       1 
0492       1 
0493       1 
0494       1 
0495       1 
0496       1 
0497       1 
0498       1 
0499       1 
0500       1 
0501       1 
0502       1 
0503       1 
0504       1 
0505       9509 
0506       9509 
0507       7634 
0508       7610 
0509       7375 
0510       7318 
0511       7375 
0512       7897 
0513       7897 
0514       7946 
0515       9718 
0516       9718 
0517       9685 
0518       9685 
0519       9760 
0520       9766 
0521       9766 
0522       1 
0523       1 
0524       1 
0525       1 
0526       9799 
0527       9799 
0528       9765 
0529       9304 
0530       8903 
0531       8869 
0532       8869 
0533       8869 
0534       11129 
0535       11129 
0536       8529 
0537       8529 
0538       8529 
0539       8529 
0540       8592 
0541       11362 
0542       11542 
0543       11548 
0544       11542 
0545       9767 
0546       9767 
0547       9870 
0548       9870 
0549       9821 
0550       9816 
0551       9704 
0552       9609 
0553       9609 
0554       9609 
0555       1 
0556       1 
0557       1 
0558       1 
0559       7691 
0560       7808 
0561       7808 
0562       7808 
0563       7699 
0564       7699 
0565       7642 
0566       7642 
0567       7642 
0568       8050 
0569       8050 
0570       8050 
0571       1 
0572       1 
0573       1 
0574       1 
0575       8897 
0576       8897 
0577       1 
0578       1 
0579       1 
0580       7693 
0581       7693 
0582       7634 
0583       7583 
0584       7580 
0585       7546 
0586       7526 
0587       1 
0588       1 
0589       1 
0590       1 
0591       1 
0592       1 
0593       1 
0594       8686 
0595       8686 
0596       8770 
0597       9012 
0598       9082 
0599       9082 
0600       8766 
0601       8364 
0602       1 
0603       1 
0604       1 
0605       1 
0606       1 
0607       1 
0608       1 
0609       1 
0610       1 
0611       1 
0612       1 
0613       1 
0614       1 
0615       1 
0616       1 
0617       1 
0618       1 
0619       1 
0620       1 
0621       1 
0622       1 
0623       1 
0624       1 
0625       1 
0626       1 
0627       1 
0628       1 
0629       1 
0630       1 
0631       1 
0632       1 
0633       1 
0634       1 
0635       1 
0636       21343 
0637       21343 
0638       21338 
0639       21229 
0640       21114 
0641       20873 
0642       20740 
0643       20573 
0644       1 
0645       1 
0646       1 
0647       1 
0648       1 
0649       1 
0650       1 
0651       1 
0652       1 
0653       1 
0654       1 
0655       1 
0656       1 
0657       1 
0658       18204 
0659       18204 
0660       18201 
0661       18108 
0662       18019 
0663       18019 
0664       18036 
0665       18115 
0666       18186 
0667       18255 
0668       18303 
0669       18380 
0670       18419 
0671       18489 
0672       18526 
0673       18608 
0674       18636 
0675       18655 
0676       18684 
0677       18801 
0678       18876 
0679       18964 
0680       19035 
0681       19107 
0682       19190 
0683       19248 
0684       19303 
0685       19379 
0686       19441 
0687       19525 
0688       19578 
0689       19649 
0690       19707 
0691       19797 
0692       19875 
0693       19938 
0694       20055 
0695       20087 
0696       20087 
0697       1 
0698       1 
0699       1 
0700       1 
0701       1 
0702       1 
0703       1 
0704       1 
0705       1 
0706       1 
0707       1 
0708       1 
0709       1 
0710       1 
0711       1 
0712       18473 
0713       18473 
0714       18398 
0715       18267 
0716       18201 
0717       18125 
0718       18070 
0719       17970 
0720       17901 
0721       17832 
0722       17788 
0723       17706 
0724       17636 
0725       17570 
0726       17511 
0727       17431 
0728       17383 
0729       17300 
0730       17238 
0731       17197 
0732       1 
0733       1 
0734       1 
0735       17181 
0736       17181 
0737       17058 
0738       17004 
0739       16972 
0740       16944 
0741       16861 
0742       16811 
0743       16749 
0744       16703 
0745       16686 
0746       16599 
0747       16560 
0748       16525 
0749       16474 
0750       16387 
0751       1 
0752       1 
0753       1 
0754       18436 
0755       18445 
0756       18468 
0757       18468 
0758       1 
0759       1 
0760       1 
0761       1 
0762       1 
0763       1 
0764       1 
0765       1 
0766       1 
0767       1 
0768       1 
0769       1 
0770       1 
0771       1 
0772       1 
0773       1 
0774       1 
0775       1 
0776       1 
0777       1 
0778       1 
0779       1 
0780       1 
0781       1 
0782       1 
0783       1 
0784       1 
0785       1 
0786       1 
0787       1 
0788       1 
0789       1 
0790       1 
0791       1 
0792       1 
0793       1 
0794       1 
0795       1 
0796       1 
0797       1 
0798       1 
0799       1 
0800       1 
0801       1 
0802       1 
0803       1 
0804       1 
0805       1 
0806       1 
0807       1 
0808       1 
0809       1 
0810       1 
0811       1 
0812       1 
0813       1 
0814       1 
0815       1 
0816       1 
0817       1 
0818       1 
0819       1 
0820       1 
0821       1 
0822       1 
0823       1 
0824       1 
0825       1 
0826       1 
0827       1 
0828       1 
0829       1 
0830       1 
0831       1 
0832       1 
0833       1 
0834       1 
0835       1 
0836       1 
0837       1 
0838       1 
0839       1 
0840       1 
0841       1 
0842       1 
0843       1 
0844       1 
0845       1 
0846       1 
0847       1 
0848       1 
0849       1 
0850       1 
0851       1 
0852       1 
0853       1 
0854       1 
0855       1 
0856       1 
0857       1 
0858       1 
0859       1 
0860       1 
0861       1 
0862       1 
0863       1 
0864       1 
0865       1 
0866       1 
0867       1 
0868       1 
0869       1 
0870       1 
0871       1 
0872       1 
0873       1 
0874       1 
0875       1 
0876       1 
0877       1 
0878       1 
0879       1 
0880       1 
0881       1 
0882       1 
0883       1 
0884       1 
0885       1 
0886       1 
0887       1 
0888       1 
0889       1 
0890       1 
0891       1 
0892       1 
0893       1 
0894       1 
0895       1 
0896       1 
0897       1 
0898       1 
0899       1 
0900       1 
0901       1 
0902       1 
0903       1 
0904       1 
0905       1 
0906       1 
0907       1 
0908       1 
0909       1 
0910       1 
0911       1 
0912       1 
0913       1 
0914       1 
0915       1 
0916       1 
0917       1 
0918       1 
0919       1 
0920       1 
0921       1 
0922       1 
0923       1 
0924       1 
0925       1 
0926       1 
0927       1 
0928       1 
0929       1 
0930       1 
0931       1 
0932       1 
0933       1 
0934       1 
0935       1 
0936       1 
0937       1 
0938       1 
0939       1 
0940       1 
0941       1 
0942       1 
0943       1 
0944       1 
0945       1 
0946       1 
0947       1 
0948       1 
0949       1 
0950       1 
0951       1 
0952       1 
0953       1 
0954       1 
0955       1 
0956       1 
0957       1 
0958       1 
0959       1 
0960       1 
0961       1 
0962       1 
0963       1 
0964       1 
0965       1 
0966       1 
0967       1 
0968       1 
0969       1 
0970       1 
0971       1 
0972       1 
0973       1 
0974       1 
0975       1 
0976       1 
0977       1 
0978       1 
0979       1 
0980       1 
0981       1 
0982       1 
0983       1 
0984       1 
0985       1 
0986       1 
0987       1 
0988       1 
0989       1 
0990       1 
0991       1 
0992       1 
0993       1 
0994       1 
0995       1 
0996       1 
0997       1 
0998       1 
0999       1 
1000       1 
1001       1 
1002       1 
1003       1 
1004       1 
1005       1 
1006       4 
1007       4 
1008       4 
1009       58 
1010       53 
1011       53 
1012       53 
1013       53 
1014       53 
1015       49 
1016       49 
1017       49 
1018       55 
1019       55 
1020       56 
1021       56 
1022       56 
1023       56 
1024       58 
1025       61 
1026       61 
1027       61 
1028       61 
1029       54 
1030       51 
1031       51 
1032       51 
1033       51 
1034       55 
1035       60 
1036       68 
1037       68 
1038       68 
1039       69 
1040       68 
1041       70 
1042       75 
1043       72 
1044       72 
1045       72 
1046       70 
1047       70 
1048       70 
1049       67 
1050       66 
1051       67 
1052       67 
1053       61 
1054       61 
1055       64 
1056       64 
1057       65 
1058       65 
1059       65 
1060       69 
1061       69 
1062       72 
1063       72 
1064       69 
1065       66 
1066       66 
1067       66 
1068       66 
1069       72 
1070       72 
1071       65 
1072       64 
1073       64 
1074       64 
1075       65 
1076       66 
1077       69 
1078       69 
1079       69 
1297966705.785470
