0000       1 
0001       1 
0002       1 
0003       1 
0004       1 
0005       1 
0006       1 
0007       1 
0008       1 
0009       1 
0010       1 
0011       1 
0012       1 
0013       1 
0014       1 
0015       1 
0016       1 
0017       1 
0018       1 
0019       1 
0020       1 
0021       1 
0022       1 
0023       1 
0024       1 
0025       1 
0026       1 
0027       1 
0028       1 
0029       1 
0030       1 
0031       1 
0032       1 
0033       1 
0034       1 
0035       1 
0036       1 
0037       1 
0038       1 
0039       1 
0040       1 
0041       1 
0042       1 
0043       1 
0044       1 
0045       1 
0046       1 
0047       1 
0048       1 
0049       1 
0050       1 
0051       1 
0052       1 
0053       1 
0054       1 
0055       1 
0056       1 
0057       1 
0058       1 
0059       1 
0060       1 
0061       1 
0062       1 
0063       1 
0064       1 
0065       1 
0066       1 
0067       1 
0068       1 
0069       1 
0070       1 
0071       1 
0072       1 
0073       1 
0074       1 
0075       1 
0076       1 
0077       1 
0078       1 
0079       1 
0080       1 
0081       1 
0082       1 
0083       1 
0084       1 
0085       1 
0086       1 
0087       1 
0088       1 
0089       1 
0090       1 
0091       1 
0092       1 
0093       1 
0094       1 
0095       1 
0096       1 
0097       1 
0098       1 
0099       1 
0100       1 
0101       1 
0102       1 
0103       1 
0104       1 
0105       1 
0106       1 
0107       1 
0108       1 
0109       1 
0110       1 
0111       4702 
0112       4702 
0113       4702 
0114       4696 
0115       4686 
0116       4682 
0117       4681 
0118       4673 
0119       4672 
0120       4666 
0121       4658 
0122       4652 
0123       4651 
0124       4643 
0125       4639 
0126       4628 
0127       4626 
0128       4625 
0129       4625 
0130       4623 
0131       4608 
0132       4606 
0133       4606 
0134       4602 
0135       4597 
0136       4596 
0137       4596 
0138       4583 
0139       4581 
0140       4578 
0141       4570 
0142       4568 
0143       4567 
0144       4564 
0145       4560 
0146       4554 
0147       4554 
0148       4553 
0149       4553 
0150       4549 
0151       4545 
0152       4533 
0153       4533 
0154       4533 
0155       4529 
0156       4529 
0157       4515 
0158       4515 
0159       4515 
0160       4516 
0161       4516 
0162       4516 
0163       4514 
0164       4514 
0165       4511 
0166       4511 
0167       4508 
0168       4508 
0169       4496 
0170       4496 
0171       4496 
0172       4499 
0173       4499 
0174       4501 
0175       4501 
0176       4499 
0177       4499 
0178       4499 
0179       4499 
0180       4500 
0181       4501 
0182       4503 
0183       4503 
0184       4503 
0185       4498 
0186       4498 
0187       4498 
0188       4498 
0189       4497 
0190       4494 
0191       4494 
0192       4494 
0193       4497 
0194       4497 
0195       4502 
0196       4502 
0197       4498 
0198       4498 
0199       4506 
0200       4506 
0201       4511 
0202       4511 
0203       4511 
0204       4511 
0205       4512 
0206       4510 
0207       4512 
0208       4513 
0209       4514 
0210       4518 
0211       4522 
0212       4524 
0213       4526 
0214       4534 
0215       4542 
0216       4545 
0217       4545 
0218       4550 
0219       4550 
0220       4551 
0221       4560 
0222       4565 
0223       4569 
0224       4570 
0225       4573 
0226       4575 
0227       4583 
0228       4590 
0229       4592 
0230       4597 
0231       4600 
0232       4600 
0233       4601 
0234       4601 
0235       4608 
0236       4619 
0237       4620 
0238       4627 
0239       4628 
0240       4629 
0241       4643 
0242       4644 
0243       4645 
0244       4653 
0245       4657 
0246       4670 
0247       4671 
0248       4673 
0249       4674 
0250       4687 
0251       4689 
0252       4700 
0253       4708 
0254       4714 
0255       4715 
0256       4718 
0257       4732 
0258       4733 
0259       4738 
0260       4754 
0261       4755 
0262       4758 
0263       4774 
0264       4777 
0265       4783 
0266       4803 
0267       4809 
0268       4824 
0269       4828 
0270       4844 
0271       4845 
0272       4847 
0273       4862 
0274       4874 
0275       4878 
0276       4880 
0277       4880 
0278       4902 
0279       4917 
0280       4917 
0281       4937 
0282       4947 
0283       4949 
0284       4955 
0285       4961 
0286       4965 
0287       4983 
0288       5007 
0289       5015 
0290       5026 
0291       5035 
0292       5043 
0293       5064 
0294       5066 
0295       5072 
0296       5100 
0297       5108 
0298       5113 
0299       5135 
0300       5142 
0301       5157 
0302       5163 
0303       5170 
0304       5185 
0305       5202 
0306       5220 
0307       5228 
0308       5256 
0309       5257 
0310       5267 
0311       5295 
0312       5296 
0313       5317 
0314       5329 
0315       5351 
0316       5365 
0317       5377 
0318       5390 
0319       5402 
0320       5419 
0321       5437 
0322       5452 
0323       5465 
0324       5480 
0325       5503 
0326       5539 
0327       5541 
0328       5568 
0329       5585 
0330       5600 
0331       5621 
0332       5634 
0333       5658 
0334       5672 
0335       5679 
0336       5704 
0337       5720 
0338       5750 
0339       5785 
0340       5798 
0341       5811 
0342       5831 
0343       5850 
0344       5872 
0345       5883 
0346       5916 
0347       5948 
0348       5953 
0349       5990 
0350       5997 
0351       6022 
0352       6058 
0353       6078 
0354       6101 
0355       6118 
0356       6152 
0357       6166 
0358       6191 
0359       6232 
0360       6257 
0361       6282 
0362       6298 
0363       6318 
0364       6354 
0365       6397 
0366       6436 
0367       6459 
0368       6470 
0369       6504 
0370       6536 
0371       6564 
0372       6611 
0373       6638 
0374       6679 
0375       6695 
0376       6736 
0377       6770 
0378       6804 
0379       6841 
0380       6896 
0381       6923 
0382       6946 
0383       6996 
0384       7025 
0385       7065 
0386       7118 
0387       7135 
0388       7179 
0389       7222 
0390       7257 
0391       7298 
0392       7344 
0393       7375 
0394       7428 
0395       7449 
0396       7526 
0397       7556 
0398       7593 
0399       7633 
0400       7696 
0401       7758 
0402       7788 
0403       7830 
0404       7903 
0405       7945 
0406       7978 
0407       8041 
0408       8097 
0409       8160 
0410       8191 
0411       8264 
0412       8298 
0413       8328 
0414       8348 
0415       8348 
0416       8273 
0417       8273 
0418       8273 
0419       8235 
0420       8178 
0421       8109 
0422       8109 
0423       8128 
0424       8142 
0425       8160 
0426       8216 
0427       8265 
0428       8369 
0429       8400 
0430       8460 
0431       8559 
0432       9258 
0433       9420 
0434       9466 
0435       9466 
0436       9459 
0437       9433 
0438       9419 
0439       9388 
0440       9370 
0441       9357 
0442       9300 
0443       9246 
0444       9246 
0445       7720 
0446       7685 
0447       7685 
0448       7691 
0449       7691 
0450       7656 
0451       7638 
0452       7623 
0453       7601 
0454       7503 
0455       7503 
0456       7545 
0457       7545 
0458       7529 
0459       7478 
0460       7427 
0461       7423 
0462       7385 
0463       7342 
0464       7308 
0465       7308 
0466       7314 
0467       7337 
0468       7357 
0469       7357 
0470       7323 
0471       7317 
0472       7317 
0473       7317 
0474       7317 
0475       7256 
0476       7249 
0477       7206 
0478       7206 
0479       7188 
0480       7179 
0481       7179 
0482       7222 
0483       7222 
0484       7214 
0485       7203 
0486       7195 
0487       7167 
0488       7142 
0489       7142 
0490       7194 
0491       7258 
0492       7289 
0493       7289 
0494       7289 
0495       7326 
0496       7407 
0497       7423 
0498       8013 
0499       8502 
0500       8522 
0501       8534 
0502       8522 
0503       8516 
0504       8500 
0505       8488 
0506       8488 
0507       8486 
0508       8478 
0509       8477 
0510       8475 
0511       8456 
0512       8454 
0513       8456 
0514       8453 
0515       8453 
0516       8435 
0517       8435 
0518       8435 
0519       8433 
0520       8418 
0521       8412 
0522       8406 
0523       8397 
0524       8384 
0525       8397 
0526       8384 
0527       8388 
0528       8388 
0529       8388 
0530       8388 
0531       8386 
0532       8381 
0533       8375 
0534       8381 
0535       8375 
0536       8370 
0537       8368 
0538       8368 
0539       8376 
0540       8380 
0541       8380 
0542       8370 
0543       8370 
0544       8370 
0545       8372 
0546       8370 
0547       8384 
0548       8384 
0549       8384 
0550       8383 
0551       8374 
0552       8374 
0553       8378 
0554       8389 
0555       8389 
0556       8386 
0557       8386 
0558       8402 
0559       8412 
0560       8426 
0561       8426 
0562       8426 
0563       8441 
0564       8441 
0565       8441 
0566       8433 
0567       8448 
0568       8448 
0569       8462 
0570       8465 
0571       8471 
0572       8476 
0573       8484 
0574       8484 
0575       8486 
0576       8496 
0577       8502 
0578       8519 
0579       8526 
0580       8526 
0581       8526 
0582       8532 
0583       8532 
0584       8532 
0585       8556 
0586       8571 
0587       8574 
0588       8576 
0589       8584 
0590       8584 
0591       8619 
0592       8615 
0593       8619 
0594       8622 
0595       8627 
0596       8635 
0597       8637 
0598       8637 
0599       8655 
0600       8666 
0601       8693 
0602       8718 
0603       8718 
0604       8722 
0605       8722 
0606       8744 
0607       8749 
0608       8768 
0609       8779 
0610       8784 
0611       8791 
0612       8807 
0613       8816 
0614       8844 
0615       8850 
0616       8850 
0617       8863 
0618       8885 
0619       8899 
0620       8905 
0621       8915 
0622       8915 
0623       8896 
0624       8896 
0625       8896 
0626       8889 
0627       8889 
0628       8929 
0629       8951 
0630       8955 
0631       8972 
0632       9011 
0633       9011 
0634       9009 
0635       9000 
0636       8985 
0637       8962 
0638       8936 
0639       8929 
0640       8924 
0641       8893 
0642       8832 
0643       8798 
0644       8793 
0645       8793 
0646       8768 
0647       8641 
0648       8619 
0649       8619 
0650       8666 
0651       8670 
0652       8701 
0653       8737 
0654       8737 
0655       8745 
0656       8762 
0657       8781 
0658       8781 
0659       8785 
0660       8785 
0661       8790 
0662       8834 
0663       8835 
0664       8835 
0665       8843 
0666       8921 
0667       8921 
0668       8872 
0669       8872 
0670       8811 
0671       8811 
0672       9950 
0673       10013 
0674       10013 
0675       10045 
0676       10088 
0677       10115 
0678       10150 
0679       10167 
0680       10184 
0681       10221 
0682       10246 
0683       10252 
0684       10288 
0685       10288 
0686       10254 
0687       10254 
0688       10261 
0689       10353 
0690       10388 
0691       10417 
0692       10537 
0693       10582 
0694       10627 
0695       10648 
0696       10699 
0697       10747 
0698       10760 
0699       10817 
0700       10861 
0701       10882 
0702       10921 
0703       10988 
0704       11016 
0705       11061 
0706       11119 
0707       11132 
0708       11207 
0709       11221 
0710       11259 
0711       11340 
0712       11355 
0713       11402 
0714       11437 
0715       11549 
0716       11554 
0717       11613 
0718       11654 
0719       11697 
0720       11763 
0721       11829 
0722       11856 
0723       11890 
0724       11947 
0725       11976 
0726       12036 
0727       12093 
0728       12133 
0729       12190 
0730       12242 
0731       12307 
0732       12370 
0733       12377 
0734       12512 
0735       12512 
0736       12512 
0737       1 
0738       1 
0739       1 
0740       1 
0741       1 
0742       1 
0743       13122 
0744       13213 
0745       13263 
0746       13330 
0747       13377 
0748       13477 
0749       13560 
0750       13607 
0751       13683 
0752       13787 
0753       13856 
0754       13941 
0755       14012 
0756       14095 
0757       14168 
0758       14232 
0759       14371 
0760       14474 
0761       14542 
0762       14636 
0763       14718 
0764       14793 
0765       14892 
0766       14978 
0767       15030 
0768       15073 
0769       15158 
0770       15158 
0771       15278 
0772       15595 
0773       15896 
0774       15939 
0775       15939 
0776       15812 
0777       15744 
0778       15701 
0779       15660 
0780       15616 
0781       15546 
0782       15537 
0783       15486 
0784       15455 
0785       15416 
0786       15377 
0787       15326 
0788       15304 
0789       15264 
0790       15228 
0791       15197 
0792       15176 
0793       15171 
0794       15171 
0795       15168 
0796       15173 
0797       15155 
0798       15113 
0799       15090 
0800       15055 
0801       15021 
0802       14985 
0803       14948 
0804       14936 
0805       14919 
0806       14883 
0807       14872 
0808       14834 
0809       14785 
0810       14767 
0811       14721 
0812       14611 
0813       14508 
0814       14489 
0815       14447 
0816       14424 
0817       14402 
0818       14389 
0819       14368 
0820       14314 
0821       14291 
0822       14288 
0823       14256 
0824       14240 
0825       14215 
0826       14183 
0827       14172 
0828       14149 
0829       14128 
0830       14109 
0831       14092 
0832       14076 
0833       14061 
0834       14017 
0835       14004 
0836       14000 
0837       13977 
0838       13952 
0839       13935 
0840       13935 
0841       13946 
0842       13996 
0843       14008 
0844       14008 
0845       14007 
0846       13994 
0847       13980 
0848       13955 
0849       13943 
0850       13909 
0851       13909 
0852       13909 
0853       13881 
0854       13868 
0855       13855 
0856       13835 
0857       13821 
0858       13807 
0859       13806 
0860       13789 
0861       13784 
0862       13727 
0863       13611 
0864       13594 
0865       13574 
0866       13573 
0867       13552 
0868       13543 
0869       13540 
0870       13519 
0871       13519 
0872       13519 
0873       13642 
0874       13675 
0875       13675 
0876       13675 
0877       13676 
0878       13676 
0879       13658 
0880       13643 
0881       13614 
0882       1 
0883       1 
0884       1 
0885       1 
0886       1 
0887       1 
0888       1 
0889       1 
0890       1 
0891       1 
0892       1 
0893       1 
0894       1 
0895       1 
0896       1 
0897       1 
0898       1 
0899       1 
0900       1 
0901       1 
0902       1 
0903       1 
0904       1 
0905       1 
0906       1 
0907       1 
0908       1 
0909       1 
0910       1 
0911       1 
0912       1 
0913       1 
0914       1 
0915       1 
0916       1 
0917       1 
0918       1 
0919       1 
0920       1 
0921       1 
0922       1 
0923       1 
0924       1 
0925       1 
0926       1 
0927       1 
0928       1 
0929       1 
0930       1 
0931       1 
0932       1 
0933       1 
0934       1 
0935       1 
0936       1 
0937       1 
0938       1 
0939       1 
0940       1 
0941       1 
0942       1 
0943       1 
0944       1 
0945       1 
0946       1 
0947       1 
0948       1 
0949       1 
0950       1 
0951       1 
0952       1 
0953       1 
0954       1 
0955       1 
0956       1 
0957       1 
0958       1 
0959       1 
0960       1 
0961       1 
0962       1 
0963       1 
0964       1 
0965       1 
0966       1 
0967       1 
0968       1 
0969       1 
0970       1 
0971       1 
0972       1 
0973       1 
0974       1 
0975       1 
0976       1 
0977       1 
0978       1 
0979       1 
0980       1 
0981       1 
0982       1 
0983       1 
0984       1 
0985       1 
0986       1 
0987       1 
0988       1 
0989       1 
0990       1 
0991       1 
0992       1 
0993       1 
0994       1 
0995       1 
0996       1 
0997       1 
0998       1 
0999       1 
1000       1 
1001       1 
1002       1 
1003       1 
1004       1 
1005       1 
1006       1 
1007       4 
1008       4 
1009       43 
1010       56 
1011       43 
1012       43 
1013       43 
1014       4 
1015       4 
1016       49 
1017       58 
1018       58 
1019       59 
1020       60 
1021       58 
1022       60 
1023       63 
1024       60 
1025       65 
1026       65 
1027       48 
1028       47 
1029       48 
1030       48 
1031       48 
1032       50 
1033       54 
1034       58 
1035       59 
1036       65 
1037       69 
1038       71 
1039       72 
1040       74 
1041       72 
1042       72 
1043       70 
1044       70 
1045       67 
1046       67 
1047       70 
1048       70 
1049       64 
1050       61 
1051       61 
1052       61 
1053       66 
1054       66 
1055       68 
1056       68 
1057       67 
1058       65 
1059       67 
1060       67 
1061       67 
1062       67 
1063       67 
1064       67 
1065       65 
1066       65 
1067       65 
1068       63 
1069       63 
1070       63 
1071       74 
1072       71 
1073       71 
1074       71 
1075       68 
1076       66 
1077       66 
1078       68 
1079       66 
1297966718.010310
