0000       1 
0001       1 
0002       1 
0003       1 
0004       1 
0005       1 
0006       1 
0007       1 
0008       1 
0009       1 
0010       1 
0011       1 
0012       1 
0013       1 
0014       1 
0015       1 
0016       1 
0017       1 
0018       1 
0019       1 
0020       1 
0021       1 
0022       1 
0023       1 
0024       1 
0025       1 
0026       1 
0027       1 
0028       1 
0029       1 
0030       1 
0031       1 
0032       1 
0033       1 
0034       1 
0035       1 
0036       1 
0037       1 
0038       1 
0039       1 
0040       1 
0041       1 
0042       1 
0043       1 
0044       1 
0045       1 
0046       1 
0047       1 
0048       1 
0049       1 
0050       1 
0051       1 
0052       1 
0053       1 
0054       1 
0055       1 
0056       1 
0057       1 
0058       1 
0059       1 
0060       1 
0061       1 
0062       1 
0063       1 
0064       1 
0065       1 
0066       1 
0067       1 
0068       1 
0069       1 
0070       1 
0071       1 
0072       1 
0073       1 
0074       1 
0075       1 
0076       1 
0077       1 
0078       1 
0079       1 
0080       1 
0081       1 
0082       1 
0083       1 
0084       1 
0085       1 
0086       1 
0087       1 
0088       1 
0089       1 
0090       1 
0091       1 
0092       1 
0093       1 
0094       1 
0095       1 
0096       1 
0097       1 
0098       1 
0099       1 
0100       1 
0101       1 
0102       1 
0103       1 
0104       1 
0105       1 
0106       1 
0107       1 
0108       1 
0109       1 
0110       1 
0111       1 
0112       1 
0113       1 
0114       1 
0115       1 
0116       1 
0117       1 
0118       1 
0119       1 
0120       1 
0121       1 
0122       1 
0123       1 
0124       1 
0125       1 
0126       1 
0127       1 
0128       1 
0129       1 
0130       1 
0131       1 
0132       1 
0133       1 
0134       1 
0135       1 
0136       1 
0137       1 
0138       1 
0139       1 
0140       1 
0141       1 
0142       1 
0143       1 
0144       1 
0145       1 
0146       1 
0147       1 
0148       1 
0149       1 
0150       1 
0151       1 
0152       1 
0153       1 
0154       1 
0155       1 
0156       1 
0157       1 
0158       1 
0159       1 
0160       1 
0161       1 
0162       1 
0163       1 
0164       1 
0165       1 
0166       1 
0167       1 
0168       1 
0169       1 
0170       1 
0171       1 
0172       1 
0173       1 
0174       1 
0175       1 
0176       7103 
0177       7103 
0178       7095 
0179       7083 
0180       7083 
0181       7076 
0182       7076 
0183       7075 
0184       7061 
0185       7061 
0186       7064 
0187       7064 
0188       7063 
0189       7063 
0190       7056 
0191       7061 
0192       7057 
0193       7057 
0194       7055 
0195       7054 
0196       7051 
0197       7051 
0198       7052 
0199       7052 
0200       7047 
0201       7045 
0202       7045 
0203       7050 
0204       7050 
0205       7050 
0206       7052 
0207       7054 
0208       7052 
0209       7054 
0210       7059 
0211       7059 
0212       7047 
0213       7047 
0214       7047 
0215       7056 
0216       7056 
0217       7057 
0218       7061 
0219       7066 
0220       7066 
0221       7066 
0222       7066 
0223       7066 
0224       7079 
0225       7079 
0226       7079 
0227       7077 
0228       7079 
0229       7093 
0230       7093 
0231       7093 
0232       7093 
0233       7106 
0234       7114 
0235       7114 
0236       7117 
0237       7117 
0238       7118 
0239       7124 
0240       7142 
0241       7143 
0242       7143 
0243       7143 
0244       7142 
0245       7142 
0246       7167 
0247       7167 
0248       7174 
0249       7174 
0250       7189 
0251       7191 
0252       7198 
0253       7201 
0254       7202 
0255       7214 
0256       7223 
0257       7228 
0258       7232 
0259       7262 
0260       7262 
0261       7263 
0262       7280 
0263       7289 
0264       7291 
0265       7299 
0266       7309 
0267       7320 
0268       7325 
0269       7325 
0270       7336 
0271       7346 
0272       7351 
0273       7365 
0274       7381 
0275       7382 
0276       7397 
0277       7409 
0278       7424 
0279       7425 
0280       7437 
0281       7455 
0282       7463 
0283       7479 
0284       7499 
0285       7504 
0286       7712 
0287       7739 
0288       7739 
0289       7728 
0290       7721 
0291       7704 
0292       7704 
0293       7691 
0294       7697 
0295       7697 
0296       7703 
0297       7704 
0298       7707 
0299       7712 
0300       7731 
0301       7735 
0302       7739 
0303       7743 
0304       7759 
0305       7779 
0306       7783 
0307       7813 
0308       7846 
0309       7854 
0310       7878 
0311       7900 
0312       7915 
0313       7917 
0314       7928 
0315       7960 
0316       7979 
0317       8006 
0318       8022 
0319       8039 
0320       8073 
0321       8073 
0322       8098 
0323       8134 
0324       8144 
0325       8161 
0326       8180 
0327       8208 
0328       8224 
0329       8246 
0330       8288 
0331       8292 
0332       8336 
0333       8342 
0334       8360 
0335       8386 
0336       8432 
0337       8444 
0338       8467 
0339       8471 
0340       8486 
0341       8526 
0342       8555 
0343       8589 
0344       8596 
0345       8624 
0346       11932 
0347       11964 
0348       11996 
0349       12031 
0350       12077 
0351       12111 
0352       12173 
0353       12203 
0354       12259 
0355       12295 
0356       12336 
0357       12375 
0358       12375 
0359       11974 
0360       11920 
0361       11822 
0362       11694 
0363       11483 
0364       11350 
0365       11201 
0366       11149 
0367       11068 
0368       10970 
0369       10897 
0370       10848 
0371       10784 
0372       10708 
0373       10663 
0374       10620 
0375       10587 
0376       10582 
0377       10508 
0378       10468 
0379       10418 
0380       10363 
0381       10337 
0382       10304 
0383       10285 
0384       10252 
0385       10209 
0386       10182 
0387       10153 
0388       10143 
0389       10125 
0390       10112 
0391       10105 
0392       10094 
0393       10094 
0394       10094 
0395       10081 
0396       10081 
0397       10088 
0398       10088 
0399       10069 
0400       10069 
0401       10098 
0402       10111 
0403       10119 
0404       10176 
0405       10197 
0406       10222 
0407       10264 
0408       10299 
0409       10339 
0410       10339 
0411       10281 
0412       10207 
0413       10281 
0414       10329 
0415       10341 
0416       10341 
0417       9737 
0418       9677 
0419       9676 
0420       9562 
0421       9540 
0422       9495 
0423       9457 
0424       9457 
0425       9401 
0426       9401 
0427       9401 
0428       9274 
0429       9245 
0430       9185 
0431       9185 
0432       9180 
0433       9137 
0434       9071 
0435       9014 
0436       9014 
0437       9042 
0438       9051 
0439       9051 
0440       8928 
0441       8928 
0442       8884 
0443       8884 
0444       8877 
0445       8862 
0446       8841 
0447       8836 
0448       8836 
0449       8852 
0450       8902 
0451       8935 
0452       8939 
0453       8957 
0454       8969 
0455       9031 
0456       9074 
0457       9134 
0458       9223 
0459       9398 
0460       9665 
0461       10119 
0462       10128 
0463       10128 
0464       10060 
0465       10060 
0466       10033 
0467       9997 
0468       9981 
0469       9966 
0470       9965 
0471       9953 
0472       9950 
0473       9949 
0474       9913 
0475       9906 
0476       9887 
0477       9871 
0478       9851 
0479       9841 
0480       9818 
0481       9802 
0482       9801 
0483       9781 
0484       9773 
0485       9759 
0486       9749 
0487       9723 
0488       9712 
0489       9699 
0490       9686 
0491       9680 
0492       9668 
0493       9652 
0494       9631 
0495       9612 
0496       9602 
0497       9587 
0498       9586 
0499       9568 
0500       9559 
0501       9547 
0502       9542 
0503       9516 
0504       9513 
0505       9513 
0506       9494 
0507       9487 
0508       9483 
0509       9479 
0510       9460 
0511       9456 
0512       9446 
0513       9434 
0514       9410 
0515       9405 
0516       9404 
0517       9386 
0518       9380 
0519       9375 
0520       9379 
0521       9371 
0522       9359 
0523       9352 
0524       9350 
0525       9334 
0526       9334 
0527       9329 
0528       9315 
0529       9309 
0530       9300 
0531       9300 
0532       9287 
0533       9287 
0534       9281 
0535       9272 
0536       9272 
0537       9266 
0538       9261 
0539       9255 
0540       9255 
0541       9250 
0542       9250 
0543       9250 
0544       9238 
0545       9238 
0546       9229 
0547       9229 
0548       9211 
0549       9211 
0550       9214 
0551       9219 
0552       9219 
0553       9178 
0554       9057 
0555       8169 
0556       8119 
0557       8025 
0558       7987 
0559       7940 
0560       7911 
0561       7911 
0562       7909 
0563       7898 
0564       7872 
0565       7850 
0566       7850 
0567       7867 
0568       7885 
0569       7919 
0570       7919 
0571       7915 
0572       7915 
0573       7979 
0574       8050 
0575       8105 
0576       9216 
0577       9223 
0578       9269 
0579       9269 
0580       7901 
0581       7894 
0582       7889 
0583       7811 
0584       7726 
0585       7702 
0586       7702 
0587       7707 
0588       7707 
0589       7671 
0590       7651 
0591       7644 
0592       7626 
0593       7583 
0594       7517 
0595       7452 
0596       7452 
0597       7442 
0598       7460 
0599       7442 
0600       7441 
0601       7353 
0602       7332 
0603       7326 
0604       7296 
0605       7296 
0606       7352 
0607       7388 
0608       7388 
0609       7388 
0610       7704 
0611       7997 
0612       7997 
0613       7813 
0614       7765 
0615       7743 
0616       7743 
0617       7768 
0618       7794 
0619       7805 
0620       7854 
0621       7855 
0622       7859 
0623       7859 
0624       7835 
0625       7835 
0626       7887 
0627       7914 
0628       7921 
0629       8046 
0630       8112 
0631       8151 
0632       8178 
0633       8178 
0634       8141 
0635       8141 
0636       8159 
0637       8176 
0638       8192 
0639       8199 
0640       8219 
0641       9792 
0642       9801 
0643       9801 
0644       9831 
0645       9863 
0646       9865 
0647       9882 
0648       9925 
0649       9927 
0650       9947 
0651       9970 
0652       9999 
0653       10027 
0654       10034 
0655       10069 
0656       10074 
0657       10100 
0658       10113 
0659       10120 
0660       10165 
0661       10172 
0662       10195 
0663       10209 
0664       10219 
0665       10240 
0666       10258 
0667       10288 
0668       10290 
0669       10332 
0670       10360 
0671       10382 
0672       10388 
0673       10428 
0674       10464 
0675       10472 
0676       10492 
0677       10507 
0678       10538 
0679       10563 
0680       10604 
0681       10627 
0682       10669 
0683       10688 
0684       10702 
0685       10744 
0686       10755 
0687       10784 
0688       10827 
0689       10827 
0690       10810 
0691       10647 
0692       10502 
0693       10295 
0694       10127 
0695       10070 
0696       10016 
0697       9958 
0698       9892 
0699       9858 
0700       9819 
0701       9819 
0702       9828 
0703       9845 
0704       9857 
0705       9913 
0706       9943 
0707       9990 
0708       10016 
0709       10017 
0710       10043 
0711       10056 
0712       10088 
0713       10099 
0714       10190 
0715       10225 
0716       10247 
0717       10300 
0718       10354 
0719       10420 
0720       10501 
0721       12058 
0722       12103 
0723       12134 
0724       12210 
0725       12231 
0726       12279 
0727       12319 
0728       12400 
0729       12460 
0730       12488 
0731       12552 
0732       12592 
0733       12632 
0734       12684 
0735       12719 
0736       12778 
0737       12834 
0738       12910 
0739       12974 
0740       13015 
0741       13057 
0742       13106 
0743       13181 
0744       13181 
0745       13249 
0746       13304 
0747       13304 
0748       13089 
0749       12789 
0750       12673 
0751       12650 
0752       12645 
0753       12633 
0754       12585 
0755       12585 
0756       12587 
0757       12594 
0758       12634 
0759       12676 
0760       12685 
0761       12676 
0762       12694 
0763       12694 
0764       12738 
0765       12738 
0766       12752 
0767       12771 
0768       13975 
0769       13975 
0770       13918 
0771       13864 
0772       13828 
0773       13782 
0774       13733 
0775       13689 
0776       13643 
0777       13605 
0778       13548 
0779       13507 
0780       13462 
0781       13416 
0782       13416 
0783       13415 
0784       13419 
0785       13415 
0786       13395 
0787       13380 
0788       13353 
0789       13276 
0790       13226 
0791       13226 
0792       13181 
0793       13159 
0794       13130 
0795       13096 
0796       13064 
0797       12996 
0798       12993 
0799       12950 
0800       12914 
0801       12883 
0802       12827 
0803       12574 
0804       12543 
0805       12522 
0806       12490 
0807       12463 
0808       12413 
0809       12389 
0810       12350 
0811       12311 
0812       12293 
0813       12279 
0814       12250 
0815       12234 
0816       12194 
0817       12164 
0818       12120 
0819       12117 
0820       12083 
0821       12054 
0822       12025 
0823       12003 
0824       11981 
0825       11951 
0826       11916 
0827       11899 
0828       11882 
0829       11855 
0830       11822 
0831       11814 
0832       11784 
0833       11768 
0834       11764 
0835       11764 
0836       11789 
0837       11830 
0838       11888 
0839       11913 
0840       13844 
0841       13844 
0842       13809 
0843       13783 
0844       13766 
0845       13736 
0846       13729 
0847       13722 
0848       11731 
0849       11706 
0850       11684 
0851       11666 
0852       11628 
0853       11625 
0854       11607 
0855       11600 
0856       11563 
0857       11551 
0858       11551 
0859       11512 
0860       11437 
0861       11295 
0862       11229 
0863       11224 
0864       11210 
0865       11191 
0866       11176 
0867       11168 
0868       11150 
0869       11149 
0870       11147 
0871       11147 
0872       11172 
0873       11289 
0874       11307 
0875       11290 
0876       11290 
0877       11268 
0878       11265 
0879       11247 
0880       11247 
0881       11247 
0882       11238 
0883       11238 
0884       13214 
0885       13219 
0886       13218 
0887       13218 
0888       13181 
0889       1 
0890       1 
0891       1 
0892       1 
0893       1 
0894       1 
0895       1 
0896       1 
0897       1 
0898       1 
0899       1 
0900       1 
0901       1 
0902       1 
0903       1 
0904       1 
0905       1 
0906       1 
0907       1 
0908       1 
0909       1 
0910       1 
0911       1 
0912       1 
0913       1 
0914       1 
0915       1 
0916       1 
0917       1 
0918       1 
0919       1 
0920       1 
0921       1 
0922       1 
0923       1 
0924       1 
0925       1 
0926       1 
0927       1 
0928       1 
0929       1 
0930       1 
0931       1 
0932       1 
0933       1 
0934       1 
0935       1 
0936       1 
0937       1 
0938       1 
0939       1 
0940       1 
0941       1 
0942       1 
0943       1 
0944       1 
0945       1 
0946       1 
0947       1 
0948       1 
0949       1 
0950       1 
0951       1 
0952       1 
0953       1 
0954       1 
0955       1 
0956       1 
0957       1 
0958       1 
0959       1 
0960       1 
0961       1 
0962       1 
0963       1 
0964       1 
0965       1 
0966       1 
0967       1 
0968       1 
0969       1 
0970       1 
0971       1 
0972       1 
0973       1 
0974       1 
0975       1 
0976       1 
0977       1 
0978       1 
0979       1 
0980       1 
0981       1 
0982       1 
0983       1 
0984       1 
0985       1 
0986       1 
0987       1 
0988       1 
0989       1 
0990       1 
0991       1 
0992       1 
0993       1 
0994       1 
0995       1 
0996       1 
0997       1 
0998       1 
0999       1 
1000       1 
1001       1 
1002       1 
1003       1 
1004       1 
1005       1 
1006       4 
1007       44 
1008       47 
1009       47 
1010       47 
1011       47 
1012       44 
1013       4 
1014       44 
1015       4 
1016       44 
1017       50 
1018       50 
1019       46 
1020       46 
1021       46 
1022       46 
1023       46 
1024       56 
1025       61 
1026       62 
1027       63 
1028       62 
1029       62 
1030       50 
1031       50 
1032       50 
1033       54 
1034       61 
1035       64 
1036       66 
1037       70 
1038       70 
1039       76 
1040       76 
1041       76 
1042       66 
1043       64 
1044       64 
1045       66 
1046       66 
1047       70 
1048       70 
1049       70 
1050       64 
1051       74 
1052       66 
1053       74 
1054       66 
1055       67 
1056       66 
1057       67 
1058       67 
1059       68 
1060       69 
1061       69 
1062       68 
1063       67 
1064       67 
1065       67 
1066       67 
1067       67 
1068       67 
1069       67 
1070       60 
1071       55 
1072       60 
1073       55 
1074       55 
1075       66 
1076       67 
1077       67 
1078       67 
1079       63 
1297966697.335414
