0000       1 
0001       1 
0002       1 
0003       1 
0004       1 
0005       1 
0006       1 
0007       1 
0008       1 
0009       1 
0010       1 
0011       1 
0012       1 
0013       1 
0014       1 
0015       1 
0016       1 
0017       1 
0018       1 
0019       1 
0020       1 
0021       1 
0022       1 
0023       1 
0024       1 
0025       1 
0026       1 
0027       1 
0028       1 
0029       1 
0030       1 
0031       1 
0032       1 
0033       1 
0034       1 
0035       1 
0036       1 
0037       1 
0038       1 
0039       1 
0040       1 
0041       1 
0042       1 
0043       1 
0044       1 
0045       1 
0046       1 
0047       1 
0048       1 
0049       1 
0050       1 
0051       1 
0052       1 
0053       1 
0054       1 
0055       1 
0056       1 
0057       1 
0058       1 
0059       1 
0060       1 
0061       1 
0062       1 
0063       1 
0064       1 
0065       1 
0066       1 
0067       1 
0068       1 
0069       1 
0070       1 
0071       1 
0072       1 
0073       1 
0074       1 
0075       1 
0076       1 
0077       1 
0078       1 
0079       1 
0080       1 
0081       1 
0082       1 
0083       1 
0084       1 
0085       1 
0086       1 
0087       1 
0088       1 
0089       1 
0090       1 
0091       1 
0092       1 
0093       1 
0094       1 
0095       1 
0096       1 
0097       1 
0098       1 
0099       1 
0100       1 
0101       1 
0102       1 
0103       1 
0104       1 
0105       1 
0106       1 
0107       1 
0108       1 
0109       1 
0110       1 
0111       1 
0112       1 
0113       1 
0114       1 
0115       1 
0116       1 
0117       1 
0118       1 
0119       1 
0120       1 
0121       1 
0122       1 
0123       1 
0124       1 
0125       1 
0126       1 
0127       1 
0128       1 
0129       1 
0130       1 
0131       1 
0132       1 
0133       1 
0134       1 
0135       1 
0136       1 
0137       1 
0138       1 
0139       1 
0140       1 
0141       1 
0142       1 
0143       1 
0144       1 
0145       1 
0146       1 
0147       1 
0148       1 
0149       1 
0150       1 
0151       1 
0152       1 
0153       1 
0154       1 
0155       1 
0156       1 
0157       1 
0158       1 
0159       1 
0160       1 
0161       1 
0162       1 
0163       1 
0164       1 
0165       1 
0166       1 
0167       1 
0168       1 
0169       1 
0170       1 
0171       1 
0172       1 
0173       1 
0174       1 
0175       1 
0176       1 
0177       1 
0178       1 
0179       1 
0180       1 
0181       1 
0182       1 
0183       1 
0184       1 
0185       1 
0186       1 
0187       1 
0188       1 
0189       1 
0190       1 
0191       1 
0192       1 
0193       1 
0194       1 
0195       1 
0196       1 
0197       1 
0198       1 
0199       1 
0200       1 
0201       1 
0202       1 
0203       1 
0204       1 
0205       1 
0206       1 
0207       1 
0208       1 
0209       1 
0210       1 
0211       1 
0212       1 
0213       1 
0214       1 
0215       1 
0216       1 
0217       1 
0218       1 
0219       1 
0220       1 
0221       1 
0222       1 
0223       1 
0224       1 
0225       1 
0226       1 
0227       1 
0228       1 
0229       1 
0230       1 
0231       1 
0232       1 
0233       1 
0234       1 
0235       1 
0236       1 
0237       1 
0238       1 
0239       1 
0240       1 
0241       1 
0242       1 
0243       1 
0244       1 
0245       1 
0246       1 
0247       1 
0248       1 
0249       1 
0250       1 
0251       1 
0252       1 
0253       1 
0254       1 
0255       1 
0256       1 
0257       1 
0258       1 
0259       1 
0260       1 
0261       1 
0262       1 
0263       1 
0264       1 
0265       1 
0266       1 
0267       1 
0268       1 
0269       1 
0270       1 
0271       1 
0272       13876 
0273       13876 
0274       1 
0275       1 
0276       1 
0277       1 
0278       13064 
0279       13064 
0280       13037 
0281       12958 
0282       12713 
0283       12600 
0284       12600 
0285       12404 
0286       12320 
0287       12320 
0288       12195 
0289       12120 
0290       12022 
0291       11944 
0292       11862 
0293       11729 
0294       11627 
0295       11568 
0296       11478 
0297       11356 
0298       11305 
0299       11237 
0300       11166 
0301       11107 
0302       10990 
0303       10915 
0304       10821 
0305       10739 
0306       10708 
0307       10640 
0308       10517 
0309       10483 
0310       10434 
0311       10334 
0312       10302 
0313       10219 
0314       10164 
0315       10063 
0316       10025 
0317       9978 
0318       9918 
0319       9828 
0320       9823 
0321       9700 
0322       9624 
0323       9608 
0324       9573 
0325       9499 
0326       9475 
0327       9395 
0328       9358 
0329       9283 
0330       9253 
0331       9214 
0332       9144 
0333       9093 
0334       9075 
0335       9016 
0336       8988 
0337       8932 
0338       8884 
0339       8826 
0340       8798 
0341       8761 
0342       8722 
0343       8686 
0344       8634 
0345       8611 
0346       8544 
0347       8530 
0348       8294 
0349       8146 
0350       8082 
0351       8074 
0352       8074 
0353       8098 
0354       8139 
0355       8164 
0356       8185 
0357       8235 
0358       8281 
0359       8320 
0360       8349 
0361       8396 
0362       8441 
0363       8464 
0364       8520 
0365       8562 
0366       8612 
0367       8648 
0368       8680 
0369       8717 
0370       8775 
0371       8821 
0372       8861 
0373       8921 
0374       8952 
0375       8997 
0376       9047 
0377       9103 
0378       9145 
0379       9199 
0380       9254 
0381       9294 
0382       9361 
0383       9400 
0384       9452 
0385       9518 
0386       9573 
0387       9633 
0388       9675 
0389       9751 
0390       9793 
0391       9858 
0392       9936 
0393       9992 
0394       10036 
0395       10115 
0396       10175 
0397       10208 
0398       10208 
0399       10165 
0400       10154 
0401       10145 
0402       10128 
0403       10079 
0404       10061 
0405       10022 
0406       10005 
0407       9959 
0408       9953 
0409       9903 
0410       9878 
0411       9856 
0412       9820 
0413       9804 
0414       9780 
0415       9775 
0416       9725 
0417       9714 
0418       9688 
0419       9669 
0420       9655 
0421       9655 
0422       9703 
0423       9736 
0424       9736 
0425       9703 
0426       9689 
0427       9681 
0428       9681 
0429       9650 
0430       9605 
0431       9589 
0432       9589 
0433       9589 
0434       9589 
0435       9524 
0436       9505 
0437       9490 
0438       9457 
0439       9454 
0440       9434 
0441       9433 
0442       9384 
0443       9361 
0444       9348 
0445       9346 
0446       9323 
0447       9310 
0448       9310 
0449       9266 
0450       9243 
0451       9243 
0452       9217 
0453       9189 
0454       9187 
0455       9179 
0456       9150 
0457       9143 
0458       9143 
0459       9133 
0460       9129 
0461       9087 
0462       9082 
0463       9071 
0464       9055 
0465       9042 
0466       9033 
0467       9028 
0468       9023 
0469       9000 
0470       8990 
0471       8981 
0472       8969 
0473       8961 
0474       8943 
0475       8941 
0476       8936 
0477       8923 
0478       8920 
0479       8900 
0480       8870 
0481       8870 
0482       8867 
0483       8865 
0484       8859 
0485       8850 
0486       8825 
0487       8804 
0488       8825 
0489       8813 
0490       8813 
0491       8793 
0492       8792 
0493       8788 
0494       8779 
0495       8771 
0496       8755 
0497       8752 
0498       8749 
0499       8738 
0500       8735 
0501       8726 
0502       8720 
0503       8720 
0504       8712 
0505       8709 
0506       8696 
0507       8693 
0508       8675 
0509       8675 
0510       8673 
0511       8669 
0512       8665 
0513       8649 
0514       8649 
0515       8647 
0516       8650 
0517       8653 
0518       8653 
0519       8624 
0520       8617 
0521       8624 
0522       8617 
0523       8614 
0524       8608 
0525       8598 
0526       8591 
0527       8598 
0528       8595 
0529       8595 
0530       8595 
0531       8598 
0532       8619 
0533       8619 
0534       8617 
0535       8611 
0536       8611 
0537       8611 
0538       8598 
0539       8598 
0540       8602 
0541       8604 
0542       8608 
0543       8608 
0544       8598 
0545       8598 
0546       8616 
0547       8616 
0548       8616 
0549       8623 
0550       8624 
0551       8629 
0552       8635 
0553       8635 
0554       8632 
0555       8632 
0556       8630 
0557       8637 
0558       8637 
0559       8650 
0560       8653 
0561       8650 
0562       8653 
0563       8651 
0564       8660 
0565       8686 
0566       8686 
0567       8686 
0568       8697 
0569       8697 
0570       8697 
0571       8720 
0572       8720 
0573       8721 
0574       8739 
0575       8741 
0576       8739 
0577       8741 
0578       8753 
0579       8768 
0580       8788 
0581       8788 
0582       8788 
0583       8797 
0584       8800 
0585       8836 
0586       8838 
0587       8845 
0588       8859 
0589       8859 
0590       8860 
0591       8873 
0592       8888 
0593       8902 
0594       8922 
0595       8918 
0596       8942 
0597       8947 
0598       8947 
0599       8947 
0600       8990 
0601       8993 
0602       9027 
0603       9040 
0604       9042 
0605       9062 
0606       9062 
0607       9062 
0608       9066 
0609       9124 
0610       9127 
0611       9130 
0612       9132 
0613       9155 
0614       9169 
0615       9201 
0616       9208 
0617       9224 
0618       9257 
0619       9265 
0620       9292 
0621       9293 
0622       9302 
0623       9331 
0624       9344 
0625       9356 
0626       9370 
0627       9401 
0628       9421 
0629       9429 
0630       9448 
0631       9454 
0632       9474 
0633       9508 
0634       9528 
0635       9558 
0636       9570 
0637       9573 
0638       9622 
0639       9649 
0640       9674 
0641       9691 
0642       9709 
0643       9710 
0644       9748 
0645       9773 
0646       9782 
0647       9806 
0648       9809 
0649       9831 
0650       9883 
0651       9897 
0652       9921 
0653       9946 
0654       9976 
0655       9998 
0656       10042 
0657       10058 
0658       10068 
0659       10124 
0660       10149 
0661       10164 
0662       10179 
0663       10215 
0664       10260 
0665       10272 
0666       10327 
0667       10342 
0668       10368 
0669       10395 
0670       10418 
0671       10443 
0672       10473 
0673       10510 
0674       10535 
0675       10554 
0676       10581 
0677       10622 
0678       10653 
0679       10696 
0680       10747 
0681       10781 
0682       10806 
0683       10820 
0684       10878 
0685       10920 
0686       10968 
0687       10970 
0688       10999 
0689       11026 
0690       11072 
0691       11133 
0692       11168 
0693       11213 
0694       11248 
0695       11294 
0696       11353 
0697       11393 
0698       11419 
0699       11484 
0700       11520 
0701       11522 
0702       11574 
0703       11643 
0704       11719 
0705       11750 
0706       11782 
0707       11827 
0708       11894 
0709       11939 
0710       11983 
0711       12031 
0712       12096 
0713       12150 
0714       12194 
0715       12262 
0716       12335 
0717       12394 
0718       12435 
0719       12490 
0720       12572 
0721       12641 
0722       12661 
0723       12701 
0724       12779 
0725       12843 
0726       12912 
0727       12987 
0728       13031 
0729       13115 
0730       13172 
0731       13237 
0732       13312 
0733       13342 
0734       13448 
0735       13516 
0736       13606 
0737       13671 
0738       13737 
0739       13814 
0740       13897 
0741       13955 
0742       14047 
0743       14137 
0744       14210 
0745       14285 
0746       14379 
0747       14453 
0748       14548 
0749       14629 
0750       14730 
0751       14807 
0752       14914 
0753       14998 
0754       15103 
0755       15207 
0756       15297 
0757       15413 
0758       15498 
0759       15601 
0760       15679 
0761       15818 
0762       15884 
0763       16019 
0764       16103 
0765       16212 
0766       16313 
0767       16415 
0768       16562 
0769       16672 
0770       16778 
0771       16893 
0772       16992 
0773       17115 
0774       17277 
0775       17424 
0776       17537 
0777       17690 
0778       17808 
0779       17941 
0780       18098 
0781       18261 
0782       18426 
0783       18586 
0784       18742 
0785       18877 
0786       19090 
0787       19234 
0788       19394 
0789       19588 
0790       19683 
0791       19720 
0792       20075 
0793       20253 
0794       20534 
0795       20676 
0796       20854 
0797       21010 
0798       21201 
0799       21201 
0800       21201 
0801       21436 
0802       21927 
0803       21927 
0804       1 
0805       1 
0806       1 
0807       1 
0808       1 
0809       1 
0810       1 
0811       1 
0812       1 
0813       1 
0814       1 
0815       1 
0816       1 
0817       1 
0818       1 
0819       1 
0820       1 
0821       1 
0822       1 
0823       1 
0824       1 
0825       1 
0826       1 
0827       1 
0828       1 
0829       1 
0830       1 
0831       1 
0832       1 
0833       1 
0834       1 
0835       1 
0836       1 
0837       1 
0838       1 
0839       1 
0840       1 
0841       1 
0842       1 
0843       1 
0844       1 
0845       1 
0846       1 
0847       1 
0848       1 
0849       1 
0850       1 
0851       1 
0852       1 
0853       1 
0854       1 
0855       1 
0856       1 
0857       1 
0858       1 
0859       1 
0860       1 
0861       1 
0862       1 
0863       1 
0864       1 
0865       1 
0866       1 
0867       1 
0868       1 
0869       1 
0870       1 
0871       1 
0872       1 
0873       1 
0874       1 
0875       1 
0876       1 
0877       1 
0878       1 
0879       1 
0880       1 
0881       1 
0882       1 
0883       1 
0884       1 
0885       1 
0886       1 
0887       1 
0888       1 
0889       1 
0890       1 
0891       1 
0892       1 
0893       1 
0894       1 
0895       1 
0896       1 
0897       1 
0898       1 
0899       1 
0900       1 
0901       1 
0902       1 
0903       1 
0904       1 
0905       1 
0906       1 
0907       1 
0908       1 
0909       1 
0910       1 
0911       1 
0912       1 
0913       1 
0914       1 
0915       1 
0916       1 
0917       1 
0918       1 
0919       1 
0920       1 
0921       1 
0922       1 
0923       1 
0924       1 
0925       1 
0926       1 
0927       1 
0928       1 
0929       1 
0930       1 
0931       1 
0932       1 
0933       1 
0934       1 
0935       1 
0936       1 
0937       1 
0938       1 
0939       1 
0940       1 
0941       1 
0942       1 
0943       1 
0944       1 
0945       1 
0946       1 
0947       1 
0948       1 
0949       1 
0950       1 
0951       1 
0952       1 
0953       1 
0954       1 
0955       1 
0956       1 
0957       1 
0958       1 
0959       1 
0960       1 
0961       1 
0962       1 
0963       1 
0964       1 
0965       1 
0966       1 
0967       1 
0968       1 
0969       1 
0970       1 
0971       1 
0972       1 
0973       1 
0974       1 
0975       1 
0976       1 
0977       1 
0978       1 
0979       1 
0980       1 
0981       1 
0982       1 
0983       1 
0984       1 
0985       1 
0986       1 
0987       1 
0988       1 
0989       1 
0990       1 
0991       1 
0992       1 
0993       1 
0994       1 
0995       1 
0996       1 
0997       1 
0998       1 
0999       1 
1000       1 
1001       1 
1002       1 
1003       1 
1004       1 
1005       4 
1006       4 
1007       44 
1008       45 
1009       55 
1010       49 
1011       49 
1012       55 
1013       49 
1014       49 
1015       50 
1016       51 
1017       50 
1018       50 
1019       51 
1020       51 
1021       51 
1022       51 
1023       54 
1024       54 
1025       55 
1026       55 
1027       62 
1028       62 
1029       62 
1030       46 
1031       46 
1032       46 
1033       55 
1034       61 
1035       67 
1036       70 
1037       72 
1038       72 
1039       73 
1040       74 
1041       74 
1042       74 
1043       68 
1044       68 
1045       68 
1046       70 
1047       74 
1048       74 
1049       74 
1050       72 
1051       67 
1052       67 
1053       72 
1054       72 
1055       68 
1056       68 
1057       68 
1058       68 
1059       71 
1060       71 
1061       71 
1062       68 
1063       68 
1064       68 
1065       68 
1066       68 
1067       70 
1068       68 
1069       68 
1070       68 
1071       73 
1072       74 
1073       74 
1074       74 
1075       66 
1076       66 
1077       65 
1078       66 
1079       66 
1297966633.934161
