0000       1 
0001       1 
0002       1 
0003       1 
0004       1 
0005       1 
0006       1 
0007       1 
0008       1 
0009       1 
0010       1 
0011       1 
0012       1 
0013       1 
0014       1 
0015       1 
0016       1 
0017       1 
0018       1 
0019       1 
0020       1 
0021       1 
0022       1 
0023       1 
0024       1 
0025       1 
0026       1 
0027       1 
0028       1 
0029       1 
0030       1 
0031       1 
0032       1 
0033       1 
0034       1 
0035       1 
0036       1 
0037       1 
0038       1 
0039       1 
0040       1 
0041       1 
0042       1 
0043       1 
0044       1 
0045       1 
0046       1 
0047       1 
0048       1 
0049       1 
0050       1 
0051       1 
0052       1 
0053       1 
0054       1 
0055       1 
0056       1 
0057       1 
0058       1 
0059       1 
0060       1 
0061       1 
0062       1 
0063       1 
0064       1 
0065       1 
0066       1 
0067       1 
0068       1 
0069       1 
0070       1 
0071       1 
0072       1 
0073       1 
0074       1 
0075       1 
0076       1 
0077       1 
0078       1 
0079       1 
0080       1 
0081       1 
0082       1 
0083       1 
0084       1 
0085       1 
0086       1 
0087       1 
0088       1 
0089       1 
0090       1 
0091       1 
0092       1 
0093       1 
0094       1 
0095       1 
0096       1 
0097       1 
0098       1 
0099       1 
0100       1 
0101       1 
0102       1 
0103       1 
0104       1 
0105       1 
0106       1 
0107       1 
0108       1 
0109       1 
0110       1 
0111       1 
0112       1 
0113       1 
0114       1 
0115       1 
0116       1 
0117       1 
0118       1 
0119       1 
0120       1 
0121       1 
0122       1 
0123       1 
0124       1 
0125       1 
0126       1 
0127       1 
0128       1 
0129       1 
0130       1 
0131       1 
0132       1 
0133       1 
0134       1 
0135       1 
0136       1 
0137       1 
0138       1 
0139       1 
0140       1 
0141       1 
0142       1 
0143       1 
0144       1 
0145       1 
0146       1 
0147       1 
0148       1 
0149       1 
0150       1 
0151       1 
0152       1 
0153       1 
0154       1 
0155       1 
0156       1 
0157       1 
0158       1 
0159       1 
0160       1 
0161       1 
0162       1 
0163       1 
0164       1 
0165       1 
0166       1 
0167       1 
0168       1 
0169       1 
0170       1 
0171       1 
0172       1 
0173       1 
0174       1 
0175       1 
0176       1 
0177       1 
0178       1 
0179       1 
0180       1 
0181       1 
0182       1 
0183       1 
0184       1 
0185       1 
0186       1 
0187       1 
0188       1 
0189       1 
0190       1 
0191       1 
0192       1 
0193       1 
0194       1 
0195       1 
0196       1 
0197       1 
0198       1 
0199       1 
0200       1 
0201       1 
0202       1 
0203       1 
0204       1 
0205       1 
0206       1 
0207       1 
0208       1 
0209       1 
0210       1 
0211       1 
0212       1 
0213       1 
0214       1 
0215       1 
0216       1 
0217       1 
0218       1 
0219       1 
0220       1 
0221       1 
0222       1 
0223       1 
0224       1 
0225       1 
0226       1 
0227       1 
0228       1 
0229       1 
0230       1 
0231       1 
0232       1 
0233       1 
0234       1 
0235       1 
0236       1 
0237       1 
0238       1 
0239       1 
0240       1 
0241       1 
0242       1 
0243       1 
0244       1 
0245       1 
0246       1 
0247       1 
0248       1 
0249       1 
0250       1 
0251       1 
0252       1 
0253       1 
0254       1 
0255       1 
0256       1 
0257       1 
0258       1 
0259       1 
0260       1 
0261       1 
0262       1 
0263       1 
0264       1 
0265       1 
0266       1 
0267       1 
0268       1 
0269       1 
0270       1 
0271       1 
0272       1 
0273       1 
0274       1 
0275       1 
0276       1 
0277       1 
0278       1 
0279       1 
0280       1 
0281       1 
0282       1 
0283       1 
0284       1 
0285       1 
0286       1 
0287       18005 
0288       18005 
0289       1 
0290       1 
0291       1 
0292       17353 
0293       17353 
0294       10930 
0295       10853 
0296       10853 
0297       10853 
0298       10870 
0299       10906 
0300       10906 
0301       10857 
0302       10781 
0303       10682 
0304       10609 
0305       10510 
0306       10462 
0307       10397 
0308       10347 
0309       10292 
0310       10222 
0311       10178 
0312       10111 
0313       10048 
0314       9970 
0315       9942 
0316       9882 
0317       9819 
0318       9724 
0319       9681 
0320       9629 
0321       9590 
0322       9504 
0323       9481 
0324       9425 
0325       9382 
0326       9264 
0327       9263 
0328       9228 
0329       9179 
0330       9115 
0331       9078 
0332       9025 
0333       8958 
0334       8926 
0335       8876 
0336       8831 
0337       8797 
0338       8754 
0339       8720 
0340       8678 
0341       8639 
0342       8575 
0343       8523 
0344       8511 
0345       8466 
0346       8447 
0347       8398 
0348       8362 
0349       8283 
0350       8251 
0351       8247 
0352       8194 
0353       8186 
0354       8148 
0355       8105 
0356       8037 
0357       8028 
0358       7998 
0359       7960 
0360       7954 
0361       7927 
0362       7879 
0363       7841 
0364       7824 
0365       7787 
0366       7756 
0367       7747 
0368       7690 
0369       7656 
0370       7644 
0371       7606 
0372       7601 
0373       7546 
0374       7538 
0375       7491 
0376       7482 
0377       7458 
0378       7457 
0379       7403 
0380       7383 
0381       7359 
0382       7339 
0383       7311 
0384       7265 
0385       7264 
0386       7259 
0387       7229 
0388       7190 
0389       7169 
0390       7152 
0391       7119 
0392       7114 
0393       7090 
0394       7086 
0395       7040 
0396       7036 
0397       7029 
0398       6969 
0399       6966 
0400       6959 
0401       6922 
0402       6920 
0403       6878 
0404       6853 
0405       6845 
0406       6845 
0407       6840 
0408       6809 
0409       6787 
0410       6754 
0411       6743 
0412       6733 
0413       6715 
0414       6696 
0415       6696 
0416       6694 
0417       6645 
0418       6642 
0419       6612 
0420       6606 
0421       6593 
0422       6592 
0423       6569 
0424       6565 
0425       6538 
0426       6510 
0427       6508 
0428       6486 
0429       6481 
0430       6471 
0431       6434 
0432       6424 
0433       6411 
0434       6410 
0435       6388 
0436       6386 
0437       6373 
0438       6365 
0439       6365 
0440       6333 
0441       6319 
0442       6318 
0443       6302 
0444       6286 
0445       6279 
0446       6265 
0447       6256 
0448       6230 
0449       6224 
0450       6218 
0451       6203 
0452       6203 
0453       6172 
0454       6170 
0455       6157 
0456       6155 
0457       6157 
0458       6149 
0459       6149 
0460       6132 
0461       6123 
0462       6110 
0463       6099 
0464       6094 
0465       6093 
0466       6088 
0467       6084 
0468       6074 
0469       6057 
0470       6051 
0471       6032 
0472       6032 
0473       6027 
0474       6033 
0475       6019 
0476       6010 
0477       6005 
0478       6002 
0479       6002 
0480       6000 
0481       5975 
0482       5971 
0483       5971 
0484       5968 
0485       5964 
0486       5962 
0487       5961 
0488       5943 
0489       5939 
0490       5939 
0491       5934 
0492       5934 
0493       5929 
0494       5923 
0495       5903 
0496       5903 
0497       5915 
0498       5916 
0499       5916 
0500       5905 
0501       5901 
0502       5885 
0503       5890 
0504       5887 
0505       5887 
0506       5867 
0507       5867 
0508       5867 
0509       5861 
0510       5861 
0511       5866 
0512       5871 
0513       5871 
0514       5860 
0515       5858 
0516       5856 
0517       5856 
0518       5852 
0519       5852 
0520       5853 
0521       5854 
0522       5862 
0523       5862 
0524       5845 
0525       5841 
0526       5845 
0527       5845 
0528       5849 
0529       5845 
0530       5861 
0531       5845 
0532       5858 
0533       5845 
0534       5851 
0535       5851 
0536       5853 
0537       5863 
0538       5855 
0539       5863 
0540       5858 
0541       5866 
0542       5870 
0543       5870 
0544       5862 
0545       5860 
0546       5860 
0547       5877 
0548       5877 
0549       5877 
0550       5859 
0551       5859 
0552       5873 
0553       5874 
0554       5884 
0555       5885 
0556       5885 
0557       5889 
0558       5889 
0559       5891 
0560       5908 
0561       5908 
0562       5908 
0563       5911 
0564       5913 
0565       5916 
0566       5936 
0567       5942 
0568       5942 
0569       5942 
0570       5948 
0571       5942 
0572       5948 
0573       5973 
0574       5973 
0575       5961 
0576       5961 
0577       5967 
0578       5989 
0579       5989 
0580       5994 
0581       6006 
0582       6012 
0583       6016 
0584       6017 
0585       6034 
0586       6038 
0587       6044 
0588       6052 
0589       6058 
0590       6064 
0591       6068 
0592       6072 
0593       6077 
0594       6079 
0595       6087 
0596       6087 
0597       6113 
0598       6118 
0599       6119 
0600       6137 
0601       6139 
0602       6146 
0603       6159 
0604       6170 
0605       6172 
0606       6180 
0607       6187 
0608       6204 
0609       6210 
0610       6225 
0611       6239 
0612       6239 
0613       6246 
0614       6256 
0615       6260 
0616       6278 
0617       6298 
0618       6310 
0619       6313 
0620       6331 
0621       6339 
0622       6341 
0623       6344 
0624       6362 
0625       6400 
0626       6401 
0627       6410 
0628       6420 
0629       6449 
0630       6460 
0631       6476 
0632       6485 
0633       6489 
0634       6505 
0635       6520 
0636       6541 
0637       6554 
0638       6554 
0639       6594 
0640       6595 
0641       6609 
0642       6618 
0643       6622 
0644       6637 
0645       6679 
0646       6692 
0647       6692 
0648       6715 
0649       6721 
0650       6754 
0651       6787 
0652       6790 
0653       6810 
0654       6811 
0655       6858 
0656       6872 
0657       6883 
0658       6898 
0659       6927 
0660       6966 
0661       6971 
0662       6981 
0663       7010 
0664       7018 
0665       7050 
0666       7056 
0667       7068 
0668       7088 
0669       7129 
0670       7157 
0671       7167 
0672       7191 
0673       7204 
0674       7241 
0675       7273 
0676       7276 
0677       7311 
0678       7335 
0679       7341 
0680       7366 
0681       7375 
0682       7420 
0683       7437 
0684       7474 
0685       7514 
0686       7550 
0687       7559 
0688       7560 
0689       7604 
0690       7653 
0691       7660 
0692       7698 
0693       7737 
0694       7751 
0695       7785 
0696       7815 
0697       7855 
0698       7873 
0699       7903 
0700       7928 
0701       7956 
0702       7998 
0703       8035 
0704       8062 
0705       8086 
0706       8129 
0707       8154 
0708       8190 
0709       8255 
0710       8276 
0711       8327 
0712       8351 
0713       8362 
0714       8442 
0715       8454 
0716       8517 
0717       8534 
0718       8568 
0719       8622 
0720       8699 
0721       8722 
0722       8756 
0723       8795 
0724       8816 
0725       8890 
0726       8925 
0727       8961 
0728       9014 
0729       9034 
0730       9120 
0731       9145 
0732       9195 
0733       9226 
0734       9286 
0735       9366 
0736       9385 
0737       9439 
0738       9526 
0739       9553 
0740       9621 
0741       9681 
0742       9716 
0743       9785 
0744       9853 
0745       9893 
0746       9952 
0747       10046 
0748       10095 
0749       10180 
0750       10217 
0751       10275 
0752       10332 
0753       10332 
0754       10247 
0755       10229 
0756       10229 
0757       10246 
0758       12072 
0759       12072 
0760       12030 
0761       12027 
0762       11981 
0763       11981 
0764       12071 
0765       12141 
0766       12219 
0767       12333 
0768       12424 
0769       12524 
0770       12599 
0771       12713 
0772       12814 
0773       12925 
0774       12983 
0775       13095 
0776       13220 
0777       13299 
0778       13407 
0779       13514 
0780       13661 
0781       13761 
0782       13917 
0783       13979 
0784       14094 
0785       14233 
0786       14392 
0787       14483 
0788       14622 
0789       14770 
0790       14921 
0791       18672 
0792       18672 
0793       18642 
0794       18591 
0795       18575 
0796       18523 
0797       18464 
0798       18451 
0799       18451 
0800       18409 
0801       14643 
0802       14598 
0803       9437 
0804       9437 
0805       9443 
0806       9445 
0807       14422 
0808       14422 
0809       14390 
0810       14389 
0811       14365 
0812       14330 
0813       14313 
0814       14305 
0815       14280 
0816       14270 
0817       14228 
0818       14208 
0819       14187 
0820       14173 
0821       14165 
0822       14153 
0823       14117 
0824       14105 
0825       14080 
0826       14069 
0827       14043 
0828       14034 
0829       14021 
0830       13999 
0831       13996 
0832       13966 
0833       13960 
0834       13941 
0835       13931 
0836       13918 
0837       13903 
0838       13888 
0839       13849 
0840       13846 
0841       13818 
0842       13814 
0843       13814 
0844       13795 
0845       1 
0846       1 
0847       1 
0848       1 
0849       1 
0850       1 
0851       1 
0852       1 
0853       1 
0854       1 
0855       1 
0856       1 
0857       1 
0858       1 
0859       1 
0860       1 
0861       1 
0862       1 
0863       9524 
0864       10337 
0865       10420 
0866       10420 
0867       10175 
0868       10197 
0869       10197 
0870       10372 
0871       10389 
0872       10397 
0873       10411 
0874       10397 
0875       10370 
0876       10370 
0877       1 
0878       1 
0879       1 
0880       1 
0881       1 
0882       1 
0883       1 
0884       1 
0885       1 
0886       1 
0887       1 
0888       1 
0889       1 
0890       1 
0891       1 
0892       1 
0893       1 
0894       1 
0895       1 
0896       1 
0897       1 
0898       1 
0899       1 
0900       1 
0901       1 
0902       1 
0903       1 
0904       1 
0905       1 
0906       1 
0907       1 
0908       1 
0909       1 
0910       1 
0911       1 
0912       1 
0913       1 
0914       1 
0915       1 
0916       1 
0917       1 
0918       1 
0919       1 
0920       1 
0921       1 
0922       1 
0923       1 
0924       1 
0925       1 
0926       1 
0927       1 
0928       1 
0929       1 
0930       1 
0931       1 
0932       1 
0933       1 
0934       1 
0935       1 
0936       1 
0937       1 
0938       1 
0939       1 
0940       1 
0941       1 
0942       1 
0943       1 
0944       1 
0945       1 
0946       1 
0947       1 
0948       1 
0949       1 
0950       1 
0951       1 
0952       1 
0953       1 
0954       1 
0955       1 
0956       1 
0957       1 
0958       1 
0959       1 
0960       1 
0961       1 
0962       1 
0963       1 
0964       1 
0965       1 
0966       1 
0967       1 
0968       1 
0969       1 
0970       1 
0971       1 
0972       1 
0973       1 
0974       1 
0975       1 
0976       1 
0977       1 
0978       1 
0979       1 
0980       1 
0981       1 
0982       1 
0983       1 
0984       1 
0985       1 
0986       1 
0987       1 
0988       1 
0989       1 
0990       1 
0991       1 
0992       1 
0993       1 
0994       1 
0995       1 
0996       1 
0997       1 
0998       1 
0999       1 
1000       1 
1001       1 
1002       1 
1003       1 
1004       1 
1005       1 
1006       1 
1007       4 
1008       4 
1009       4 
1010       41 
1011       56 
1012       56 
1013       56 
1014       44 
1015       43 
1016       4 
1017       4 
1018       4 
1019       48 
1020       52 
1021       53 
1022       53 
1023       48 
1024       53 
1025       53 
1026       53 
1027       53 
1028       53 
1029       51 
1030       48 
1031       48 
1032       48 
1033       49 
1034       56 
1035       59 
1036       61 
1037       65 
1038       69 
1039       69 
1040       69 
1041       67 
1042       67 
1043       66 
1044       65 
1045       65 
1046       64 
1047       64 
1048       64 
1049       64 
1050       64 
1051       64 
1052       63 
1053       63 
1054       68 
1055       66 
1056       66 
1057       66 
1058       66 
1059       65 
1060       65 
1061       65 
1062       72 
1063       73 
1064       73 
1065       73 
1066       72 
1067       71 
1068       61 
1069       61 
1070       61 
1071       67 
1072       67 
1073       68 
1074       72 
1075       72 
1076       72 
1077       73 
1078       73 
1079       62 
1297966649.455748
