0000       1 
0001       1 
0002       1 
0003       1 
0004       1 
0005       1 
0006       1 
0007       1 
0008       1 
0009       1 
0010       1 
0011       1 
0012       1 
0013       1 
0014       1 
0015       1 
0016       1 
0017       1 
0018       1 
0019       1 
0020       1 
0021       1 
0022       1 
0023       1 
0024       1 
0025       1 
0026       1 
0027       1 
0028       1 
0029       1 
0030       1 
0031       1 
0032       1 
0033       1 
0034       1 
0035       1 
0036       1 
0037       1 
0038       1 
0039       1 
0040       1 
0041       1 
0042       1 
0043       1 
0044       1 
0045       1 
0046       1 
0047       1 
0048       1 
0049       1 
0050       1 
0051       1 
0052       1 
0053       1 
0054       1 
0055       1 
0056       1 
0057       1 
0058       1 
0059       1 
0060       1 
0061       1 
0062       1 
0063       1 
0064       1 
0065       1 
0066       1 
0067       1 
0068       1 
0069       1 
0070       1 
0071       1 
0072       1 
0073       1 
0074       1 
0075       1 
0076       1 
0077       1 
0078       1 
0079       1 
0080       1 
0081       1 
0082       1 
0083       1 
0084       1 
0085       1 
0086       1 
0087       1 
0088       1 
0089       1 
0090       1 
0091       1 
0092       1 
0093       1 
0094       1 
0095       1 
0096       1 
0097       1 
0098       1 
0099       1 
0100       1 
0101       1 
0102       1 
0103       1 
0104       1 
0105       1 
0106       1 
0107       1 
0108       1 
0109       1 
0110       1 
0111       1 
0112       1 
0113       1 
0114       1 
0115       1 
0116       1 
0117       1 
0118       1 
0119       1 
0120       1 
0121       1 
0122       1 
0123       1 
0124       1 
0125       1 
0126       1 
0127       1 
0128       1 
0129       1 
0130       1 
0131       1 
0132       1 
0133       1 
0134       1 
0135       1 
0136       1 
0137       1 
0138       1 
0139       1 
0140       1 
0141       1 
0142       1 
0143       1 
0144       1 
0145       1 
0146       1 
0147       1 
0148       1 
0149       1 
0150       1 
0151       1 
0152       1 
0153       1 
0154       1 
0155       1 
0156       1 
0157       1 
0158       1 
0159       1 
0160       1 
0161       1 
0162       1 
0163       1 
0164       1 
0165       1 
0166       1 
0167       1 
0168       1 
0169       1 
0170       1 
0171       1 
0172       1 
0173       1 
0174       1 
0175       1 
0176       1 
0177       1 
0178       1 
0179       1 
0180       1 
0181       1 
0182       1 
0183       1 
0184       1 
0185       1 
0186       1 
0187       1 
0188       1 
0189       1 
0190       1 
0191       1 
0192       1 
0193       1 
0194       1 
0195       1 
0196       1 
0197       1 
0198       1 
0199       1 
0200       1 
0201       1 
0202       1 
0203       1 
0204       1 
0205       1 
0206       1 
0207       1 
0208       1 
0209       1 
0210       1 
0211       1 
0212       1 
0213       1 
0214       1 
0215       1 
0216       1 
0217       1 
0218       1 
0219       1 
0220       1 
0221       1 
0222       1 
0223       1 
0224       1 
0225       1 
0226       1 
0227       1 
0228       1 
0229       1 
0230       1 
0231       1 
0232       1 
0233       1 
0234       1 
0235       1 
0236       1 
0237       1 
0238       1 
0239       1 
0240       1 
0241       1 
0242       1 
0243       1 
0244       1 
0245       1 
0246       1 
0247       1 
0248       1 
0249       1 
0250       1 
0251       1 
0252       1 
0253       18146 
0254       18151 
0255       18170 
0256       18151 
0257       18038 
0258       17790 
0259       17360 
0260       1 
0261       1 
0262       1 
0263       1 
0264       1 
0265       14952 
0266       14952 
0267       15001 
0268       15032 
0269       15097 
0270       15106 
0271       15110 
0272       15156 
0273       15167 
0274       15196 
0275       15238 
0276       15273 
0277       15273 
0278       15278 
0279       15284 
0280       15348 
0281       15441 
0282       15441 
0283       1 
0284       1 
0285       1 
0286       1 
0287       1 
0288       1 
0289       1 
0290       1 
0291       1 
0292       1 
0293       1 
0294       1 
0295       1 
0296       1 
0297       1 
0298       1 
0299       1 
0300       1 
0301       1 
0302       1 
0303       1 
0304       1 
0305       1 
0306       1 
0307       1 
0308       1 
0309       1 
0310       1 
0311       1 
0312       16546 
0313       16546 
0314       1 
0315       1 
0316       1 
0317       1 
0318       15887 
0319       15887 
0320       15805 
0321       15712 
0322       15623 
0323       15523 
0324       15418 
0325       15369 
0326       15249 
0327       15146 
0328       15121 
0329       15050 
0330       14933 
0331       14887 
0332       14801 
0333       14725 
0334       14672 
0335       14601 
0336       14531 
0337       14456 
0338       14410 
0339       14312 
0340       14238 
0341       14149 
0342       14098 
0343       14056 
0344       13999 
0345       13775 
0346       13684 
0347       13684 
0348       13684 
0349       13533 
0350       1 
0351       1 
0352       1 
0353       1 
0354       1 
0355       1 
0356       12856 
0357       12856 
0358       1 
0359       1 
0360       1 
0361       1 
0362       1 
0363       1 
0364       1 
0365       1 
0366       1 
0367       1 
0368       1 
0369       1 
0370       1 
0371       1 
0372       12077 
0373       12077 
0374       12077 
0375       12038 
0376       11988 
0377       11925 
0378       11885 
0379       11844 
0380       11789 
0381       11748 
0382       11716 
0383       11639 
0384       11621 
0385       11549 
0386       11513 
0387       11471 
0388       11463 
0389       11418 
0390       11348 
0391       11286 
0392       11251 
0393       11221 
0394       11154 
0395       11121 
0396       11088 
0397       11032 
0398       11024 
0399       10987 
0400       10958 
0401       10857 
0402       10849 
0403       10815 
0404       10755 
0405       10747 
0406       10720 
0407       10698 
0408       10654 
0409       10621 
0410       10584 
0411       10529 
0412       10522 
0413       10514 
0414       10467 
0415       10436 
0416       10381 
0417       10354 
0418       10319 
0419       10302 
0420       10255 
0421       10238 
0422       10234 
0423       10188 
0424       10142 
0425       10119 
0426       10105 
0427       10105 
0428       10065 
0429       8632 
0430       8613 
0431       8524 
0432       8490 
0433       8480 
0434       8446 
0435       8420 
0436       8389 
0437       8389 
0438       8405 
0439       8405 
0440       8333 
0441       8333 
0442       8333 
0443       7836 
0444       7741 
0445       7460 
0446       7460 
0447       7490 
0448       7532 
0449       7532 
0450       7374 
0451       7369 
0452       7336 
0453       7329 
0454       7318 
0455       7280 
0456       7272 
0457       7261 
0458       7260 
0459       7261 
0460       7320 
0461       7346 
0462       7381 
0463       7384 
0464       7435 
0465       7435 
0466       7397 
0467       7391 
0468       7380 
0469       7380 
0470       7368 
0471       7319 
0472       7267 
0473       7234 
0474       7189 
0475       7181 
0476       7166 
0477       7133 
0478       7133 
0479       7133 
0480       7133 
0481       7139 
0482       7127 
0483       7117 
0484       7090 
0485       7085 
0486       7078 
0487       7085 
0488       7134 
0489       7273 
0490       7389 
0491       7434 
0492       7450 
0493       7472 
0494       7542 
0495       7748 
0496       7748 
0497       7649 
0498       7572 
0499       7529 
0500       7327 
0501       7319 
0502       7319 
0503       7350 
0504       7356 
0505       7360 
0506       7360 
0507       7386 
0508       7386 
0509       7414 
0510       7414 
0511       7456 
0512       7501 
0513       7511 
0514       7575 
0515       7688 
0516       7718 
0517       7783 
0518       7814 
0519       7889 
0520       8056 
0521       8561 
0522       8631 
0523       8636 
0524       8637 
0525       8645 
0526       8645 
0527       8650 
0528       8655 
0529       8650 
0530       8649 
0531       8648 
0532       8649 
0533       8649 
0534       8649 
0535       8649 
0536       8648 
0537       8644 
0538       8638 
0539       8638 
0540       8642 
0541       8642 
0542       8646 
0543       8638 
0544       8642 
0545       8638 
0546       8632 
0547       8621 
0548       8621 
0549       8617 
0550       8618 
0551       8618 
0552       8618 
0553       8624 
0554       8624 
0555       8625 
0556       8628 
0557       8626 
0558       8647 
0559       8641 
0560       8644 
0561       8644 
0562       8644 
0563       8644 
0564       8653 
0565       8653 
0566       8653 
0567       8654 
0568       8668 
0569       8667 
0570       8667 
0571       8667 
0572       8671 
0573       8671 
0574       8669 
0575       8669 
0576       8679 
0577       8680 
0578       8680 
0579       8667 
0580       8666 
0581       8666 
0582       8675 
0583       8682 
0584       8701 
0585       8701 
0586       8699 
0587       8538 
0588       8368 
0589       8313 
0590       8293 
0591       8179 
0592       7999 
0593       7834 
0594       7688 
0595       7687 
0596       7678 
0597       7641 
0598       7538 
0599       7498 
0600       7495 
0601       7495 
0602       7471 
0603       7471 
0604       7476 
0605       7476 
0606       7476 
0607       7497 
0608       7501 
0609       7501 
0610       7512 
0611       7533 
0612       7549 
0613       7555 
0614       7557 
0615       7565 
0616       7577 
0617       7599 
0618       7628 
0619       7670 
0620       7713 
0621       7750 
0622       7810 
0623       8696 
0624       8723 
0625       8840 
0626       8871 
0627       8990 
0628       9032 
0629       9052 
0630       9070 
0631       9077 
0632       9085 
0633       9093 
0634       9104 
0635       9141 
0636       9141 
0637       9019 
0638       8907 
0639       8808 
0640       8724 
0641       8724 
0642       8740 
0643       8817 
0644       8817 
0645       8675 
0646       8663 
0647       8638 
0648       8638 
0649       8641 
0650       8665 
0651       8671 
0652       8673 
0653       8698 
0654       8703 
0655       8737 
0656       8797 
0657       8831 
0658       9065 
0659       9373 
0660       9480 
0661       9486 
0662       9559 
0663       9680 
0664       9686 
0665       9718 
0666       9738 
0667       9776 
0668       9779 
0669       9803 
0670       9822 
0671       9854 
0672       9882 
0673       9905 
0674       9931 
0675       9951 
0676       10007 
0677       10023 
0678       10037 
0679       10069 
0680       10079 
0681       10111 
0682       10156 
0683       10165 
0684       10207 
0685       10224 
0686       10254 
0687       10299 
0688       10314 
0689       10361 
0690       10381 
0691       10403 
0692       10436 
0693       10464 
0694       10487 
0695       10493 
0696       10549 
0697       10602 
0698       10662 
0699       10734 
0700       10756 
0701       10815 
0702       10885 
0703       10922 
0704       10957 
0705       10984 
0706       10984 
0707       10964 
0708       10786 
0709       10714 
0710       10687 
0711       10610 
0712       10566 
0713       10503 
0714       10462 
0715       10388 
0716       10341 
0717       10280 
0718       10239 
0719       10192 
0720       10137 
0721       10087 
0722       10041 
0723       9977 
0724       9950 
0725       9914 
0726       9861 
0727       9804 
0728       9802 
0729       9802 
0730       9822 
0731       9851 
0732       9851 
0733       9787 
0734       9724 
0735       9670 
0736       9629 
0737       9582 
0738       9555 
0739       9509 
0740       9474 
0741       9403 
0742       9379 
0743       9321 
0744       9290 
0745       9221 
0746       9183 
0747       9142 
0748       9093 
0749       9044 
0750       9003 
0751       8963 
0752       8835 
0753       8766 
0754       8730 
0755       8703 
0756       8679 
0757       8636 
0758       8587 
0759       8551 
0760       8488 
0761       8448 
0762       8410 
0763       8353 
0764       8297 
0765       8252 
0766       8250 
0767       8186 
0768       8142 
0769       8097 
0770       8074 
0771       8028 
0772       7992 
0773       7923 
0774       7895 
0775       7877 
0776       7845 
0777       7776 
0778       7757 
0779       7714 
0780       7677 
0781       7618 
0782       7579 
0783       7546 
0784       7485 
0785       7464 
0786       7414 
0787       7382 
0788       7351 
0789       7305 
0790       7293 
0791       7269 
0792       7230 
0793       7203 
0794       7171 
0795       7125 
0796       7103 
0797       7096 
0798       7070 
0799       7048 
0800       7027 
0801       6989 
0802       6982 
0803       6959 
0804       6955 
0805       6929 
0806       6906 
0807       6893 
0808       6884 
0809       6877 
0810       6861 
0811       6840 
0812       6837 
0813       6817 
0814       6785 
0815       6776 
0816       6765 
0817       6752 
0818       6743 
0819       6738 
0820       6711 
0821       6707 
0822       6690 
0823       6668 
0824       6663 
0825       6650 
0826       6642 
0827       6631 
0828       6624 
0829       6599 
0830       6577 
0831       6523 
0832       6486 
0833       6448 
0834       6397 
0835       6263 
0836       6183 
0837       6138 
0838       6127 
0839       6111 
0840       6075 
0841       6074 
0842       6059 
0843       6049 
0844       6049 
0845       6035 
0846       6027 
0847       5992 
0848       5989 
0849       5959 
0850       5939 
0851       5936 
0852       5930 
0853       5923 
0854       5891 
0855       5891 
0856       5855 
0857       5844 
0858       5838 
0859       5819 
0860       5783 
0861       5783 
0862       5776 
0863       5739 
0864       5737 
0865       5728 
0866       5700 
0867       5700 
0868       5759 
0869       5817 
0870       5930 
0871       6073 
0872       6241 
0873       6397 
0874       6639 
0875       6825 
0876       8230 
0877       8359 
0878       8632 
0879       8900 
0880       9124 
0881       9336 
0882       9673 
0883       9967 
0884       9984 
0885       9994 
0886       9984 
0887       1 
0888       1 
0889       1 
0890       1 
0891       1 
0892       1 
0893       1 
0894       1 
0895       1 
0896       1 
0897       1 
0898       1 
0899       1 
0900       1 
0901       1 
0902       1 
0903       1 
0904       1 
0905       1 
0906       1 
0907       1 
0908       1 
0909       1 
0910       1 
0911       1 
0912       1 
0913       1 
0914       1 
0915       1 
0916       1 
0917       1 
0918       1 
0919       1 
0920       1 
0921       1 
0922       1 
0923       1 
0924       1 
0925       1 
0926       1 
0927       1 
0928       1 
0929       1 
0930       1 
0931       1 
0932       1 
0933       1 
0934       1 
0935       1 
0936       1 
0937       1 
0938       1 
0939       1 
0940       1 
0941       1 
0942       1 
0943       1 
0944       1 
0945       1 
0946       1 
0947       1 
0948       1 
0949       1 
0950       1 
0951       1 
0952       1 
0953       1 
0954       1 
0955       1 
0956       1 
0957       1 
0958       1 
0959       1 
0960       1 
0961       1 
0962       1 
0963       1 
0964       1 
0965       1 
0966       1 
0967       1 
0968       1 
0969       1 
0970       1 
0971       1 
0972       1 
0973       1 
0974       1 
0975       1 
0976       1 
0977       1 
0978       1 
0979       1 
0980       1 
0981       1 
0982       1 
0983       1 
0984       1 
0985       1 
0986       1 
0987       1 
0988       1 
0989       1 
0990       1 
0991       1 
0992       1 
0993       1 
0994       1 
0995       1 
0996       1 
0997       1 
0998       1 
0999       1 
1000       1 
1001       1 
1002       1 
1003       1 
1004       1 
1005       1 
1006       1 
1007       4 
1008       4 
1009       4 
1010       4 
1011       48 
1012       65 
1013       65 
1014       65 
1015       66 
1016       66 
1017       59 
1018       59 
1019       59 
1020       47 
1021       49 
1022       49 
1023       52 
1024       52 
1025       57 
1026       62 
1027       65 
1028       65 
1029       57 
1030       60 
1031       55 
1032       55 
1033       60 
1034       65 
1035       65 
1036       69 
1037       72 
1038       69 
1039       65 
1040       67 
1041       65 
1042       65 
1043       65 
1044       64 
1045       62 
1046       62 
1047       62 
1048       66 
1049       68 
1050       70 
1051       70 
1052       72 
1053       72 
1054       72 
1055       67 
1056       67 
1057       67 
1058       67 
1059       67 
1060       68 
1061       68 
1062       65 
1063       63 
1064       63 
1065       61 
1066       61 
1067       61 
1068       61 
1069       66 
1070       66 
1071       66 
1072       64 
1073       66 
1074       64 
1075       64 
1076       64 
1077       64 
1078       64 
1079       59 
1297966692.883750
