0000       1 
0001       1 
0002       1 
0003       1 
0004       1 
0005       1 
0006       1 
0007       1 
0008       1 
0009       1 
0010       1 
0011       1 
0012       1 
0013       1 
0014       1 
0015       1 
0016       1 
0017       1 
0018       1 
0019       1 
0020       1 
0021       1 
0022       1 
0023       1 
0024       1 
0025       1 
0026       1 
0027       1 
0028       1 
0029       1 
0030       1 
0031       1 
0032       1 
0033       1 
0034       1 
0035       1 
0036       1 
0037       1 
0038       1 
0039       1 
0040       1 
0041       1 
0042       1 
0043       1 
0044       1 
0045       1 
0046       1 
0047       1 
0048       1 
0049       1 
0050       1 
0051       1 
0052       1 
0053       1 
0054       1 
0055       1 
0056       1 
0057       1 
0058       1 
0059       1 
0060       1 
0061       1 
0062       1 
0063       1 
0064       1 
0065       1 
0066       1 
0067       1 
0068       1 
0069       1 
0070       1 
0071       1 
0072       1 
0073       1 
0074       1 
0075       1 
0076       1 
0077       1 
0078       1 
0079       1 
0080       1 
0081       1 
0082       1 
0083       1 
0084       1 
0085       1 
0086       1 
0087       1 
0088       1 
0089       1 
0090       1 
0091       1 
0092       1 
0093       1 
0094       1 
0095       1 
0096       1 
0097       1 
0098       1 
0099       1 
0100       1 
0101       1 
0102       1 
0103       1 
0104       1 
0105       1 
0106       1 
0107       1 
0108       1 
0109       1 
0110       1 
0111       1 
0112       1 
0113       1 
0114       1 
0115       1 
0116       1 
0117       1 
0118       1 
0119       1 
0120       1 
0121       1 
0122       1 
0123       1 
0124       1 
0125       1 
0126       1 
0127       1 
0128       1 
0129       1 
0130       1 
0131       1 
0132       1 
0133       1 
0134       1 
0135       1 
0136       1 
0137       1 
0138       1 
0139       1 
0140       1 
0141       1 
0142       1 
0143       1 
0144       1 
0145       1 
0146       1 
0147       1 
0148       1 
0149       1 
0150       1 
0151       1 
0152       1 
0153       1 
0154       1 
0155       1 
0156       1 
0157       1 
0158       1 
0159       1 
0160       1 
0161       1 
0162       1 
0163       1 
0164       1 
0165       1 
0166       1 
0167       1 
0168       1 
0169       1 
0170       1 
0171       1 
0172       1 
0173       1 
0174       1 
0175       1 
0176       1 
0177       1 
0178       1 
0179       1 
0180       1 
0181       1 
0182       1 
0183       1 
0184       1 
0185       1 
0186       1 
0187       1 
0188       1 
0189       1 
0190       1 
0191       1 
0192       1 
0193       1 
0194       1 
0195       1 
0196       1 
0197       1 
0198       1 
0199       1 
0200       1 
0201       1 
0202       1 
0203       1 
0204       1 
0205       1 
0206       1 
0207       1 
0208       1 
0209       1 
0210       1 
0211       1 
0212       1 
0213       1 
0214       1 
0215       1 
0216       1 
0217       1 
0218       1 
0219       1 
0220       1 
0221       1 
0222       1 
0223       1 
0224       1 
0225       1 
0226       1 
0227       1 
0228       1 
0229       1 
0230       1 
0231       1 
0232       1 
0233       1 
0234       1 
0235       1 
0236       1 
0237       19316 
0238       19316 
0239       19316 
0240       19314 
0241       1 
0242       1 
0243       1 
0244       1 
0245       1 
0246       1 
0247       1 
0248       1 
0249       1 
0250       1 
0251       1 
0252       1 
0253       1 
0254       1 
0255       1 
0256       1 
0257       1 
0258       1 
0259       1 
0260       1 
0261       1 
0262       1 
0263       1 
0264       1 
0265       1 
0266       1 
0267       1 
0268       1 
0269       1 
0270       1 
0271       1 
0272       1 
0273       1 
0274       1 
0275       1 
0276       1 
0277       1 
0278       1 
0279       1 
0280       1 
0281       1 
0282       1 
0283       1 
0284       1 
0285       1 
0286       1 
0287       1 
0288       1 
0289       1 
0290       1 
0291       1 
0292       1 
0293       1 
0294       1 
0295       1 
0296       1 
0297       1 
0298       1 
0299       1 
0300       1 
0301       1 
0302       1 
0303       1 
0304       1 
0305       1 
0306       1 
0307       1 
0308       1 
0309       1 
0310       1 
0311       1 
0312       1 
0313       1 
0314       1 
0315       1 
0316       1 
0317       1 
0318       1 
0319       1 
0320       1 
0321       1 
0322       1 
0323       1 
0324       1 
0325       1 
0326       17569 
0327       17569 
0328       17162 
0329       17089 
0330       17089 
0331       16991 
0332       16855 
0333       16761 
0334       16607 
0335       16475 
0336       16369 
0337       16244 
0338       16140 
0339       16022 
0340       15920 
0341       15811 
0342       15693 
0343       15563 
0344       15471 
0345       15376 
0346       15247 
0347       15193 
0348       15073 
0349       14996 
0350       14878 
0351       14802 
0352       14722 
0353       14636 
0354       14508 
0355       14464 
0356       14346 
0357       14264 
0358       14184 
0359       14101 
0360       14008 
0361       13962 
0362       13880 
0363       13786 
0364       13685 
0365       13615 
0366       13567 
0367       13490 
0368       13435 
0369       13333 
0370       13260 
0371       13151 
0372       13102 
0373       13046 
0374       12977 
0375       12933 
0376       12843 
0377       12773 
0378       12605 
0379       12444 
0380       12334 
0381       12286 
0382       12247 
0383       12177 
0384       12140 
0385       12092 
0386       12042 
0387       12004 
0388       12004 
0389       11992 
0390       11992 
0391       11956 
0392       11925 
0393       11907 
0394       11820 
0395       11788 
0396       11760 
0397       11710 
0398       11664 
0399       11621 
0400       11550 
0401       11494 
0402       11479 
0403       11442 
0404       11385 
0405       11346 
0406       11296 
0407       11243 
0408       11199 
0409       11166 
0410       11136 
0411       11069 
0412       11058 
0413       10987 
0414       10987 
0415       10925 
0416       10883 
0417       10839 
0418       10794 
0419       10756 
0420       10752 
0421       10708 
0422       10661 
0423       10652 
0424       10588 
0425       10569 
0426       10547 
0427       10507 
0428       10464 
0429       10416 
0430       10396 
0431       10361 
0432       10356 
0433       10328 
0434       10267 
0435       10261 
0436       10225 
0437       10193 
0438       10171 
0439       10153 
0440       10103 
0441       10070 
0442       10053 
0443       10025 
0444       10018 
0445       9977 
0446       9940 
0447       9924 
0448       9893 
0449       9858 
0450       9855 
0451       9801 
0452       9778 
0453       9762 
0454       9718 
0455       9705 
0456       9678 
0457       9653 
0458       9647 
0459       9610 
0460       9591 
0461       9559 
0462       9534 
0463       9520 
0464       9491 
0465       9481 
0466       9453 
0467       9424 
0468       9420 
0469       9383 
0470       9369 
0471       9351 
0472       9330 
0473       9318 
0474       9305 
0475       9273 
0476       9260 
0477       9228 
0478       9217 
0479       9200 
0480       9195 
0481       9162 
0482       9145 
0483       9135 
0484       9123 
0485       9120 
0486       9083 
0487       9064 
0488       9051 
0489       9045 
0490       9034 
0491       9007 
0492       9006 
0493       8979 
0494       8975 
0495       8971 
0496       8943 
0497       8933 
0498       8923 
0499       8906 
0500       8894 
0501       8890 
0502       8884 
0503       8875 
0504       8856 
0505       8852 
0506       8831 
0507       8825 
0508       8817 
0509       8795 
0510       8784 
0511       8775 
0512       8769 
0513       8759 
0514       8756 
0515       8756 
0516       8743 
0517       8738 
0518       8714 
0519       8711 
0520       8684 
0521       8684 
0522       8697 
0523       8697 
0524       8667 
0525       8641 
0526       8639 
0527       8632 
0528       8632 
0529       8634 
0530       8634 
0531       8621 
0532       8606 
0533       8604 
0534       8601 
0535       8598 
0536       8584 
0537       8570 
0538       8584 
0539       8569 
0540       8569 
0541       8547 
0542       8545 
0543       8542 
0544       8545 
0545       8542 
0546       8541 
0547       8541 
0548       8543 
0549       8543 
0550       8530 
0551       8530 
0552       8525 
0553       8516 
0554       8514 
0555       8510 
0556       8510 
0557       8511 
0558       8517 
0559       8517 
0560       8518 
0561       8520 
0562       8520 
0563       8512 
0564       8511 
0565       8511 
0566       8511 
0567       8506 
0568       8506 
0569       8505 
0570       8505 
0571       8505 
0572       8505 
0573       8505 
0574       8509 
0575       8526 
0576       8526 
0577       8528 
0578       8528 
0579       8527 
0580       8522 
0581       8522 
0582       8537 
0583       8555 
0584       8558 
0585       8555 
0586       8549 
0587       8549 
0588       8549 
0589       8567 
0590       8571 
0591       8576 
0592       8576 
0593       8577 
0594       8584 
0595       8594 
0596       8603 
0597       8603 
0598       8604 
0599       8607 
0600       8617 
0601       8626 
0602       8631 
0603       8632 
0604       8634 
0605       8636 
0606       8641 
0607       8642 
0608       8646 
0609       8661 
0610       8661 
0611       8663 
0612       8663 
0613       8663 
0614       8690 
0615       8705 
0616       8727 
0617       8728 
0618       8728 
0619       8728 
0620       8728 
0621       8756 
0622       8758 
0623       8767 
0624       8770 
0625       8778 
0626       8801 
0627       8810 
0628       8827 
0629       8831 
0630       8837 
0631       8851 
0632       8879 
0633       8881 
0634       8885 
0635       8891 
0636       8900 
0637       8926 
0638       8926 
0639       8927 
0640       8940 
0641       8958 
0642       8966 
0643       8973 
0644       8987 
0645       8998 
0646       9026 
0647       9034 
0648       9034 
0649       9042 
0650       9073 
0651       9082 
0652       9094 
0653       9120 
0654       9134 
0655       9134 
0656       9134 
0657       9173 
0658       9202 
0659       9212 
0660       9234 
0661       9234 
0662       9263 
0663       9265 
0664       9290 
0665       9320 
0666       9335 
0667       9367 
0668       9370 
0669       9380 
0670       9397 
0671       9422 
0672       9428 
0673       9458 
0674       9500 
0675       9506 
0676       9515 
0677       9526 
0678       9562 
0679       9600 
0680       9615 
0681       9622 
0682       9656 
0683       9699 
0684       9701 
0685       9723 
0686       9774 
0687       9780 
0688       9789 
0689       9823 
0690       9850 
0691       9882 
0692       9900 
0693       9923 
0694       9969 
0695       10002 
0696       10002 
0697       10041 
0698       10041 
0699       10039 
0700       10018 
0701       10015 
0702       10018 
0703       10031 
0704       10049 
0705       10080 
0706       10095 
0707       10122 
0708       10137 
0709       10185 
0710       10202 
0711       10247 
0712       10263 
0713       10297 
0714       10324 
0715       10342 
0716       10393 
0717       10403 
0718       10419 
0719       10466 
0720       10466 
0721       7663 
0722       7663 
0723       7706 
0724       7723 
0725       7727 
0726       7740 
0727       7802 
0728       7820 
0729       7834 
0730       7886 
0731       7889 
0732       7927 
0733       7927 
0734       7927 
0735       7927 
0736       7951 
0737       7955 
0738       7969 
0739       7996 
0740       8013 
0741       8044 
0742       8078 
0743       8124 
0744       8132 
0745       8156 
0746       8156 
0747       1 
0748       1 
0749       1 
0750       1 
0751       1 
0752       1 
0753       5544 
0754       5544 
0755       5536 
0756       5524 
0757       5512 
0758       5477 
0759       5449 
0760       5401 
0761       5370 
0762       5346 
0763       5291 
0764       5271 
0765       5232 
0766       5176 
0767       5147 
0768       5105 
0769       5090 
0770       5041 
0771       5007 
0772       4996 
0773       4926 
0774       4891 
0775       4854 
0776       4796 
0777       4774 
0778       4761 
0779       4747 
0780       4747 
0781       4747 
0782       4766 
0783       4781 
0784       4807 
0785       4838 
0786       4866 
0787       4880 
0788       4933 
0789       4940 
0790       4991 
0791       5019 
0792       5041 
0793       5081 
0794       5114 
0795       5172 
0796       5196 
0797       5244 
0798       5282 
0799       5329 
0800       5378 
0801       5472 
0802       5568 
0803       5624 
0804       5686 
0805       5743 
0806       5789 
0807       5824 
0808       5864 
0809       5899 
0810       5957 
0811       6016 
0812       6065 
0813       6140 
0814       6181 
0815       6251 
0816       6286 
0817       6352 
0818       6403 
0819       6448 
0820       6495 
0821       6579 
0822       6656 
0823       6700 
0824       6767 
0825       6810 
0826       6879 
0827       6943 
0828       6993 
0829       7072 
0830       7137 
0831       7193 
0832       7253 
0833       7338 
0834       7422 
0835       7469 
0836       7552 
0837       7612 
0838       7678 
0839       7746 
0840       7852 
0841       7883 
0842       7905 
0843       7905 
0844       8029 
0845       8125 
0846       8241 
0847       8554 
0848       8624 
0849       8739 
0850       8854 
0851       8986 
0852       9070 
0853       9211 
0854       9338 
0855       9478 
0856       9609 
0857       9800 
0858       9800 
0859       9933 
0860       10163 
0861       10339 
0862       10455 
0863       10619 
0864       10754 
0865       10914 
0866       11049 
0867       11140 
0868       11425 
0869       11657 
0870       11850 
0871       12047 
0872       12268 
0873       12532 
0874       12661 
0875       12950 
0876       13206 
0877       13456 
0878       13456 
0879       13456 
0880       1 
0881       1 
0882       14184 
0883       15157 
0884       15157 
0885       15157 
0886       15157 
0887       22716 
0888       22716 
0889       22710 
0890       22683 
0891       22675 
0892       22675 
0893       22675 
0894       22661 
0895       22638 
0896       22624 
0897       22620 
0898       22573 
0899       22511 
0900       22573 
0901       22851 
0902       22883 
0903       22883 
0904       22833 
0905       22774 
0906       22772 
0907       22772 
0908       22752 
0909       22723 
0910       22718 
0911       22700 
0912       22672 
0913       22700 
0914       22680 
0915       22680 
0916       22578 
0917       22485 
0918       22460 
0919       22484 
0920       22463 
0921       22463 
0922       22457 
0923       22457 
0924       22460 
0925       22460 
0926       22460 
0927       22454 
0928       22483 
0929       22496 
0930       22496 
0931       22496 
0932       1 
0933       1 
0934       1 
0935       1 
0936       1 
0937       1 
0938       1 
0939       1 
0940       1 
0941       1 
0942       1 
0943       1 
0944       1 
0945       1 
0946       1 
0947       1 
0948       1 
0949       1 
0950       1 
0951       1 
0952       1 
0953       1 
0954       1 
0955       1 
0956       1 
0957       1 
0958       1 
0959       1 
0960       1 
0961       1 
0962       1 
0963       1 
0964       1 
0965       1 
0966       1 
0967       1 
0968       1 
0969       1 
0970       1 
0971       1 
0972       1 
0973       1 
0974       1 
0975       1 
0976       1 
0977       1 
0978       1 
0979       1 
0980       1 
0981       1 
0982       1 
0983       1 
0984       1 
0985       1 
0986       1 
0987       1 
0988       1 
0989       1 
0990       1 
0991       1 
0992       1 
0993       1 
0994       1 
0995       1 
0996       1 
0997       1 
0998       1 
0999       1 
1000       1 
1001       1 
1002       1 
1003       1 
1004       1 
1005       1 
1006       1 
1007       4 
1008       4 
1009       4 
1010       4 
1011       4 
1012       60 
1013       66 
1014       64 
1015       64 
1016       64 
1017       64 
1018       56 
1019       55 
1020       55 
1021       56 
1022       56 
1023       56 
1024       65 
1025       70 
1026       69 
1027       70 
1028       70 
1029       69 
1030       46 
1031       46 
1032       46 
1033       64 
1034       67 
1035       67 
1036       67 
1037       64 
1038       63 
1039       63 
1040       64 
1041       67 
1042       68 
1043       68 
1044       67 
1045       68 
1046       67 
1047       67 
1048       69 
1049       70 
1050       69 
1051       69 
1052       66 
1053       66 
1054       66 
1055       68 
1056       70 
1057       71 
1058       71 
1059       70 
1060       73 
1061       65 
1062       65 
1063       65 
1064       65 
1065       65 
1066       64 
1067       64 
1068       62 
1069       66 
1070       64 
1071       66 
1072       68 
1073       68 
1074       64 
1075       65 
1076       65 
1077       65 
1078       68 
1079       68 
1297966623.907536
