0000       1 
0001       1 
0002       1 
0003       1 
0004       1 
0005       1 
0006       1 
0007       1 
0008       1 
0009       1 
0010       1 
0011       1 
0012       1 
0013       1 
0014       1 
0015       1 
0016       1 
0017       1 
0018       1 
0019       1 
0020       1 
0021       1 
0022       1 
0023       1 
0024       1 
0025       1 
0026       1 
0027       1 
0028       1 
0029       1 
0030       1 
0031       1 
0032       1 
0033       1 
0034       1 
0035       1 
0036       1 
0037       1 
0038       1 
0039       1 
0040       1 
0041       1 
0042       1 
0043       1 
0044       1 
0045       1 
0046       1 
0047       1 
0048       1 
0049       1 
0050       1 
0051       1 
0052       1 
0053       1 
0054       1 
0055       1 
0056       1 
0057       1 
0058       1 
0059       1 
0060       1 
0061       1 
0062       1 
0063       1 
0064       1 
0065       1 
0066       1 
0067       1 
0068       1 
0069       1 
0070       1 
0071       1 
0072       1 
0073       1 
0074       1 
0075       1 
0076       1 
0077       1 
0078       1 
0079       1 
0080       1 
0081       1 
0082       1 
0083       1 
0084       1 
0085       1 
0086       1 
0087       4621 
0088       4621 
0089       4621 
0090       4610 
0091       4598 
0092       4575 
0093       4575 
0094       4575 
0095       4575 
0096       4571 
0097       4568 
0098       4559 
0099       4558 
0100       4549 
0101       4545 
0102       4545 
0103       4539 
0104       4539 
0105       4536 
0106       4536 
0107       4532 
0108       4523 
0109       4523 
0110       4512 
0111       4511 
0112       4509 
0113       4504 
0114       4501 
0115       4495 
0116       4487 
0117       4482 
0118       4481 
0119       4482 
0120       4482 
0121       4480 
0122       4475 
0123       4475 
0124       4467 
0125       4463 
0126       4463 
0127       4459 
0128       4459 
0129       4456 
0130       4456 
0131       4456 
0132       4454 
0133       4455 
0134       4454 
0135       4451 
0136       4451 
0137       4450 
0138       4449 
0139       4447 
0140       4443 
0141       4441 
0142       4436 
0143       4436 
0144       4431 
0145       4431 
0146       4436 
0147       4441 
0148       4442 
0149       4442 
0150       4442 
0151       4441 
0152       4435 
0153       4435 
0154       4441 
0155       4441 
0156       4441 
0157       4448 
0158       4448 
0159       4445 
0160       4449 
0161       4447 
0162       4447 
0163       4447 
0164       4447 
0165       4443 
0166       4442 
0167       4442 
0168       4443 
0169       4448 
0170       4448 
0171       4448 
0172       4458 
0173       4460 
0174       4460 
0175       4466 
0176       4467 
0177       4471 
0178       4475 
0179       4476 
0180       4478 
0181       4480 
0182       4480 
0183       4489 
0184       4492 
0185       4492 
0186       4489 
0187       4492 
0188       4492 
0189       4496 
0190       4508 
0191       4509 
0192       4511 
0193       4511 
0194       4520 
0195       4522 
0196       4522 
0197       4528 
0198       4531 
0199       4536 
0200       4537 
0201       4545 
0202       4556 
0203       4556 
0204       4557 
0205       4557 
0206       4546 
0207       4546 
0208       1 
0209       1 
0210       1 
0211       1 
0212       1 
0213       1 
0214       1 
0215       1 
0216       1 
0217       1 
0218       1 
0219       1 
0220       1 
0221       1 
0222       1 
0223       1 
0224       1 
0225       1 
0226       1 
0227       1 
0228       1 
0229       1 
0230       1 
0231       1 
0232       1 
0233       1 
0234       1 
0235       1 
0236       1 
0237       1 
0238       1 
0239       1 
0240       1 
0241       1 
0242       1 
0243       1 
0244       1 
0245       1 
0246       1 
0247       1 
0248       1 
0249       1 
0250       1 
0251       1 
0252       1 
0253       1 
0254       1 
0255       1 
0256       1 
0257       1 
0258       16329 
0259       16329 
0260       1 
0261       1 
0262       1 
0263       1 
0264       1 
0265       1 
0266       1 
0267       1 
0268       1 
0269       1 
0270       1 
0271       1 
0272       1 
0273       1 
0274       1 
0275       1 
0276       1 
0277       1 
0278       1 
0279       1 
0280       25885 
0281       25885 
0282       25885 
0283       26118 
0284       26177 
0285       26177 
0286       26177 
0287       1 
0288       1 
0289       1 
0290       1 
0291       1 
0292       1 
0293       1 
0294       1 
0295       1 
0296       1 
0297       1 
0298       1 
0299       1 
0300       1 
0301       1 
0302       1 
0303       1 
0304       1 
0305       1 
0306       1 
0307       1 
0308       1 
0309       1 
0310       1 
0311       1 
0312       1 
0313       1 
0314       1 
0315       1 
0316       1 
0317       1 
0318       1 
0319       1 
0320       1 
0321       1 
0322       1 
0323       1 
0324       1 
0325       1 
0326       1 
0327       1 
0328       1 
0329       1 
0330       1 
0331       1 
0332       1 
0333       1 
0334       1 
0335       1 
0336       1 
0337       1 
0338       1 
0339       1 
0340       1 
0341       1 
0342       1 
0343       1 
0344       1 
0345       1 
0346       1 
0347       1 
0348       1 
0349       1 
0350       1 
0351       1 
0352       1 
0353       1 
0354       1 
0355       1 
0356       1 
0357       1 
0358       1 
0359       1 
0360       1 
0361       1 
0362       1 
0363       1 
0364       1 
0365       1 
0366       1 
0367       1 
0368       1 
0369       1 
0370       1 
0371       1 
0372       1 
0373       1 
0374       1 
0375       1 
0376       1 
0377       1 
0378       1 
0379       1 
0380       1 
0381       1 
0382       1 
0383       1 
0384       1 
0385       1 
0386       1 
0387       1 
0388       1 
0389       1 
0390       1 
0391       1 
0392       1 
0393       1 
0394       1 
0395       1 
0396       1 
0397       1 
0398       1 
0399       1 
0400       1 
0401       1 
0402       1 
0403       1 
0404       1 
0405       1 
0406       1 
0407       1 
0408       1 
0409       1 
0410       1 
0411       1 
0412       1 
0413       1 
0414       1 
0415       1 
0416       1 
0417       1 
0418       1 
0419       1 
0420       1 
0421       1 
0422       1 
0423       1 
0424       1 
0425       1 
0426       1 
0427       1 
0428       1 
0429       1 
0430       1 
0431       1 
0432       1 
0433       1 
0434       1 
0435       1 
0436       1 
0437       1 
0438       1 
0439       1 
0440       1 
0441       1 
0442       1 
0443       1 
0444       1 
0445       1 
0446       1 
0447       1 
0448       1 
0449       1 
0450       1 
0451       1 
0452       1 
0453       1 
0454       1 
0455       1 
0456       1 
0457       1 
0458       1 
0459       1 
0460       1 
0461       1 
0462       1 
0463       1 
0464       1 
0465       1 
0466       1 
0467       1 
0468       1 
0469       1 
0470       1 
0471       1 
0472       1 
0473       1 
0474       1 
0475       1 
0476       1 
0477       9540 
0478       9540 
0479       7615 
0480       7615 
0481       7661 
0482       7661 
0483       1 
0484       1 
0485       1 
0486       8375 
0487       8375 
0488       8339 
0489       7835 
0490       7835 
0491       7835 
0492       9631 
0493       9665 
0494       9665 
0495       9665 
0496       1 
0497       1 
0498       1 
0499       1 
0500       1 
0501       1 
0502       7747 
0503       7747 
0504       1 
0505       1 
0506       1 
0507       8341 
0508       8404 
0509       8404 
0510       8418 
0511       11573 
0512       11573 
0513       7403 
0514       7366 
0515       7403 
0516       10011 
0517       10014 
0518       10038 
0519       10038 
0520       10038 
0521       10055 
0522       12268 
0523       12268 
0524       9703 
0525       9683 
0526       9703 
0527       11711 
0528       11711 
0529       7852 
0530       7817 
0531       7686 
0532       7682 
0533       7682 
0534       7827 
0535       7827 
0536       7584 
0537       7563 
0538       7584 
0539       7621 
0540       7740 
0541       7740 
0542       7732 
0543       7723 
0544       7665 
0545       7610 
0546       7575 
0547       7575 
0548       9532 
0549       9532 
0550       9477 
0551       9456 
0552       9437 
0553       9417 
0554       9396 
0555       9375 
0556       9362 
0557       9331 
0558       9284 
0559       9251 
0560       9237 
0561       9201 
0562       9149 
0563       9135 
0564       9099 
0565       9068 
0566       9068 
0567       9059 
0568       9110 
0569       9293 
0570       9293 
0571       9121 
0572       9121 
0573       8991 
0574       8991 
0575       8991 
0576       10622 
0577       10623 
0578       10623 
0579       8050 
0580       8050 
0581       8009 
0582       1 
0583       1 
0584       1 
0585       8591 
0586       8603 
0587       8603 
0588       8653 
0589       8691 
0590       8919 
0591       8988 
0592       9066 
0593       9066 
0594       9066 
0595       9053 
0596       9014 
0597       1 
0598       1 
0599       1 
0600       1 
0601       1 
0602       1 
0603       1 
0604       1 
0605       1 
0606       1 
0607       1 
0608       1 
0609       1 
0610       1 
0611       21066 
0612       21227 
0613       21362 
0614       21362 
0615       1 
0616       1 
0617       1 
0618       1 
0619       1 
0620       1 
0621       21687 
0622       21692 
0623       21692 
0624       21631 
0625       21384 
0626       21141 
0627       21027 
0628       20846 
0629       20688 
0630       20545 
0631       20416 
0632       20247 
0633       20101 
0634       19913 
0635       19776 
0636       19632 
0637       19485 
0638       19347 
0639       19234 
0640       19121 
0641       18945 
0642       18604 
0643       18450 
0644       18443 
0645       18421 
0646       18324 
0647       18262 
0648       18262 
0649       18267 
0650       18323 
0651       18366 
0652       18438 
0653       18504 
0654       18562 
0655       18589 
0656       18684 
0657       18743 
0658       18800 
0659       18826 
0660       18830 
0661       18856 
0662       18960 
0663       19089 
0664       19158 
0665       19226 
0666       19274 
0667       19341 
0668       19392 
0669       19477 
0670       19544 
0671       19624 
0672       19683 
0673       19757 
0674       19819 
0675       19888 
0676       19970 
0677       20058 
0678       20142 
0679       20142 
0680       20118 
0681       20002 
0682       19919 
0683       19838 
0684       19736 
0685       19628 
0686       19576 
0687       19508 
0688       19486 
0689       19428 
0690       1 
0691       1 
0692       1 
0693       1 
0694       1 
0695       1 
0696       1 
0697       1 
0698       1 
0699       1 
0700       1 
0701       1 
0702       1 
0703       1 
0704       1 
0705       1 
0706       1 
0707       1 
0708       1 
0709       1 
0710       1 
0711       1 
0712       20226 
0713       20226 
0714       1 
0715       1 
0716       1 
0717       1 
0718       1 
0719       17127 
0720       17127 
0721       17035 
0722       16969 
0723       16922 
0724       16868 
0725       16813 
0726       16748 
0727       16683 
0728       16627 
0729       16598 
0730       16528 
0731       16487 
0732       16448 
0733       16357 
0734       16307 
0735       16280 
0736       16280 
0737       16312 
0738       16326 
0739       16326 
0740       16286 
0741       16225 
0742       16170 
0743       16149 
0744       16098 
0745       16070 
0746       16021 
0747       15978 
0748       15909 
0749       15899 
0750       15844 
0751       15841 
0752       15761 
0753       15707 
0754       15445 
0755       1 
0756       1 
0757       1 
0758       1 
0759       1 
0760       1 
0761       1 
0762       1 
0763       1 
0764       1 
0765       1 
0766       1 
0767       1 
0768       1 
0769       1 
0770       1 
0771       1 
0772       1 
0773       1 
0774       1 
0775       1 
0776       1 
0777       1 
0778       1 
0779       1 
0780       1 
0781       1 
0782       1 
0783       1 
0784       1 
0785       1 
0786       1 
0787       1 
0788       1 
0789       1 
0790       1 
0791       1 
0792       1 
0793       1 
0794       1 
0795       1 
0796       1 
0797       1 
0798       1 
0799       1 
0800       1 
0801       1 
0802       1 
0803       1 
0804       1 
0805       1 
0806       1 
0807       1 
0808       1 
0809       1 
0810       1 
0811       1 
0812       1 
0813       1 
0814       1 
0815       1 
0816       1 
0817       1 
0818       1 
0819       1 
0820       1 
0821       1 
0822       1 
0823       1 
0824       1 
0825       1 
0826       1 
0827       1 
0828       1 
0829       1 
0830       1 
0831       1 
0832       1 
0833       1 
0834       1 
0835       1 
0836       1 
0837       1 
0838       1 
0839       1 
0840       1 
0841       1 
0842       1 
0843       1 
0844       1 
0845       1 
0846       1 
0847       1 
0848       1 
0849       1 
0850       1 
0851       1 
0852       1 
0853       1 
0854       1 
0855       1 
0856       1 
0857       1 
0858       1 
0859       1 
0860       1 
0861       1 
0862       1 
0863       1 
0864       1 
0865       1 
0866       1 
0867       1 
0868       1 
0869       1 
0870       1 
0871       1 
0872       1 
0873       1 
0874       1 
0875       1 
0876       1 
0877       1 
0878       1 
0879       1 
0880       1 
0881       1 
0882       1 
0883       1 
0884       1 
0885       1 
0886       1 
0887       1 
0888       1 
0889       1 
0890       1 
0891       1 
0892       1 
0893       1 
0894       1 
0895       1 
0896       1 
0897       1 
0898       1 
0899       1 
0900       1 
0901       1 
0902       1 
0903       1 
0904       1 
0905       1 
0906       1 
0907       1 
0908       1 
0909       1 
0910       1 
0911       1 
0912       1 
0913       1 
0914       1 
0915       1 
0916       1 
0917       1 
0918       1 
0919       1 
0920       1 
0921       1 
0922       1 
0923       1 
0924       1 
0925       1 
0926       1 
0927       1 
0928       1 
0929       1 
0930       1 
0931       1 
0932       1 
0933       1 
0934       1 
0935       1 
0936       1 
0937       1 
0938       1 
0939       1 
0940       1 
0941       1 
0942       1 
0943       1 
0944       1 
0945       1 
0946       1 
0947       1 
0948       1 
0949       1 
0950       1 
0951       1 
0952       1 
0953       1 
0954       1 
0955       1 
0956       1 
0957       1 
0958       1 
0959       1 
0960       1 
0961       1 
0962       1 
0963       1 
0964       1 
0965       1 
0966       1 
0967       1 
0968       1 
0969       1 
0970       1 
0971       1 
0972       1 
0973       1 
0974       1 
0975       1 
0976       1 
0977       1 
0978       1 
0979       1 
0980       1 
0981       1 
0982       1 
0983       1 
0984       1 
0985       1 
0986       1 
0987       1 
0988       1 
0989       1 
0990       1 
0991       1 
0992       1 
0993       1 
0994       1 
0995       1 
0996       1 
0997       1 
0998       1 
0999       1 
1000       1 
1001       1 
1002       1 
1003       1 
1004       1 
1005       1 
1006       1 
1007       1 
1008       4 
1009       4 
1010       42 
1011       54 
1012       42 
1013       42 
1014       54 
1015       54 
1016       53 
1017       53 
1018       45 
1019       45 
1020       53 
1021       55 
1022       56 
1023       74 
1024       74 
1025       74 
1026       74 
1027       73 
1028       63 
1029       56 
1030       54 
1031       54 
1032       56 
1033       56 
1034       60 
1035       64 
1036       70 
1037       70 
1038       70 
1039       68 
1040       67 
1041       64 
1042       63 
1043       64 
1044       66 
1045       66 
1046       69 
1047       69 
1048       69 
1049       66 
1050       63 
1051       63 
1052       57 
1053       57 
1054       64 
1055       64 
1056       64 
1057       66 
1058       66 
1059       64 
1060       64 
1061       64 
1062       64 
1063       71 
1064       71 
1065       71 
1066       70 
1067       68 
1068       68 
1069       70 
1070       72 
1071       73 
1072       76 
1073       76 
1074       73 
1075       76 
1076       70 
1077       67 
1078       70 
1079       67 
1297966705.423926
