0000       1 
0001       1 
0002       1 
0003       1 
0004       1 
0005       1 
0006       1 
0007       1 
0008       1 
0009       1 
0010       1 
0011       1 
0012       1 
0013       1 
0014       1 
0015       1 
0016       1 
0017       1 
0018       1 
0019       1 
0020       1 
0021       1 
0022       1 
0023       1 
0024       1 
0025       1 
0026       1 
0027       1 
0028       1 
0029       1 
0030       1 
0031       1 
0032       1 
0033       1 
0034       1 
0035       1 
0036       1 
0037       1 
0038       1 
0039       1 
0040       1 
0041       1 
0042       1 
0043       1 
0044       1 
0045       1 
0046       1 
0047       1 
0048       1 
0049       1 
0050       1 
0051       1 
0052       1 
0053       1 
0054       1 
0055       1 
0056       1 
0057       1 
0058       1 
0059       1 
0060       1 
0061       1 
0062       1 
0063       1 
0064       1 
0065       1 
0066       1 
0067       1 
0068       1 
0069       1 
0070       1 
0071       1 
0072       1 
0073       1 
0074       1 
0075       1 
0076       1 
0077       1 
0078       1 
0079       1 
0080       1 
0081       1 
0082       1 
0083       1 
0084       1 
0085       1 
0086       1 
0087       1 
0088       1 
0089       1 
0090       1 
0091       1 
0092       1 
0093       1 
0094       1 
0095       1 
0096       1 
0097       1 
0098       1 
0099       1 
0100       1 
0101       1 
0102       1 
0103       1 
0104       1 
0105       1 
0106       1 
0107       1 
0108       1 
0109       1 
0110       1 
0111       1 
0112       1 
0113       1 
0114       1 
0115       1 
0116       1 
0117       1 
0118       1 
0119       1 
0120       1 
0121       1 
0122       1 
0123       1 
0124       1 
0125       1 
0126       1 
0127       1 
0128       1 
0129       1 
0130       1 
0131       1 
0132       1 
0133       1 
0134       1 
0135       1 
0136       1 
0137       1 
0138       1 
0139       1 
0140       1 
0141       1 
0142       1 
0143       1 
0144       1 
0145       1 
0146       1 
0147       1 
0148       1 
0149       1 
0150       1 
0151       1 
0152       1 
0153       1 
0154       1 
0155       1 
0156       1 
0157       1 
0158       1 
0159       1 
0160       1 
0161       1 
0162       1 
0163       1 
0164       1 
0165       1 
0166       1 
0167       1 
0168       1 
0169       1 
0170       1 
0171       1 
0172       1 
0173       1 
0174       1 
0175       1 
0176       1 
0177       1 
0178       1 
0179       1 
0180       1 
0181       1 
0182       1 
0183       1 
0184       1 
0185       1 
0186       1 
0187       1 
0188       1 
0189       1 
0190       1 
0191       1 
0192       1 
0193       1 
0194       1 
0195       1 
0196       1 
0197       1 
0198       1 
0199       1 
0200       1 
0201       1 
0202       1 
0203       1 
0204       1 
0205       1 
0206       1 
0207       1 
0208       1 
0209       1 
0210       1 
0211       1 
0212       1 
0213       20251 
0214       20251 
0215       1 
0216       1 
0217       1 
0218       1 
0219       1 
0220       1 
0221       1 
0222       1 
0223       1 
0224       1 
0225       1 
0226       1 
0227       1 
0228       1 
0229       1 
0230       1 
0231       1 
0232       1 
0233       1 
0234       1 
0235       1 
0236       1 
0237       1 
0238       1 
0239       1 
0240       1 
0241       1 
0242       19140 
0243       19140 
0244       1 
0245       1 
0246       1 
0247       1 
0248       1 
0249       1 
0250       1 
0251       1 
0252       1 
0253       1 
0254       20073 
0255       20073 
0256       20073 
0257       1 
0258       1 
0259       1 
0260       1 
0261       1 
0262       1 
0263       1 
0264       1 
0265       1 
0266       1 
0267       1 
0268       1 
0269       1 
0270       1 
0271       1 
0272       1 
0273       1 
0274       1 
0275       1 
0276       1 
0277       1 
0278       1 
0279       1 
0280       1 
0281       1 
0282       1 
0283       1 
0284       1 
0285       1 
0286       1 
0287       1 
0288       1 
0289       1 
0290       1 
0291       1 
0292       1 
0293       1 
0294       1 
0295       1 
0296       1 
0297       1 
0298       1 
0299       1 
0300       1 
0301       1 
0302       1 
0303       1 
0304       1 
0305       1 
0306       1 
0307       1 
0308       1 
0309       1 
0310       1 
0311       1 
0312       1 
0313       1 
0314       1 
0315       1 
0316       1 
0317       1 
0318       1 
0319       1 
0320       1 
0321       17643 
0322       17643 
0323       17643 
0324       17482 
0325       17335 
0326       17200 
0327       17107 
0328       16979 
0329       16822 
0330       16725 
0331       16553 
0332       16445 
0333       16367 
0334       16226 
0335       16123 
0336       15989 
0337       15939 
0338       15783 
0339       15690 
0340       15588 
0341       15451 
0342       15357 
0343       15250 
0344       15129 
0345       15095 
0346       14963 
0347       14901 
0348       14771 
0349       14686 
0350       14604 
0351       14536 
0352       14439 
0353       14344 
0354       14258 
0355       14182 
0356       14081 
0357       13995 
0358       13934 
0359       13853 
0360       13732 
0361       13710 
0362       13605 
0363       13525 
0364       13469 
0365       13404 
0366       13340 
0367       13249 
0368       13189 
0369       13125 
0370       13042 
0371       12937 
0372       12807 
0373       12600 
0374       12537 
0375       12460 
0376       12387 
0377       12300 
0378       12276 
0379       12206 
0380       12153 
0381       12106 
0382       12042 
0383       12000 
0384       11956 
0385       11909 
0386       11909 
0387       11896 
0388       11905 
0389       11898 
0390       11898 
0391       11806 
0392       11789 
0393       11747 
0394       11700 
0395       11640 
0396       11607 
0397       11562 
0398       11500 
0399       11462 
0400       11399 
0401       11377 
0402       11304 
0403       11255 
0404       11243 
0405       11242 
0406       11168 
0407       11111 
0408       11083 
0409       11033 
0410       10986 
0411       10948 
0412       10913 
0413       10902 
0414       10833 
0415       10809 
0416       10770 
0417       10724 
0418       10699 
0419       10686 
0420       10644 
0421       10643 
0422       10583 
0423       10511 
0424       10482 
0425       10478 
0426       10455 
0427       10416 
0428       10391 
0429       10322 
0430       10322 
0431       10296 
0432       10250 
0433       10228 
0434       10196 
0435       10171 
0436       10147 
0437       10118 
0438       10118 
0439       10047 
0440       10040 
0441       9999 
0442       9958 
0443       9937 
0444       9903 
0445       9899 
0446       9867 
0447       9840 
0448       9809 
0449       9802 
0450       9747 
0451       9746 
0452       9707 
0453       9701 
0454       9666 
0455       9630 
0456       9618 
0457       9595 
0458       9568 
0459       9544 
0460       9518 
0461       9502 
0462       9486 
0463       9471 
0464       9452 
0465       9414 
0466       9413 
0467       9401 
0468       9376 
0469       9349 
0470       9335 
0471       9308 
0472       9297 
0473       9285 
0474       9240 
0475       9227 
0476       9203 
0477       9196 
0478       9164 
0479       9162 
0480       9153 
0481       9123 
0482       9119 
0483       9106 
0484       9094 
0485       9084 
0486       9053 
0487       9048 
0488       9034 
0489       9013 
0490       8998 
0491       8993 
0492       8968 
0493       8958 
0494       8939 
0495       8938 
0496       8927 
0497       8902 
0498       8899 
0499       8899 
0500       8874 
0501       8864 
0502       8860 
0503       8840 
0504       8830 
0505       8824 
0506       8814 
0507       8807 
0508       8799 
0509       8781 
0510       8776 
0511       8765 
0512       8758 
0513       8746 
0514       8738 
0515       8724 
0516       8719 
0517       8708 
0518       8707 
0519       8699 
0520       8695 
0521       8681 
0522       8679 
0523       8663 
0524       8659 
0525       8663 
0526       8659 
0527       8643 
0528       8637 
0529       8628 
0530       8621 
0531       8615 
0532       8615 
0533       8615 
0534       8590 
0535       8588 
0536       8588 
0537       8584 
0538       8574 
0539       8574 
0540       8569 
0541       8553 
0542       8554 
0543       8546 
0544       8554 
0545       8541 
0546       8552 
0547       8540 
0548       8547 
0549       8537 
0550       8543 
0551       8538 
0552       8543 
0553       8538 
0554       8514 
0555       8514 
0556       8520 
0557       8520 
0558       8535 
0559       8532 
0560       8532 
0561       8523 
0562       8518 
0563       8523 
0564       8546 
0565       8546 
0566       8536 
0567       8528 
0568       8528 
0569       8528 
0570       8548 
0571       8548 
0572       8539 
0573       8539 
0574       8545 
0575       8548 
0576       8552 
0577       8552 
0578       8551 
0579       8541 
0580       8551 
0581       8558 
0582       8559 
0583       8575 
0584       8578 
0585       8578 
0586       8587 
0587       8587 
0588       8589 
0589       8584 
0590       8591 
0591       8603 
0592       8611 
0593       8611 
0594       8611 
0595       8609 
0596       8622 
0597       8620 
0598       8622 
0599       8633 
0600       8638 
0601       8638 
0602       8638 
0603       8646 
0604       8656 
0605       8665 
0606       8665 
0607       8665 
0608       8676 
0609       8707 
0610       8708 
0611       8708 
0612       8715 
0613       8716 
0614       8727 
0615       8729 
0616       8758 
0617       8760 
0618       8770 
0619       8794 
0620       8812 
0621       8813 
0622       8819 
0623       8821 
0624       8821 
0625       8834 
0626       8863 
0627       8873 
0628       8894 
0629       8906 
0630       8912 
0631       8912 
0632       8912 
0633       8919 
0634       8949 
0635       8967 
0636       8979 
0637       8982 
0638       8982 
0639       9001 
0640       9018 
0641       9036 
0642       9036 
0643       9049 
0644       9062 
0645       9075 
0646       9075 
0647       9101 
0648       9103 
0649       9136 
0650       9142 
0651       9162 
0652       9184 
0653       9197 
0654       9219 
0655       9228 
0656       9236 
0657       9261 
0658       9268 
0659       9304 
0660       9305 
0661       9327 
0662       9358 
0663       9366 
0664       9372 
0665       9394 
0666       9413 
0667       9436 
0668       9454 
0669       9481 
0670       9486 
0671       9509 
0672       9526 
0673       9555 
0674       9572 
0675       9583 
0676       9609 
0677       9653 
0678       9663 
0679       9680 
0680       9702 
0681       9737 
0682       9755 
0683       9770 
0684       9821 
0685       9837 
0686       9855 
0687       9880 
0688       9928 
0689       9952 
0690       9982 
0691       10013 
0692       10024 
0693       10065 
0694       10066 
0695       10097 
0696       10123 
0697       10173 
0698       10192 
0699       10232 
0700       10259 
0701       10289 
0702       10302 
0703       10341 
0704       10341 
0705       10325 
0706       10325 
0707       10328 
0708       10333 
0709       10346 
0710       10353 
0711       10386 
0712       10418 
0713       10443 
0714       10495 
0715       10508 
0716       10528 
0717       10572 
0718       10611 
0719       10637 
0720       10684 
0721       10708 
0722       10745 
0723       10750 
0724       10806 
0725       10873 
0726       10873 
0727       7962 
0728       7962 
0729       7972 
0730       7996 
0731       8053 
0732       8062 
0733       8082 
0734       8127 
0735       8162 
0736       8202 
0737       8207 
0738       8238 
0739       8246 
0740       8238 
0741       8230 
0742       8222 
0743       8157 
0744       8097 
0745       8052 
0746       8041 
0747       8007 
0748       7972 
0749       7930 
0750       7875 
0751       7829 
0752       7827 
0753       7809 
0754       7781 
0755       7741 
0756       7710 
0757       7697 
0758       5815 
0759       5810 
0760       5800 
0761       5792 
0762       5753 
0763       5731 
0764       5688 
0765       5659 
0766       5609 
0767       5566 
0768       5563 
0769       5523 
0770       5469 
0771       5440 
0772       5430 
0773       5356 
0774       5327 
0775       5302 
0776       5274 
0777       5227 
0778       5175 
0779       5144 
0780       5085 
0781       5071 
0782       5013 
0783       5008 
0784       5008 
0785       5008 
0786       5021 
0787       5031 
0788       5056 
0789       5065 
0790       5108 
0791       5129 
0792       5175 
0793       5216 
0794       5259 
0795       5309 
0796       5350 
0797       5381 
0798       5423 
0799       5464 
0800       5501 
0801       5557 
0802       5594 
0803       5646 
0804       5757 
0805       5846 
0806       5919 
0807       5956 
0808       5999 
0809       6087 
0810       6180 
0811       6235 
0812       6271 
0813       6339 
0814       6401 
0815       6437 
0816       6491 
0817       6557 
0818       6621 
0819       6671 
0820       6733 
0821       6822 
0822       6877 
0823       6963 
0824       7013 
0825       7078 
0826       7136 
0827       7214 
0828       7279 
0829       7336 
0830       7392 
0831       7478 
0832       7524 
0833       7585 
0834       7668 
0835       7763 
0836       7819 
0837       7862 
0838       7891 
0839       7916 
0840       8021 
0841       8157 
0842       8291 
0843       8505 
0844       8655 
0845       8655 
0846       8635 
0847       8601 
0848       8601 
0849       8601 
0850       8605 
0851       8586 
0852       8560 
0853       8549 
0854       8549 
0855       8563 
0856       10188 
0857       10294 
0858       10398 
0859       10544 
0860       10766 
0861       10917 
0862       11043 
0863       11191 
0864       11367 
0865       11621 
0866       11800 
0867       12028 
0868       12220 
0869       12465 
0870       12690 
0871       12951 
0872       13161 
0873       13161 
0874       13161 
0875       1 
0876       1 
0877       1 
0878       1 
0879       15106 
0880       15106 
0881       15106 
0882       15106 
0883       22634 
0884       22634 
0885       22632 
0886       22603 
0887       22596 
0888       22573 
0889       22543 
0890       22533 
0891       22522 
0892       22503 
0893       22487 
0894       22487 
0895       22468 
0896       22468 
0897       22774 
0898       22774 
0899       22774 
0900       1 
0901       1 
0902       1 
0903       1 
0904       1 
0905       22687 
0906       22703 
0907       22689 
0908       22700 
0909       22695 
0910       22697 
0911       22695 
0912       22637 
0913       22376 
0914       22376 
0915       22406 
0916       22406 
0917       22386 
0918       22380 
0919       22375 
0920       22361 
0921       22361 
0922       22358 
0923       22371 
0924       22380 
0925       22391 
0926       22380 
0927       22391 
0928       26176 
0929       26176 
0930       26176 
0931       1 
0932       1 
0933       1 
0934       1 
0935       1 
0936       1 
0937       1 
0938       1 
0939       1 
0940       1 
0941       1 
0942       1 
0943       1 
0944       1 
0945       1 
0946       1 
0947       1 
0948       1 
0949       1 
0950       1 
0951       1 
0952       1 
0953       1 
0954       1 
0955       1 
0956       1 
0957       1 
0958       1 
0959       1 
0960       1 
0961       1 
0962       1 
0963       1 
0964       1 
0965       1 
0966       1 
0967       1 
0968       1 
0969       1 
0970       1 
0971       1 
0972       1 
0973       1 
0974       1 
0975       1 
0976       1 
0977       1 
0978       1 
0979       1 
0980       1 
0981       1 
0982       1 
0983       1 
0984       1 
0985       1 
0986       1 
0987       1 
0988       1 
0989       1 
0990       1 
0991       1 
0992       1 
0993       1 
0994       1 
0995       1 
0996       1 
0997       1 
0998       1 
0999       1 
1000       1 
1001       1 
1002       1 
1003       1 
1004       1 
1005       1 
1006       1 
1007       4 
1008       4 
1009       4 
1010       47 
1011       52 
1012       52 
1013       47 
1014       47 
1015       53 
1016       47 
1017       55 
1018       59 
1019       59 
1020       55 
1021       55 
1022       54 
1023       54 
1024       54 
1025       56 
1026       63 
1027       63 
1028       63 
1029       51 
1030       51 
1031       51 
1032       51 
1033       51 
1034       61 
1035       65 
1036       67 
1037       72 
1038       77 
1039       78 
1040       77 
1041       77 
1042       74 
1043       66 
1044       66 
1045       70 
1046       72 
1047       70 
1048       70 
1049       65 
1050       65 
1051       65 
1052       68 
1053       70 
1054       76 
1055       70 
1056       68 
1057       70 
1058       70 
1059       70 
1060       70 
1061       70 
1062       70 
1063       69 
1064       69 
1065       69 
1066       71 
1067       71 
1068       71 
1069       68 
1070       68 
1071       68 
1072       69 
1073       69 
1074       69 
1075       67 
1076       67 
1077       67 
1078       67 
1079       64 
1297966625.821565
