0000       1 
0001       1 
0002       1 
0003       1 
0004       1 
0005       1 
0006       1 
0007       1 
0008       1 
0009       1 
0010       1 
0011       1 
0012       1 
0013       1 
0014       1 
0015       1 
0016       1 
0017       1 
0018       1 
0019       1 
0020       1 
0021       1 
0022       1 
0023       1 
0024       1 
0025       1 
0026       1 
0027       1 
0028       1 
0029       1 
0030       1 
0031       1 
0032       1 
0033       1 
0034       1 
0035       1 
0036       1 
0037       1 
0038       1 
0039       1 
0040       1 
0041       1 
0042       1 
0043       1 
0044       1 
0045       1 
0046       1 
0047       1 
0048       1 
0049       1 
0050       1 
0051       1 
0052       1 
0053       1 
0054       1 
0055       1 
0056       1 
0057       1 
0058       1 
0059       1 
0060       1 
0061       1 
0062       1 
0063       1 
0064       1 
0065       1 
0066       1 
0067       1 
0068       1 
0069       1 
0070       1 
0071       1 
0072       1 
0073       1 
0074       1 
0075       1 
0076       1 
0077       1 
0078       1 
0079       1 
0080       1 
0081       1 
0082       1 
0083       1 
0084       1 
0085       1 
0086       1 
0087       1 
0088       1 
0089       1 
0090       1 
0091       1 
0092       1 
0093       1 
0094       1 
0095       1 
0096       1 
0097       1 
0098       1 
0099       1 
0100       1 
0101       1 
0102       1 
0103       1 
0104       1 
0105       1 
0106       1 
0107       1 
0108       1 
0109       1 
0110       1 
0111       1 
0112       1 
0113       1 
0114       1 
0115       1 
0116       1 
0117       1 
0118       1 
0119       1 
0120       1 
0121       1 
0122       1 
0123       1 
0124       1 
0125       1 
0126       1 
0127       1 
0128       1 
0129       1 
0130       1 
0131       1 
0132       1 
0133       1 
0134       1 
0135       1 
0136       1 
0137       1 
0138       1 
0139       1 
0140       1 
0141       1 
0142       1 
0143       1 
0144       26071 
0145       26071 
0146       26065 
0147       26034 
0148       26029 
0149       26029 
0150       26029 
0151       26024 
0152       26012 
0153       26014 
0154       25999 
0155       25884 
0156       25813 
0157       25792 
0158       25773 
0159       25773 
0160       25828 
0161       25828 
0162       1 
0163       1 
0164       1 
0165       1 
0166       1 
0167       1 
0168       1 
0169       1 
0170       1 
0171       1 
0172       25781 
0173       25781 
0174       25797 
0175       25797 
0176       25801 
0177       25801 
0178       25811 
0179       25811 
0180       25282 
0181       1 
0182       25282 
0183       25863 
0184       25863 
0185       1 
0186       1 
0187       1 
0188       25885 
0189       25972 
0190       26063 
0191       26089 
0192       26121 
0193       26126 
0194       26126 
0195       26155 
0196       26158 
0197       26217 
0198       26222 
0199       26222 
0200       26089 
0201       26058 
0202       26089 
0203       26104 
0204       26129 
0205       26141 
0206       26173 
0207       26173 
0208       26173 
0209       26207 
0210       26244 
0211       26290 
0212       26290 
0213       26331 
0214       26331 
0215       26383 
0216       26404 
0217       26482 
0218       26482 
0219       23588 
0220       1 
0221       1 
0222       1 
0223       1 
0224       1 
0225       1 
0226       1 
0227       1 
0228       1 
0229       1 
0230       1 
0231       1 
0232       19491 
0233       19535 
0234       19559 
0235       19586 
0236       19590 
0237       19646 
0238       19671 
0239       19712 
0240       19736 
0241       19743 
0242       19771 
0243       19819 
0244       19834 
0245       19895 
0246       19912 
0247       19930 
0248       19977 
0249       20007 
0250       20044 
0251       20075 
0252       20091 
0253       20144 
0254       20165 
0255       20197 
0256       20230 
0257       20286 
0258       20315 
0259       20379 
0260       20433 
0261       20436 
0262       20501 
0263       20597 
0264       20597 
0265       1 
0266       1 
0267       1 
0268       14573 
0269       14573 
0270       14492 
0271       14348 
0272       14265 
0273       14044 
0274       14039 
0275       13820 
0276       13711 
0277       13635 
0278       13423 
0279       13391 
0280       13235 
0281       13135 
0282       13074 
0283       12880 
0284       12826 
0285       12769 
0286       12576 
0287       12531 
0288       12445 
0289       12311 
0290       12264 
0291       12197 
0292       12097 
0293       11967 
0294       11948 
0295       11842 
0296       11702 
0297       11687 
0298       11623 
0299       11491 
0300       11412 
0301       11368 
0302       11261 
0303       11162 
0304       11120 
0305       11071 
0306       10987 
0307       10868 
0308       10860 
0309       10810 
0310       10732 
0311       10629 
0312       10601 
0313       10541 
0314       10483 
0315       10406 
0316       10333 
0317       10316 
0318       10245 
0319       10176 
0320       10075 
0321       10073 
0322       10024 
0323       9966 
0324       9918 
0325       9796 
0326       9786 
0327       9756 
0328       9703 
0329       9635 
0330       9560 
0331       9532 
0332       9499 
0333       9445 
0334       9421 
0335       9322 
0336       9286 
0337       9285 
0338       9234 
0339       9192 
0340       9141 
0341       9047 
0342       9039 
0343       9029 
0344       8981 
0345       8943 
0346       8881 
0347       8816 
0348       8804 
0349       8789 
0350       8745 
0351       8699 
0352       8680 
0353       8597 
0354       8567 
0355       8563 
0356       8518 
0357       8490 
0358       8462 
0359       8404 
0360       8332 
0361       8327 
0362       8327 
0363       8284 
0364       8252 
0365       8122 
0366       8062 
0367       8062 
0368       8122 
0369       8148 
0370       8232 
0371       8303 
0372       8350 
0373       8374 
0374       8419 
0375       8477 
0376       8536 
0377       8586 
0378       8636 
0379       8695 
0380       8731 
0381       8780 
0382       8839 
0383       8889 
0384       8954 
0385       8997 
0386       9047 
0387       9117 
0388       9162 
0389       9234 
0390       9278 
0391       9353 
0392       9411 
0393       9488 
0394       9547 
0395       9617 
0396       9692 
0397       9751 
0398       9822 
0399       9822 
0400       9818 
0401       9774 
0402       9767 
0403       9774 
0404       9767 
0405       9767 
0406       9751 
0407       9717 
0408       9711 
0409       9674 
0410       9654 
0411       9639 
0412       9629 
0413       9583 
0414       9555 
0415       9539 
0416       9532 
0417       9504 
0418       9477 
0419       9459 
0420       9452 
0421       9416 
0422       9403 
0423       9401 
0424       9373 
0425       9341 
0426       9331 
0427       9307 
0428       9298 
0429       9276 
0430       9250 
0431       9217 
0432       9199 
0433       9193 
0434       9188 
0435       9169 
0436       9158 
0437       9130 
0438       9121 
0439       9097 
0440       9094 
0441       9075 
0442       9063 
0443       9030 
0444       9008 
0445       9007 
0446       8979 
0447       8964 
0448       8964 
0449       8944 
0450       8933 
0451       8927 
0452       8907 
0453       8907 
0454       8902 
0455       8877 
0456       8858 
0457       8843 
0458       8843 
0459       8827 
0460       8829 
0461       8815 
0462       8780 
0463       8772 
0464       8772 
0465       8765 
0466       8751 
0467       8747 
0468       8746 
0469       8733 
0470       8723 
0471       8716 
0472       8713 
0473       8705 
0474       8693 
0475       8678 
0476       8667 
0477       8649 
0478       8657 
0479       8649 
0480       8627 
0481       8622 
0482       8621 
0483       8600 
0484       8600 
0485       8598 
0486       8599 
0487       8598 
0488       8590 
0489       8586 
0490       8559 
0491       8554 
0492       8549 
0493       8547 
0494       8544 
0495       8537 
0496       8523 
0497       8519 
0498       8506 
0499       8499 
0500       8505 
0501       8491 
0502       8505 
0503       8499 
0504       8506 
0505       8499 
0506       8494 
0507       8484 
0508       8481 
0509       8475 
0510       8474 
0511       8465 
0512       8465 
0513       8471 
0514       8471 
0515       8465 
0516       8465 
0517       8468 
0518       8468 
0519       8476 
0520       8457 
0521       8457 
0522       8441 
0523       8439 
0524       8397 
0525       5431 
0526       5431 
0527       5431 
0528       5442 
0529       5451 
0530       5452 
0531       5460 
0532       5462 
0533       5462 
0534       5459 
0535       5459 
0536       5461 
0537       5461 
0538       5453 
0539       5453 
0540       5453 
0541       5450 
0542       5464 
0543       5465 
0544       5478 
0545       5478 
0546       5478 
0547       5481 
0548       5481 
0549       5480 
0550       5480 
0551       5483 
0552       5483 
0553       5480 
0554       5478 
0555       5480 
0556       5483 
0557       5494 
0558       5496 
0559       5508 
0560       5514 
0561       5514 
0562       5519 
0563       5526 
0564       5528 
0565       5540 
0566       5540 
0567       5521 
0568       5521 
0569       5524 
0570       5555 
0571       5559 
0572       5564 
0573       5564 
0574       5564 
0575       5571 
0576       5584 
0577       5593 
0578       5605 
0579       5605 
0580       5599 
0581       5595 
0582       5595 
0583       5631 
0584       5635 
0585       5631 
0586       5644 
0587       5644 
0588       5661 
0589       5667 
0590       5676 
0591       5681 
0592       5683 
0593       5683 
0594       5683 
0595       5685 
0596       5709 
0597       5721 
0598       5721 
0599       5721 
0600       5740 
0601       5749 
0602       5763 
0603       5769 
0604       5779 
0605       5779 
0606       5779 
0607       5776 
0608       5776 
0609       5802 
0610       5829 
0611       5834 
0612       5836 
0613       5850 
0614       5868 
0615       5868 
0616       5875 
0617       5914 
0618       5917 
0619       5917 
0620       5920 
0621       5938 
0622       5958 
0623       5978 
0624       5979 
0625       5996 
0626       6009 
0627       6018 
0628       6038 
0629       6042 
0630       6042 
0631       6042 
0632       6044 
0633       6079 
0634       6107 
0635       6125 
0636       6145 
0637       6152 
0638       6154 
0639       6176 
0640       6184 
0641       6190 
0642       6191 
0643       6206 
0644       6233 
0645       6267 
0646       6273 
0647       6274 
0648       6312 
0649       6313 
0650       6346 
0651       6355 
0652       6361 
0653       6361 
0654       6384 
0655       6420 
0656       6424 
0657       6451 
0658       6489 
0659       6493 
0660       6503 
0661       6513 
0662       6524 
0663       6541 
0664       6546 
0665       6605 
0666       6617 
0667       6643 
0668       6675 
0669       6680 
0670       6698 
0671       6720 
0672       6724 
0673       6739 
0674       6773 
0675       6819 
0676       6831 
0677       6836 
0678       6886 
0679       6904 
0680       6938 
0681       6947 
0682       6960 
0683       6995 
0684       7025 
0685       7058 
0686       7084 
0687       7098 
0688       7135 
0689       7135 
0690       7135 
0691       7212 
0692       7236 
0693       7247 
0694       7288 
0695       7294 
0696       7337 
0697       7352 
0698       7352 
0699       7428 
0700       7439 
0701       7482 
0702       7523 
0703       7553 
0704       7576 
0705       7583 
0706       7623 
0707       7670 
0708       7710 
0709       7731 
0710       7761 
0711       7801 
0712       7804 
0713       7867 
0714       7920 
0715       7955 
0716       7989 
0717       8016 
0718       8062 
0719       8063 
0720       8162 
0721       8181 
0722       8215 
0723       8246 
0724       8291 
0725       8319 
0726       8375 
0727       8454 
0728       8480 
0729       8527 
0730       8558 
0731       8593 
0732       8650 
0733       8692 
0734       8759 
0735       8800 
0736       8802 
0737       8846 
0738       8947 
0739       8993 
0740       9022 
0741       9091 
0742       9098 
0743       15021 
0744       15135 
0745       15236 
0746       15326 
0747       15418 
0748       15545 
0749       15649 
0750       15775 
0751       15896 
0752       15986 
0753       16130 
0754       16250 
0755       16353 
0756       16541 
0757       16656 
0758       16756 
0759       16912 
0760       17028 
0761       17146 
0762       17307 
0763       17337 
0764       17427 
0765       17712 
0766       17865 
0767       17874 
0768       17874 
0769       17874 
0770       17907 
0771       18310 
0772       18400 
0773       18400 
0774       18321 
0775       18310 
0776       18241 
0777       18225 
0778       18156 
0779       18129 
0780       18089 
0781       18052 
0782       17997 
0783       17978 
0784       17939 
0785       17935 
0786       17866 
0787       17834 
0788       17818 
0789       17763 
0790       17734 
0791       17708 
0792       17698 
0793       17645 
0794       17629 
0795       17565 
0796       17561 
0797       17494 
0798       17480 
0799       17451 
0800       17417 
0801       17402 
0802       1 
0803       1 
0804       1 
0805       1 
0806       1 
0807       1 
0808       1 
0809       1 
0810       1 
0811       1 
0812       1 
0813       1 
0814       1 
0815       1 
0816       1 
0817       1 
0818       1 
0819       1 
0820       1 
0821       1 
0822       1 
0823       1 
0824       1 
0825       1 
0826       1 
0827       1 
0828       1 
0829       1 
0830       1 
0831       1 
0832       1 
0833       1 
0834       1 
0835       1 
0836       1 
0837       1 
0838       1 
0839       1 
0840       1 
0841       1 
0842       1 
0843       1 
0844       1 
0845       1 
0846       1 
0847       1 
0848       1 
0849       1 
0850       1 
0851       1 
0852       1 
0853       1 
0854       1 
0855       1 
0856       1 
0857       1 
0858       1 
0859       1 
0860       1 
0861       1 
0862       1 
0863       1 
0864       1 
0865       1 
0866       1 
0867       1 
0868       1 
0869       1 
0870       1 
0871       1 
0872       1 
0873       1 
0874       1 
0875       1 
0876       1 
0877       1 
0878       1 
0879       1 
0880       1 
0881       1 
0882       1 
0883       1 
0884       1 
0885       1 
0886       1 
0887       1 
0888       1 
0889       1 
0890       1 
0891       1 
0892       1 
0893       1 
0894       1 
0895       1 
0896       1 
0897       1 
0898       1 
0899       1 
0900       1 
0901       1 
0902       1 
0903       1 
0904       1 
0905       1 
0906       1 
0907       1 
0908       1 
0909       1 
0910       1 
0911       1 
0912       1 
0913       1 
0914       1 
0915       1 
0916       1 
0917       1 
0918       1 
0919       1 
0920       1 
0921       1 
0922       1 
0923       1 
0924       1 
0925       1 
0926       1 
0927       1 
0928       1 
0929       1 
0930       1 
0931       1 
0932       1 
0933       1 
0934       1 
0935       1 
0936       1 
0937       1 
0938       1 
0939       1 
0940       1 
0941       1 
0942       1 
0943       1 
0944       1 
0945       1 
0946       1 
0947       1 
0948       1 
0949       1 
0950       1 
0951       1 
0952       1 
0953       1 
0954       1 
0955       1 
0956       1 
0957       1 
0958       1 
0959       1 
0960       1 
0961       1 
0962       1 
0963       1 
0964       1 
0965       1 
0966       1 
0967       1 
0968       1 
0969       1 
0970       1 
0971       1 
0972       1 
0973       1 
0974       1 
0975       1 
0976       1 
0977       1 
0978       1 
0979       1 
0980       1 
0981       1 
0982       1 
0983       1 
0984       1 
0985       1 
0986       1 
0987       1 
0988       1 
0989       1 
0990       1 
0991       1 
0992       1 
0993       1 
0994       1 
0995       1 
0996       1 
0997       1 
0998       1 
0999       1 
1000       1 
1001       1 
1002       1 
1003       1 
1004       1 
1005       1 
1006       1 
1007       4 
1008       42 
1009       54 
1010       54 
1011       54 
1012       54 
1013       50 
1014       50 
1015       50 
1016       50 
1017       43 
1018       4 
1019       43 
1020       54 
1021       54 
1022       61 
1023       61 
1024       58 
1025       61 
1026       61 
1027       63 
1028       63 
1029       63 
1030       49 
1031       48 
1032       48 
1033       48 
1034       65 
1035       65 
1036       78 
1037       78 
1038       78 
1039       66 
1040       66 
1041       66 
1042       66 
1043       66 
1044       67 
1045       66 
1046       67 
1047       67 
1048       66 
1049       66 
1050       68 
1051       64 
1052       68 
1053       68 
1054       64 
1055       63 
1056       63 
1057       63 
1058       62 
1059       66 
1060       66 
1061       63 
1062       63 
1063       66 
1064       68 
1065       68 
1066       68 
1067       66 
1068       66 
1069       66 
1070       66 
1071       68 
1072       69 
1073       69 
1074       68 
1075       68 
1076       70 
1077       72 
1078       72 
1079       72 
1297966667.641268
