0000       1 
0001       1 
0002       1 
0003       1 
0004       1 
0005       1 
0006       1 
0007       1 
0008       1 
0009       1 
0010       1 
0011       1 
0012       1 
0013       1 
0014       1 
0015       1 
0016       1 
0017       1 
0018       1 
0019       1 
0020       1 
0021       1 
0022       1 
0023       1 
0024       1 
0025       1 
0026       1 
0027       1 
0028       1 
0029       1 
0030       1 
0031       1 
0032       1 
0033       1 
0034       1 
0035       1 
0036       1 
0037       1 
0038       1 
0039       1 
0040       1 
0041       1 
0042       1 
0043       1 
0044       1 
0045       1 
0046       1 
0047       1 
0048       1 
0049       1 
0050       1 
0051       1 
0052       1 
0053       1 
0054       1 
0055       1 
0056       1 
0057       1 
0058       1 
0059       1 
0060       1 
0061       1 
0062       1 
0063       1 
0064       1 
0065       1 
0066       1 
0067       1 
0068       1 
0069       1 
0070       1 
0071       1 
0072       1 
0073       1 
0074       1 
0075       1 
0076       1 
0077       1 
0078       1 
0079       1 
0080       1 
0081       1 
0082       1 
0083       1 
0084       1 
0085       1 
0086       1 
0087       1 
0088       1 
0089       1 
0090       1 
0091       1 
0092       1 
0093       1 
0094       1 
0095       1 
0096       1 
0097       1 
0098       1 
0099       1 
0100       1 
0101       1 
0102       1 
0103       1 
0104       1 
0105       1 
0106       1 
0107       1 
0108       1 
0109       1 
0110       1 
0111       1 
0112       1 
0113       1 
0114       1 
0115       1 
0116       1 
0117       1 
0118       1 
0119       1 
0120       1 
0121       1 
0122       1 
0123       1 
0124       1 
0125       1 
0126       1 
0127       1 
0128       1 
0129       1 
0130       24863 
0131       24863 
0132       24795 
0133       1 
0134       1 
0135       1 
0136       24660 
0137       24699 
0138       24660 
0139       1 
0140       1 
0141       1 
0142       24593 
0143       24601 
0144       24601 
0145       24583 
0146       24578 
0147       24573 
0148       24556 
0149       24520 
0150       24497 
0151       18766 
0152       18741 
0153       18741 
0154       18741 
0155       18722 
0156       18720 
0157       18712 
0158       18701 
0159       18697 
0160       18697 
0161       18694 
0162       18676 
0163       18676 
0164       18681 
0165       18681 
0166       18672 
0167       18653 
0168       18455 
0169       18431 
0170       18431 
0171       18437 
0172       18438 
0173       18450 
0174       18462 
0175       18571 
0176       18583 
0177       18586 
0178       18613 
0179       18613 
0180       18601 
0181       18601 
0182       18599 
0183       18592 
0184       18592 
0185       18600 
0186       18600 
0187       18589 
0188       18582 
0189       18580 
0190       18568 
0191       18505 
0192       18463 
0193       18459 
0194       18459 
0195       18468 
0196       18473 
0197       18492 
0198       18492 
0199       18504 
0200       18511 
0201       18511 
0202       18506 
0203       17923 
0204       1 
0205       1 
0206       17923 
0207       18550 
0208       18550 
0209       1 
0210       1 
0211       1 
0212       1 
0213       18624 
0214       18638 
0215       18709 
0216       20905 
0217       20937 
0218       20937 
0219       1 
0220       1 
0221       1 
0222       1 
0223       1 
0224       1 
0225       1 
0226       1 
0227       1 
0228       1 
0229       1 
0230       1 
0231       1 
0232       1 
0233       1 
0234       1 
0235       18959 
0236       18967 
0237       18994 
0238       19021 
0239       19047 
0240       19071 
0241       19071 
0242       1 
0243       1 
0244       1 
0245       19185 
0246       19198 
0247       19198 
0248       18752 
0249       18741 
0250       18752 
0251       19327 
0252       19328 
0253       19328 
0254       1 
0255       1 
0256       1 
0257       1 
0258       1 
0259       1 
0260       1 
0261       16661 
0262       16673 
0263       16661 
0264       16686 
0265       16710 
0266       16742 
0267       16763 
0268       16808 
0269       16826 
0270       16866 
0271       16890 
0272       16928 
0273       16937 
0274       16947 
0275       17012 
0276       17062 
0277       17062 
0278       16181 
0279       16036 
0280       16036 
0281       15881 
0282       15755 
0283       15566 
0284       15457 
0285       15209 
0286       15163 
0287       15000 
0288       14905 
0289       14769 
0290       14624 
0291       1 
0292       1 
0293       1 
0294       1 
0295       1 
0296       1 
0297       1 
0298       1 
0299       1 
0300       13327 
0301       13327 
0302       13327 
0303       13344 
0304       13366 
0305       13411 
0306       13445 
0307       13489 
0308       13514 
0309       13570 
0310       13597 
0311       13626 
0312       13668 
0313       13719 
0314       13761 
0315       13795 
0316       13817 
0317       13864 
0318       13906 
0319       13943 
0320       14019 
0321       14058 
0322       14092 
0323       14185 
0324       14224 
0325       14248 
0326       14300 
0327       14309 
0328       14337 
0329       14361 
0330       14361 
0331       14273 
0332       14273 
0333       14273 
0334       14246 
0335       14148 
0336       14079 
0337       14016 
0338       13892 
0339       13870 
0340       13761 
0341       13708 
0342       13609 
0343       13544 
0344       13492 
0345       13398 
0346       13355 
0347       13270 
0348       13237 
0349       13145 
0350       13071 
0351       13039 
0352       12933 
0353       12897 
0354       12831 
0355       12765 
0356       12723 
0357       12677 
0358       12614 
0359       12519 
0360       12473 
0361       12418 
0362       12364 
0363       12299 
0364       12274 
0365       12217 
0366       12161 
0367       12124 
0368       12053 
0369       12031 
0370       11988 
0371       11921 
0372       11892 
0373       11828 
0374       1 
0375       1 
0376       1 
0377       1 
0378       1 
0379       1 
0380       1 
0381       1 
0382       1 
0383       1 
0384       1 
0385       11289 
0386       11289 
0387       10978 
0388       10968 
0389       10968 
0390       10968 
0391       1 
0392       1 
0393       1 
0394       1 
0395       1 
0396       9176 
0397       9194 
0398       10749 
0399       10749 
0400       10696 
0401       9766 
0402       9604 
0403       9766 
0404       10544 
0405       10545 
0406       10544 
0407       10515 
0408       10493 
0409       10365 
0410       10013 
0411       9999 
0412       9956 
0413       9924 
0414       9885 
0415       9880 
0416       9844 
0417       7253 
0418       7252 
0419       7203 
0420       7175 
0421       7139 
0422       7139 
0423       7141 
0424       7150 
0425       7216 
0426       7284 
0427       7291 
0428       7291 
0429       7284 
0430       7260 
0431       7193 
0432       7133 
0433       7132 
0434       7119 
0435       7073 
0436       7052 
0437       7051 
0438       7020 
0439       7013 
0440       6975 
0441       6948 
0442       6948 
0443       6943 
0444       6936 
0445       6914 
0446       6898 
0447       6887 
0448       6871 
0449       6866 
0450       6824 
0451       6814 
0452       6809 
0453       6809 
0454       6799 
0455       6786 
0456       6760 
0457       6756 
0458       6746 
0459       6737 
0460       6725 
0461       6679 
0462       6679 
0463       6696 
0464       6696 
0465       6681 
0466       6653 
0467       6642 
0468       6639 
0469       6633 
0470       6627 
0471       6608 
0472       6569 
0473       6565 
0474       6565 
0475       6565 
0476       6565 
0477       6549 
0478       6549 
0479       6530 
0480       6522 
0481       6496 
0482       6494 
0483       6469 
0484       6464 
0485       6464 
0486       6464 
0487       6453 
0488       6449 
0489       6444 
0490       6438 
0491       6429 
0492       6424 
0493       6418 
0494       6405 
0495       6403 
0496       6387 
0497       6387 
0498       6391 
0499       6391 
0500       6387 
0501       6386 
0502       6375 
0503       6367 
0504       6366 
0505       6353 
0506       6342 
0507       6307 
0508       6307 
0509       6333 
0510       6333 
0511       6333 
0512       6328 
0513       6324 
0514       6323 
0515       6310 
0516       6309 
0517       6304 
0518       6300 
0519       6281 
0520       6276 
0521       6276 
0522       6285 
0523       6285 
0524       6271 
0525       6271 
0526       6272 
0527       6274 
0528       6274 
0529       6274 
0530       6270 
0531       6243 
0532       6243 
0533       6246 
0534       6257 
0535       6257 
0536       6257 
0537       6259 
0538       6265 
0539       6265 
0540       6253 
0541       6253 
0542       6251 
0543       6240 
0544       6232 
0545       6229 
0546       6229 
0547       6255 
0548       6261 
0549       6259 
0550       6259 
0551       6255 
0552       6255 
0553       6256 
0554       6256 
0555       6253 
0556       6240 
0557       6224 
0558       6224 
0559       6238 
0560       6253 
0561       6258 
0562       6274 
0563       6274 
0564       6259 
0565       6259 
0566       6264 
0567       6268 
0568       6268 
0569       6240 
0570       6240 
0571       6274 
0572       6288 
0573       6288 
0574       6295 
0575       6295 
0576       6294 
0577       6294 
0578       6303 
0579       6313 
0580       6313 
0581       6297 
0582       6297 
0583       6320 
0584       6346 
0585       6351 
0586       6351 
0587       6353 
0588       6360 
0589       6360 
0590       6362 
0591       6370 
0592       6362 
0593       6365 
0594       6365 
0595       6374 
0596       6396 
0597       6403 
0598       6404 
0599       6409 
0600       6414 
0601       6429 
0602       6448 
0603       6448 
0604       6438 
0605       6418 
0606       6418 
0607       6451 
0608       6474 
0609       6483 
0610       6501 
0611       6503 
0612       6507 
0613       6508 
0614       6527 
0615       6534 
0616       6534 
0617       6525 
0618       6525 
0619       6563 
0620       6566 
0621       6595 
0622       6599 
0623       6601 
0624       6611 
0625       6620 
0626       6629 
0627       6632 
0628       6632 
0629       6620 
0630       6613 
0631       6598 
0632       6598 
0633       9112 
0634       9140 
0635       9157 
0636       9178 
0637       9194 
0638       9210 
0639       9219 
0640       9257 
0641       9273 
0642       9288 
0643       9308 
0644       9308 
0645       9333 
0646       9336 
0647       9361 
0648       9396 
0649       9414 
0650       9436 
0651       9454 
0652       9454 
0653       9513 
0654       9514 
0655       9514 
0656       9567 
0657       9572 
0658       9598 
0659       9616 
0660       9632 
0661       9675 
0662       9706 
0663       9715 
0664       9734 
0665       9768 
0666       9808 
0667       9817 
0668       9853 
0669       9876 
0670       9910 
0671       9944 
0672       9977 
0673       9992 
0674       10007 
0675       10040 
0676       10070 
0677       10121 
0678       10128 
0679       10180 
0680       10191 
0681       10197 
0682       10265 
0683       10281 
0684       10302 
0685       10341 
0686       10376 
0687       10402 
0688       10439 
0689       10443 
0690       10488 
0691       10524 
0692       10569 
0693       10614 
0694       10652 
0695       10662 
0696       10719 
0697       10734 
0698       10781 
0699       10846 
0700       10869 
0701       10903 
0702       10925 
0703       10965 
0704       11004 
0705       11063 
0706       11067 
0707       11127 
0708       11186 
0709       11227 
0710       11270 
0711       11316 
0712       11337 
0713       11381 
0714       11455 
0715       11455 
0716       11401 
0717       11347 
0718       11266 
0719       11237 
0720       11229 
0721       11128 
0722       11120 
0723       11100 
0724       11058 
0725       10995 
0726       10954 
0727       10902 
0728       10851 
0729       10850 
0730       10798 
0731       10738 
0732       10696 
0733       10646 
0734       10603 
0735       10571 
0736       10535 
0737       10496 
0738       10461 
0739       10410 
0740       10392 
0741       10336 
0742       10315 
0743       10280 
0744       10241 
0745       10196 
0746       10173 
0747       10124 
0748       10077 
0749       10012 
0750       10000 
0751       9942 
0752       9865 
0753       9861 
0754       9828 
0755       9821 
0756       3450 
0757       3431 
0758       3431 
0759       3450 
0760       3458 
0761       3462 
0762       3469 
0763       3477 
0764       3484 
0765       3494 
0766       3523 
0767       3524 
0768       3538 
0769       3555 
0770       3560 
0771       3560 
0772       3589 
0773       3603 
0774       3610 
0775       3610 
0776       3610 
0777       3601 
0778       3478 
0779       3278 
0780       3057 
0781       3039 
0782       3026 
0783       3026 
0784       3033 
0785       3039 
0786       3051 
0787       3058 
0788       3062 
0789       3079 
0790       3094 
0791       3112 
0792       3121 
0793       3130 
0794       3150 
0795       3199 
0796       3204 
0797       3221 
0798       3225 
0799       3251 
0800       3265 
0801       3300 
0802       3315 
0803       3349 
0804       3370 
0805       3385 
0806       3424 
0807       3456 
0808       3471 
0809       3513 
0810       3536 
0811       3573 
0812       3601 
0813       3632 
0814       3680 
0815       3706 
0816       3756 
0817       3811 
0818       3883 
0819       3918 
0820       3954 
0821       4018 
0822       4101 
0823       4175 
0824       4248 
0825       4325 
0826       5958 
0827       5958 
0828       5958 
0829       5908 
0830       5895 
0831       5877 
0832       5860 
0833       5826 
0834       5815 
0835       5767 
0836       5732 
0837       5706 
0838       5703 
0839       5675 
0840       5647 
0841       5635 
0842       5624 
0843       5588 
0844       5564 
0845       5559 
0846       5517 
0847       5507 
0848       5480 
0849       5464 
0850       5445 
0851       5380 
0852       5374 
0853       5374 
0854       5374 
0855       5378 
0856       5406 
0857       5510 
0858       5604 
0859       5751 
0860       5903 
0861       6067 
0862       6215 
0863       6415 
0864       7544 
0865       7768 
0866       7979 
0867       8188 
0868       8449 
0869       8701 
0870       8955 
0871       9209 
0872       9209 
0873       9469 
0874       10121 
0875       10423 
0876       10773 
0877       11104 
0878       11595 
0879       11595 
0880       5650 
0881       1 
0882       1 
0883       5650 
0884       14814 
0885       14814 
0886       5358 
0887       5287 
0888       5287 
0889       5287 
0890       5260 
0891       5252 
0892       5243 
0893       5243 
0894       5224 
0895       5224 
0896       1 
0897       1 
0898       1 
0899       1 
0900       1 
0901       1 
0902       1 
0903       1 
0904       1 
0905       1 
0906       1 
0907       1 
0908       1 
0909       1 
0910       1 
0911       1 
0912       1 
0913       1 
0914       1 
0915       1 
0916       1 
0917       1 
0918       1 
0919       1 
0920       1 
0921       1 
0922       1 
0923       1 
0924       1 
0925       1 
0926       1 
0927       1 
0928       1 
0929       1 
0930       1 
0931       1 
0932       1 
0933       1 
0934       1 
0935       1 
0936       1 
0937       1 
0938       1 
0939       1 
0940       1 
0941       1 
0942       1 
0943       1 
0944       1 
0945       1 
0946       1 
0947       1 
0948       1 
0949       1 
0950       1 
0951       1 
0952       1 
0953       1 
0954       1 
0955       1 
0956       1 
0957       1 
0958       1 
0959       1 
0960       1 
0961       1 
0962       1 
0963       1 
0964       1 
0965       1 
0966       1 
0967       1 
0968       1 
0969       1 
0970       1 
0971       1 
0972       1 
0973       1 
0974       1 
0975       1 
0976       1 
0977       1 
0978       1 
0979       1 
0980       1 
0981       1 
0982       1 
0983       1 
0984       1 
0985       1 
0986       1 
0987       1 
0988       1 
0989       1 
0990       1 
0991       1 
0992       1 
0993       1 
0994       1 
0995       1 
0996       1 
0997       1 
0998       1 
0999       1 
1000       1 
1001       1 
1002       1 
1003       1 
1004       1 
1005       1 
1006       1 
1007       51 
1008       65 
1009       65 
1010       68 
1011       77 
1012       77 
1013       62 
1014       62 
1015       48 
1016       48 
1017       48 
1018       44 
1019       44 
1020       48 
1021       48 
1022       54 
1023       57 
1024       61 
1025       61 
1026       60 
1027       60 
1028       50 
1029       50 
1030       50 
1031       50 
1032       53 
1033       63 
1034       63 
1035       65 
1036       70 
1037       71 
1038       71 
1039       71 
1040       70 
1041       66 
1042       66 
1043       66 
1044       68 
1045       68 
1046       68 
1047       67 
1048       63 
1049       56 
1050       56 
1051       63 
1052       67 
1053       69 
1054       69 
1055       67 
1056       67 
1057       72 
1058       69 
1059       69 
1060       69 
1061       65 
1062       65 
1063       65 
1064       65 
1065       65 
1066       65 
1067       62 
1068       62 
1069       65 
1070       66 
1071       66 
1072       66 
1073       66 
1074       65 
1075       65 
1076       65 
1077       69 
1078       70 
1079       70 
1297966675.482872
