0000       1 
0001       1 
0002       1 
0003       1 
0004       1 
0005       1 
0006       1 
0007       1 
0008       1 
0009       1 
0010       1 
0011       1 
0012       1 
0013       1 
0014       1 
0015       1 
0016       1 
0017       1 
0018       1 
0019       1 
0020       1 
0021       1 
0022       1 
0023       1 
0024       1 
0025       1 
0026       1 
0027       1 
0028       1 
0029       1 
0030       1 
0031       1 
0032       1 
0033       1 
0034       1 
0035       1 
0036       1 
0037       1 
0038       1 
0039       1 
0040       1 
0041       1 
0042       1 
0043       1 
0044       1 
0045       1 
0046       1 
0047       1 
0048       1 
0049       1 
0050       1 
0051       1 
0052       1 
0053       1 
0054       1 
0055       1 
0056       1 
0057       1 
0058       1 
0059       1 
0060       1 
0061       1 
0062       1 
0063       1 
0064       1 
0065       1 
0066       1 
0067       1 
0068       1 
0069       1 
0070       1 
0071       1 
0072       1 
0073       1 
0074       1 
0075       1 
0076       1 
0077       1 
0078       1 
0079       1 
0080       1 
0081       1 
0082       1 
0083       1 
0084       1 
0085       1 
0086       1 
0087       1 
0088       1 
0089       1 
0090       1 
0091       1 
0092       1 
0093       1 
0094       1 
0095       1 
0096       1 
0097       1 
0098       1 
0099       1 
0100       1 
0101       1 
0102       1 
0103       1 
0104       1 
0105       1 
0106       1 
0107       1 
0108       1 
0109       1 
0110       1 
0111       1 
0112       1 
0113       1 
0114       1 
0115       1 
0116       1 
0117       1 
0118       1 
0119       1 
0120       1 
0121       1 
0122       1 
0123       1 
0124       1 
0125       1 
0126       1 
0127       1 
0128       1 
0129       1 
0130       1 
0131       1 
0132       1 
0133       1 
0134       1 
0135       1 
0136       1 
0137       1 
0138       1 
0139       1 
0140       1 
0141       1 
0142       1 
0143       1 
0144       1 
0145       1 
0146       1 
0147       1 
0148       1 
0149       1 
0150       1 
0151       1 
0152       1 
0153       1 
0154       1 
0155       1 
0156       1 
0157       1 
0158       1 
0159       1 
0160       1 
0161       1 
0162       1 
0163       1 
0164       1 
0165       1 
0166       1 
0167       1 
0168       1 
0169       1 
0170       1 
0171       1 
0172       1 
0173       1 
0174       1 
0175       1 
0176       1 
0177       1 
0178       1 
0179       1 
0180       1 
0181       1 
0182       1 
0183       1 
0184       1 
0185       1 
0186       1 
0187       1 
0188       1 
0189       1 
0190       1 
0191       1 
0192       1 
0193       1 
0194       1 
0195       1 
0196       1 
0197       1 
0198       1 
0199       1 
0200       1 
0201       1 
0202       1 
0203       1 
0204       1 
0205       1 
0206       1 
0207       1 
0208       1 
0209       1 
0210       1 
0211       1 
0212       1 
0213       1 
0214       1 
0215       1 
0216       1 
0217       1 
0218       1 
0219       1 
0220       1 
0221       1 
0222       1 
0223       1 
0224       1 
0225       1 
0226       1 
0227       1 
0228       1 
0229       1 
0230       1 
0231       1 
0232       1 
0233       1 
0234       1 
0235       1 
0236       1 
0237       1 
0238       1 
0239       1 
0240       1 
0241       1 
0242       1 
0243       1 
0244       1 
0245       1 
0246       1 
0247       1 
0248       1 
0249       1 
0250       1 
0251       1 
0252       1 
0253       1 
0254       1 
0255       1 
0256       1 
0257       1 
0258       1 
0259       1 
0260       1 
0261       1 
0262       1 
0263       1 
0264       1 
0265       14095 
0266       14095 
0267       1 
0268       1 
0269       1 
0270       1 
0271       1 
0272       1 
0273       1 
0274       13243 
0275       13243 
0276       13243 
0277       13141 
0278       13020 
0279       12899 
0280       12770 
0281       12716 
0282       12596 
0283       12480 
0284       12378 
0285       12313 
0286       12191 
0287       12105 
0288       12034 
0289       11915 
0290       11819 
0291       11719 
0292       11651 
0293       11610 
0294       11500 
0295       11436 
0296       11331 
0297       11248 
0298       11183 
0299       11085 
0300       11009 
0301       10939 
0302       10846 
0303       10792 
0304       10724 
0305       10621 
0306       10594 
0307       10481 
0308       10443 
0309       10365 
0310       10311 
0311       10235 
0312       10166 
0313       10138 
0314       10059 
0315       9988 
0316       9907 
0317       9904 
0318       9837 
0319       9771 
0320       9699 
0321       9667 
0322       9620 
0323       9574 
0324       9500 
0325       9444 
0326       9394 
0327       9344 
0328       9287 
0329       9240 
0330       9208 
0331       9181 
0332       9096 
0333       9050 
0334       9023 
0335       8963 
0336       8920 
0337       8912 
0338       8853 
0339       8783 
0340       8755 
0341       8706 
0342       8651 
0343       8640 
0344       8572 
0345       8552 
0346       8508 
0347       8483 
0348       8447 
0349       8373 
0350       8353 
0351       8337 
0352       8285 
0353       8241 
0354       8213 
0355       8169 
0356       8159 
0357       8124 
0358       8087 
0359       8040 
0360       7991 
0361       7978 
0362       7969 
0363       7919 
0364       7882 
0365       7860 
0366       7815 
0367       7811 
0368       7754 
0369       7735 
0370       7707 
0371       7672 
0372       7638 
0373       7596 
0374       7579 
0375       7545 
0376       7540 
0377       7517 
0378       7510 
0379       7458 
0380       7424 
0381       7423 
0382       7403 
0383       7371 
0384       7341 
0385       7317 
0386       7312 
0387       7289 
0388       7281 
0389       7215 
0390       7215 
0391       7203 
0392       7156 
0393       7145 
0394       7121 
0395       7101 
0396       7059 
0397       7058 
0398       7030 
0399       7010 
0400       6990 
0401       6968 
0402       6950 
0403       6921 
0404       6893 
0405       6886 
0406       6875 
0407       6864 
0408       6854 
0409       6814 
0410       6804 
0411       6784 
0412       6783 
0413       6757 
0414       6713 
0415       6708 
0416       6703 
0417       6691 
0418       6687 
0419       6685 
0420       6645 
0421       6635 
0422       6619 
0423       6603 
0424       6586 
0425       6585 
0426       6572 
0427       6561 
0428       6556 
0429       6537 
0430       6530 
0431       6516 
0432       6490 
0433       6488 
0434       6484 
0435       6464 
0436       6433 
0437       6429 
0438       6425 
0439       6403 
0440       6395 
0441       6385 
0442       6360 
0443       6356 
0444       6351 
0445       6336 
0446       6326 
0447       6316 
0448       6302 
0449       6293 
0450       6287 
0451       6269 
0452       6253 
0453       6239 
0454       6239 
0455       6234 
0456       6223 
0457       6218 
0458       6201 
0459       6185 
0460       6179 
0461       6170 
0462       6169 
0463       6162 
0464       6157 
0465       6153 
0466       6133 
0467       6129 
0468       6129 
0469       6112 
0470       6111 
0471       6103 
0472       6091 
0473       6081 
0474       6077 
0475       6064 
0476       6064 
0477       6064 
0478       6055 
0479       6049 
0480       6048 
0481       6047 
0482       6042 
0483       6018 
0484       6018 
0485       6011 
0486       6019 
0487       6011 
0488       6000 
0489       5995 
0490       5995 
0491       5995 
0492       5988 
0493       5988 
0494       5982 
0495       5964 
0496       5964 
0497       5968 
0498       5968 
0499       5968 
0500       5959 
0501       5947 
0502       5947 
0503       5943 
0504       5943 
0505       5942 
0506       5942 
0507       5944 
0508       5944 
0509       5935 
0510       5925 
0511       5925 
0512       5928 
0513       5928 
0514       5926 
0515       5926 
0516       5929 
0517       5929 
0518       5921 
0519       5920 
0520       5901 
0521       5901 
0522       5900 
0523       5900 
0524       5915 
0525       5915 
0526       5914 
0527       5906 
0528       5897 
0529       5906 
0530       5912 
0531       5916 
0532       5916 
0533       5914 
0534       5914 
0535       5914 
0536       5913 
0537       5907 
0538       5900 
0539       5900 
0540       5922 
0541       5922 
0542       5922 
0543       5914 
0544       5914 
0545       5914 
0546       5917 
0547       5933 
0548       5933 
0549       5930 
0550       5921 
0551       5921 
0552       5921 
0553       5921 
0554       5921 
0555       5937 
0556       5928 
0557       5936 
0558       5936 
0559       5937 
0560       5947 
0561       5961 
0562       5961 
0563       5962 
0564       5963 
0565       5966 
0566       5978 
0567       5978 
0568       5981 
0569       5970 
0570       5981 
0571       5993 
0572       5993 
0573       5993 
0574       6001 
0575       6004 
0576       6008 
0577       6015 
0578       6022 
0579       6022 
0580       6038 
0581       6041 
0582       6046 
0583       6047 
0584       6058 
0585       6071 
0586       6071 
0587       6072 
0588       6092 
0589       6098 
0590       6099 
0591       6112 
0592       6116 
0593       6119 
0594       6124 
0595       6135 
0596       6136 
0597       6142 
0598       6142 
0599       6167 
0600       6198 
0601       6198 
0602       6191 
0603       6191 
0604       6200 
0605       6217 
0606       6233 
0607       6235 
0608       6238 
0609       6253 
0610       6257 
0611       6274 
0612       6289 
0613       6308 
0614       6309 
0615       6327 
0616       6332 
0617       6335 
0618       6365 
0619       6378 
0620       6390 
0621       6403 
0622       6404 
0623       6409 
0624       6442 
0625       6443 
0626       6457 
0627       6473 
0628       6474 
0629       6490 
0630       6507 
0631       6526 
0632       6528 
0633       6529 
0634       6555 
0635       6565 
0636       6596 
0637       6601 
0638       6610 
0639       6613 
0640       6648 
0641       6669 
0642       6684 
0643       6689 
0644       6702 
0645       6718 
0646       6760 
0647       6763 
0648       6782 
0649       6783 
0650       6821 
0651       6844 
0652       6847 
0653       6861 
0654       6867 
0655       6899 
0656       6901 
0657       6933 
0658       6944 
0659       6985 
0660       6999 
0661       7001 
0662       7030 
0663       7054 
0664       7059 
0665       7094 
0666       7110 
0667       7125 
0668       7147 
0669       7151 
0670       7192 
0671       7206 
0672       7240 
0673       7266 
0674       7286 
0675       7305 
0676       7331 
0677       7348 
0678       7378 
0679       7389 
0680       7427 
0681       7454 
0682       7470 
0683       7494 
0684       7520 
0685       7539 
0686       7546 
0687       7546 
0688       7527 
0689       7425 
0690       7425 
0691       7462 
0692       7470 
0693       7485 
0694       7493 
0695       7546 
0696       11584 
0697       11628 
0698       11688 
0699       11728 
0700       11785 
0701       11824 
0702       11885 
0703       11917 
0704       11955 
0705       11990 
0706       12059 
0707       12113 
0708       12128 
0709       12202 
0710       12256 
0711       12283 
0712       12346 
0713       12391 
0714       12480 
0715       12539 
0716       12570 
0717       12645 
0718       12672 
0719       12705 
0720       12761 
0721       12852 
0722       12894 
0723       12929 
0724       13014 
0725       13077 
0726       13157 
0727       13203 
0728       13225 
0729       13327 
0730       13347 
0731       13452 
0732       13506 
0733       13540 
0734       13638 
0735       13728 
0736       13781 
0737       13781 
0738       13873 
0739       14011 
0740       14071 
0741       14135 
0742       14236 
0743       14277 
0744       14277 
0745       14382 
0746       14557 
0747       14557 
0748       1 
0749       1 
0750       1 
0751       1 
0752       1 
0753       11232 
0754       11344 
0755       11468 
0756       11495 
0757       11586 
0758       11644 
0759       11687 
0760       15919 
0761       15919 
0762       16048 
0763       16478 
0764       16544 
0765       16622 
0766       16622 
0767       16767 
0768       17054 
0769       17054 
0770       17054 
0771       1 
0772       1 
0773       1 
0774       1 
0775       1 
0776       1 
0777       1 
0778       1 
0779       1 
0780       1 
0781       1 
0782       1 
0783       1 
0784       1 
0785       1 
0786       1 
0787       1 
0788       1 
0789       1 
0790       1 
0791       1 
0792       1 
0793       1 
0794       1 
0795       1 
0796       1 
0797       1 
0798       1 
0799       1 
0800       1 
0801       1 
0802       1 
0803       1 
0804       1 
0805       1 
0806       1 
0807       1 
0808       1 
0809       1 
0810       1 
0811       1 
0812       1 
0813       1 
0814       1 
0815       1 
0816       1 
0817       1 
0818       1 
0819       1 
0820       1 
0821       1 
0822       1 
0823       1 
0824       1 
0825       1 
0826       13833 
0827       13833 
0828       13820 
0829       13810 
0830       13776 
0831       13774 
0832       13744 
0833       13735 
0834       13735 
0835       13725 
0836       13603 
0837       13603 
0838       13619 
0839       13646 
0840       13646 
0841       13570 
0842       13609 
0843       13609 
0844       13609 
0845       13544 
0846       1 
0847       1 
0848       1 
0849       1 
0850       1 
0851       1 
0852       1 
0853       1 
0854       1 
0855       1 
0856       1 
0857       1 
0858       1 
0859       1 
0860       1 
0861       1 
0862       1 
0863       1 
0864       1 
0865       1 
0866       1 
0867       1 
0868       11191 
0869       13523 
0870       13523 
0871       1 
0872       1 
0873       1 
0874       1 
0875       1 
0876       9469 
0877       9693 
0878       9715 
0879       9715 
0880       9693 
0881       9685 
0882       9685 
0883       9663 
0884       1 
0885       1 
0886       1 
0887       1 
0888       1 
0889       1 
0890       1 
0891       1 
0892       1 
0893       1 
0894       1 
0895       1 
0896       1 
0897       1 
0898       1 
0899       1 
0900       1 
0901       1 
0902       1 
0903       1 
0904       1 
0905       1 
0906       1 
0907       1 
0908       1 
0909       1 
0910       1 
0911       1 
0912       1 
0913       1 
0914       1 
0915       1 
0916       1 
0917       1 
0918       1 
0919       1 
0920       1 
0921       1 
0922       1 
0923       1 
0924       1 
0925       1 
0926       1 
0927       1 
0928       1 
0929       1 
0930       1 
0931       1 
0932       1 
0933       1 
0934       1 
0935       1 
0936       1 
0937       1 
0938       1 
0939       1 
0940       1 
0941       1 
0942       1 
0943       1 
0944       1 
0945       1 
0946       1 
0947       1 
0948       1 
0949       1 
0950       1 
0951       1 
0952       1 
0953       1 
0954       1 
0955       1 
0956       1 
0957       1 
0958       1 
0959       1 
0960       1 
0961       1 
0962       1 
0963       1 
0964       1 
0965       1 
0966       1 
0967       1 
0968       1 
0969       1 
0970       1 
0971       1 
0972       1 
0973       1 
0974       1 
0975       1 
0976       1 
0977       1 
0978       1 
0979       1 
0980       1 
0981       1 
0982       1 
0983       1 
0984       1 
0985       1 
0986       1 
0987       1 
0988       1 
0989       1 
0990       1 
0991       1 
0992       1 
0993       1 
0994       1 
0995       1 
0996       1 
0997       1 
0998       1 
0999       1 
1000       1 
1001       1 
1002       1 
1003       1 
1004       1 
1005       1 
1006       1 
1007       4 
1008       61 
1009       67 
1010       70 
1011       67 
1012       67 
1013       58 
1014       53 
1015       50 
1016       53 
1017       58 
1018       73 
1019       73 
1020       73 
1021       60 
1022       54 
1023       50 
1024       49 
1025       49 
1026       49 
1027       49 
1028       58 
1029       58 
1030       58 
1031       56 
1032       56 
1033       56 
1034       60 
1035       66 
1036       75 
1037       75 
1038       75 
1039       72 
1040       69 
1041       67 
1042       67 
1043       67 
1044       67 
1045       67 
1046       64 
1047       64 
1048       64 
1049       65 
1050       65 
1051       65 
1052       65 
1053       67 
1054       67 
1055       67 
1056       67 
1057       67 
1058       66 
1059       65 
1060       64 
1061       58 
1062       63 
1063       58 
1064       63 
1065       63 
1066       64 
1067       65 
1068       65 
1069       65 
1070       63 
1071       63 
1072       63 
1073       64 
1074       70 
1075       73 
1076       73 
1077       70 
1078       66 
1079       62 
1297966645.770245
