0000       1 
0001       1 
0002       1 
0003       1 
0004       1 
0005       1 
0006       1 
0007       1 
0008       1 
0009       1 
0010       1 
0011       1 
0012       1 
0013       1 
0014       1 
0015       1 
0016       1 
0017       1 
0018       1 
0019       1 
0020       1 
0021       1 
0022       1 
0023       1 
0024       1 
0025       1 
0026       1 
0027       1 
0028       1 
0029       1 
0030       1 
0031       1 
0032       1 
0033       1 
0034       1 
0035       1 
0036       1 
0037       1 
0038       1 
0039       1 
0040       1 
0041       1 
0042       1 
0043       1 
0044       1 
0045       1 
0046       1 
0047       1 
0048       1 
0049       1 
0050       1 
0051       1 
0052       1 
0053       1 
0054       1 
0055       1 
0056       1 
0057       1 
0058       1 
0059       1 
0060       1 
0061       1 
0062       1 
0063       1 
0064       1 
0065       1 
0066       1 
0067       1 
0068       1 
0069       1 
0070       1 
0071       1 
0072       1 
0073       1 
0074       1 
0075       1 
0076       1 
0077       1 
0078       1 
0079       1 
0080       1 
0081       1 
0082       1 
0083       1 
0084       1 
0085       1 
0086       1 
0087       1 
0088       1 
0089       1 
0090       1 
0091       1 
0092       1 
0093       1 
0094       1 
0095       1 
0096       1 
0097       1 
0098       1 
0099       1 
0100       1 
0101       1 
0102       1 
0103       1 
0104       1 
0105       1 
0106       1 
0107       1 
0108       1 
0109       1 
0110       1 
0111       1 
0112       1 
0113       1 
0114       1 
0115       1 
0116       1 
0117       1 
0118       1 
0119       1 
0120       1 
0121       1 
0122       1 
0123       1 
0124       1 
0125       1 
0126       1 
0127       1 
0128       1 
0129       1 
0130       1 
0131       1 
0132       1 
0133       1 
0134       1 
0135       1 
0136       1 
0137       1 
0138       1 
0139       1 
0140       1 
0141       1 
0142       1 
0143       1 
0144       1 
0145       1 
0146       1 
0147       1 
0148       1 
0149       1 
0150       1 
0151       1 
0152       1 
0153       1 
0154       1 
0155       1 
0156       1 
0157       1 
0158       1 
0159       1 
0160       1 
0161       1 
0162       1 
0163       1 
0164       1 
0165       1 
0166       1 
0167       1 
0168       1 
0169       1 
0170       1 
0171       1 
0172       1 
0173       1 
0174       1 
0175       1 
0176       1 
0177       1 
0178       1 
0179       1 
0180       1 
0181       1 
0182       1 
0183       1 
0184       1 
0185       1 
0186       1 
0187       1 
0188       1 
0189       1 
0190       1 
0191       1 
0192       1 
0193       1 
0194       1 
0195       1 
0196       1 
0197       1 
0198       1 
0199       1 
0200       1 
0201       1 
0202       1 
0203       1 
0204       1 
0205       1 
0206       1 
0207       1 
0208       1 
0209       1 
0210       1 
0211       1 
0212       1 
0213       1 
0214       1 
0215       1 
0216       1 
0217       1 
0218       1 
0219       1 
0220       1 
0221       1 
0222       1 
0223       1 
0224       1 
0225       1 
0226       1 
0227       1 
0228       1 
0229       1 
0230       1 
0231       1 
0232       1 
0233       1 
0234       1 
0235       1 
0236       1 
0237       1 
0238       1 
0239       1 
0240       1 
0241       1 
0242       1 
0243       1 
0244       1 
0245       1 
0246       1 
0247       1 
0248       1 
0249       19184 
0250       19184 
0251       19184 
0252       18966 
0253       1 
0254       1 
0255       1 
0256       1 
0257       1 
0258       1 
0259       1 
0260       1 
0261       1 
0262       1 
0263       1 
0264       1 
0265       1 
0266       1 
0267       1 
0268       1 
0269       1 
0270       1 
0271       1 
0272       1 
0273       1 
0274       1 
0275       1 
0276       1 
0277       1 
0278       1 
0279       1 
0280       1 
0281       29452 
0282       29452 
0283       1 
0284       1 
0285       1 
0286       1 
0287       1 
0288       1 
0289       1 
0290       1 
0291       1 
0292       1 
0293       1 
0294       1 
0295       1 
0296       1 
0297       1 
0298       1 
0299       1 
0300       1 
0301       1 
0302       1 
0303       1 
0304       1 
0305       1 
0306       1 
0307       1 
0308       1 
0309       1 
0310       1 
0311       1 
0312       1 
0313       1 
0314       1 
0315       1 
0316       1 
0317       1 
0318       1 
0319       1 
0320       1 
0321       1 
0322       1 
0323       1 
0324       1 
0325       1 
0326       1 
0327       1 
0328       1 
0329       1 
0330       1 
0331       1 
0332       17620 
0333       17620 
0334       17469 
0335       17053 
0336       16945 
0337       16945 
0338       16945 
0339       16800 
0340       16703 
0341       16522 
0342       16426 
0343       16296 
0344       16186 
0345       16084 
0346       15956 
0347       15884 
0348       15769 
0349       15678 
0350       15539 
0351       15399 
0352       15332 
0353       15247 
0354       15114 
0355       15026 
0356       14931 
0357       14861 
0358       14733 
0359       14672 
0360       14576 
0361       14469 
0362       14421 
0363       14314 
0364       14208 
0365       14143 
0366       14060 
0367       13976 
0368       13886 
0369       13814 
0370       13717 
0371       13691 
0372       13574 
0373       13481 
0374       13445 
0375       13353 
0376       13279 
0377       13236 
0378       13147 
0379       13089 
0380       13008 
0381       12837 
0382       12681 
0383       12570 
0384       12469 
0385       12413 
0386       12369 
0387       12288 
0388       12248 
0389       12209 
0390       12127 
0391       12050 
0392       12027 
0393       11965 
0394       11916 
0395       11905 
0396       11905 
0397       11896 
0398       11883 
0399       11866 
0400       11844 
0401       11792 
0402       11744 
0403       11721 
0404       11649 
0405       11630 
0406       11582 
0407       11532 
0408       11483 
0409       11441 
0410       11381 
0411       11353 
0412       11328 
0413       11285 
0414       11217 
0415       11124 
0416       11123 
0417       11098 
0418       11032 
0419       11029 
0420       10987 
0421       10950 
0422       10908 
0423       10880 
0424       10827 
0425       10796 
0426       10777 
0427       10730 
0428       10674 
0429       10644 
0430       10619 
0431       10577 
0432       10540 
0433       10526 
0434       10464 
0435       10440 
0436       10426 
0437       10382 
0438       10365 
0439       10352 
0440       10286 
0441       10265 
0442       10213 
0443       10194 
0444       10180 
0445       10148 
0446       10134 
0447       10087 
0448       10068 
0449       10051 
0450       9988 
0451       9987 
0452       9955 
0453       9945 
0454       9901 
0455       9877 
0456       9851 
0457       9810 
0458       9768 
0459       9767 
0460       9745 
0461       9724 
0462       9691 
0463       9663 
0464       9631 
0465       9623 
0466       9595 
0467       9582 
0468       9579 
0469       9526 
0470       9500 
0471       9485 
0472       9473 
0473       9447 
0474       9431 
0475       9398 
0476       9367 
0477       9367 
0478       9367 
0479       9318 
0480       9284 
0481       9274 
0482       9255 
0483       9248 
0484       9235 
0485       9218 
0486       9196 
0487       9168 
0488       9150 
0489       9148 
0490       9135 
0491       9118 
0492       9093 
0493       9068 
0494       9066 
0495       9060 
0496       9036 
0497       9017 
0498       9006 
0499       8996 
0500       8964 
0501       8949 
0502       8939 
0503       8928 
0504       8919 
0505       8911 
0506       8895 
0507       8893 
0508       8881 
0509       8849 
0510       8841 
0511       8821 
0512       8821 
0513       8816 
0514       8817 
0515       8792 
0516       8792 
0517       8770 
0518       8770 
0519       8762 
0520       8742 
0521       8734 
0522       8738 
0523       8724 
0524       8711 
0525       8698 
0526       8698 
0527       8695 
0528       8695 
0529       8665 
0530       8665 
0531       8665 
0532       8663 
0533       8655 
0534       8634 
0535       8619 
0536       8611 
0537       8611 
0538       8611 
0539       8596 
0540       8591 
0541       8583 
0542       8576 
0543       8570 
0544       8559 
0545       8566 
0546       8565 
0547       8565 
0548       8564 
0549       8543 
0550       8538 
0551       8538 
0552       8538 
0553       8535 
0554       8533 
0555       8526 
0556       8526 
0557       8526 
0558       8525 
0559       8517 
0560       8504 
0561       8501 
0562       8496 
0563       8496 
0564       8504 
0565       8504 
0566       8496 
0567       8488 
0568       8488 
0569       8513 
0570       8513 
0571       8506 
0572       8494 
0573       8494 
0574       8494 
0575       8511 
0576       8516 
0577       8516 
0578       8516 
0579       8519 
0580       8521 
0581       8521 
0582       8521 
0583       8521 
0584       8532 
0585       8532 
0586       8530 
0587       8530 
0588       8516 
0589       8530 
0590       8537 
0591       8537 
0592       8539 
0593       8547 
0594       8562 
0595       8563 
0596       8563 
0597       8568 
0598       8569 
0599       8573 
0600       8573 
0601       8578 
0602       8583 
0603       8584 
0604       8586 
0605       8619 
0606       8619 
0607       8625 
0608       8631 
0609       8631 
0610       8620 
0611       8620 
0612       8630 
0613       8645 
0614       8654 
0615       8661 
0616       8666 
0617       8661 
0618       8651 
0619       8651 
0620       8668 
0621       8691 
0622       8716 
0623       8720 
0624       8719 
0625       8720 
0626       8726 
0627       8728 
0628       8751 
0629       8755 
0630       8777 
0631       8786 
0632       8802 
0633       8807 
0634       8815 
0635       8832 
0636       8835 
0637       8847 
0638       8866 
0639       8870 
0640       8871 
0641       8892 
0642       8893 
0643       8915 
0644       8922 
0645       8922 
0646       8923 
0647       8955 
0648       8963 
0649       8965 
0650       8984 
0651       8996 
0652       9012 
0653       9022 
0654       9027 
0655       9040 
0656       9066 
0657       9082 
0658       9097 
0659       9110 
0660       9125 
0661       9125 
0662       9139 
0663       9151 
0664       9186 
0665       9187 
0666       9198 
0667       9230 
0668       9250 
0669       9262 
0670       9280 
0671       9300 
0672       9333 
0673       9337 
0674       9353 
0675       9385 
0676       9387 
0677       9401 
0678       9414 
0679       9442 
0680       9474 
0681       9495 
0682       9511 
0683       9523 
0684       9547 
0685       9584 
0686       9602 
0687       9628 
0688       9635 
0689       9653 
0690       9695 
0691       9726 
0692       9740 
0693       9754 
0694       9775 
0695       9826 
0696       9858 
0697       9873 
0698       9882 
0699       9923 
0700       9946 
0701       9966 
0702       10015 
0703       10047 
0704       10065 
0705       10070 
0706       10065 
0707       10060 
0708       10049 
0709       10049 
0710       10057 
0711       10061 
0712       10096 
0713       10128 
0714       10138 
0715       10167 
0716       10185 
0717       10218 
0718       10242 
0719       10305 
0720       10305 
0721       10334 
0722       10373 
0723       10398 
0724       10449 
0725       10458 
0726       10495 
0727       10495 
0728       7725 
0729       7689 
0730       7721 
0731       7725 
0732       7748 
0733       7751 
0734       7810 
0735       7837 
0736       7873 
0737       7886 
0738       7912 
0739       7948 
0740       7982 
0741       7992 
0742       7992 
0743       7989 
0744       7989 
0745       8008 
0746       8012 
0747       8039 
0748       8069 
0749       8090 
0750       8134 
0751       8162 
0752       8167 
0753       8167 
0754       8151 
0755       1 
0756       1 
0757       1 
0758       1 
0759       1 
0760       1 
0761       5611 
0762       5618 
0763       5615 
0764       5615 
0765       5588 
0766       5533 
0767       5502 
0768       5473 
0769       5424 
0770       5417 
0771       5371 
0772       5337 
0773       5302 
0774       5257 
0775       5225 
0776       5173 
0777       5163 
0778       5110 
0779       5082 
0780       5044 
0781       5020 
0782       4974 
0783       4905 
0784       4890 
0785       4846 
0786       4838 
0787       4838 
0788       4821 
0789       4821 
0790       4821 
0791       4828 
0792       4843 
0793       4858 
0794       4905 
0795       4924 
0796       4957 
0797       5004 
0798       5033 
0799       5066 
0800       5101 
0801       5125 
0802       5171 
0803       5209 
0804       5254 
0805       5286 
0806       5328 
0807       5381 
0808       5439 
0809       5514 
0810       5595 
0811       5677 
0812       5725 
0813       5797 
0814       5838 
0815       5880 
0816       5928 
0817       5986 
0818       6029 
0819       6111 
0820       6145 
0821       6213 
0822       6280 
0823       6321 
0824       6366 
0825       6433 
0826       6470 
0827       6533 
0828       6585 
0829       6683 
0830       6720 
0831       6799 
0832       6864 
0833       6922 
0834       6977 
0835       7032 
0836       7091 
0837       7171 
0838       7236 
0839       7295 
0840       7368 
0841       7426 
0842       7487 
0843       7567 
0844       7644 
0845       7723 
0846       7779 
0847       7877 
0848       7884 
0849       7895 
0850       7974 
0851       8081 
0852       8206 
0853       8483 
0854       8594 
0855       8685 
0856       8776 
0857       8908 
0858       8979 
0859       9085 
0860       9203 
0861       9389 
0862       9498 
0863       9726 
0864       9726 
0865       9897 
0866       10152 
0867       10249 
0868       10357 
0869       10513 
0870       10693 
0871       10884 
0872       10957 
0873       11112 
0874       11321 
0875       11582 
0876       11786 
0877       11954 
0878       12153 
0879       12397 
0880       12610 
0881       12869 
0882       13164 
0883       13379 
0884       13677 
0885       13677 
0886       1 
0887       1 
0888       1 
0889       15085 
0890       15118 
0891       15118 
0892       15118 
0893       22719 
0894       22719 
0895       22705 
0896       22679 
0897       22632 
0898       22608 
0899       22608 
0900       22612 
0901       22612 
0902       22593 
0903       22573 
0904       22569 
0905       22543 
0906       22543 
0907       22812 
0908       22812 
0909       22812 
0910       1 
0911       1 
0912       1 
0913       1 
0914       1 
0915       22717 
0916       22749 
0917       22749 
0918       22754 
0919       22755 
0920       22756 
0921       22755 
0922       22715 
0923       22459 
0924       22440 
0925       22440 
0926       22429 
0927       22429 
0928       22429 
0929       22430 
0930       22430 
0931       22424 
0932       22424 
0933       22421 
0934       22447 
0935       22447 
0936       22447 
0937       22447 
0938       22462 
0939       26226 
0940       26427 
0941       26427 
0942       26280 
0943       1 
0944       1 
0945       1 
0946       1 
0947       1 
0948       1 
0949       1 
0950       1 
0951       1 
0952       1 
0953       1 
0954       1 
0955       1 
0956       1 
0957       1 
0958       1 
0959       1 
0960       1 
0961       1 
0962       1 
0963       1 
0964       1 
0965       1 
0966       1 
0967       1 
0968       1 
0969       1 
0970       1 
0971       1 
0972       1 
0973       1 
0974       1 
0975       1 
0976       1 
0977       1 
0978       1 
0979       1 
0980       1 
0981       1 
0982       1 
0983       1 
0984       1 
0985       1 
0986       1 
0987       1 
0988       1 
0989       1 
0990       1 
0991       1 
0992       1 
0993       1 
0994       1 
0995       1 
0996       1 
0997       1 
0998       1 
0999       1 
1000       1 
1001       1 
1002       1 
1003       1 
1004       1 
1005       1 
1006       1 
1007       4 
1008       4 
1009       4 
1010       4 
1011       4 
1012       53 
1013       56 
1014       56 
1015       56 
1016       56 
1017       56 
1018       60 
1019       67 
1020       60 
1021       65 
1022       60 
1023       62 
1024       62 
1025       65 
1026       70 
1027       70 
1028       70 
1029       59 
1030       57 
1031       55 
1032       57 
1033       57 
1034       70 
1035       70 
1036       70 
1037       68 
1038       68 
1039       68 
1040       74 
1041       74 
1042       74 
1043       69 
1044       68 
1045       68 
1046       68 
1047       69 
1048       68 
1049       72 
1050       72 
1051       75 
1052       75 
1053       75 
1054       75 
1055       75 
1056       75 
1057       72 
1058       72 
1059       65 
1060       64 
1061       64 
1062       64 
1063       64 
1064       64 
1065       64 
1066       63 
1067       63 
1068       63 
1069       63 
1070       69 
1071       69 
1072       69 
1073       69 
1074       69 
1075       68 
1076       68 
1077       68 
1078       68 
1079       65 
1297966625.549308
