0000       1 
0001       1 
0002       1 
0003       1 
0004       1 
0005       1 
0006       1 
0007       1 
0008       1 
0009       1 
0010       1 
0011       1 
0012       1 
0013       1 
0014       1 
0015       1 
0016       1 
0017       1 
0018       1 
0019       1 
0020       1 
0021       1 
0022       1 
0023       1 
0024       1 
0025       1 
0026       1 
0027       1 
0028       1 
0029       1 
0030       1 
0031       1 
0032       1 
0033       1 
0034       1 
0035       1 
0036       1 
0037       1 
0038       1 
0039       1 
0040       1 
0041       1 
0042       1 
0043       1 
0044       1 
0045       1 
0046       1 
0047       1 
0048       1 
0049       1 
0050       1 
0051       1 
0052       1 
0053       1 
0054       1 
0055       1 
0056       1 
0057       1 
0058       1 
0059       1 
0060       1 
0061       1 
0062       1 
0063       1 
0064       1 
0065       1 
0066       1 
0067       1 
0068       1 
0069       1 
0070       1 
0071       1 
0072       1 
0073       1 
0074       1 
0075       1 
0076       1 
0077       1 
0078       1 
0079       1 
0080       1 
0081       1 
0082       1 
0083       1 
0084       1 
0085       1 
0086       1 
0087       1 
0088       1 
0089       1 
0090       1 
0091       1 
0092       1 
0093       1 
0094       1 
0095       1 
0096       1 
0097       1 
0098       1 
0099       1 
0100       1 
0101       1 
0102       1 
0103       1 
0104       1 
0105       1 
0106       1 
0107       17999 
0108       17999 
0109       17872 
0110       17872 
0111       17857 
0112       17481 
0113       1 
0114       1 
0115       17060 
0116       17060 
0117       17060 
0118       17047 
0119       16730 
0120       16715 
0121       16730 
0122       16785 
0123       16825 
0124       16917 
0125       16917 
0126       16891 
0127       16344 
0128       16330 
0129       16344 
0130       16412 
0131       16412 
0132       16269 
0133       16210 
0134       16210 
0135       16269 
0136       16264 
0137       16300 
0138       16264 
0139       1 
0140       1 
0141       1 
0142       16245 
0143       16245 
0144       15449 
0145       15445 
0146       15445 
0147       15449 
0148       18029 
0149       18029 
0150       15328 
0151       15193 
0152       15193 
0153       15348 
0154       15348 
0155       1 
0156       1 
0157       1 
0158       15327 
0159       15327 
0160       15346 
0161       15781 
0162       15801 
0163       15801 
0164       15035 
0165       15034 
0166       15034 
0167       15035 
0168       17635 
0169       17635 
0170       1 
0171       1 
0172       1 
0173       1 
0174       1 
0175       15029 
0176       15094 
0177       15029 
0178       15029 
0179       1 
0180       1 
0181       1 
0182       1 
0183       1 
0184       15960 
0185       15960 
0186       1 
0187       1 
0188       1 
0189       1 
0190       1 
0191       1 
0192       1 
0193       1 
0194       1 
0195       15416 
0196       15830 
0197       15860 
0198       15894 
0199       15902 
0200       15902 
0201       15902 
0202       16061 
0203       16061 
0204       16061 
0205       15989 
0206       15897 
0207       15705 
0208       15028 
0209       14977 
0210       14971 
0211       14898 
0212       14898 
0213       14898 
0214       14836 
0215       14779 
0216       14779 
0217       14557 
0218       14532 
0219       14532 
0220       14532 
0221       14532 
0222       1 
0223       1 
0224       1 
0225       1 
0226       1 
0227       15651 
0228       15731 
0229       15731 
0230       17083 
0231       17083 
0232       17083 
0233       17076 
0234       16899 
0235       16917 
0236       16899 
0237       16761 
0238       16660 
0239       16547 
0240       16547 
0241       16128 
0242       16128 
0243       1 
0244       16007 
0245       16007 
0246       16018 
0247       16288 
0248       16288 
0249       16295 
0250       16439 
0251       16507 
0252       16507 
0253       1 
0254       1 
0255       1 
0256       1 
0257       1 
0258       1 
0259       1 
0260       1 
0261       21071 
0262       21071 
0263       20880 
0264       20742 
0265       20574 
0266       20458 
0267       20282 
0268       20078 
0269       19907 
0270       19783 
0271       19608 
0272       19474 
0273       19321 
0274       19182 
0275       19031 
0276       18862 
0277       18651 
0278       18510 
0279       18391 
0280       18243 
0281       18111 
0282       17998 
0283       17865 
0284       17736 
0285       17572 
0286       17447 
0287       17361 
0288       17230 
0289       16822 
0290       16708 
0291       16708 
0292       16708 
0293       16610 
0294       16527 
0295       16402 
0296       16252 
0297       16188 
0298       16133 
0299       15976 
0300       15817 
0301       15725 
0302       15626 
0303       15530 
0304       15462 
0305       15372 
0306       15343 
0307       15239 
0308       15136 
0309       15033 
0310       14956 
0311       14914 
0312       14831 
0313       14735 
0314       14634 
0315       14611 
0316       14546 
0317       14489 
0318       14418 
0319       14328 
0320       14324 
0321       14243 
0322       14178 
0323       14094 
0324       13973 
0325       13834 
0326       13782 
0327       13749 
0328       13704 
0329       13702 
0330       13633 
0331       13571 
0332       13487 
0333       13442 
0334       13401 
0335       13291 
0336       13273 
0337       13226 
0338       13171 
0339       13128 
0340       13090 
0341       13032 
0342       12970 
0343       12915 
0344       12866 
0345       12803 
0346       12774 
0347       12726 
0348       12664 
0349       12622 
0350       12582 
0351       12496 
0352       12461 
0353       12419 
0354       12355 
0355       12312 
0356       12259 
0357       12226 
0358       12185 
0359       12115 
0360       12070 
0361       12040 
0362       11985 
0363       11972 
0364       11916 
0365       11872 
0366       11843 
0367       11778 
0368       11739 
0369       11728 
0370       11678 
0371       11662 
0372       11607 
0373       11562 
0374       11533 
0375       11494 
0376       11465 
0377       11410 
0378       11387 
0379       11367 
0380       11323 
0381       11302 
0382       11278 
0383       11217 
0384       11201 
0385       11156 
0386       11118 
0387       11091 
0388       11073 
0389       11059 
0390       11001 
0391       10995 
0392       10971 
0393       10919 
0394       10913 
0395       10869 
0396       10835 
0397       10822 
0398       10797 
0399       10769 
0400       10731 
0401       10708 
0402       10697 
0403       10649 
0404       10633 
0405       10619 
0406       10584 
0407       10580 
0408       10545 
0409       10537 
0410       10510 
0411       10465 
0412       10465 
0413       10428 
0414       10417 
0415       10400 
0416       10376 
0417       10345 
0418       10340 
0419       10311 
0420       10290 
0421       10288 
0422       10269 
0423       10246 
0424       10221 
0425       10212 
0426       10176 
0427       10161 
0428       10140 
0429       10129 
0430       10110 
0431       10092 
0432       10065 
0433       10061 
0434       10050 
0435       10028 
0436       10016 
0437       10001 
0438       9989 
0439       9965 
0440       9964 
0441       9964 
0442       9922 
0443       9921 
0444       9881 
0445       9868 
0446       9869 
0447       9842 
0448       9830 
0449       9808 
0450       9802 
0451       9785 
0452       9774 
0453       9753 
0454       9753 
0455       9753 
0456       9741 
0457       9724 
0458       9697 
0459       9682 
0460       9674 
0461       9674 
0462       9666 
0463       9659 
0464       9642 
0465       9637 
0466       9610 
0467       9608 
0468       9604 
0469       9599 
0470       9597 
0471       9578 
0472       9559 
0473       9553 
0474       9546 
0475       9551 
0476       9528 
0477       9528 
0478       9513 
0479       9486 
0480       9486 
0481       9480 
0482       9480 
0483       9466 
0484       9455 
0485       9451 
0486       9432 
0487       9432 
0488       9432 
0489       9434 
0490       9434 
0491       9423 
0492       9416 
0493       9416 
0494       9409 
0495       9416 
0496       9409 
0497       9407 
0498       9396 
0499       9396 
0500       9382 
0501       9383 
0502       9383 
0503       9383 
0504       9379 
0505       9369 
0506       9366 
0507       9366 
0508       9366 
0509       9375 
0510       9361 
0511       9361 
0512       9361 
0513       9367 
0514       9367 
0515       9366 
0516       9356 
0517       9340 
0518       9356 
0519       9367 
0520       9377 
0521       9367 
0522       9350 
0523       9350 
0524       9354 
0525       9365 
0526       9365 
0527       9358 
0528       9358 
0529       9379 
0530       9379 
0531       9378 
0532       9378 
0533       9378 
0534       9378 
0535       9381 
0536       9377 
0537       9383 
0538       9386 
0539       9387 
0540       9393 
0541       9393 
0542       9393 
0543       9400 
0544       9400 
0545       9400 
0546       9410 
0547       9413 
0548       9419 
0549       9423 
0550       9441 
0551       9451 
0552       9453 
0553       9461 
0554       9467 
0555       9467 
0556       9472 
0557       9484 
0558       9494 
0559       9496 
0560       9519 
0561       9520 
0562       9521 
0563       9524 
0564       9531 
0565       9532 
0566       9545 
0567       9549 
0568       9575 
0569       9588 
0570       9594 
0571       9597 
0572       9611 
0573       9611 
0574       9639 
0575       9646 
0576       9660 
0577       9661 
0578       9674 
0579       9687 
0580       9697 
0581       9705 
0582       9719 
0583       9733 
0584       9745 
0585       9761 
0586       9769 
0587       9797 
0588       9808 
0589       9810 
0590       9848 
0591       9853 
0592       9866 
0593       9913 
0594       9921 
0595       9940 
0596       9957 
0597       9983 
0598       9985 
0599       10004 
0600       10023 
0601       10042 
0602       10064 
0603       10087 
0604       10092 
0605       10116 
0606       10141 
0607       10173 
0608       10211 
0609       10229 
0610       10253 
0611       10266 
0612       10291 
0613       10309 
0614       10319 
0615       10339 
0616       10363 
0617       10400 
0618       10404 
0619       10430 
0620       10458 
0621       10486 
0622       10489 
0623       10540 
0624       10546 
0625       10556 
0626       10602 
0627       10602 
0628       10562 
0629       10558 
0630       7919 
0631       7904 
0632       7857 
0633       4986 
0634       4967 
0635       4926 
0636       4903 
0637       4888 
0638       2882 
0639       1803 
0640       1779 
0641       1761 
0642       1761 
0643       1761 
0644       1800 
0645       1844 
0646       1859 
0647       1859 
0648       1859 
0649       1806 
0650       1735 
0651       1711 
0652       1711 
0653       1708 
0654       1706 
0655       1705 
0656       1706 
0657       1706 
0658       1709 
0659       1718 
0660       1721 
0661       1736 
0662       1737 
0663       1746 
0664       1746 
0665       1752 
0666       1757 
0667       1758 
0668       1774 
0669       1781 
0670       1785 
0671       1786 
0672       1797 
0673       1800 
0674       1820 
0675       1830 
0676       1844 
0677       1844 
0678       1844 
0679       1786 
0680       1659 
0681       1617 
0682       1617 
0683       1617 
0684       1687 
0685       1808 
0686       1808 
0687       1808 
0688       1695 
0689       1394 
0690       1312 
0691       1297 
0692       1272 
0693       1253 
0694       1250 
0695       1250 
0696       1248 
0697       1243 
0698       1241 
0699       1240 
0700       1215 
0701       1184 
0702       1174 
0703       1173 
0704       1173 
0705       1174 
0706       1195 
0707       1208 
0708       1208 
0709       1227 
0710       1262 
0711       2074 
0712       2166 
0713       2318 
0714       2318 
0715       2264 
0716       2318 
0717       2318 
0718       2264 
0719       988 
0720       963 
0721       963 
0722       963 
0723       974 
0724       2384 
0725       2428 
0726       2501 
0727       2501 
0728       2522 
0729       2534 
0730       2555 
0731       2572 
0732       2588 
0733       2598 
0734       2615 
0735       2625 
0736       2647 
0737       2668 
0738       2677 
0739       2696 
0740       2726 
0741       2726 
0742       2726 
0743       2721 
0744       726 
0745       725 
0746       725 
0747       725 
0748       725 
0749       726 
0750       726 
0751       724 
0752       727 
0753       724 
0754       724 
0755       728 
0756       729 
0757       752 
0758       760 
0759       817 
0760       3133 
0761       3156 
0762       3179 
0763       3210 
0764       3260 
0765       3293 
0766       3312 
0767       3329 
0768       3351 
0769       3368 
0770       3418 
0771       3463 
0772       3494 
0773       3535 
0774       3567 
0775       3614 
0776       3674 
0777       3703 
0778       3753 
0779       3758 
0780       3785 
0781       3832 
0782       3857 
0783       3935 
0784       4010 
0785       4066 
0786       4101 
0787       4158 
0788       4199 
0789       4263 
0790       4307 
0791       4349 
0792       4413 
0793       4474 
0794       4547 
0795       4576 
0796       4643 
0797       4704 
0798       4775 
0799       4834 
0800       4888 
0801       4961 
0802       5023 
0803       5096 
0804       5215 
0805       5265 
0806       5300 
0807       5379 
0808       5427 
0809       5484 
0810       5489 
0811       5489 
0812       5488 
0813       5488 
0814       5563 
0815       5610 
0816       5679 
0817       5679 
0818       1 
0819       1 
0820       1 
0821       1 
0822       1 
0823       1 
0824       1 
0825       1 
0826       1 
0827       1 
0828       1 
0829       1 
0830       1 
0831       1 
0832       1 
0833       1 
0834       1 
0835       1 
0836       1 
0837       1 
0838       1 
0839       1 
0840       1 
0841       1 
0842       1 
0843       1 
0844       1 
0845       1 
0846       1 
0847       1 
0848       1 
0849       1 
0850       1 
0851       1 
0852       1 
0853       1 
0854       1 
0855       1 
0856       5675 
0857       5675 
0858       5675 
0859       1 
0860       1 
0861       1 
0862       1 
0863       1 
0864       1 
0865       1 
0866       1 
0867       1 
0868       1 
0869       1 
0870       1 
0871       1 
0872       1 
0873       1 
0874       1 
0875       1 
0876       1 
0877       1 
0878       1 
0879       1 
0880       1 
0881       1 
0882       1 
0883       1 
0884       1 
0885       1 
0886       1 
0887       1 
0888       1 
0889       1 
0890       1 
0891       1 
0892       1 
0893       1 
0894       1 
0895       1 
0896       1 
0897       1 
0898       1 
0899       1 
0900       1 
0901       1 
0902       1 
0903       1 
0904       1 
0905       1 
0906       1 
0907       1 
0908       1 
0909       1 
0910       1 
0911       1 
0912       1 
0913       1 
0914       1 
0915       1 
0916       1 
0917       1 
0918       1 
0919       1 
0920       1 
0921       1 
0922       1 
0923       1 
0924       1 
0925       1 
0926       1 
0927       1 
0928       1 
0929       1 
0930       1 
0931       1 
0932       1 
0933       1 
0934       1 
0935       1 
0936       1 
0937       1 
0938       1 
0939       1 
0940       1 
0941       1 
0942       1 
0943       1 
0944       1 
0945       1 
0946       1 
0947       1 
0948       1 
0949       1 
0950       1 
0951       1 
0952       1 
0953       1 
0954       1 
0955       1 
0956       1 
0957       1 
0958       1 
0959       1 
0960       1 
0961       1 
0962       1 
0963       1 
0964       1 
0965       1 
0966       1 
0967       1 
0968       1 
0969       1 
0970       1 
0971       1 
0972       1 
0973       1 
0974       1 
0975       1 
0976       1 
0977       1 
0978       1 
0979       1 
0980       1 
0981       1 
0982       1 
0983       1 
0984       1 
0985       1 
0986       1 
0987       1 
0988       1 
0989       1 
0990       1 
0991       1 
0992       1 
0993       1 
0994       1 
0995       1 
0996       1 
0997       1 
0998       1 
0999       1 
1000       1 
1001       1 
1002       1 
1003       1 
1004       1 
1005       1 
1006       1 
1007       4 
1008       41 
1009       41 
1010       41 
1011       41 
1012       4 
1013       4 
1014       4 
1015       4 
1016       4 
1017       4 
1018       46 
1019       46 
1020       64 
1021       65 
1022       65 
1023       65 
1024       65 
1025       62 
1026       52 
1027       52 
1028       53 
1029       52 
1030       52 
1031       50 
1032       50 
1033       50 
1034       60 
1035       69 
1036       70 
1037       70 
1038       70 
1039       70 
1040       70 
1041       70 
1042       64 
1043       64 
1044       69 
1045       68 
1046       68 
1047       68 
1048       66 
1049       66 
1050       66 
1051       71 
1052       71 
1053       72 
1054       72 
1055       72 
1056       68 
1057       68 
1058       65 
1059       62 
1060       62 
1061       62 
1062       67 
1063       67 
1064       70 
1065       69 
1066       67 
1067       69 
1068       69 
1069       69 
1070       69 
1071       69 
1072       73 
1073       71 
1074       71 
1075       71 
1076       72 
1077       71 
1078       70 
1079       67 
1297966613.702909
