0000       1 
0001       1 
0002       1 
0003       1 
0004       1 
0005       1 
0006       1 
0007       1 
0008       1 
0009       1 
0010       1 
0011       1 
0012       1 
0013       1 
0014       1 
0015       1 
0016       1 
0017       1 
0018       1 
0019       1 
0020       1 
0021       1 
0022       1 
0023       1 
0024       1 
0025       1 
0026       1 
0027       1 
0028       1 
0029       1 
0030       1 
0031       1 
0032       1 
0033       1 
0034       1 
0035       1 
0036       1 
0037       1 
0038       1 
0039       1 
0040       1 
0041       1 
0042       1 
0043       1 
0044       1 
0045       1 
0046       1 
0047       1 
0048       1 
0049       1 
0050       1 
0051       1 
0052       1 
0053       1 
0054       1 
0055       1 
0056       1 
0057       1 
0058       1 
0059       1 
0060       1 
0061       1 
0062       1 
0063       1 
0064       1 
0065       1 
0066       1 
0067       1 
0068       1 
0069       1 
0070       1 
0071       1 
0072       1 
0073       1 
0074       1 
0075       1 
0076       1 
0077       1 
0078       1 
0079       1 
0080       1 
0081       1 
0082       1 
0083       1 
0084       1 
0085       1 
0086       1 
0087       1 
0088       1 
0089       1 
0090       1 
0091       1 
0092       1 
0093       1 
0094       1 
0095       1 
0096       1 
0097       1 
0098       1 
0099       1 
0100       1 
0101       1 
0102       1 
0103       1 
0104       1 
0105       1 
0106       1 
0107       1 
0108       1 
0109       1 
0110       1 
0111       1 
0112       1 
0113       4591 
0114       4591 
0115       4591 
0116       4549 
0117       4549 
0118       4549 
0119       4549 
0120       4549 
0121       4549 
0122       4546 
0123       4533 
0124       4529 
0125       4527 
0126       4525 
0127       4521 
0128       4514 
0129       4514 
0130       4514 
0131       4511 
0132       4504 
0133       4496 
0134       4488 
0135       4488 
0136       4488 
0137       4485 
0138       4485 
0139       4479 
0140       4479 
0141       4475 
0142       4473 
0143       4473 
0144       4473 
0145       4473 
0146       4473 
0147       4473 
0148       4465 
0149       4456 
0150       4456 
0151       4456 
0152       4462 
0153       4462 
0154       4462 
0155       4449 
0156       4449 
0157       4449 
0158       4451 
0159       4451 
0160       4451 
0161       4446 
0162       4446 
0163       4446 
0164       4451 
0165       4451 
0166       4451 
0167       4450 
0168       4449 
0169       4447 
0170       4444 
0171       4444 
0172       4445 
0173       4445 
0174       4445 
0175       4446 
0176       4455 
0177       4455 
0178       4455 
0179       4453 
0180       4453 
0181       4449 
0182       4449 
0183       4453 
0184       4453 
0185       4458 
0186       4459 
0187       4459 
0188       4462 
0189       4465 
0190       4475 
0191       4475 
0192       4474 
0193       4475 
0194       4474 
0195       4474 
0196       4479 
0197       4494 
0198       4494 
0199       4496 
0200       4496 
0201       4493 
0202       4493 
0203       4498 
0204       4501 
0205       4512 
0206       4512 
0207       4512 
0208       4515 
0209       4528 
0210       4528 
0211       4532 
0212       4532 
0213       4535 
0214       4535 
0215       4537 
0216       4550 
0217       4565 
0218       4565 
0219       4565 
0220       4565 
0221       4559 
0222       4553 
0223       1 
0224       1 
0225       1 
0226       1 
0227       1 
0228       1 
0229       1 
0230       1 
0231       1 
0232       1 
0233       1 
0234       1 
0235       1 
0236       1 
0237       1 
0238       1 
0239       1 
0240       1 
0241       1 
0242       1 
0243       1 
0244       17454 
0245       17454 
0246       1 
0247       1 
0248       1 
0249       1 
0250       1 
0251       1 
0252       1 
0253       1 
0254       1 
0255       1 
0256       1 
0257       1 
0258       1 
0259       1 
0260       1 
0261       1 
0262       1 
0263       1 
0264       1 
0265       1 
0266       1 
0267       1 
0268       1 
0269       1 
0270       1 
0271       1 
0272       1 
0273       16144 
0274       16144 
0275       1 
0276       1 
0277       1 
0278       1 
0279       1 
0280       1 
0281       1 
0282       1 
0283       1 
0284       1 
0285       1 
0286       1 
0287       1 
0288       1 
0289       1 
0290       1 
0291       1 
0292       1 
0293       1 
0294       1 
0295       1 
0296       1 
0297       1 
0298       1 
0299       1 
0300       1 
0301       1 
0302       1 
0303       1 
0304       1 
0305       1 
0306       1 
0307       1 
0308       1 
0309       1 
0310       1 
0311       1 
0312       1 
0313       1 
0314       1 
0315       1 
0316       1 
0317       1 
0318       1 
0319       1 
0320       1 
0321       1 
0322       1 
0323       1 
0324       1 
0325       1 
0326       1 
0327       1 
0328       1 
0329       1 
0330       1 
0331       1 
0332       1 
0333       1 
0334       1 
0335       1 
0336       1 
0337       1 
0338       1 
0339       1 
0340       1 
0341       1 
0342       1 
0343       1 
0344       1 
0345       1 
0346       1 
0347       1 
0348       1 
0349       1 
0350       1 
0351       1 
0352       1 
0353       1 
0354       1 
0355       1 
0356       1 
0357       1 
0358       1 
0359       1 
0360       1 
0361       1 
0362       1 
0363       1 
0364       1 
0365       1 
0366       1 
0367       1 
0368       1 
0369       1 
0370       1 
0371       1 
0372       1 
0373       1 
0374       1 
0375       1 
0376       1 
0377       1 
0378       1 
0379       1 
0380       1 
0381       1 
0382       1 
0383       1 
0384       1 
0385       1 
0386       1 
0387       1 
0388       1 
0389       1 
0390       1 
0391       1 
0392       1 
0393       1 
0394       1 
0395       1 
0396       1 
0397       1 
0398       1 
0399       1 
0400       1 
0401       1 
0402       1 
0403       1 
0404       1 
0405       1 
0406       1 
0407       1 
0408       1 
0409       1 
0410       1 
0411       1 
0412       1 
0413       1 
0414       1 
0415       1 
0416       1 
0417       1 
0418       1 
0419       1 
0420       1 
0421       1 
0422       1 
0423       1 
0424       1 
0425       1 
0426       1 
0427       1 
0428       1 
0429       1 
0430       1 
0431       1 
0432       1 
0433       1 
0434       1 
0435       1 
0436       1 
0437       1 
0438       1 
0439       1 
0440       1 
0441       1 
0442       1 
0443       1 
0444       1 
0445       1 
0446       1 
0447       1 
0448       1 
0449       1 
0450       1 
0451       1 
0452       1 
0453       1 
0454       1 
0455       1 
0456       1 
0457       1 
0458       1 
0459       1 
0460       1 
0461       1 
0462       1 
0463       1 
0464       1 
0465       1 
0466       1 
0467       1 
0468       1 
0469       1 
0470       1 
0471       1 
0472       1 
0473       1 
0474       1 
0475       1 
0476       1 
0477       1 
0478       1 
0479       1 
0480       1 
0481       1 
0482       1 
0483       1 
0484       1 
0485       1 
0486       1 
0487       1 
0488       1 
0489       1 
0490       1 
0491       9584 
0492       9584 
0493       1 
0494       1 
0495       1 
0496       7814 
0497       7824 
0498       7824 
0499       1 
0500       1 
0501       1 
0502       9076 
0503       9076 
0504       8328 
0505       1 
0506       7876 
0507       7876 
0508       7876 
0509       8011 
0510       9722 
0511       9722 
0512       9722 
0513       9722 
0514       1 
0515       7796 
0516       7796 
0517       7860 
0518       7860 
0519       7821 
0520       7883 
0521       8386 
0522       8386 
0523       8386 
0524       8364 
0525       8364 
0526       1 
0527       1 
0528       1 
0529       1 
0530       1 
0531       10036 
0532       10046 
0533       10045 
0534       10046 
0535       10045 
0536       1 
0537       1 
0538       1 
0539       9429 
0540       9600 
0541       9661 
0542       9738 
0543       11716 
0544       11716 
0545       7872 
0546       7761 
0547       7626 
0548       7626 
0549       7836 
0550       10006 
0551       10006 
0552       7596 
0553       7596 
0554       7596 
0555       7725 
0556       7732 
0557       7732 
0558       7761 
0559       7761 
0560       7685 
0561       7619 
0562       7685 
0563       9519 
0564       9519 
0565       9495 
0566       9488 
0567       9463 
0568       9457 
0569       9443 
0570       9428 
0571       9428 
0572       9428 
0573       11009 
0574       11195 
0575       11195 
0576       9228 
0577       9213 
0578       9189 
0579       9131 
0580       9131 
0581       9251 
0582       9469 
0583       9522 
0584       9469 
0585       9453 
0586       9337 
0587       9086 
0588       8982 
0589       9020 
0590       9020 
0591       9020 
0592       8898 
0593       8898 
0594       8560 
0595       8560 
0596       8774 
0597       8774 
0598       9010 
0599       9140 
0600       9010 
0601       8729 
0602       8639 
0603       8639 
0604       8639 
0605       8815 
0606       8815 
0607       1 
0608       1 
0609       1 
0610       1 
0611       1 
0612       1 
0613       1 
0614       1 
0615       1 
0616       1 
0617       1 
0618       1 
0619       1 
0620       1 
0621       1 
0622       20908 
0623       21027 
0624       21027 
0625       20982 
0626       20982 
0627       20982 
0628       21399 
0629       21399 
0630       21399 
0631       1 
0632       1 
0633       1 
0634       1 
0635       1 
0636       21734 
0637       21754 
0638       21746 
0639       21754 
0640       21746 
0641       20904 
0642       20808 
0643       20808 
0644       20808 
0645       20669 
0646       20522 
0647       20329 
0648       20161 
0649       20056 
0650       19858 
0651       19732 
0652       19547 
0653       19416 
0654       19313 
0655       19194 
0656       19037 
0657       18505 
0658       18501 
0659       18501 
0660       18490 
0661       18446 
0662       18349 
0663       18325 
0664       18325 
0665       18375 
0666       18429 
0667       18491 
0668       18554 
0669       18627 
0670       18676 
0671       18774 
0672       18794 
0673       18875 
0674       18892 
0675       18904 
0676       18950 
0677       19054 
0678       19166 
0679       19221 
0680       19285 
0681       19356 
0682       19405 
0683       19472 
0684       19558 
0685       19614 
0686       19701 
0687       19784 
0688       19840 
0689       19899 
0690       19979 
0691       20049 
0692       20125 
0693       20188 
0694       20188 
0695       20167 
0696       20065 
0697       19939 
0698       19865 
0699       19789 
0700       19652 
0701       19591 
0702       19498 
0703       19441 
0704       19349 
0705       19257 
0706       19214 
0707       19186 
0708       19150 
0709       1 
0710       1 
0711       1 
0712       1 
0713       1 
0714       1 
0715       1 
0716       1 
0717       1 
0718       1 
0719       1 
0720       1 
0721       1 
0722       1 
0723       1 
0724       1 
0725       1 
0726       1 
0727       20252 
0728       20252 
0729       1 
0730       1 
0731       1 
0732       1 
0733       1 
0734       1 
0735       1 
0736       1 
0737       1 
0738       1 
0739       1 
0740       16830 
0741       16830 
0742       16730 
0743       16664 
0744       16612 
0745       16560 
0746       16516 
0747       16459 
0748       16400 
0749       16351 
0750       16295 
0751       16268 
0752       16209 
0753       16165 
0754       16123 
0755       16081 
0756       16012 
0757       16003 
0758       16012 
0759       16079 
0760       16079 
0761       16030 
0762       15965 
0763       15954 
0764       15896 
0765       15851 
0766       15840 
0767       15776 
0768       15753 
0769       15717 
0770       15658 
0771       15608 
0772       15561 
0773       15504 
0774       15487 
0775       15427 
0776       1 
0777       1 
0778       1 
0779       1 
0780       1 
0781       1 
0782       1 
0783       1 
0784       1 
0785       1 
0786       1 
0787       1 
0788       1 
0789       1 
0790       1 
0791       1 
0792       1 
0793       1 
0794       1 
0795       1 
0796       1 
0797       1 
0798       1 
0799       1 
0800       1 
0801       1 
0802       1 
0803       1 
0804       1 
0805       1 
0806       1 
0807       1 
0808       1 
0809       1 
0810       1 
0811       1 
0812       1 
0813       1 
0814       1 
0815       1 
0816       1 
0817       1 
0818       1 
0819       1 
0820       1 
0821       1 
0822       1 
0823       1 
0824       1 
0825       1 
0826       1 
0827       1 
0828       1 
0829       1 
0830       1 
0831       1 
0832       1 
0833       1 
0834       1 
0835       1 
0836       1 
0837       1 
0838       1 
0839       1 
0840       1 
0841       1 
0842       1 
0843       1 
0844       1 
0845       1 
0846       1 
0847       1 
0848       1 
0849       1 
0850       1 
0851       1 
0852       1 
0853       1 
0854       1 
0855       1 
0856       1 
0857       1 
0858       1 
0859       1 
0860       1 
0861       1 
0862       1 
0863       1 
0864       1 
0865       1 
0866       1 
0867       1 
0868       1 
0869       1 
0870       1 
0871       1 
0872       1 
0873       1 
0874       1 
0875       1 
0876       1 
0877       1 
0878       1 
0879       1 
0880       1 
0881       1 
0882       1 
0883       1 
0884       1 
0885       1 
0886       1 
0887       1 
0888       1 
0889       1 
0890       1 
0891       1 
0892       1 
0893       1 
0894       1 
0895       1 
0896       1 
0897       1 
0898       1 
0899       1 
0900       1 
0901       1 
0902       1 
0903       1 
0904       1 
0905       1 
0906       1 
0907       1 
0908       1 
0909       1 
0910       1 
0911       1 
0912       1 
0913       1 
0914       1 
0915       1 
0916       1 
0917       1 
0918       1 
0919       1 
0920       1 
0921       1 
0922       1 
0923       1 
0924       1 
0925       1 
0926       1 
0927       1 
0928       1 
0929       1 
0930       1 
0931       1 
0932       1 
0933       1 
0934       1 
0935       1 
0936       1 
0937       1 
0938       1 
0939       1 
0940       1 
0941       1 
0942       1 
0943       1 
0944       1 
0945       1 
0946       1 
0947       1 
0948       1 
0949       1 
0950       1 
0951       1 
0952       1 
0953       1 
0954       1 
0955       1 
0956       1 
0957       1 
0958       1 
0959       1 
0960       1 
0961       1 
0962       1 
0963       1 
0964       1 
0965       1 
0966       1 
0967       1 
0968       1 
0969       1 
0970       1 
0971       1 
0972       1 
0973       1 
0974       1 
0975       1 
0976       1 
0977       1 
0978       1 
0979       1 
0980       1 
0981       1 
0982       1 
0983       1 
0984       1 
0985       1 
0986       1 
0987       1 
0988       1 
0989       1 
0990       1 
0991       1 
0992       1 
0993       1 
0994       1 
0995       1 
0996       1 
0997       1 
0998       1 
0999       1 
1000       1 
1001       1 
1002       1 
1003       1 
1004       1 
1005       1 
1006       1 
1007       4 
1008       4 
1009       4 
1010       4 
1011       4 
1012       44 
1013       44 
1014       44 
1015       43 
1016       57 
1017       43 
1018       55 
1019       55 
1020       56 
1021       56 
1022       58 
1023       58 
1024       61 
1025       73 
1026       73 
1027       69 
1028       69 
1029       63 
1030       57 
1031       45 
1032       45 
1033       45 
1034       54 
1035       58 
1036       68 
1037       68 
1038       70 
1039       69 
1040       69 
1041       68 
1042       67 
1043       65 
1044       65 
1045       65 
1046       65 
1047       65 
1048       65 
1049       66 
1050       66 
1051       65 
1052       60 
1053       60 
1054       60 
1055       66 
1056       66 
1057       66 
1058       65 
1059       65 
1060       65 
1061       68 
1062       68 
1063       68 
1064       68 
1065       66 
1066       66 
1067       63 
1068       66 
1069       69 
1070       69 
1071       63 
1072       63 
1073       61 
1074       61 
1075       63 
1076       68 
1077       68 
1078       68 
1079       68 
1297966706.003996
