0000       1 
0001       1 
0002       1 
0003       1 
0004       1 
0005       1 
0006       1 
0007       1 
0008       1 
0009       1 
0010       1 
0011       1 
0012       1 
0013       1 
0014       1 
0015       1 
0016       1 
0017       1 
0018       1 
0019       1 
0020       1 
0021       1 
0022       1 
0023       1 
0024       1 
0025       1 
0026       1 
0027       1 
0028       1 
0029       1 
0030       1 
0031       1 
0032       1 
0033       1 
0034       1 
0035       1 
0036       1 
0037       1 
0038       1 
0039       1 
0040       1 
0041       1 
0042       1 
0043       1 
0044       1 
0045       1 
0046       1 
0047       1 
0048       1 
0049       1 
0050       1 
0051       1 
0052       1 
0053       1 
0054       1 
0055       1 
0056       1 
0057       1 
0058       1 
0059       1 
0060       1 
0061       1 
0062       1 
0063       1 
0064       1 
0065       1 
0066       1 
0067       1 
0068       1 
0069       1 
0070       1 
0071       1 
0072       1 
0073       1 
0074       1 
0075       1 
0076       1 
0077       1 
0078       1 
0079       1 
0080       1 
0081       1 
0082       1 
0083       1 
0084       1 
0085       1 
0086       1 
0087       1 
0088       1 
0089       1 
0090       1 
0091       1 
0092       1 
0093       1 
0094       1 
0095       1 
0096       1 
0097       1 
0098       1 
0099       1 
0100       1 
0101       1 
0102       1 
0103       1 
0104       1 
0105       1 
0106       1 
0107       1 
0108       1 
0109       1 
0110       1 
0111       1 
0112       1 
0113       1 
0114       1 
0115       1 
0116       1 
0117       1 
0118       1 
0119       1 
0120       1 
0121       1 
0122       1 
0123       1 
0124       1 
0125       1 
0126       1 
0127       1 
0128       1 
0129       1 
0130       1 
0131       1 
0132       1 
0133       1 
0134       1 
0135       1 
0136       1 
0137       1 
0138       1 
0139       1 
0140       1 
0141       1 
0142       1 
0143       1 
0144       1 
0145       1 
0146       1 
0147       1 
0148       1 
0149       1 
0150       1 
0151       1 
0152       1 
0153       1 
0154       1 
0155       1 
0156       1 
0157       1 
0158       1 
0159       1 
0160       1 
0161       1 
0162       1 
0163       1 
0164       1 
0165       1 
0166       1 
0167       1 
0168       1 
0169       1 
0170       1 
0171       1 
0172       1 
0173       1 
0174       1 
0175       1 
0176       1 
0177       1 
0178       1 
0179       1 
0180       1 
0181       1 
0182       1 
0183       1 
0184       1 
0185       1 
0186       1 
0187       1 
0188       1 
0189       1 
0190       1 
0191       1 
0192       1 
0193       1 
0194       1 
0195       1 
0196       1 
0197       1 
0198       1 
0199       1 
0200       1 
0201       1 
0202       1 
0203       1 
0204       1 
0205       1 
0206       1 
0207       1 
0208       1 
0209       1 
0210       1 
0211       1 
0212       1 
0213       1 
0214       1 
0215       1 
0216       1 
0217       1 
0218       1 
0219       1 
0220       1 
0221       1 
0222       1 
0223       1 
0224       1 
0225       1 
0226       1 
0227       1 
0228       1 
0229       1 
0230       1 
0231       1 
0232       1 
0233       1 
0234       1 
0235       1 
0236       1 
0237       1 
0238       1 
0239       1 
0240       1 
0241       1 
0242       1 
0243       1 
0244       1 
0245       1 
0246       1 
0247       1 
0248       1 
0249       1 
0250       1 
0251       1 
0252       1 
0253       1 
0254       1 
0255       1 
0256       1 
0257       1 
0258       1 
0259       1 
0260       13516 
0261       13532 
0262       13532 
0263       13540 
0264       13540 
0265       13462 
0266       13311 
0267       13199 
0268       13099 
0269       12882 
0270       12770 
0271       12770 
0272       12645 
0273       12494 
0274       12438 
0275       12326 
0276       12205 
0277       12098 
0278       12029 
0279       11924 
0280       11813 
0281       11760 
0282       11695 
0283       11605 
0284       11546 
0285       11433 
0286       11366 
0287       11261 
0288       11169 
0289       11061 
0290       10949 
0291       10930 
0292       10848 
0293       10792 
0294       10712 
0295       10636 
0296       10571 
0297       10480 
0298       10416 
0299       10348 
0300       10282 
0301       10267 
0302       10184 
0303       10105 
0304       10043 
0305       10010 
0306       9911 
0307       9875 
0308       9792 
0309       9765 
0310       9678 
0311       9638 
0312       9578 
0313       9509 
0314       9450 
0315       9398 
0316       9369 
0317       9285 
0318       9263 
0319       9190 
0320       9151 
0321       9114 
0322       9049 
0323       9002 
0324       8938 
0325       8907 
0326       8869 
0327       8845 
0328       8777 
0329       8731 
0330       8708 
0331       8671 
0332       8624 
0333       8580 
0334       8522 
0335       8490 
0336       8451 
0337       8412 
0338       8390 
0339       8329 
0340       8299 
0341       8267 
0342       8204 
0343       8190 
0344       8164 
0345       8106 
0346       8075 
0347       8036 
0348       8022 
0349       7996 
0350       7935 
0351       7934 
0352       7878 
0353       7853 
0354       7809 
0355       7774 
0356       7748 
0357       7741 
0358       7700 
0359       7679 
0360       7643 
0361       7618 
0362       7593 
0363       7549 
0364       7531 
0365       7481 
0366       7465 
0367       7439 
0368       7417 
0369       7411 
0370       7394 
0371       7337 
0372       7337 
0373       7296 
0374       7262 
0375       7252 
0376       7221 
0377       7184 
0378       7183 
0379       7156 
0380       7148 
0381       7093 
0382       7086 
0383       7064 
0384       7037 
0385       6997 
0386       6993 
0387       6989 
0388       6966 
0389       6949 
0390       6932 
0391       6912 
0392       6870 
0393       6868 
0394       6865 
0395       6828 
0396       6813 
0397       6802 
0398       6782 
0399       6767 
0400       6744 
0401       6739 
0402       6709 
0403       6684 
0404       6668 
0405       6646 
0406       6641 
0407       6626 
0408       6602 
0409       6585 
0410       6585 
0411       6554 
0412       6551 
0413       6547 
0414       6520 
0415       6515 
0416       6474 
0417       6467 
0418       6464 
0419       6451 
0420       6439 
0421       6426 
0422       6418 
0423       6403 
0424       6369 
0425       6366 
0426       6360 
0427       6343 
0428       6331 
0429       6315 
0430       6295 
0431       6293 
0432       6292 
0433       6274 
0434       6262 
0435       6259 
0436       6227 
0437       6225 
0438       6215 
0439       6210 
0440       6199 
0441       6189 
0442       6189 
0443       6187 
0444       6163 
0445       6148 
0446       6147 
0447       6142 
0448       6136 
0449       6123 
0450       6110 
0451       6092 
0452       6088 
0453       6082 
0454       6067 
0455       6061 
0456       6056 
0457       6054 
0458       6048 
0459       6048 
0460       6040 
0461       6033 
0462       6007 
0463       6007 
0464       6003 
0465       6006 
0466       6000 
0467       6000 
0468       5966 
0469       5966 
0470       5966 
0471       5960 
0472       5955 
0473       5945 
0474       5932 
0475       5930 
0476       5925 
0477       5923 
0478       5907 
0479       5897 
0480       5891 
0481       5897 
0482       5891 
0483       5882 
0484       5879 
0485       5874 
0486       5869 
0487       5862 
0488       5858 
0489       5859 
0490       5858 
0491       5858 
0492       5858 
0493       5858 
0494       5856 
0495       5851 
0496       5848 
0497       5831 
0498       5848 
0499       5833 
0500       5833 
0501       5826 
0502       5816 
0503       5816 
0504       5816 
0505       5834 
0506       5834 
0507       5830 
0508       5811 
0509       5811 
0510       5811 
0511       5810 
0512       5812 
0513       5810 
0514       5817 
0515       5812 
0516       5812 
0517       5811 
0518       5807 
0519       5806 
0520       5803 
0521       5803 
0522       5803 
0523       5808 
0524       5809 
0525       5815 
0526       5815 
0527       5814 
0528       5810 
0529       5807 
0530       5801 
0531       5794 
0532       5794 
0533       5815 
0534       5816 
0535       5816 
0536       5812 
0537       5812 
0538       5820 
0539       5824 
0540       5828 
0541       5834 
0542       5834 
0543       5829 
0544       5821 
0545       5829 
0546       5827 
0547       5827 
0548       5827 
0549       5852 
0550       5863 
0551       5863 
0552       5861 
0553       5857 
0554       5857 
0555       5870 
0556       5873 
0557       5873 
0558       5873 
0559       5873 
0560       5873 
0561       5886 
0562       5890 
0563       5886 
0564       5890 
0565       5901 
0566       5913 
0567       5903 
0568       5913 
0569       5919 
0570       5920 
0571       5935 
0572       5942 
0573       5942 
0574       5950 
0575       5960 
0576       5964 
0577       5962 
0578       5967 
0579       5978 
0580       5981 
0581       5985 
0582       5992 
0583       5994 
0584       6016 
0585       6026 
0586       6037 
0587       6038 
0588       6038 
0589       6050 
0590       6063 
0591       6060 
0592       6070 
0593       6081 
0594       6097 
0595       6101 
0596       6102 
0597       6114 
0598       6122 
0599       6130 
0600       6146 
0601       6146 
0602       6152 
0603       6176 
0604       6179 
0605       6187 
0606       6198 
0607       6209 
0608       6215 
0609       6224 
0610       6236 
0611       6243 
0612       6243 
0613       6274 
0614       6285 
0615       6286 
0616       6307 
0617       6320 
0618       6332 
0619       6353 
0620       6362 
0621       6363 
0622       6377 
0623       6392 
0624       6396 
0625       6422 
0626       6437 
0627       6468 
0628       6485 
0629       6488 
0630       6493 
0631       6529 
0632       6544 
0633       6565 
0634       6574 
0635       6577 
0636       6601 
0637       6605 
0638       6609 
0639       6627 
0640       6643 
0641       6658 
0642       6677 
0643       6691 
0644       6696 
0645       6742 
0646       6749 
0647       6775 
0648       6778 
0649       6796 
0650       6830 
0651       6830 
0652       6860 
0653       6873 
0654       6904 
0655       6920 
0656       6942 
0657       6962 
0658       6984 
0659       7006 
0660       7024 
0661       7053 
0662       7072 
0663       7079 
0664       7117 
0665       7122 
0666       7164 
0667       7182 
0668       7192 
0669       7213 
0670       7252 
0671       7267 
0672       7273 
0673       7327 
0674       7360 
0675       7376 
0676       7404 
0677       7415 
0678       7448 
0679       7453 
0680       7466 
0681       7520 
0682       7534 
0683       7567 
0684       7578 
0685       7626 
0686       7688 
0687       7697 
0688       7723 
0689       7750 
0690       7792 
0691       7812 
0692       7846 
0693       7868 
0694       7911 
0695       7939 
0696       7939 
0697       7895 
0698       7821 
0699       7821 
0700       7827 
0701       7832 
0702       7854 
0703       7874 
0704       7897 
0705       9877 
0706       9877 
0707       9832 
0708       9807 
0709       9745 
0710       9715 
0711       9671 
0712       9633 
0713       9602 
0714       9562 
0715       9541 
0716       9520 
0717       9485 
0718       9485 
0719       9566 
0720       9578 
0721       9636 
0722       9662 
0723       9740 
0724       9797 
0725       9861 
0726       9911 
0727       9959 
0728       10005 
0729       10069 
0730       10130 
0731       10169 
0732       10235 
0733       10276 
0734       10351 
0735       10387 
0736       10446 
0737       10526 
0738       10598 
0739       10643 
0740       10687 
0741       10728 
0742       10826 
0743       10890 
0744       10974 
0745       11039 
0746       11142 
0747       11183 
0748       11237 
0749       11305 
0750       11393 
0751       11488 
0752       11562 
0753       11562 
0754       6751 
0755       6694 
0756       6650 
0757       6641 
0758       6618 
0759       6593 
0760       6575 
0761       6570 
0762       6570 
0763       6588 
0764       6609 
0765       6624 
0766       6644 
0767       6682 
0768       6717 
0769       15798 
0770       15805 
0771       15798 
0772       15764 
0773       15713 
0774       15691 
0775       15654 
0776       15623 
0777       15597 
0778       15540 
0779       15507 
0780       15485 
0781       15454 
0782       15425 
0783       15391 
0784       15355 
0785       15329 
0786       15304 
0787       15267 
0788       15231 
0789       15211 
0790       15189 
0791       15169 
0792       15141 
0793       15110 
0794       15080 
0795       15076 
0796       15031 
0797       15019 
0798       14977 
0799       14953 
0800       14920 
0801       11243 
0802       11221 
0803       11207 
0804       11177 
0805       11153 
0806       11137 
0807       11099 
0808       11088 
0809       11045 
0810       11028 
0811       11021 
0812       11012 
0813       10993 
0814       10991 
0815       10955 
0816       10932 
0817       10923 
0818       10913 
0819       10902 
0820       10888 
0821       10858 
0822       10848 
0823       10826 
0824       10825 
0825       10814 
0826       10786 
0827       10781 
0828       10771 
0829       10771 
0830       10766 
0831       10774 
0832       10774 
0833       10774 
0834       1 
0835       1 
0836       1 
0837       1 
0838       1 
0839       1 
0840       1 
0841       1 
0842       1 
0843       1 
0844       1 
0845       1 
0846       1 
0847       1 
0848       1 
0849       8412 
0850       8412 
0851       8417 
0852       8587 
0853       8669 
0854       8669 
0855       1 
0856       1 
0857       1 
0858       1 
0859       1 
0860       1 
0861       1 
0862       1 
0863       1 
0864       1 
0865       1 
0866       1 
0867       1 
0868       1 
0869       8825 
0870       8825 
0871       8800 
0872       8797 
0873       8800 
0874       8812 
0875       8813 
0876       8812 
0877       8806 
0878       1 
0879       1 
0880       1 
0881       1 
0882       1 
0883       1 
0884       1 
0885       1 
0886       1 
0887       1 
0888       1 
0889       1 
0890       1 
0891       1 
0892       1 
0893       1 
0894       1 
0895       1 
0896       1 
0897       1 
0898       1 
0899       1 
0900       1 
0901       1 
0902       1 
0903       1 
0904       1 
0905       1 
0906       1 
0907       1 
0908       1 
0909       1 
0910       1 
0911       1 
0912       1 
0913       1 
0914       1 
0915       1 
0916       1 
0917       1 
0918       1 
0919       1 
0920       1 
0921       1 
0922       1 
0923       1 
0924       1 
0925       1 
0926       1 
0927       1 
0928       1 
0929       1 
0930       1 
0931       1 
0932       1 
0933       1 
0934       1 
0935       1 
0936       1 
0937       1 
0938       1 
0939       1 
0940       1 
0941       1 
0942       1 
0943       1 
0944       1 
0945       1 
0946       1 
0947       1 
0948       1 
0949       1 
0950       1 
0951       1 
0952       1 
0953       1 
0954       1 
0955       1 
0956       1 
0957       1 
0958       1 
0959       1 
0960       1 
0961       1 
0962       1 
0963       1 
0964       1 
0965       1 
0966       1 
0967       1 
0968       1 
0969       1 
0970       1 
0971       1 
0972       1 
0973       1 
0974       1 
0975       1 
0976       1 
0977       1 
0978       1 
0979       1 
0980       1 
0981       1 
0982       1 
0983       1 
0984       1 
0985       1 
0986       1 
0987       1 
0988       1 
0989       1 
0990       1 
0991       1 
0992       1 
0993       1 
0994       1 
0995       1 
0996       1 
0997       1 
0998       1 
0999       1 
1000       1 
1001       1 
1002       1 
1003       1 
1004       1 
1005       1 
1006       1 
1007       4 
1008       4 
1009       4 
1010       4 
1011       4 
1012       4 
1013       4 
1014       44 
1015       48 
1016       44 
1017       48 
1018       44 
1019       48 
1020       57 
1021       57 
1022       51 
1023       58 
1024       51 
1025       51 
1026       53 
1027       55 
1028       53 
1029       55 
1030       53 
1031       55 
1032       55 
1033       59 
1034       59 
1035       62 
1036       62 
1037       62 
1038       62 
1039       62 
1040       63 
1041       66 
1042       66 
1043       66 
1044       66 
1045       70 
1046       70 
1047       70 
1048       65 
1049       64 
1050       60 
1051       60 
1052       60 
1053       64 
1054       64 
1055       64 
1056       64 
1057       64 
1058       64 
1059       64 
1060       61 
1061       66 
1062       66 
1063       66 
1064       63 
1065       66 
1066       67 
1067       67 
1068       69 
1069       69 
1070       69 
1071       69 
1072       64 
1073       64 
1074       66 
1075       66 
1076       64 
1077       66 
1078       66 
1079       63 
1297966646.443247
