0000       1 
0001       1 
0002       1 
0003       1 
0004       1 
0005       1 
0006       1 
0007       1 
0008       1 
0009       1 
0010       1 
0011       1 
0012       1 
0013       1 
0014       1 
0015       1 
0016       1 
0017       1 
0018       1 
0019       1 
0020       1 
0021       1 
0022       1 
0023       1 
0024       1 
0025       1 
0026       1 
0027       1 
0028       1 
0029       1 
0030       1 
0031       1 
0032       1 
0033       1 
0034       1 
0035       1 
0036       1 
0037       1 
0038       1 
0039       1 
0040       1 
0041       1 
0042       1 
0043       1 
0044       1 
0045       1 
0046       1 
0047       1 
0048       1 
0049       1 
0050       1 
0051       1 
0052       1 
0053       1 
0054       1 
0055       1 
0056       1 
0057       1 
0058       1 
0059       1 
0060       1 
0061       1 
0062       1 
0063       1 
0064       1 
0065       1 
0066       1 
0067       1 
0068       1 
0069       1 
0070       1 
0071       1 
0072       1 
0073       1 
0074       1 
0075       1 
0076       1 
0077       1 
0078       1 
0079       1 
0080       1 
0081       1 
0082       1 
0083       1 
0084       1 
0085       1 
0086       1 
0087       1 
0088       1 
0089       1 
0090       1 
0091       1 
0092       1 
0093       1 
0094       1 
0095       1 
0096       1 
0097       1 
0098       1 
0099       1 
0100       1 
0101       1 
0102       1 
0103       1 
0104       1 
0105       1 
0106       1 
0107       1 
0108       1 
0109       1 
0110       1 
0111       1 
0112       1 
0113       1 
0114       1 
0115       1 
0116       1 
0117       1 
0118       1 
0119       1 
0120       1 
0121       1 
0122       1 
0123       1 
0124       1 
0125       1 
0126       1 
0127       1 
0128       1 
0129       1 
0130       1 
0131       1 
0132       1 
0133       1 
0134       1 
0135       1 
0136       1 
0137       1 
0138       1 
0139       1 
0140       1 
0141       1 
0142       1 
0143       1 
0144       1 
0145       1 
0146       1 
0147       1 
0148       1 
0149       1 
0150       1 
0151       1 
0152       1 
0153       1 
0154       1 
0155       1 
0156       1 
0157       5916 
0158       5917 
0159       5917 
0160       5911 
0161       5898 
0162       5898 
0163       5898 
0164       5898 
0165       5897 
0166       5897 
0167       5897 
0168       5895 
0169       5895 
0170       5884 
0171       5883 
0172       5881 
0173       5880 
0174       5880 
0175       5880 
0176       5879 
0177       5879 
0178       5872 
0179       5881 
0180       5879 
0181       5879 
0182       5872 
0183       5863 
0184       5863 
0185       5865 
0186       5865 
0187       5865 
0188       5864 
0189       5858 
0190       5864 
0191       5867 
0192       5867 
0193       5874 
0194       5874 
0195       5872 
0196       5870 
0197       5872 
0198       5877 
0199       5881 
0200       5881 
0201       5880 
0202       5875 
0203       5866 
0204       5875 
0205       5876 
0206       5876 
0207       5879 
0208       5884 
0209       5886 
0210       5894 
0211       5894 
0212       5890 
0213       5890 
0214       5899 
0215       5901 
0216       5899 
0217       5899 
0218       5899 
0219       5907 
0220       5911 
0221       5913 
0222       5915 
0223       5919 
0224       5919 
0225       5919 
0226       5919 
0227       5927 
0228       5942 
0229       5948 
0230       5948 
0231       5948 
0232       5948 
0233       5960 
0234       5961 
0235       5973 
0236       5973 
0237       5974 
0238       5982 
0239       5986 
0240       5992 
0241       5994 
0242       5999 
0243       6014 
0244       6023 
0245       6030 
0246       6032 
0247       6032 
0248       6051 
0249       6052 
0250       6060 
0251       6078 
0252       6083 
0253       6082 
0254       6083 
0255       6097 
0256       6099 
0257       6102 
0258       6125 
0259       6136 
0260       6150 
0261       6153 
0262       6180 
0263       6193 
0264       6193 
0265       6206 
0266       6213 
0267       6215 
0268       6215 
0269       6215 
0270       1 
0271       1 
0272       1 
0273       1 
0274       1 
0275       1 
0276       1 
0277       1 
0278       21292 
0279       21292 
0280       21174 
0281       21093 
0282       21165 
0283       21165 
0284       21079 
0285       20994 
0286       13098 
0287       12987 
0288       12987 
0289       13015 
0290       13015 
0291       13029 
0292       13059 
0293       13059 
0294       12975 
0295       12877 
0296       12745 
0297       12676 
0298       12534 
0299       12446 
0300       12307 
0301       12182 
0302       12115 
0303       12015 
0304       11912 
0305       11838 
0306       11729 
0307       11661 
0308       11543 
0309       11471 
0310       11377 
0311       11279 
0312       11185 
0313       11099 
0314       11030 
0315       10931 
0316       10882 
0317       10675 
0318       10214 
0319       10145 
0320       10145 
0321       10157 
0322       10199 
0323       10266 
0324       10304 
0325       10336 
0326       10354 
0327       10413 
0328       10430 
0329       10456 
0330       10497 
0331       10524 
0332       10525 
0333       10546 
0334       10553 
0335       10567 
0336       10614 
0337       10792 
0338       10792 
0339       1 
0340       1 
0341       1 
0342       1 
0343       1 
0344       1 
0345       1 
0346       1 
0347       1 
0348       1 
0349       1 
0350       1 
0351       1 
0352       1 
0353       1 
0354       1 
0355       1 
0356       1 
0357       1 
0358       1 
0359       1 
0360       1 
0361       1 
0362       1 
0363       1 
0364       1 
0365       1 
0366       1 
0367       10851 
0368       10851 
0369       10791 
0370       10730 
0371       10576 
0372       10517 
0373       10482 
0374       10449 
0375       10446 
0376       10373 
0377       10273 
0378       10202 
0379       10134 
0380       10052 
0381       10015 
0382       9986 
0383       9937 
0384       9893 
0385       9864 
0386       9830 
0387       9824 
0388       9823 
0389       9768 
0390       9726 
0391       9714 
0392       9695 
0393       9695 
0394       9695 
0395       9651 
0396       9651 
0397       9627 
0398       9618 
0399       9617 
0400       9587 
0401       9551 
0402       9534 
0403       9524 
0404       9534 
0405       9606 
0406       9606 
0407       9584 
0408       9584 
0409       9714 
0410       11141 
0411       11141 
0412       11122 
0413       11070 
0414       11005 
0415       11001 
0416       10982 
0417       10965 
0418       10938 
0419       10877 
0420       10872 
0421       10857 
0422       10849 
0423       10816 
0424       10780 
0425       10749 
0426       10733 
0427       10714 
0428       10707 
0429       10658 
0430       10627 
0431       10608 
0432       10590 
0433       10557 
0434       10514 
0435       10508 
0436       10491 
0437       10446 
0438       10433 
0439       10399 
0440       10368 
0441       10344 
0442       10337 
0443       10321 
0444       10297 
0445       8774 
0446       8749 
0447       8749 
0448       8796 
0449       8838 
0450       8838 
0451       8797 
0452       8787 
0453       8760 
0454       8748 
0455       8748 
0456       8745 
0457       8845 
0458       8845 
0459       9965 
0460       9965 
0461       9938 
0462       9912 
0463       9905 
0464       9886 
0465       9878 
0466       9854 
0467       9845 
0468       9828 
0469       9798 
0470       9769 
0471       9760 
0472       9756 
0473       9753 
0474       9725 
0475       9698 
0476       9694 
0477       9694 
0478       9676 
0479       9662 
0480       9657 
0481       9631 
0482       9616 
0483       9616 
0484       9616 
0485       9594 
0486       9573 
0487       9535 
0488       9525 
0489       9519 
0490       9513 
0491       9501 
0492       9488 
0493       9488 
0494       9478 
0495       9463 
0496       9456 
0497       9441 
0498       9434 
0499       9429 
0500       9409 
0501       9397 
0502       9379 
0503       9369 
0504       9369 
0505       9369 
0506       9351 
0507       9326 
0508       9323 
0509       9314 
0510       9314 
0511       9309 
0512       9318 
0513       9309 
0514       9306 
0515       9301 
0516       9275 
0517       9267 
0518       9265 
0519       9244 
0520       9244 
0521       9250 
0522       9250 
0523       9239 
0524       9236 
0525       9223 
0526       9219 
0527       9219 
0528       9219 
0529       9211 
0530       9200 
0531       9198 
0532       9192 
0533       9196 
0534       9196 
0535       9196 
0536       9182 
0537       9182 
0538       9179 
0539       9177 
0540       9171 
0541       9167 
0542       9168 
0543       9160 
0544       9168 
0545       9174 
0546       9174 
0547       9166 
0548       9148 
0549       9150 
0550       9150 
0551       9154 
0552       9164 
0553       9168 
0554       9164 
0555       9153 
0556       9153 
0557       9153 
0558       9157 
0559       9157 
0560       9157 
0561       9158 
0562       9167 
0563       9167 
0564       9165 
0565       9165 
0566       9168 
0567       9173 
0568       9176 
0569       9176 
0570       9181 
0571       9192 
0572       9200 
0573       9192 
0574       9119 
0575       8164 
0576       8133 
0577       8088 
0578       8060 
0579       8011 
0580       7962 
0581       7935 
0582       7924 
0583       7924 
0584       7921 
0585       7893 
0586       7871 
0587       7863 
0588       7863 
0589       7888 
0590       7932 
0591       7932 
0592       7932 
0593       7974 
0594       8010 
0595       8059 
0596       8059 
0597       8062 
0598       9327 
0599       9331 
0600       9338 
0601       9338 
0602       9338 
0603       7999 
0604       7923 
0605       7909 
0606       7915 
0607       7915 
0608       7921 
0609       7948 
0610       7948 
0611       7872 
0612       7822 
0613       7822 
0614       7825 
0615       7825 
0616       7772 
0617       7736 
0618       7676 
0619       7598 
0620       7591 
0621       7591 
0622       7584 
0623       7579 
0624       7579 
0625       7579 
0626       7578 
0627       7548 
0628       7548 
0629       7554 
0630       7564 
0631       7584 
0632       7587 
0633       7730 
0634       7865 
0635       7963 
0636       7963 
0637       7939 
0638       7939 
0639       7942 
0640       7981 
0641       7981 
0642       8001 
0643       8001 
0644       7989 
0645       7968 
0646       7968 
0647       8029 
0648       8106 
0649       8134 
0650       8522 
0651       8522 
0652       8434 
0653       8434 
0654       8568 
0655       8602 
0656       8649 
0657       8795 
0658       8795 
0659       8844 
0660       8844 
0661       8844 
0662       8777 
0663       8714 
0664       8714 
0665       10410 
0666       10424 
0667       10455 
0668       10476 
0669       10497 
0670       10529 
0671       10545 
0672       10566 
0673       10596 
0674       10608 
0675       10649 
0676       10695 
0677       10702 
0678       10726 
0679       10767 
0680       10795 
0681       10834 
0682       10864 
0683       10895 
0684       10918 
0685       10952 
0686       10991 
0687       11003 
0688       11027 
0689       11065 
0690       11083 
0691       11125 
0692       11141 
0693       11204 
0694       11224 
0695       11270 
0696       11279 
0697       11279 
0698       11103 
0699       11021 
0700       10980 
0701       10964 
0702       10894 
0703       10890 
0704       10703 
0705       10675 
0706       10593 
0707       10508 
0708       10427 
0709       10414 
0710       10391 
0711       10333 
0712       10322 
0713       10322 
0714       10341 
0715       10347 
0716       10389 
0717       10407 
0718       10469 
0719       10476 
0720       10520 
0721       10566 
0722       10608 
0723       10664 
0724       10710 
0725       10756 
0726       10821 
0727       10901 
0728       10916 
0729       10953 
0730       11024 
0731       11047 
0732       12234 
0733       12234 
0734       12161 
0735       12102 
0736       12102 
0737       12075 
0738       12075 
0739       12018 
0740       12018 
0741       11995 
0742       11925 
0743       11896 
0744       11896 
0745       11899 
0746       11899 
0747       11804 
0748       11804 
0749       11804 
0750       11766 
0751       11755 
0752       11754 
0753       11754 
0754       11754 
0755       11762 
0756       11787 
0757       11793 
0758       11834 
0759       11890 
0760       11927 
0761       12018 
0762       12071 
0763       12154 
0764       12207 
0765       12322 
0766       13146 
0767       13249 
0768       13267 
0769       13343 
0770       13386 
0771       13430 
0772       13518 
0773       14614 
0774       14614 
0775       14550 
0776       14519 
0777       14447 
0778       14413 
0779       14383 
0780       14349 
0781       14293 
0782       14273 
0783       14249 
0784       14249 
0785       14288 
0786       14326 
0787       14326 
0788       14356 
0789       16328 
0790       16328 
0791       14104 
0792       14068 
0793       14068 
0794       14028 
0795       13998 
0796       13963 
0797       13939 
0798       13886 
0799       13865 
0800       13847 
0801       13811 
0802       13783 
0803       13601 
0804       13476 
0805       13448 
0806       13415 
0807       13395 
0808       13365 
0809       13349 
0810       13306 
0811       13271 
0812       13262 
0813       13221 
0814       13196 
0815       13177 
0816       13143 
0817       13128 
0818       13118 
0819       13073 
0820       13054 
0821       13028 
0822       13009 
0823       12980 
0824       12953 
0825       12941 
0826       12902 
0827       12879 
0828       12866 
0829       12862 
0830       12832 
0831       12809 
0832       12784 
0833       12784 
0834       12790 
0835       12793 
0836       12881 
0837       12901 
0838       12901 
0839       12867 
0840       12866 
0841       12860 
0842       12866 
0843       14734 
0844       14734 
0845       14722 
0846       12762 
0847       12753 
0848       12738 
0849       1 
0850       1 
0851       1 
0852       1 
0853       1 
0854       1 
0855       1 
0856       1 
0857       12403 
0858       12403 
0859       12338 
0860       12327 
0861       12303 
0862       12293 
0863       12287 
0864       12274 
0865       12254 
0866       12234 
0867       12231 
0868       12231 
0869       12395 
0870       12401 
0871       12401 
0872       12387 
0873       12368 
0874       12366 
0875       12355 
0876       12340 
0877       12335 
0878       12335 
0879       14325 
0880       14325 
0881       14311 
0882       14311 
0883       14406 
0884       14406 
0885       1 
0886       1 
0887       1 
0888       1 
0889       1 
0890       1 
0891       1 
0892       1 
0893       1 
0894       1 
0895       1 
0896       1 
0897       1 
0898       1 
0899       1 
0900       1 
0901       1 
0902       1 
0903       1 
0904       1 
0905       1 
0906       1 
0907       1 
0908       1 
0909       1 
0910       1 
0911       1 
0912       1 
0913       1 
0914       1 
0915       1 
0916       1 
0917       1 
0918       1 
0919       1 
0920       1 
0921       1 
0922       1 
0923       1 
0924       1 
0925       1 
0926       1 
0927       1 
0928       1 
0929       1 
0930       1 
0931       1 
0932       1 
0933       1 
0934       1 
0935       1 
0936       1 
0937       1 
0938       1 
0939       1 
0940       1 
0941       1 
0942       1 
0943       1 
0944       1 
0945       1 
0946       1 
0947       1 
0948       1 
0949       1 
0950       1 
0951       1 
0952       1 
0953       1 
0954       1 
0955       1 
0956       1 
0957       1 
0958       1 
0959       1 
0960       1 
0961       1 
0962       1 
0963       1 
0964       1 
0965       1 
0966       1 
0967       1 
0968       1 
0969       1 
0970       1 
0971       1 
0972       1 
0973       1 
0974       1 
0975       1 
0976       1 
0977       1 
0978       1 
0979       1 
0980       1 
0981       1 
0982       1 
0983       1 
0984       1 
0985       1 
0986       1 
0987       1 
0988       1 
0989       1 
0990       1 
0991       1 
0992       1 
0993       1 
0994       1 
0995       1 
0996       1 
0997       1 
0998       1 
0999       1 
1000       1 
1001       1 
1002       1 
1003       1 
1004       1 
1005       1 
1006       1 
1007       4 
1008       4 
1009       42 
1010       59 
1011       60 
1012       60 
1013       60 
1014       56 
1015       52 
1016       42 
1017       52 
1018       56 
1019       56 
1020       56 
1021       56 
1022       56 
1023       54 
1024       54 
1025       54 
1026       61 
1027       63 
1028       63 
1029       63 
1030       52 
1031       52 
1032       52 
1033       53 
1034       58 
1035       62 
1036       65 
1037       71 
1038       71 
1039       71 
1040       71 
1041       71 
1042       71 
1043       68 
1044       68 
1045       71 
1046       68 
1047       68 
1048       68 
1049       68 
1050       67 
1051       67 
1052       64 
1053       64 
1054       70 
1055       74 
1056       74 
1057       74 
1058       69 
1059       69 
1060       69 
1061       69 
1062       69 
1063       62 
1064       62 
1065       62 
1066       62 
1067       65 
1068       65 
1069       65 
1070       65 
1071       62 
1072       62 
1073       66 
1074       67 
1075       66 
1076       67 
1077       67 
1078       67 
1079       66 
1297966699.437137
