0000       1 
0001       1 
0002       1 
0003       1 
0004       1 
0005       1 
0006       1 
0007       1 
0008       1 
0009       1 
0010       1 
0011       1 
0012       1 
0013       1 
0014       1 
0015       1 
0016       1 
0017       1 
0018       1 
0019       1 
0020       1 
0021       1 
0022       1 
0023       1 
0024       1 
0025       1 
0026       1 
0027       1 
0028       1 
0029       1 
0030       1 
0031       1 
0032       1 
0033       1 
0034       1 
0035       1 
0036       1 
0037       1 
0038       1 
0039       1 
0040       1 
0041       1 
0042       1 
0043       1 
0044       1 
0045       1 
0046       1 
0047       1 
0048       1 
0049       1 
0050       1 
0051       1 
0052       1 
0053       1 
0054       1 
0055       1 
0056       1 
0057       1 
0058       1 
0059       1 
0060       1 
0061       1 
0062       1 
0063       1 
0064       1 
0065       1 
0066       1 
0067       1 
0068       1 
0069       1 
0070       1 
0071       1 
0072       1 
0073       1 
0074       1 
0075       1 
0076       1 
0077       1 
0078       1 
0079       1 
0080       1 
0081       1 
0082       1 
0083       1 
0084       1 
0085       1 
0086       1 
0087       1 
0088       1 
0089       1 
0090       1 
0091       1 
0092       1 
0093       1 
0094       1 
0095       1 
0096       1 
0097       1 
0098       1 
0099       1 
0100       1 
0101       1 
0102       1 
0103       1 
0104       1 
0105       1 
0106       1 
0107       1 
0108       1 
0109       1 
0110       1 
0111       1 
0112       1 
0113       1 
0114       1 
0115       1 
0116       1 
0117       1 
0118       1 
0119       1 
0120       1 
0121       1 
0122       1 
0123       1 
0124       1 
0125       1 
0126       1 
0127       1 
0128       1 
0129       1 
0130       1 
0131       1 
0132       1 
0133       1 
0134       1 
0135       1 
0136       1 
0137       1 
0138       1 
0139       1 
0140       1 
0141       1 
0142       1 
0143       1 
0144       1 
0145       1 
0146       5394 
0147       5403 
0148       5394 
0149       5401 
0150       5401 
0151       5401 
0152       5385 
0153       5379 
0154       5370 
0155       5370 
0156       5370 
0157       5370 
0158       5364 
0159       5362 
0160       5360 
0161       5357 
0162       5350 
0163       5346 
0164       5337 
0165       5335 
0166       5335 
0167       5335 
0168       5336 
0169       5334 
0170       5324 
0171       5322 
0172       5324 
0173       5322 
0174       5314 
0175       5314 
0176       5311 
0177       5309 
0178       5309 
0179       5318 
0180       5318 
0181       5305 
0182       5303 
0183       5305 
0184       5303 
0185       5304 
0186       5304 
0187       5304 
0188       5304 
0189       5303 
0190       5300 
0191       5300 
0192       5308 
0193       5308 
0194       5302 
0195       5298 
0196       5302 
0197       5304 
0198       5308 
0199       5308 
0200       5305 
0201       5305 
0202       5305 
0203       5308 
0204       5308 
0205       5308 
0206       5299 
0207       5298 
0208       5298 
0209       5305 
0210       5312 
0211       5312 
0212       5316 
0213       5317 
0214       5319 
0215       5322 
0216       5333 
0217       5333 
0218       5325 
0219       5325 
0220       5330 
0221       5337 
0222       5344 
0223       5344 
0224       5336 
0225       5336 
0226       5350 
0227       5353 
0228       5353 
0229       5360 
0230       5361 
0231       5361 
0232       5371 
0233       5372 
0234       5378 
0235       5389 
0236       5393 
0237       5398 
0238       5401 
0239       5408 
0240       5408 
0241       5404 
0242       5404 
0243       5418 
0244       5421 
0245       5423 
0246       5427 
0247       5442 
0248       5443 
0249       5455 
0250       5464 
0251       5464 
0252       5468 
0253       5468 
0254       5468 
0255       5489 
0256       5492 
0257       5503 
0258       5511 
0259       5507 
0260       5511 
0261       5532 
0262       5540 
0263       5545 
0264       5545 
0265       5549 
0266       5560 
0267       5569 
0268       5573 
0269       5586 
0270       5589 
0271       5602 
0272       5604 
0273       5615 
0274       5624 
0275       5634 
0276       5640 
0277       5645 
0278       5660 
0279       5682 
0280       5690 
0281       5690 
0282       5711 
0283       5712 
0284       5724 
0285       5729 
0286       5732 
0287       5737 
0288       5756 
0289       5771 
0290       5786 
0291       5790 
0292       5817 
0293       5820 
0294       5827 
0295       5844 
0296       5856 
0297       5857 
0298       5879 
0299       5896 
0300       5898 
0301       5929 
0302       5930 
0303       5947 
0304       5953 
0305       5970 
0306       5986 
0307       6014 
0308       6014 
0309       6028 
0310       6037 
0311       6064 
0312       6066 
0313       6089 
0314       6098 
0315       6116 
0316       6127 
0317       6137 
0318       6160 
0319       6187 
0320       6196 
0321       6213 
0322       6235 
0323       6261 
0324       6269 
0325       6283 
0326       6314 
0327       6316 
0328       6338 
0329       6364 
0330       6376 
0331       6385 
0332       6417 
0333       6431 
0334       6434 
0335       6472 
0336       6499 
0337       6517 
0338       6533 
0339       6553 
0340       6571 
0341       6607 
0342       6636 
0343       6642 
0344       6671 
0345       6686 
0346       6725 
0347       6752 
0348       6752 
0349       6789 
0350       10246 
0351       10304 
0352       10309 
0353       10355 
0354       10394 
0355       10436 
0356       10461 
0357       10492 
0358       10528 
0359       10584 
0360       10626 
0361       10676 
0362       10698 
0363       10768 
0364       10796 
0365       10835 
0366       10882 
0367       10882 
0368       10671 
0369       10440 
0370       10400 
0371       10279 
0372       10211 
0373       10108 
0374       10013 
0375       9871 
0376       9763 
0377       9669 
0378       9665 
0379       9624 
0380       9517 
0381       9475 
0382       9426 
0383       9389 
0384       9345 
0385       9303 
0386       9251 
0387       9197 
0388       9180 
0389       9157 
0390       9139 
0391       9122 
0392       9073 
0393       9056 
0394       9020 
0395       8980 
0396       8940 
0397       8917 
0398       8904 
0399       8889 
0400       8867 
0401       8859 
0402       8837 
0403       8816 
0404       8814 
0405       8780 
0406       8756 
0407       8750 
0408       8746 
0409       8733 
0410       8732 
0411       8729 
0412       8715 
0413       8715 
0414       8715 
0415       8725 
0416       8759 
0417       8759 
0418       8749 
0419       8749 
0420       8771 
0421       8799 
0422       8821 
0423       8855 
0424       8862 
0425       8865 
0426       8910 
0427       8990 
0428       9066 
0429       9118 
0430       9226 
0431       9304 
0432       9380 
0433       9493 
0434       9596 
0435       9720 
0436       9855 
0437       10061 
0438       10061 
0439       8520 
0440       8474 
0441       8474 
0442       8465 
0443       8381 
0444       8295 
0445       8277 
0446       8241 
0447       8241 
0448       8241 
0449       8216 
0450       8154 
0451       8142 
0452       8142 
0453       8099 
0454       8069 
0455       8069 
0456       8082 
0457       8082 
0458       8065 
0459       8021 
0460       7989 
0461       7982 
0462       7932 
0463       7909 
0464       7861 
0465       7861 
0466       7864 
0467       7864 
0468       7863 
0469       7827 
0470       7825 
0471       7788 
0472       7780 
0473       7780 
0474       7783 
0475       7783 
0476       7783 
0477       7785 
0478       7805 
0479       7811 
0480       7811 
0481       7837 
0482       7856 
0483       7924 
0484       7941 
0485       7958 
0486       7984 
0487       8025 
0488       8057 
0489       8112 
0490       8146 
0491       8243 
0492       8667 
0493       8702 
0494       8726 
0495       8726 
0496       8726 
0497       8718 
0498       8718 
0499       8757 
0500       8807 
0501       8885 
0502       8898 
0503       8932 
0504       8984 
0505       8984 
0506       8980 
0507       8980 
0508       8989 
0509       8989 
0510       8989 
0511       8993 
0512       8996 
0513       8996 
0514       8965 
0515       8957 
0516       8952 
0517       8952 
0518       8948 
0519       8943 
0520       8926 
0521       8926 
0522       8928 
0523       8928 
0524       8922 
0525       8906 
0526       8904 
0527       8892 
0528       8891 
0529       8891 
0530       8891 
0531       8877 
0532       8874 
0533       8872 
0534       8871 
0535       8871 
0536       8871 
0537       8864 
0538       8859 
0539       8859 
0540       8856 
0541       8856 
0542       8852 
0543       8846 
0544       8843 
0545       8840 
0546       8840 
0547       8843 
0548       8843 
0549       8843 
0550       8843 
0551       8844 
0552       8844 
0553       8831 
0554       8827 
0555       8824 
0556       8824 
0557       8845 
0558       8845 
0559       8841 
0560       8841 
0561       8847 
0562       8847 
0563       8845 
0564       8845 
0565       8847 
0566       8847 
0567       8847 
0568       8851 
0569       8851 
0570       8859 
0571       8858 
0572       8859 
0573       8862 
0574       8865 
0575       8865 
0576       8865 
0577       8869 
0578       8877 
0579       8880 
0580       8880 
0581       8880 
0582       8883 
0583       8883 
0584       8903 
0585       8908 
0586       8908 
0587       8901 
0588       8009 
0589       7980 
0590       7964 
0591       7860 
0592       7789 
0593       7756 
0594       7715 
0595       7677 
0596       7635 
0597       7617 
0598       7591 
0599       7591 
0600       7587 
0601       7581 
0602       7573 
0603       7572 
0604       7572 
0605       7578 
0606       7578 
0607       7566 
0608       7566 
0609       7565 
0610       7571 
0611       7584 
0612       7587 
0613       7601 
0614       7604 
0615       7612 
0616       7639 
0617       7646 
0618       7671 
0619       7696 
0620       7752 
0621       7788 
0622       7811 
0623       7839 
0624       7893 
0625       8914 
0626       8914 
0627       7936 
0628       7882 
0629       7882 
0630       9187 
0631       9220 
0632       9220 
0633       9077 
0634       8831 
0635       8777 
0636       7737 
0637       7728 
0638       7728 
0639       7704 
0640       7596 
0641       7541 
0642       7526 
0643       7515 
0644       7515 
0645       7548 
0646       7548 
0647       7549 
0648       7515 
0649       7549 
0650       7595 
0651       7860 
0652       7875 
0653       7875 
0654       7862 
0655       7862 
0656       7855 
0657       7874 
0658       7897 
0659       7941 
0660       7959 
0661       7976 
0662       7976 
0663       7947 
0664       7918 
0665       7900 
0666       7900 
0667       7904 
0668       7949 
0669       7996 
0670       8024 
0671       8039 
0672       8059 
0673       8067 
0674       8791 
0675       8899 
0676       9032 
0677       9076 
0678       9076 
0679       8942 
0680       8667 
0681       8667 
0682       8879 
0683       8932 
0684       8997 
0685       10571 
0686       10580 
0687       10603 
0688       10650 
0689       10690 
0690       10714 
0691       10736 
0692       10791 
0693       10809 
0694       10822 
0695       10867 
0696       10901 
0697       10914 
0698       10989 
0699       11019 
0700       11052 
0701       11087 
0702       11100 
0703       11132 
0704       11195 
0705       11244 
0706       11250 
0707       11284 
0708       11284 
0709       11284 
0710       11322 
0711       11416 
0712       11416 
0713       11361 
0714       11298 
0715       11172 
0716       11126 
0717       11123 
0718       10990 
0719       10811 
0720       10763 
0721       10753 
0722       10669 
0723       10669 
0724       10669 
0725       10581 
0726       10522 
0727       10520 
0728       10520 
0729       10565 
0730       10604 
0731       10608 
0732       10620 
0733       10663 
0734       10713 
0735       10725 
0736       10786 
0737       10820 
0738       10914 
0739       10991 
0740       10998 
0741       11098 
0742       11138 
0743       11191 
0744       11293 
0745       11300 
0746       12396 
0747       12396 
0748       12349 
0749       12346 
0750       12346 
0751       12346 
0752       12289 
0753       12289 
0754       12270 
0755       12195 
0756       12195 
0757       12195 
0758       12230 
0759       12230 
0760       12204 
0761       12166 
0762       12165 
0763       12103 
0764       12095 
0765       12095 
0766       12095 
0767       12093 
0768       12095 
0769       12113 
0770       12156 
0771       12221 
0772       12287 
0773       12336 
0774       12428 
0775       12484 
0776       12605 
0777       13405 
0778       13554 
0779       13603 
0780       13679 
0781       13726 
0782       13828 
0783       13884 
0784       14928 
0785       14928 
0786       14879 
0787       14828 
0788       14795 
0789       14745 
0790       14717 
0791       14663 
0792       14646 
0793       14646 
0794       14646 
0795       14706 
0796       14733 
0797       14733 
0798       14570 
0799       14529 
0800       14529 
0801       14529 
0802       14482 
0803       14475 
0804       14433 
0805       14399 
0806       14369 
0807       14332 
0808       14315 
0809       14248 
0810       14218 
0811       14197 
0812       14062 
0813       13929 
0814       13910 
0815       13860 
0816       13832 
0817       13803 
0818       13780 
0819       13753 
0820       13719 
0821       13711 
0822       13690 
0823       13627 
0824       13623 
0825       13605 
0826       13553 
0827       13548 
0828       13532 
0829       13509 
0830       13476 
0831       13446 
0832       13436 
0833       13414 
0834       13399 
0835       13376 
0836       13335 
0837       13317 
0838       13303 
0839       13302 
0840       13283 
0841       13260 
0842       13260 
0843       13281 
0844       13372 
0845       13379 
0846       13408 
0847       15301 
0848       15301 
0849       15260 
0850       15252 
0851       15240 
0852       15240 
0853       15387 
0854       15415 
0855       15387 
0856       1 
0857       1 
0858       1 
0859       1 
0860       1 
0861       1 
0862       1 
0863       1 
0864       12944 
0865       12944 
0866       12847 
0867       12846 
0868       12830 
0869       12825 
0870       12817 
0871       12789 
0872       12789 
0873       12789 
0874       12766 
0875       12766 
0876       12930 
0877       12934 
0878       12930 
0879       12914 
0880       12903 
0881       12900 
0882       12885 
0883       12884 
0884       12884 
0885       14873 
0886       14873 
0887       14856 
0888       1 
0889       1 
0890       1 
0891       1 
0892       1 
0893       1 
0894       1 
0895       1 
0896       1 
0897       1 
0898       1 
0899       1 
0900       1 
0901       1 
0902       1 
0903       1 
0904       1 
0905       1 
0906       1 
0907       1 
0908       1 
0909       1 
0910       1 
0911       1 
0912       1 
0913       1 
0914       1 
0915       1 
0916       1 
0917       1 
0918       1 
0919       1 
0920       1 
0921       1 
0922       1 
0923       1 
0924       1 
0925       1 
0926       1 
0927       1 
0928       1 
0929       1 
0930       1 
0931       1 
0932       1 
0933       1 
0934       1 
0935       1 
0936       1 
0937       1 
0938       1 
0939       1 
0940       1 
0941       1 
0942       1 
0943       1 
0944       1 
0945       1 
0946       1 
0947       1 
0948       1 
0949       1 
0950       1 
0951       1 
0952       1 
0953       1 
0954       1 
0955       1 
0956       1 
0957       1 
0958       1 
0959       1 
0960       1 
0961       1 
0962       1 
0963       1 
0964       1 
0965       1 
0966       1 
0967       1 
0968       1 
0969       1 
0970       1 
0971       1 
0972       1 
0973       1 
0974       1 
0975       1 
0976       1 
0977       1 
0978       1 
0979       1 
0980       1 
0981       1 
0982       1 
0983       1 
0984       1 
0985       1 
0986       1 
0987       1 
0988       1 
0989       1 
0990       1 
0991       1 
0992       1 
0993       1 
0994       1 
0995       1 
0996       1 
0997       1 
0998       1 
0999       1 
1000       1 
1001       1 
1002       1 
1003       1 
1004       1 
1005       1 
1006       1 
1007       1 
1008       4 
1009       51 
1010       59 
1011       51 
1012       59 
1013       66 
1014       66 
1015       62 
1016       62 
1017       51 
1018       46 
1019       51 
1020       48 
1021       51 
1022       48 
1023       51 
1024       51 
1025       59 
1026       60 
1027       64 
1028       64 
1029       60 
1030       58 
1031       52 
1032       52 
1033       52 
1034       58 
1035       69 
1036       69 
1037       70 
1038       69 
1039       69 
1040       70 
1041       60 
1042       60 
1043       60 
1044       65 
1045       65 
1046       65 
1047       67 
1048       67 
1049       66 
1050       63 
1051       63 
1052       63 
1053       63 
1054       65 
1055       71 
1056       71 
1057       67 
1058       67 
1059       66 
1060       64 
1061       64 
1062       66 
1063       66 
1064       65 
1065       65 
1066       65 
1067       65 
1068       67 
1069       67 
1070       68 
1071       68 
1072       68 
1073       66 
1074       71 
1075       67 
1076       67 
1077       67 
1078       67 
1079       63 
1297966700.060766
