0000       1 
0001       1 
0002       1 
0003       1 
0004       1 
0005       1 
0006       1 
0007       1 
0008       1 
0009       1 
0010       1 
0011       1 
0012       1 
0013       1 
0014       1 
0015       1 
0016       1 
0017       1 
0018       1 
0019       1 
0020       1 
0021       1 
0022       1 
0023       1 
0024       1 
0025       1 
0026       1 
0027       1 
0028       1 
0029       1 
0030       1 
0031       1 
0032       1 
0033       1 
0034       1 
0035       1 
0036       1 
0037       1 
0038       1 
0039       1 
0040       1 
0041       1 
0042       1 
0043       1 
0044       1 
0045       1 
0046       1 
0047       1 
0048       1 
0049       1 
0050       1 
0051       1 
0052       1 
0053       1 
0054       1 
0055       1 
0056       1 
0057       1 
0058       1 
0059       1 
0060       1 
0061       1 
0062       1 
0063       1 
0064       1 
0065       1 
0066       1 
0067       1 
0068       1 
0069       1 
0070       1 
0071       1 
0072       1 
0073       1 
0074       1 
0075       1 
0076       1 
0077       1 
0078       1 
0079       1 
0080       1 
0081       1 
0082       1 
0083       1 
0084       1 
0085       1 
0086       1 
0087       1 
0088       1 
0089       1 
0090       1 
0091       1 
0092       1 
0093       1 
0094       1 
0095       1 
0096       1 
0097       1 
0098       1 
0099       1 
0100       1 
0101       1 
0102       1 
0103       1 
0104       1 
0105       1 
0106       1 
0107       1 
0108       1 
0109       1 
0110       1 
0111       1 
0112       1 
0113       1 
0114       1 
0115       1 
0116       1 
0117       1 
0118       1 
0119       1 
0120       1 
0121       1 
0122       1 
0123       1 
0124       1 
0125       1 
0126       1 
0127       1 
0128       1 
0129       1 
0130       1 
0131       1 
0132       1 
0133       1 
0134       1 
0135       1 
0136       1 
0137       1 
0138       1 
0139       1 
0140       1 
0141       1 
0142       1 
0143       1 
0144       1 
0145       1 
0146       1 
0147       1 
0148       1 
0149       1 
0150       1 
0151       1 
0152       1 
0153       1 
0154       1 
0155       1 
0156       1 
0157       1 
0158       1 
0159       1 
0160       1 
0161       1 
0162       1 
0163       1 
0164       1 
0165       1 
0166       1 
0167       1 
0168       1 
0169       1 
0170       1 
0171       1 
0172       1 
0173       1 
0174       1 
0175       1 
0176       1 
0177       1 
0178       1 
0179       1 
0180       1 
0181       1 
0182       1 
0183       1 
0184       1 
0185       1 
0186       1 
0187       1 
0188       1 
0189       1 
0190       1 
0191       1 
0192       1 
0193       1 
0194       1 
0195       1 
0196       1 
0197       1 
0198       1 
0199       1 
0200       1 
0201       1 
0202       1 
0203       1 
0204       1 
0205       1 
0206       1 
0207       1 
0208       1 
0209       1 
0210       1 
0211       1 
0212       1 
0213       1 
0214       1 
0215       1 
0216       1 
0217       1 
0218       1 
0219       1 
0220       1 
0221       1 
0222       21699 
0223       21699 
0224       21676 
0225       1 
0226       1 
0227       1 
0228       1 
0229       1 
0230       1 
0231       1 
0232       1 
0233       1 
0234       1 
0235       1 
0236       1 
0237       1 
0238       1 
0239       1 
0240       1 
0241       1 
0242       1 
0243       1 
0244       1 
0245       1 
0246       1 
0247       1 
0248       1 
0249       1 
0250       1 
0251       1 
0252       1 
0253       1 
0254       1 
0255       1 
0256       1 
0257       1 
0258       1 
0259       1 
0260       1 
0261       1 
0262       1 
0263       1 
0264       1 
0265       1 
0266       1 
0267       1 
0268       1 
0269       1 
0270       1 
0271       1 
0272       1 
0273       1 
0274       1 
0275       1 
0276       1 
0277       1 
0278       1 
0279       1 
0280       1 
0281       1 
0282       1 
0283       1 
0284       1 
0285       1 
0286       1 
0287       1 
0288       1 
0289       1 
0290       1 
0291       1 
0292       1 
0293       1 
0294       1 
0295       1 
0296       1 
0297       17868 
0298       17868 
0299       17868 
0300       17759 
0301       17470 
0302       17333 
0303       17333 
0304       17202 
0305       17044 
0306       16686 
0307       16629 
0308       16629 
0309       16605 
0310       10349 
0311       10349 
0312       10349 
0313       10402 
0314       10423 
0315       10480 
0316       10480 
0317       10552 
0318       15229 
0319       15229 
0320       15091 
0321       14959 
0322       14812 
0323       14731 
0324       14656 
0325       14555 
0326       14468 
0327       14376 
0328       14294 
0329       14186 
0330       14111 
0331       13987 
0332       13946 
0333       13818 
0334       13780 
0335       13706 
0336       13628 
0337       13539 
0338       13455 
0339       13385 
0340       13313 
0341       13245 
0342       13158 
0343       13070 
0344       13045 
0345       12950 
0346       12902 
0347       12828 
0348       12766 
0349       12667 
0350       12648 
0351       12577 
0352       12503 
0353       12433 
0354       12376 
0355       12330 
0356       12277 
0357       12203 
0358       12156 
0359       12111 
0360       12054 
0361       12018 
0362       11952 
0363       11853 
0364       11843 
0365       11794 
0366       11747 
0367       11702 
0368       11661 
0369       11611 
0370       11534 
0371       11508 
0372       11440 
0373       11431 
0374       11431 
0375       11433 
0376       11433 
0377       11422 
0378       11410 
0379       11362 
0380       11318 
0381       11276 
0382       11216 
0383       11186 
0384       11154 
0385       11125 
0386       11077 
0387       11048 
0388       10989 
0389       10959 
0390       10923 
0391       10896 
0392       10859 
0393       10813 
0394       10769 
0395       10734 
0396       10705 
0397       10656 
0398       10631 
0399       10589 
0400       10574 
0401       10531 
0402       10482 
0403       10476 
0404       10444 
0405       10420 
0406       10372 
0407       10332 
0408       10320 
0409       10267 
0410       10257 
0411       10257 
0412       10191 
0413       10170 
0414       10153 
0415       10124 
0416       10080 
0417       10050 
0418       10045 
0419       9988 
0420       9987 
0421       9977 
0422       9931 
0423       9916 
0424       9886 
0425       9849 
0426       9831 
0427       9831 
0428       9765 
0429       9756 
0430       9752 
0431       9695 
0432       9683 
0433       9662 
0434       9627 
0435       9603 
0436       9596 
0437       9590 
0438       9552 
0439       9498 
0440       9498 
0441       9492 
0442       9469 
0443       9459 
0444       9438 
0445       9421 
0446       9380 
0447       9359 
0448       9332 
0449       9323 
0450       9306 
0451       9293 
0452       9280 
0453       9234 
0454       9221 
0455       9205 
0456       9201 
0457       9191 
0458       9162 
0459       9151 
0460       9128 
0461       9117 
0462       9104 
0463       9081 
0464       9072 
0465       9059 
0466       9043 
0467       9024 
0468       9005 
0469       9005 
0470       8997 
0471       8975 
0472       8946 
0473       8925 
0474       8924 
0475       8924 
0476       8923 
0477       8896 
0478       8882 
0479       8873 
0480       8866 
0481       8863 
0482       8847 
0483       8831 
0484       8806 
0485       8806 
0486       8803 
0487       8796 
0488       8784 
0489       8772 
0490       8772 
0491       8772 
0492       8760 
0493       8737 
0494       8737 
0495       8727 
0496       8722 
0497       8716 
0498       8709 
0499       8707 
0500       8693 
0501       8678 
0502       8677 
0503       8672 
0504       8669 
0505       8663 
0506       8651 
0507       8647 
0508       8645 
0509       8644 
0510       8622 
0511       8620 
0512       8619 
0513       8613 
0514       8605 
0515       8592 
0516       8580 
0517       8580 
0518       8580 
0519       8582 
0520       8570 
0521       8570 
0522       8566 
0523       8566 
0524       8566 
0525       8566 
0526       8555 
0527       8555 
0528       8555 
0529       8556 
0530       8556 
0531       8558 
0532       8558 
0533       8553 
0534       8545 
0535       8553 
0536       8554 
0537       8554 
0538       8554 
0539       8562 
0540       8562 
0541       8564 
0542       8565 
0543       8566 
0544       8570 
0545       8570 
0546       8560 
0547       8557 
0548       8560 
0549       8555 
0550       8573 
0551       8570 
0552       8578 
0553       8583 
0554       8583 
0555       8581 
0556       8578 
0557       8581 
0558       8578 
0559       8584 
0560       8584 
0561       8595 
0562       8603 
0563       8607 
0564       8617 
0565       8622 
0566       8622 
0567       8625 
0568       8633 
0569       8635 
0570       8638 
0571       8643 
0572       8645 
0573       8647 
0574       8652 
0575       8666 
0576       8670 
0577       8676 
0578       8676 
0579       8676 
0580       8688 
0581       8696 
0582       8696 
0583       8698 
0584       8707 
0585       8717 
0586       8723 
0587       8745 
0588       8748 
0589       8748 
0590       8762 
0591       8766 
0592       8771 
0593       8798 
0594       8778 
0595       8794 
0596       8794 
0597       8798 
0598       8821 
0599       8840 
0600       8853 
0601       8853 
0602       8844 
0603       8844 
0604       8859 
0605       8887 
0606       8918 
0607       8922 
0608       8931 
0609       8952 
0610       8970 
0611       8970 
0612       8990 
0613       9010 
0614       9015 
0615       9031 
0616       9053 
0617       9057 
0618       9058 
0619       9067 
0620       9078 
0621       9113 
0622       9124 
0623       9135 
0624       9138 
0625       9152 
0626       9159 
0627       9159 
0628       9161 
0629       9188 
0630       9217 
0631       9254 
0632       9257 
0633       9265 
0634       9287 
0635       9308 
0636       9327 
0637       9346 
0638       9357 
0639       9391 
0640       9408 
0641       9410 
0642       9423 
0643       9444 
0644       9466 
0645       9478 
0646       9479 
0647       9516 
0648       9543 
0649       9562 
0650       9590 
0651       9595 
0652       9617 
0653       9638 
0654       9654 
0655       9679 
0656       9703 
0657       9729 
0658       9750 
0659       9781 
0660       9804 
0661       9821 
0662       9859 
0663       9889 
0664       9907 
0665       9936 
0666       9957 
0667       9989 
0668       10013 
0669       10040 
0670       10060 
0671       10089 
0672       10114 
0673       10142 
0674       10169 
0675       10209 
0676       10219 
0677       10261 
0678       10299 
0679       10332 
0680       10370 
0681       10388 
0682       10412 
0683       10448 
0684       10511 
0685       10536 
0686       10546 
0687       10551 
0688       10619 
0689       10662 
0690       10666 
0691       10731 
0692       10752 
0693       10800 
0694       10811 
0695       10839 
0696       10905 
0697       10942 
0698       11000 
0699       11044 
0700       11047 
0701       11076 
0702       11163 
0703       11170 
0704       11209 
0705       11277 
0706       11316 
0707       11363 
0708       11397 
0709       11457 
0710       11480 
0711       11547 
0712       11558 
0713       11609 
0714       11619 
0715       11626 
0716       11660 
0717       11676 
0718       11693 
0719       11733 
0720       11736 
0721       11791 
0722       11835 
0723       11915 
0724       11935 
0725       11993 
0726       12026 
0727       12090 
0728       12137 
0729       12190 
0730       12220 
0731       12279 
0732       12293 
0733       12364 
0734       12461 
0735       12461 
0736       9248 
0737       9226 
0738       9226 
0739       9248 
0740       9309 
0741       9324 
0742       9375 
0743       9419 
0744       9488 
0745       9536 
0746       9577 
0747       9650 
0748       9669 
0749       9692 
0750       9726 
0751       9760 
0752       9775 
0753       9811 
0754       9844 
0755       9870 
0756       9933 
0757       9979 
0758       10041 
0759       10121 
0760       10168 
0761       10220 
0762       10290 
0763       10290 
0764       1 
0765       1 
0766       1 
0767       1 
0768       1 
0769       7003 
0770       7003 
0771       7002 
0772       6983 
0773       6941 
0774       6903 
0775       6845 
0776       6811 
0777       6770 
0778       6769 
0779       6721 
0780       6669 
0781       6618 
0782       6563 
0783       6534 
0784       6484 
0785       6453 
0786       6364 
0787       6319 
0788       6308 
0789       6243 
0790       6243 
0791       6259 
0792       6263 
0793       6265 
0794       6293 
0795       6334 
0796       6399 
0797       6457 
0798       6536 
0799       6599 
0800       6657 
0801       6739 
0802       6784 
0803       6840 
0804       6913 
0805       7016 
0806       7108 
0807       7182 
0808       7311 
0809       7445 
0810       7556 
0811       7663 
0812       7784 
0813       7811 
0814       7813 
0815       7813 
0816       7947 
0817       8046 
0818       8163 
0819       8477 
0820       8609 
0821       8705 
0822       8808 
0823       8875 
0824       8994 
0825       9069 
0826       9208 
0827       9327 
0828       9507 
0829       9618 
0830       9754 
0831       9880 
0832       9980 
0833       10102 
0834       10281 
0835       10419 
0836       10557 
0837       10636 
0838       10850 
0839       11030 
0840       11277 
0841       11452 
0842       11609 
0843       11808 
0844       11974 
0845       12196 
0846       12406 
0847       12688 
0848       12949 
0849       13159 
0850       13362 
0851       13698 
0852       13896 
0853       14152 
0854       14484 
0855       14729 
0856       14893 
0857       14893 
0858       1 
0859       1 
0860       1 
0861       1 
0862       1 
0863       1 
0864       1 
0865       1 
0866       1 
0867       1 
0868       1 
0869       1 
0870       1 
0871       1 
0872       1 
0873       1 
0874       1 
0875       1 
0876       1 
0877       1 
0878       1 
0879       1 
0880       1 
0881       1 
0882       1 
0883       1 
0884       1 
0885       1 
0886       1 
0887       1 
0888       1 
0889       1 
0890       1 
0891       1 
0892       1 
0893       1 
0894       1 
0895       1 
0896       1 
0897       1 
0898       1 
0899       1 
0900       1 
0901       1 
0902       1 
0903       1 
0904       1 
0905       1 
0906       1 
0907       1 
0908       1 
0909       25788 
0910       25788 
0911       25928 
0912       25788 
0913       25788 
0914       25928 
0915       25977 
0916       25977 
0917       25777 
0918       25807 
0919       25807 
0920       25989 
0921       25989 
0922       1 
0923       1 
0924       1 
0925       1 
0926       1 
0927       1 
0928       1 
0929       1 
0930       1 
0931       1 
0932       1 
0933       1 
0934       1 
0935       1 
0936       1 
0937       1 
0938       1 
0939       1 
0940       1 
0941       1 
0942       1 
0943       1 
0944       1 
0945       1 
0946       1 
0947       1 
0948       1 
0949       1 
0950       1 
0951       1 
0952       1 
0953       1 
0954       1 
0955       1 
0956       1 
0957       1 
0958       1 
0959       1 
0960       1 
0961       1 
0962       1 
0963       1 
0964       1 
0965       1 
0966       1 
0967       1 
0968       1 
0969       1 
0970       1 
0971       1 
0972       1 
0973       1 
0974       1 
0975       1 
0976       1 
0977       1 
0978       1 
0979       1 
0980       1 
0981       1 
0982       1 
0983       1 
0984       1 
0985       1 
0986       1 
0987       1 
0988       1 
0989       1 
0990       1 
0991       1 
0992       1 
0993       1 
0994       1 
0995       1 
0996       1 
0997       1 
0998       1 
0999       1 
1000       1 
1001       1 
1002       1 
1003       1 
1004       1 
1005       1 
1006       1 
1007       1 
1008       4 
1009       4 
1010       44 
1011       49 
1012       49 
1013       49 
1014       49 
1015       44 
1016       43 
1017       43 
1018       44 
1019       44 
1020       62 
1021       62 
1022       62 
1023       59 
1024       57 
1025       57 
1026       59 
1027       65 
1028       65 
1029       65 
1030       54 
1031       53 
1032       53 
1033       54 
1034       64 
1035       67 
1036       75 
1037       75 
1038       75 
1039       75 
1040       71 
1041       71 
1042       68 
1043       68 
1044       65 
1045       64 
1046       64 
1047       64 
1048       64 
1049       64 
1050       61 
1051       59 
1052       59 
1053       59 
1054       65 
1055       66 
1056       66 
1057       67 
1058       65 
1059       62 
1060       62 
1061       63 
1062       63 
1063       70 
1064       74 
1065       74 
1066       74 
1067       70 
1068       70 
1069       70 
1070       75 
1071       76 
1072       76 
1073       76 
1074       76 
1075       69 
1076       69 
1077       69 
1078       69 
1079       65 
1297966628.760318
