0000       1 
0001       1 
0002       1 
0003       1 
0004       1 
0005       1 
0006       1 
0007       1 
0008       1 
0009       1 
0010       1 
0011       1 
0012       1 
0013       1 
0014       1 
0015       1 
0016       1 
0017       1 
0018       1 
0019       1 
0020       1 
0021       1 
0022       1 
0023       1 
0024       1 
0025       1 
0026       1 
0027       1 
0028       1 
0029       1 
0030       1 
0031       1 
0032       1 
0033       1 
0034       1 
0035       1 
0036       1 
0037       1 
0038       1 
0039       1 
0040       1 
0041       1 
0042       1 
0043       1 
0044       1 
0045       1 
0046       1 
0047       1 
0048       1 
0049       1 
0050       1 
0051       1 
0052       1 
0053       1 
0054       1 
0055       1 
0056       1 
0057       1 
0058       1 
0059       1 
0060       1 
0061       1 
0062       1 
0063       1 
0064       1 
0065       1 
0066       1 
0067       1 
0068       1 
0069       1 
0070       1 
0071       1 
0072       1 
0073       1 
0074       1 
0075       1 
0076       1 
0077       1 
0078       1 
0079       1 
0080       1 
0081       1 
0082       19275 
0083       19275 
0084       19275 
0085       19209 
0086       18812 
0087       18440 
0088       18440 
0089       18440 
0090       18492 
0091       18560 
0092       18560 
0093       18145 
0094       18126 
0095       18145 
0096       18215 
0097       18215 
0098       18183 
0099       18183 
0100       18113 
0101       17714 
0102       17701 
0103       17701 
0104       1 
0105       1 
0106       17430 
0107       17430 
0108       17430 
0109       17430 
0110       1 
0111       1 
0112       1 
0113       17510 
0114       17510 
0115       17510 
0116       1 
0117       1 
0118       1 
0119       1 
0120       1 
0121       16589 
0122       16589 
0123       16589 
0124       16813 
0125       16813 
0126       1 
0127       1 
0128       1 
0129       1 
0130       1 
0131       1 
0132       17082 
0133       17141 
0134       17141 
0135       16360 
0136       16350 
0137       16350 
0138       1 
0139       1 
0140       1 
0141       1 
0142       1 
0143       1 
0144       16384 
0145       16384 
0146       16384 
0147       16363 
0148       17014 
0149       17014 
0150       17014 
0151       1 
0152       1 
0153       1 
0154       1 
0155       1 
0156       1 
0157       1 
0158       1 
0159       1 
0160       1 
0161       1 
0162       16687 
0163       16716 
0164       16716 
0165       1 
0166       1 
0167       1 
0168       17631 
0169       17631 
0170       1 
0171       1 
0172       1 
0173       17012 
0174       17012 
0175       16278 
0176       16213 
0177       16205 
0178       16079 
0179       16205 
0180       16205 
0181       16083 
0182       15978 
0183       15726 
0184       1 
0185       1 
0186       1 
0187       1 
0188       1 
0189       16662 
0190       16767 
0191       16767 
0192       16723 
0193       1 
0194       1 
0195       1 
0196       1 
0197       17892 
0198       17892 
0199       17944 
0200       17892 
0201       17397 
0202       1 
0203       1 
0204       17197 
0205       17197 
0206       17197 
0207       1 
0208       1 
0209       1 
0210       17928 
0211       18018 
0212       17928 
0213       17949 
0214       17942 
0215       17949 
0216       17942 
0217       1 
0218       1 
0219       1 
0220       1 
0221       1 
0222       1 
0223       1 
0224       1 
0225       1 
0226       1 
0227       21914 
0228       21914 
0229       21696 
0230       21112 
0231       1 
0232       1 
0233       1 
0234       1 
0235       20229 
0236       20229 
0237       20229 
0238       20110 
0239       19869 
0240       19715 
0241       19551 
0242       19373 
0243       19205 
0244       19083 
0245       18930 
0246       18766 
0247       18586 
0248       1 
0249       1 
0250       1 
0251       1 
0252       17562 
0253       17562 
0254       17497 
0255       17453 
0256       17358 
0257       17245 
0258       17095 
0259       16968 
0260       16847 
0261       16666 
0262       16566 
0263       16474 
0264       16381 
0265       16296 
0266       16190 
0267       16152 
0268       16010 
0269       15932 
0270       15860 
0271       15768 
0272       15596 
0273       15544 
0274       15499 
0275       15389 
0276       15296 
0277       15208 
0278       15152 
0279       15121 
0280       14984 
0281       14857 
0282       14731 
0283       14631 
0284       14586 
0285       14555 
0286       14552 
0287       14439 
0288       14363 
0289       14314 
0290       14211 
0291       14179 
0292       14099 
0293       14056 
0294       13955 
0295       13883 
0296       13827 
0297       13786 
0298       13708 
0299       13652 
0300       13599 
0301       13514 
0302       13454 
0303       13418 
0304       13356 
0305       13273 
0306       13245 
0307       13165 
0308       13108 
0309       13028 
0310       13014 
0311       12904 
0312       12866 
0313       12800 
0314       12767 
0315       12699 
0316       12636 
0317       12601 
0318       12544 
0319       12488 
0320       12435 
0321       12396 
0322       12327 
0323       12286 
0324       12228 
0325       12206 
0326       12158 
0327       12114 
0328       12076 
0329       12042 
0330       11980 
0331       11946 
0332       11907 
0333       11881 
0334       11827 
0335       11776 
0336       11720 
0337       11692 
0338       11660 
0339       11622 
0340       11602 
0341       11564 
0342       11504 
0343       11443 
0344       11436 
0345       11416 
0346       11350 
0347       11344 
0348       11297 
0349       11261 
0350       11231 
0351       11194 
0352       11186 
0353       11145 
0354       11110 
0355       11069 
0356       11036 
0357       11013 
0358       10963 
0359       10948 
0360       10918 
0361       10893 
0362       10863 
0363       10836 
0364       10794 
0365       10767 
0366       10736 
0367       10720 
0368       10697 
0369       10649 
0370       10643 
0371       10625 
0372       10596 
0373       10545 
0374       10536 
0375       10512 
0376       10485 
0377       10482 
0378       10445 
0379       10428 
0380       10377 
0381       10365 
0382       10355 
0383       10321 
0384       10320 
0385       10269 
0386       10268 
0387       10253 
0388       10235 
0389       10223 
0390       10178 
0391       10174 
0392       10155 
0393       10124 
0394       10105 
0395       10096 
0396       10068 
0397       10053 
0398       10027 
0399       10006 
0400       9992 
0401       9975 
0402       9970 
0403       9967 
0404       9919 
0405       9898 
0406       9894 
0407       9888 
0408       9863 
0409       9857 
0410       9844 
0411       9787 
0412       9779 
0413       9775 
0414       9775 
0415       9752 
0416       9742 
0417       9706 
0418       9705 
0419       9673 
0420       9662 
0421       9641 
0422       9635 
0423       9619 
0424       9611 
0425       9601 
0426       9591 
0427       9577 
0428       9569 
0429       9557 
0430       9544 
0431       9518 
0432       9515 
0433       9515 
0434       9506 
0435       9487 
0436       9475 
0437       9468 
0438       9468 
0439       9468 
0440       9441 
0441       9430 
0442       9418 
0443       9415 
0444       9395 
0445       9396 
0446       9389 
0447       9372 
0448       9366 
0449       9351 
0450       9341 
0451       9342 
0452       9341 
0453       9341 
0454       9329 
0455       9319 
0456       9315 
0457       9299 
0458       9288 
0459       9288 
0460       9277 
0461       9277 
0462       9264 
0463       9239 
0464       9239 
0465       9259 
0466       9261 
0467       9259 
0468       9236 
0469       9236 
0470       9236 
0471       9221 
0472       9221 
0473       9221 
0474       9226 
0475       9210 
0476       9219 
0477       9213 
0478       9213 
0479       9209 
0480       9204 
0481       9197 
0482       9196 
0483       9196 
0484       9196 
0485       9195 
0486       9193 
0487       9195 
0488       9195 
0489       9195 
0490       9187 
0491       9187 
0492       9185 
0493       9185 
0494       9181 
0495       9181 
0496       9183 
0497       9207 
0498       9207 
0499       9211 
0500       9214 
0501       9214 
0502       9204 
0503       9204 
0504       9215 
0505       9216 
0506       9218 
0507       9223 
0508       9220 
0509       9220 
0510       9219 
0511       9219 
0512       9252 
0513       9252 
0514       9250 
0515       9237 
0516       9237 
0517       9251 
0518       9257 
0519       9257 
0520       9278 
0521       9279 
0522       9290 
0523       9301 
0524       9302 
0525       9304 
0526       9314 
0527       9314 
0528       9333 
0529       9337 
0530       9337 
0531       9355 
0532       9370 
0533       9382 
0534       9382 
0535       9382 
0536       9391 
0537       9403 
0538       9413 
0539       9431 
0540       9439 
0541       9445 
0542       9461 
0543       9472 
0544       9494 
0545       9495 
0546       9513 
0547       9519 
0548       9538 
0549       9550 
0550       9566 
0551       9578 
0552       9590 
0553       9599 
0554       9605 
0555       9606 
0556       9637 
0557       9660 
0558       9672 
0559       9698 
0560       9703 
0561       9707 
0562       9744 
0563       9750 
0564       9762 
0565       9782 
0566       9791 
0567       9804 
0568       9827 
0569       9828 
0570       9876 
0571       9885 
0572       9901 
0573       9921 
0574       9932 
0575       9938 
0576       9955 
0577       9980 
0578       9992 
0579       10006 
0580       10012 
0581       10030 
0582       10054 
0583       10067 
0584       10073 
0585       10132 
0586       10153 
0587       10157 
0588       10159 
0589       10192 
0590       10215 
0591       10239 
0592       10246 
0593       10257 
0594       10284 
0595       10324 
0596       10328 
0597       10360 
0598       10384 
0599       10418 
0600       10423 
0601       10467 
0602       10467 
0603       10445 
0604       10415 
0605       10395 
0606       10365 
0607       7600 
0608       7600 
0609       7600 
0610       5348 
0611       5190 
0612       4993 
0613       4922 
0614       4885 
0615       4885 
0616       4885 
0617       4885 
0618       4885 
0619       2909 
0620       2838 
0621       2805 
0622       2711 
0623       2617 
0624       2532 
0625       2440 
0626       2366 
0627       2090 
0628       1849 
0629       1849 
0630       1849 
0631       1861 
0632       1883 
0633       1883 
0634       1883 
0635       1819 
0636       1760 
0637       1739 
0638       1733 
0639       1732 
0640       1732 
0641       1734 
0642       1734 
0643       1740 
0644       1746 
0645       1754 
0646       1766 
0647       1766 
0648       1783 
0649       1797 
0650       1797 
0651       1802 
0652       1820 
0653       1826 
0654       1826 
0655       1835 
0656       1837 
0657       1859 
0658       1869 
0659       1870 
0660       1887 
0661       1894 
0662       1895 
0663       1908 
0664       1921 
0665       1921 
0666       1921 
0667       1868 
0668       1752 
0669       1688 
0670       1688 
0671       1688 
0672       1752 
0673       1882 
0674       1983 
0675       1983 
0676       1983 
0677       1947 
0678       1579 
0679       1483 
0680       1483 
0681       1483 
0682       1510 
0683       1580 
0684       1966 
0685       2224 
0686       2263 
0687       2277 
0688       2286 
0689       2286 
0690       2286 
0691       2286 
0692       2043 
0693       1288 
0694       1274 
0695       1274 
0696       1274 
0697       1331 
0698       2032 
0699       2166 
0700       2435 
0701       2445 
0702       2473 
0703       2502 
0704       2509 
0705       2514 
0706       2520 
0707       2514 
0708       2514 
0709       1016 
0710       1003 
0711       999 
0712       997 
0713       991 
0714       991 
0715       987 
0716       988 
0717       988 
0718       987 
0719       979 
0720       976 
0721       976 
0722       976 
0723       975 
0724       975 
0725       960 
0726       958 
0727       958 
0728       958 
0729       958 
0730       958 
0731       954 
0732       952 
0733       950 
0734       950 
0735       948 
0736       944 
0737       944 
0738       917 
0739       866 
0740       831 
0741       827 
0742       815 
0743       813 
0744       813 
0745       815 
0746       823 
0747       827 
0748       834 
0749       835 
0750       835 
0751       835 
0752       856 
0753       3610 
0754       3610 
0755       3610 
0756       3609 
0757       3609 
0758       3609 
0759       3621 
0760       3649 
0761       3698 
0762       3710 
0763       3756 
0764       3780 
0765       3808 
0766       3875 
0767       10125 
0768       10221 
0769       10318 
0770       10482 
0771       10638 
0772       10749 
0773       10749 
0774       10749 
0775       10873 
0776       11323 
0777       11494 
0778       11682 
0779       11722 
0780       11826 
0781       11849 
0782       11826 
0783       11826 
0784       3666 
0785       3666 
0786       3682 
0787       3682 
0788       3682 
0789       3682 
0790       1 
0791       1 
0792       1 
0793       1 
0794       1 
0795       1 
0796       1 
0797       3640 
0798       1 
0799       1 
0800       1 
0801       1 
0802       1 
0803       1 
0804       1 
0805       1 
0806       1 
0807       1 
0808       1 
0809       1 
0810       1 
0811       1 
0812       1 
0813       1 
0814       1 
0815       1 
0816       1 
0817       1 
0818       1 
0819       1 
0820       1 
0821       1 
0822       1 
0823       3644 
0824       3644 
0825       3644 
0826       1 
0827       1 
0828       1 
0829       1 
0830       1 
0831       1 
0832       1 
0833       1 
0834       1 
0835       1 
0836       1 
0837       1 
0838       1 
0839       1 
0840       1 
0841       1 
0842       1 
0843       1 
0844       1 
0845       1 
0846       1 
0847       1 
0848       1 
0849       1 
0850       1 
0851       1 
0852       1 
0853       1 
0854       1 
0855       1 
0856       1 
0857       1 
0858       1 
0859       1 
0860       1 
0861       1 
0862       1 
0863       1 
0864       1 
0865       1 
0866       1 
0867       1 
0868       1 
0869       1 
0870       1 
0871       1 
0872       1 
0873       1 
0874       1 
0875       1 
0876       1 
0877       1 
0878       1 
0879       1 
0880       1 
0881       1 
0882       1 
0883       1 
0884       1 
0885       1 
0886       1 
0887       1 
0888       1 
0889       1 
0890       1 
0891       1 
0892       1 
0893       1 
0894       1 
0895       1 
0896       1 
0897       1 
0898       1 
0899       1 
0900       1 
0901       1 
0902       1 
0903       1 
0904       1 
0905       1 
0906       1 
0907       1 
0908       1 
0909       1 
0910       1 
0911       1 
0912       1 
0913       1 
0914       1 
0915       1 
0916       1 
0917       1 
0918       1 
0919       1 
0920       1 
0921       1 
0922       1 
0923       1 
0924       1 
0925       1 
0926       1 
0927       1 
0928       1 
0929       1 
0930       1 
0931       1 
0932       1 
0933       1 
0934       1 
0935       1 
0936       1 
0937       1 
0938       1 
0939       1 
0940       1 
0941       1 
0942       1 
0943       1 
0944       1 
0945       1 
0946       1 
0947       1 
0948       1 
0949       1 
0950       1 
0951       1 
0952       1 
0953       1 
0954       1 
0955       1 
0956       1 
0957       1 
0958       1 
0959       1 
0960       1 
0961       1 
0962       1 
0963       1 
0964       1 
0965       1 
0966       1 
0967       1 
0968       1 
0969       1 
0970       1 
0971       1 
0972       1 
0973       1 
0974       1 
0975       1 
0976       1 
0977       1 
0978       1 
0979       1 
0980       1 
0981       1 
0982       1 
0983       1 
0984       1 
0985       1 
0986       1 
0987       1 
0988       1 
0989       1 
0990       1 
0991       1 
0992       1 
0993       1 
0994       1 
0995       1 
0996       1 
0997       1 
0998       1 
0999       1 
1000       1 
1001       1 
1002       1 
1003       1 
1004       1 
1005       1 
1006       4 
1007       4 
1008       4 
1009       4 
1010       4 
1011       4 
1012       43 
1013       43 
1014       43 
1015       44 
1016       53 
1017       57 
1018       60 
1019       60 
1020       60 
1021       54 
1022       54 
1023       53 
1024       53 
1025       61 
1026       61 
1027       59 
1028       59 
1029       58 
1030       56 
1031       56 
1032       53 
1033       56 
1034       56 
1035       58 
1036       67 
1037       74 
1038       74 
1039       74 
1040       73 
1041       73 
1042       70 
1043       70 
1044       70 
1045       70 
1046       70 
1047       70 
1048       72 
1049       72 
1050       72 
1051       71 
1052       71 
1053       66 
1054       71 
1055       71 
1056       73 
1057       73 
1058       73 
1059       73 
1060       73 
1061       72 
1062       64 
1063       64 
1064       64 
1065       64 
1066       61 
1067       61 
1068       65 
1069       66 
1070       66 
1071       72 
1072       72 
1073       62 
1074       62 
1075       62 
1076       62 
1077       64 
1078       71 
1079       71 
1297966615.348306
