0000       1 
0001       1 
0002       1 
0003       1 
0004       1 
0005       1 
0006       1 
0007       1 
0008       1 
0009       1 
0010       1 
0011       1 
0012       1 
0013       1 
0014       1 
0015       1 
0016       1 
0017       1 
0018       1 
0019       1 
0020       1 
0021       1 
0022       1 
0023       1 
0024       1 
0025       1 
0026       1 
0027       1 
0028       1 
0029       1 
0030       1 
0031       1 
0032       1 
0033       1 
0034       1 
0035       1 
0036       1 
0037       1 
0038       1 
0039       1 
0040       1 
0041       1 
0042       1 
0043       1 
0044       1 
0045       1 
0046       1 
0047       1 
0048       1 
0049       1 
0050       1 
0051       1 
0052       1 
0053       1 
0054       1 
0055       1 
0056       1 
0057       1 
0058       1 
0059       1 
0060       1 
0061       1 
0062       1 
0063       1 
0064       1 
0065       1 
0066       1 
0067       1 
0068       1 
0069       1 
0070       1 
0071       1 
0072       1 
0073       1 
0074       1 
0075       1 
0076       1 
0077       1 
0078       1 
0079       1 
0080       1 
0081       1 
0082       1 
0083       1 
0084       1 
0085       1 
0086       1 
0087       1 
0088       1 
0089       1 
0090       1 
0091       1 
0092       1 
0093       1 
0094       1 
0095       1 
0096       1 
0097       1 
0098       1 
0099       1 
0100       1 
0101       1 
0102       1 
0103       1 
0104       1 
0105       1 
0106       1 
0107       1 
0108       1 
0109       1 
0110       1 
0111       1 
0112       1 
0113       1 
0114       1 
0115       1 
0116       1 
0117       1 
0118       1 
0119       1 
0120       1 
0121       1 
0122       1 
0123       1 
0124       1 
0125       1 
0126       1 
0127       1 
0128       1 
0129       1 
0130       1 
0131       1 
0132       1 
0133       1 
0134       1 
0135       1 
0136       1 
0137       1 
0138       1 
0139       1 
0140       1 
0141       1 
0142       1 
0143       1 
0144       1 
0145       1 
0146       1 
0147       1 
0148       1 
0149       1 
0150       1 
0151       1 
0152       1 
0153       1 
0154       1 
0155       1 
0156       1 
0157       1 
0158       1 
0159       1 
0160       1 
0161       1 
0162       1 
0163       1 
0164       1 
0165       1 
0166       1 
0167       1 
0168       1 
0169       1 
0170       1 
0171       1 
0172       1 
0173       1 
0174       1 
0175       1 
0176       1 
0177       1 
0178       1 
0179       1 
0180       1 
0181       1 
0182       1 
0183       20557 
0184       20557 
0185       20053 
0186       1 
0187       1 
0188       1 
0189       1 
0190       1 
0191       1 
0192       1 
0193       1 
0194       1 
0195       20155 
0196       20155 
0197       1 
0198       1 
0199       1 
0200       1 
0201       1 
0202       1 
0203       1 
0204       1 
0205       1 
0206       1 
0207       1 
0208       1 
0209       19846 
0210       19846 
0211       1 
0212       1 
0213       1 
0214       1 
0215       1 
0216       1 
0217       1 
0218       1 
0219       1 
0220       1 
0221       1 
0222       1 
0223       1 
0224       1 
0225       1 
0226       1 
0227       1 
0228       1 
0229       1 
0230       1 
0231       1 
0232       1 
0233       1 
0234       1 
0235       1 
0236       1 
0237       1 
0238       1 
0239       1 
0240       1 
0241       1 
0242       1 
0243       19184 
0244       19184 
0245       18698 
0246       18614 
0247       18614 
0248       1 
0249       1 
0250       1 
0251       1 
0252       1 
0253       1 
0254       1 
0255       1 
0256       1 
0257       1 
0258       1 
0259       1 
0260       1 
0261       1 
0262       1 
0263       19502 
0264       19502 
0265       1 
0266       1 
0267       1 
0268       1 
0269       1 
0270       1 
0271       1 
0272       1 
0273       1 
0274       1 
0275       1 
0276       1 
0277       1 
0278       1 
0279       1 
0280       1 
0281       1 
0282       1 
0283       1 
0284       1 
0285       1 
0286       1 
0287       1 
0288       1 
0289       1 
0290       1 
0291       1 
0292       1 
0293       1 
0294       1 
0295       21813 
0296       21813 
0297       21167 
0298       1 
0299       1 
0300       20516 
0301       20516 
0302       20516 
0303       1 
0304       1 
0305       1 
0306       1 
0307       1 
0308       19161 
0309       19161 
0310       19161 
0311       18793 
0312       18652 
0313       18652 
0314       18426 
0315       17946 
0316       1 
0317       1 
0318       1 
0319       1 
0320       1 
0321       1 
0322       17355 
0323       17355 
0324       17256 
0325       17133 
0326       17018 
0327       16886 
0328       16742 
0329       16484 
0330       16367 
0331       16367 
0332       16247 
0333       16198 
0334       16065 
0335       15930 
0336       15857 
0337       15748 
0338       15560 
0339       15473 
0340       15385 
0341       15319 
0342       15205 
0343       15114 
0344       15020 
0345       14932 
0346       14810 
0347       14739 
0348       14659 
0349       14547 
0350       14470 
0351       14432 
0352       14298 
0353       14204 
0354       14140 
0355       14052 
0356       13978 
0357       13911 
0358       13838 
0359       13761 
0360       13694 
0361       13602 
0362       13525 
0363       13486 
0364       13433 
0365       13352 
0366       13263 
0367       13235 
0368       13127 
0369       13115 
0370       13010 
0371       12967 
0372       12922 
0373       12822 
0374       12766 
0375       12710 
0376       12665 
0377       12589 
0378       12526 
0379       12465 
0380       12432 
0381       12411 
0382       12327 
0383       12261 
0384       12191 
0385       12186 
0386       12116 
0387       12047 
0388       12045 
0389       11970 
0390       11922 
0391       11871 
0392       11854 
0393       11800 
0394       11731 
0395       11693 
0396       11690 
0397       11608 
0398       11576 
0399       11506 
0400       11479 
0401       11426 
0402       11404 
0403       11346 
0404       11306 
0405       11272 
0406       11208 
0407       11181 
0408       11158 
0409       11124 
0410       11098 
0411       11045 
0412       11002 
0413       10967 
0414       10915 
0415       10906 
0416       10834 
0417       10821 
0418       10788 
0419       10748 
0420       10707 
0421       10672 
0422       10643 
0423       10608 
0424       10592 
0425       10561 
0426       10527 
0427       10501 
0428       10455 
0429       10439 
0430       10412 
0431       10377 
0432       10349 
0433       10286 
0434       10262 
0435       10260 
0436       10228 
0437       10199 
0438       10191 
0439       10152 
0440       10114 
0441       10086 
0442       10067 
0443       10049 
0444       10003 
0445       9991 
0446       9960 
0447       9928 
0448       9881 
0449       9879 
0450       9878 
0451       9846 
0452       9820 
0453       9795 
0454       9789 
0455       9731 
0456       9720 
0457       9708 
0458       9689 
0459       9668 
0460       9622 
0461       9611 
0462       9570 
0463       9560 
0464       9550 
0465       9531 
0466       9515 
0467       9490 
0468       9474 
0469       9447 
0470       9435 
0471       9430 
0472       9399 
0473       9392 
0474       9391 
0475       9360 
0476       9332 
0477       9304 
0478       9299 
0479       9295 
0480       9276 
0481       9240 
0482       9240 
0483       9230 
0484       9199 
0485       9199 
0486       9170 
0487       9167 
0488       9166 
0489       9129 
0490       9129 
0491       9099 
0492       9092 
0493       9080 
0494       9073 
0495       9043 
0496       9027 
0497       9018 
0498       9027 
0499       9018 
0500       9002 
0501       8995 
0502       8976 
0503       8959 
0504       8953 
0505       8933 
0506       8932 
0507       8925 
0508       8923 
0509       8904 
0510       8888 
0511       8888 
0512       8888 
0513       8864 
0514       8853 
0515       8838 
0516       8838 
0517       8832 
0518       8830 
0519       8830 
0520       8830 
0521       8821 
0522       8817 
0523       8801 
0524       8801 
0525       8800 
0526       8800 
0527       8779 
0528       8779 
0529       8764 
0530       8761 
0531       8761 
0532       8756 
0533       8755 
0534       8750 
0535       8749 
0536       8737 
0537       8732 
0538       8736 
0539       8732 
0540       8732 
0541       8732 
0542       8731 
0543       8733 
0544       8711 
0545       8720 
0546       8715 
0547       8715 
0548       8709 
0549       8702 
0550       8706 
0551       8702 
0552       8696 
0553       8696 
0554       8696 
0555       8696 
0556       8695 
0557       8695 
0558       8707 
0559       8707 
0560       8694 
0561       8688 
0562       8684 
0563       8684 
0564       8696 
0565       8696 
0566       8683 
0567       8683 
0568       8701 
0569       8701 
0570       8700 
0571       8700 
0572       8711 
0573       8711 
0574       8712 
0575       8712 
0576       8726 
0577       8736 
0578       8731 
0579       8736 
0580       8731 
0581       8738 
0582       8760 
0583       8760 
0584       8753 
0585       8745 
0586       8745 
0587       8748 
0588       8750 
0589       8750 
0590       8758 
0591       8778 
0592       8778 
0593       8775 
0594       8775 
0595       8783 
0596       8790 
0597       8799 
0598       8828 
0599       8833 
0600       8833 
0601       8835 
0602       8835 
0603       8835 
0604       8855 
0605       8865 
0606       8878 
0607       8878 
0608       8878 
0609       8890 
0610       8900 
0611       8912 
0612       8912 
0613       8921 
0614       8926 
0615       8945 
0616       8955 
0617       8961 
0618       8966 
0619       8969 
0620       8987 
0621       8989 
0622       8992 
0623       9011 
0624       9015 
0625       9024 
0626       9036 
0627       9063 
0628       9072 
0629       9081 
0630       9092 
0631       9096 
0632       9114 
0633       9133 
0634       9139 
0635       9149 
0636       9174 
0637       9185 
0638       9209 
0639       9212 
0640       9216 
0641       9240 
0642       9259 
0643       9284 
0644       9290 
0645       9302 
0646       9308 
0647       9344 
0648       9357 
0649       9377 
0650       9385 
0651       9391 
0652       9418 
0653       9428 
0654       9452 
0655       9459 
0656       9460 
0657       9459 
0658       9430 
0659       9415 
0660       9394 
0661       9394 
0662       9411 
0663       9425 
0664       9439 
0665       9475 
0666       9487 
0667       9491 
0668       9491 
0669       6957 
0670       6957 
0671       6958 
0672       6975 
0673       6996 
0674       7006 
0675       7009 
0676       7042 
0677       7063 
0678       7073 
0679       7073 
0680       7063 
0681       7062 
0682       7059 
0683       7048 
0684       7048 
0685       7050 
0686       7065 
0687       7070 
0688       7070 
0689       4685 
0690       4634 
0691       4606 
0692       4568 
0693       4515 
0694       4429 
0695       4402 
0696       4338 
0697       4269 
0698       4217 
0699       4173 
0700       4130 
0701       4006 
0702       3939 
0703       3894 
0704       3860 
0705       3829 
0706       3808 
0707       3765 
0708       3739 
0709       3731 
0710       3731 
0711       3731 
0712       3738 
0713       3750 
0714       3772 
0715       3773 
0716       3801 
0717       3823 
0718       3833 
0719       3851 
0720       3858 
0721       3885 
0722       3891 
0723       3923 
0724       3930 
0725       3939 
0726       3959 
0727       3984 
0728       3997 
0729       4016 
0730       4033 
0731       4063 
0732       4083 
0733       4126 
0734       4175 
0735       4219 
0736       4266 
0737       4289 
0738       4308 
0739       4345 
0740       4361 
0741       4372 
0742       4388 
0743       4433 
0744       4443 
0745       4496 
0746       4505 
0747       4510 
0748       4538 
0749       4562 
0750       4614 
0751       4627 
0752       4655 
0753       4684 
0754       4698 
0755       4739 
0756       4770 
0757       4775 
0758       4808 
0759       4831 
0760       4838 
0761       4882 
0762       4899 
0763       4940 
0764       4967 
0765       5000 
0766       5012 
0767       5051 
0768       5082 
0769       5102 
0770       5117 
0771       5150 
0772       5186 
0773       5209 
0774       5245 
0775       5283 
0776       5292 
0777       5328 
0778       5349 
0779       5388 
0780       5419 
0781       5451 
0782       5519 
0783       5542 
0784       5590 
0785       5594 
0786       5619 
0787       5665 
0788       5717 
0789       5753 
0790       5813 
0791       5853 
0792       5886 
0793       5939 
0794       5978 
0795       6005 
0796       6065 
0797       6139 
0798       6170 
0799       6223 
0800       6244 
0801       6310 
0802       6351 
0803       6408 
0804       6474 
0805       6489 
0806       6569 
0807       6626 
0808       6672 
0809       6748 
0810       6779 
0811       6857 
0812       6922 
0813       6984 
0814       7037 
0815       7077 
0816       7122 
0817       7195 
0818       7262 
0819       7326 
0820       7407 
0821       7458 
0822       7505 
0823       7587 
0824       7678 
0825       7755 
0826       7856 
0827       7932 
0828       7999 
0829       8056 
0830       8164 
0831       8170 
0832       8179 
0833       8247 
0834       8359 
0835       8482 
0836       8661 
0837       8829 
0838       8985 
0839       9109 
0840       9235 
0841       9334 
0842       9456 
0843       9655 
0844       9783 
0845       9945 
0846       10059 
0847       10224 
0848       10378 
0849       10472 
0850       10592 
0851       10708 
0852       10850 
0853       10977 
0854       11072 
0855       11276 
0856       11489 
0857       11647 
0858       11834 
0859       12013 
0860       12274 
0861       12455 
0862       12633 
0863       12849 
0864       13009 
0865       13307 
0866       13549 
0867       13767 
0868       14058 
0869       14471 
0870       14471 
0871       1 
0872       1 
0873       1 
0874       15658 
0875       15658 
0876       15658 
0877       15658 
0878       23816 
0879       23816 
0880       23815 
0881       23782 
0882       23771 
0883       23779 
0884       23779 
0885       23779 
0886       23762 
0887       23762 
0888       23748 
0889       23727 
0890       23656 
0891       23656 
0892       23846 
0893       23848 
0894       23846 
0895       23839 
0896       23837 
0897       23822 
0898       23810 
0899       23800 
0900       23800 
0901       23800 
0902       23784 
0903       23766 
0904       23766 
0905       23772 
0906       23772 
0907       23724 
0908       23666 
0909       23658 
0910       23666 
0911       23668 
0912       23678 
0913       23695 
0914       23711 
0915       23711 
0916       23709 
0917       23701 
0918       23701 
0919       23693 
0920       1 
0921       1 
0922       1 
0923       1 
0924       1 
0925       1 
0926       1 
0927       1 
0928       1 
0929       1 
0930       1 
0931       1 
0932       1 
0933       1 
0934       1 
0935       1 
0936       1 
0937       1 
0938       1 
0939       1 
0940       1 
0941       1 
0942       1 
0943       1 
0944       1 
0945       1 
0946       1 
0947       1 
0948       1 
0949       1 
0950       1 
0951       1 
0952       1 
0953       1 
0954       1 
0955       1 
0956       1 
0957       1 
0958       1 
0959       1 
0960       1 
0961       1 
0962       1 
0963       1 
0964       1 
0965       1 
0966       1 
0967       1 
0968       1 
0969       1 
0970       1 
0971       1 
0972       1 
0973       1 
0974       1 
0975       1 
0976       1 
0977       1 
0978       1 
0979       1 
0980       1 
0981       1 
0982       1 
0983       1 
0984       1 
0985       1 
0986       1 
0987       1 
0988       1 
0989       1 
0990       1 
0991       1 
0992       1 
0993       1 
0994       1 
0995       1 
0996       1 
0997       1 
0998       1 
0999       1 
1000       1 
1001       1 
1002       1 
1003       1 
1004       1 
1005       1 
1006       4 
1007       4 
1008       4 
1009       58 
1010       4 
1011       70 
1012       74 
1013       70 
1014       68 
1015       68 
1016       62 
1017       60 
1018       53 
1019       4 
1020       53 
1021       53 
1022       53 
1023       54 
1024       60 
1025       60 
1026       60 
1027       60 
1028       60 
1029       59 
1030       50 
1031       48 
1032       48 
1033       48 
1034       68 
1035       69 
1036       70 
1037       71 
1038       71 
1039       71 
1040       71 
1041       72 
1042       72 
1043       71 
1044       72 
1045       72 
1046       71 
1047       71 
1048       70 
1049       70 
1050       70 
1051       70 
1052       66 
1053       65 
1054       65 
1055       65 
1056       65 
1057       65 
1058       69 
1059       66 
1060       66 
1061       66 
1062       70 
1063       66 
1064       70 
1065       66 
1066       66 
1067       62 
1068       62 
1069       62 
1070       70 
1071       70 
1072       73 
1073       73 
1074       73 
1075       77 
1076       73 
1077       77 
1078       71 
1079       71 
1297966620.302011
