0000       1 
0001       1 
0002       1 
0003       1 
0004       1 
0005       1 
0006       1 
0007       1 
0008       1 
0009       1 
0010       1 
0011       1 
0012       1 
0013       1 
0014       1 
0015       1 
0016       1 
0017       1 
0018       1 
0019       1 
0020       1 
0021       1 
0022       1 
0023       1 
0024       1 
0025       1 
0026       1 
0027       1 
0028       1 
0029       1 
0030       1 
0031       1 
0032       1 
0033       1 
0034       1 
0035       1 
0036       1 
0037       1 
0038       1 
0039       1 
0040       1 
0041       1 
0042       1 
0043       1 
0044       1 
0045       1 
0046       1 
0047       1 
0048       1 
0049       1 
0050       1 
0051       1 
0052       1 
0053       1 
0054       1 
0055       1 
0056       1 
0057       1 
0058       1 
0059       1 
0060       1 
0061       1 
0062       1 
0063       1 
0064       1 
0065       1 
0066       1 
0067       1 
0068       1 
0069       1 
0070       1 
0071       1 
0072       1 
0073       1 
0074       1 
0075       1 
0076       1 
0077       1 
0078       1 
0079       1 
0080       1 
0081       1 
0082       1 
0083       1 
0084       1 
0085       1 
0086       1 
0087       1 
0088       1 
0089       1 
0090       1 
0091       1 
0092       1 
0093       1 
0094       1 
0095       1 
0096       1 
0097       1 
0098       1 
0099       1 
0100       1 
0101       1 
0102       1 
0103       1 
0104       1 
0105       1 
0106       1 
0107       1 
0108       1 
0109       1 
0110       1 
0111       1 
0112       1 
0113       1 
0114       1 
0115       1 
0116       1 
0117       1 
0118       1 
0119       1 
0120       1 
0121       1 
0122       1 
0123       1 
0124       1 
0125       1 
0126       1 
0127       1 
0128       1 
0129       1 
0130       1 
0131       1 
0132       1 
0133       1 
0134       1 
0135       1 
0136       1 
0137       1 
0138       1 
0139       1 
0140       19743 
0141       19743 
0142       19706 
0143       19689 
0144       19669 
0145       19646 
0146       19642 
0147       19614 
0148       19573 
0149       19537 
0150       19528 
0151       19512 
0152       1 
0153       1 
0154       1 
0155       1 
0156       19372 
0157       19372 
0158       19372 
0159       19371 
0160       19364 
0161       19345 
0162       19319 
0163       19319 
0164       19303 
0165       13578 
0166       13578 
0167       13570 
0168       13561 
0169       13557 
0170       13533 
0171       13524 
0172       13517 
0173       13507 
0174       13503 
0175       13497 
0176       13486 
0177       13478 
0178       13462 
0179       13463 
0180       13462 
0181       13457 
0182       13446 
0183       13445 
0184       13445 
0185       13444 
0186       13444 
0187       13428 
0188       13232 
0189       13219 
0190       13212 
0191       13219 
0192       13212 
0193       13203 
0194       13197 
0195       13197 
0196       13205 
0197       13213 
0198       13275 
0199       13340 
0200       13347 
0201       13347 
0202       13347 
0203       13346 
0204       13343 
0205       13338 
0206       13338 
0207       13341 
0208       13350 
0209       13356 
0210       13357 
0211       13357 
0212       13335 
0213       13335 
0214       13335 
0215       13337 
0216       13338 
0217       13352 
0218       13377 
0219       13377 
0220       13263 
0221       13248 
0222       13236 
0223       13236 
0224       13236 
0225       13234 
0226       13230 
0227       13234 
0228       13249 
0229       13249 
0230       13249 
0231       13255 
0232       13258 
0233       13260 
0234       13289 
0235       13295 
0236       13295 
0237       12749 
0238       12749 
0239       12749 
0240       12749 
0241       12764 
0242       12885 
0243       13347 
0244       13357 
0245       13357 
0246       12834 
0247       12834 
0248       12834 
0249       12834 
0250       12834 
0251       12846 
0252       13457 
0253       13464 
0254       13541 
0255       13683 
0256       13686 
0257       13713 
0258       13717 
0259       13725 
0260       13730 
0261       13753 
0262       13779 
0263       13789 
0264       13793 
0265       13811 
0266       13812 
0267       13841 
0268       13865 
0269       13876 
0270       13881 
0271       13903 
0272       13905 
0273       13925 
0274       13925 
0275       13891 
0276       13850 
0277       13849 
0278       13849 
0279       13873 
0280       13880 
0281       13905 
0282       13917 
0283       13950 
0284       13960 
0285       13983 
0286       13999 
0287       14010 
0288       14034 
0289       14082 
0290       14082 
0291       13915 
0292       13805 
0293       13805 
0294       14184 
0295       14213 
0296       14213 
0297       14243 
0298       14274 
0299       14320 
0300       14337 
0301       14353 
0302       14382 
0303       14427 
0304       14451 
0305       14504 
0306       14709 
0307       14709 
0308       14790 
0309       14802 
0310       14843 
0311       14868 
0312       14883 
0313       14918 
0314       14964 
0315       15013 
0316       15021 
0317       15069 
0318       15112 
0319       15112 
0320       12051 
0321       12011 
0322       11852 
0323       11776 
0324       11696 
0325       11627 
0326       11543 
0327       11439 
0328       11343 
0329       11266 
0330       11168 
0331       11096 
0332       11009 
0333       10934 
0334       10843 
0335       10776 
0336       10708 
0337       10606 
0338       10541 
0339       10480 
0340       10404 
0341       10326 
0342       10269 
0343       10206 
0344       10142 
0345       10087 
0346       10030 
0347       9954 
0348       9894 
0349       9850 
0350       9824 
0351       9758 
0352       9744 
0353       9680 
0354       9663 
0355       9649 
0356       9615 
0357       9601 
0358       9571 
0359       9551 
0360       9538 
0361       9520 
0362       9490 
0363       9466 
0364       9446 
0365       9445 
0366       9424 
0367       9415 
0368       9409 
0369       9369 
0370       9368 
0371       9337 
0372       9332 
0373       9275 
0374       9272 
0375       9265 
0376       9265 
0377       9250 
0378       9250 
0379       9204 
0380       9160 
0381       9160 
0382       9160 
0383       9126 
0384       9119 
0385       9105 
0386       9103 
0387       9090 
0388       9090 
0389       9063 
0390       9060 
0391       9047 
0392       9046 
0393       9045 
0394       9045 
0395       9049 
0396       9059 
0397       9085 
0398       9102 
0399       9138 
0400       9169 
0401       9214 
0402       9240 
0403       9290 
0404       9332 
0405       9381 
0406       9432 
0407       9490 
0408       9537 
0409       9577 
0410       9639 
0411       9689 
0412       9753 
0413       9813 
0414       9851 
0415       9917 
0416       9970 
0417       10022 
0418       10090 
0419       10148 
0420       10198 
0421       10271 
0422       10319 
0423       10366 
0424       10443 
0425       10507 
0426       10566 
0427       10619 
0428       10676 
0429       10708 
0430       10708 
0431       10666 
0432       10605 
0433       10595 
0434       10566 
0435       10564 
0436       10524 
0437       10449 
0438       10445 
0439       10395 
0440       10394 
0441       10394 
0442       10338 
0443       10325 
0444       10280 
0445       10255 
0446       10252 
0447       10202 
0448       10201 
0449       10185 
0450       10141 
0451       10093 
0452       10078 
0453       10044 
0454       10032 
0455       10009 
0456       9980 
0457       9967 
0458       9957 
0459       9923 
0460       9909 
0461       9875 
0462       9866 
0463       9807 
0464       9795 
0465       9789 
0466       9759 
0467       9748 
0468       9716 
0469       9701 
0470       9679 
0471       9673 
0472       9654 
0473       9652 
0474       9594 
0475       9593 
0476       9564 
0477       9550 
0478       9550 
0479       9542 
0480       9506 
0481       9475 
0482       9467 
0483       9467 
0484       9476 
0485       9486 
0486       9476 
0487       9463 
0488       9450 
0489       9445 
0490       9438 
0491       9413 
0492       9372 
0493       9372 
0494       9372 
0495       9372 
0496       9345 
0497       9327 
0498       9327 
0499       9309 
0500       9302 
0501       9291 
0502       9256 
0503       9256 
0504       9242 
0505       9231 
0506       9231 
0507       9225 
0508       9215 
0509       9196 
0510       9190 
0511       9186 
0512       9179 
0513       9166 
0514       9145 
0515       9128 
0516       9119 
0517       9119 
0518       9103 
0519       9103 
0520       9103 
0521       9071 
0522       9069 
0523       9069 
0524       9066 
0525       9055 
0526       9044 
0527       9030 
0528       9030 
0529       9019 
0530       9021 
0531       9009 
0532       9009 
0533       9002 
0534       9002 
0535       9004 
0536       9004 
0537       8988 
0538       8975 
0539       8974 
0540       8974 
0541       8965 
0542       8963 
0543       8947 
0544       8947 
0545       8946 
0546       6426 
0547       6409 
0548       6426 
0549       6455 
0550       6457 
0551       6462 
0552       6462 
0553       6463 
0554       6469 
0555       6467 
0556       6467 
0557       6458 
0558       6430 
0559       6430 
0560       6437 
0561       6451 
0562       6452 
0563       6451 
0564       6447 
0565       6447 
0566       6450 
0567       6456 
0568       6455 
0569       6455 
0570       6427 
0571       6427 
0572       6439 
0573       6449 
0574       6450 
0575       6455 
0576       6455 
0577       6455 
0578       6452 
0579       6452 
0580       6452 
0581       6440 
0582       6432 
0583       6432 
0584       6449 
0585       6458 
0586       6460 
0587       6458 
0588       6466 
0589       6463 
0590       6466 
0591       6466 
0592       6466 
0593       6458 
0594       6458 
0595       6466 
0596       6488 
0597       6493 
0598       6494 
0599       6503 
0600       6509 
0601       6509 
0602       6511 
0603       6519 
0604       6519 
0605       6513 
0606       6513 
0607       6516 
0608       6543 
0609       6548 
0610       6553 
0611       6555 
0612       6556 
0613       6559 
0614       6559 
0615       6559 
0616       6553 
0617       6555 
0618       6555 
0619       6572 
0620       6592 
0621       6603 
0622       6610 
0623       6615 
0624       6618 
0625       6641 
0626       6641 
0627       6639 
0628       6639 
0629       6640 
0630       6650 
0631       6682 
0632       6682 
0633       6704 
0634       6712 
0635       6716 
0636       6722 
0637       6722 
0638       6724 
0639       6724 
0640       6735 
0641       6755 
0642       6772 
0643       6780 
0644       6786 
0645       6797 
0646       6819 
0647       6833 
0648       6835 
0649       6835 
0650       6842 
0651       6843 
0652       6876 
0653       6888 
0654       6902 
0655       6912 
0656       6918 
0657       6933 
0658       6959 
0659       6959 
0660       6961 
0661       6966 
0662       6980 
0663       7007 
0664       7025 
0665       7042 
0666       7050 
0667       7069 
0668       7085 
0669       7085 
0670       7085 
0671       7089 
0672       7136 
0673       7149 
0674       7165 
0675       7168 
0676       7202 
0677       7207 
0678       7223 
0679       7232 
0680       7233 
0681       7243 
0682       7277 
0683       7295 
0684       7318 
0685       7344 
0686       7361 
0687       7374 
0688       7377 
0689       7382 
0690       7408 
0691       7462 
0692       7472 
0693       7490 
0694       7511 
0695       7536 
0696       7536 
0697       7553 
0698       7557 
0699       7588 
0700       7650 
0701       7653 
0702       7681 
0703       7693 
0704       7726 
0705       7729 
0706       7735 
0707       7767 
0708       7800 
0709       7839 
0710       7845 
0711       7896 
0712       7909 
0713       7931 
0714       7935 
0715       7957 
0716       8024 
0717       8058 
0718       8072 
0719       8110 
0720       8122 
0721       8125 
0722       8125 
0723       8206 
0724       8239 
0725       8260 
0726       8304 
0727       8321 
0728       8330 
0729       8339 
0730       8385 
0731       8439 
0732       8473 
0733       8520 
0734       8543 
0735       8556 
0736       8563 
0737       8643 
0738       8694 
0739       8708 
0740       8740 
0741       8779 
0742       8779 
0743       8821 
0744       8866 
0745       8919 
0746       8966 
0747       9007 
0748       9009 
0749       9011 
0750       9110 
0751       9152 
0752       9195 
0753       9235 
0754       9263 
0755       9274 
0756       9339 
0757       9406 
0758       9435 
0759       9478 
0760       9488 
0761       9539 
0762       9613 
0763       9674 
0764       9713 
0765       9729 
0766       9744 
0767       9729 
0768       9783 
0769       13421 
0770       13481 
0771       13523 
0772       13636 
0773       13690 
0774       13764 
0775       13819 
0776       13891 
0777       13991 
0778       14077 
0779       14166 
0780       14205 
0781       14310 
0782       14376 
0783       14494 
0784       14494 
0785       14494 
0786       1 
0787       1 
0788       1 
0789       1 
0790       1 
0791       1 
0792       15323 
0793       15324 
0794       15324 
0795       15275 
0796       15224 
0797       15198 
0798       15143 
0799       15085 
0800       15081 
0801       15005 
0802       14997 
0803       14937 
0804       14909 
0805       14882 
0806       14842 
0807       14798 
0808       14750 
0809       14721 
0810       14692 
0811       14662 
0812       14618 
0813       14593 
0814       14548 
0815       14512 
0816       14474 
0817       14464 
0818       14427 
0819       14384 
0820       14358 
0821       14311 
0822       14297 
0823       14282 
0824       14242 
0825       14202 
0826       14172 
0827       14134 
0828       14118 
0829       14096 
0830       14063 
0831       14024 
0832       14002 
0833       13983 
0834       13893 
0835       13710 
0836       13710 
0837       13710 
0838       14298 
0839       14298 
0840       14377 
0841       14704 
0842       14704 
0843       1 
0844       1 
0845       1 
0846       1 
0847       1 
0848       1 
0849       1 
0850       1 
0851       1 
0852       1 
0853       1 
0854       1 
0855       1 
0856       1 
0857       1 
0858       1 
0859       1 
0860       1 
0861       1 
0862       1 
0863       1 
0864       1 
0865       1 
0866       1 
0867       1 
0868       1 
0869       1 
0870       1 
0871       1 
0872       1 
0873       1 
0874       1 
0875       1 
0876       1 
0877       1 
0878       1 
0879       1 
0880       1 
0881       1 
0882       1 
0883       1 
0884       1 
0885       1 
0886       1 
0887       1 
0888       1 
0889       1 
0890       1 
0891       1 
0892       1 
0893       1 
0894       1 
0895       1 
0896       1 
0897       1 
0898       1 
0899       1 
0900       1 
0901       1 
0902       1 
0903       16774 
0904       16774 
0905       1 
0906       1 
0907       1 
0908       1 
0909       1 
0910       1 
0911       1 
0912       1 
0913       1 
0914       1 
0915       1 
0916       1 
0917       1 
0918       1 
0919       1 
0920       1 
0921       1 
0922       1 
0923       1 
0924       1 
0925       1 
0926       1 
0927       1 
0928       1 
0929       1 
0930       1 
0931       1 
0932       1 
0933       1 
0934       1 
0935       1 
0936       1 
0937       1 
0938       1 
0939       1 
0940       1 
0941       1 
0942       1 
0943       1 
0944       1 
0945       1 
0946       1 
0947       1 
0948       1 
0949       1 
0950       1 
0951       1 
0952       1 
0953       1 
0954       1 
0955       1 
0956       1 
0957       1 
0958       1 
0959       1 
0960       1 
0961       1 
0962       1 
0963       1 
0964       1 
0965       1 
0966       1 
0967       1 
0968       1 
0969       1 
0970       1 
0971       1 
0972       1 
0973       1 
0974       1 
0975       1 
0976       1 
0977       1 
0978       1 
0979       1 
0980       1 
0981       1 
0982       1 
0983       1 
0984       1 
0985       1 
0986       1 
0987       1 
0988       1 
0989       1 
0990       1 
0991       1 
0992       1 
0993       1 
0994       1 
0995       1 
0996       1 
0997       1 
0998       1 
0999       1 
1000       1 
1001       1 
1002       1 
1003       1 
1004       1 
1005       1 
1006       1 
1007       4 
1008       4 
1009       53 
1010       53 
1011       53 
1012       43 
1013       53 
1014       43 
1015       43 
1016       43 
1017       53 
1018       41 
1019       53 
1020       59 
1021       59 
1022       59 
1023       59 
1024       59 
1025       60 
1026       64 
1027       64 
1028       64 
1029       64 
1030       51 
1031       51 
1032       55 
1033       57 
1034       57 
1035       66 
1036       66 
1037       70 
1038       69 
1039       70 
1040       69 
1041       69 
1042       68 
1043       68 
1044       68 
1045       68 
1046       68 
1047       68 
1048       68 
1049       67 
1050       65 
1051       61 
1052       67 
1053       67 
1054       69 
1055       69 
1056       69 
1057       65 
1058       65 
1059       65 
1060       65 
1061       65 
1062       68 
1063       64 
1064       64 
1065       67 
1066       68 
1067       67 
1068       67 
1069       65 
1070       65 
1071       65 
1072       67 
1073       69 
1074       69 
1075       67 
1076       67 
1077       69 
1078       66 
1079       66 
1297966681.222608
