0000       1 
0001       1 
0002       1 
0003       1 
0004       1 
0005       1 
0006       1 
0007       1 
0008       1 
0009       1 
0010       1 
0011       1 
0012       1 
0013       1 
0014       1 
0015       1 
0016       1 
0017       1 
0018       1 
0019       1 
0020       1 
0021       1 
0022       1 
0023       1 
0024       1 
0025       1 
0026       1 
0027       1 
0028       1 
0029       1 
0030       1 
0031       1 
0032       1 
0033       1 
0034       1 
0035       1 
0036       1 
0037       1 
0038       1 
0039       1 
0040       1 
0041       1 
0042       1 
0043       1 
0044       1 
0045       1 
0046       1 
0047       1 
0048       1 
0049       1 
0050       1 
0051       1 
0052       1 
0053       1 
0054       1 
0055       1 
0056       1 
0057       1 
0058       1 
0059       1 
0060       1 
0061       1 
0062       1 
0063       1 
0064       1 
0065       1 
0066       1 
0067       1 
0068       1 
0069       1 
0070       1 
0071       1 
0072       1 
0073       1 
0074       1 
0075       1 
0076       1 
0077       1 
0078       1 
0079       1 
0080       1 
0081       1 
0082       1 
0083       1 
0084       1 
0085       1 
0086       1 
0087       1 
0088       1 
0089       1 
0090       1 
0091       1 
0092       1 
0093       1 
0094       1 
0095       1 
0096       1 
0097       1 
0098       1 
0099       1 
0100       1 
0101       1 
0102       1 
0103       1 
0104       1 
0105       1 
0106       1 
0107       1 
0108       1 
0109       1 
0110       1 
0111       1 
0112       1 
0113       1 
0114       1 
0115       1 
0116       1 
0117       1 
0118       1 
0119       1 
0120       1 
0121       1 
0122       1 
0123       1 
0124       1 
0125       1 
0126       1 
0127       1 
0128       1 
0129       1 
0130       1 
0131       1 
0132       1 
0133       1 
0134       1 
0135       1 
0136       1 
0137       1 
0138       1 
0139       1 
0140       1 
0141       1 
0142       1 
0143       1 
0144       1 
0145       1 
0146       1 
0147       1 
0148       1 
0149       1 
0150       1 
0151       1 
0152       1 
0153       1 
0154       1 
0155       1 
0156       1 
0157       1 
0158       1 
0159       1 
0160       1 
0161       1 
0162       1 
0163       1 
0164       1 
0165       1 
0166       1 
0167       1 
0168       1 
0169       1 
0170       1 
0171       1 
0172       1 
0173       1 
0174       1 
0175       1 
0176       1 
0177       1 
0178       1 
0179       1 
0180       1 
0181       1 
0182       1 
0183       1 
0184       1 
0185       1 
0186       1 
0187       1 
0188       1 
0189       1 
0190       1 
0191       1 
0192       1 
0193       1 
0194       1 
0195       1 
0196       1 
0197       1 
0198       1 
0199       1 
0200       1 
0201       1 
0202       1 
0203       1 
0204       1 
0205       1 
0206       1 
0207       1 
0208       1 
0209       1 
0210       1 
0211       1 
0212       1 
0213       1 
0214       1 
0215       1 
0216       1 
0217       1 
0218       1 
0219       1 
0220       1 
0221       1 
0222       1 
0223       1 
0224       1 
0225       1 
0226       1 
0227       1 
0228       1 
0229       1 
0230       1 
0231       1 
0232       1 
0233       1 
0234       1 
0235       1 
0236       1 
0237       1 
0238       1 
0239       1 
0240       1 
0241       1 
0242       1 
0243       1 
0244       1 
0245       1 
0246       1 
0247       1 
0248       1 
0249       1 
0250       1 
0251       1 
0252       1 
0253       1 
0254       1 
0255       1 
0256       1 
0257       1 
0258       1 
0259       1 
0260       1 
0261       1 
0262       1 
0263       1 
0264       1 
0265       1 
0266       1 
0267       1 
0268       1 
0269       1 
0270       1 
0271       15276 
0272       15276 
0273       15123 
0274       14930 
0275       14812 
0276       14683 
0277       14539 
0278       14368 
0279       14239 
0280       14093 
0281       13992 
0282       13830 
0283       13760 
0284       13598 
0285       13458 
0286       13339 
0287       13256 
0288       13147 
0289       13055 
0290       12933 
0291       12841 
0292       12673 
0293       12569 
0294       12493 
0295       12367 
0296       12257 
0297       12214 
0298       12058 
0299       11980 
0300       11873 
0301       11804 
0302       11717 
0303       11618 
0304       11560 
0305       11477 
0306       11363 
0307       11320 
0308       11218 
0309       11161 
0310       11078 
0311       10968 
0312       10893 
0313       10841 
0314       10761 
0315       10684 
0316       10628 
0317       10533 
0318       10478 
0319       10453 
0320       10359 
0321       10278 
0322       10246 
0323       10167 
0324       10098 
0325       10036 
0326       10001 
0327       9925 
0328       9849 
0329       9786 
0330       9756 
0331       9670 
0332       9606 
0333       9601 
0334       9517 
0335       9477 
0336       9390 
0337       9352 
0338       9267 
0339       9230 
0340       9205 
0341       9145 
0342       9102 
0343       9080 
0344       9022 
0345       8973 
0346       8941 
0347       8879 
0348       8832 
0349       8806 
0350       8739 
0351       8720 
0352       8691 
0353       8630 
0354       8595 
0355       8538 
0356       8536 
0357       8485 
0358       8474 
0359       8407 
0360       8350 
0361       8337 
0362       8301 
0363       8255 
0364       8226 
0365       8181 
0366       8140 
0367       8109 
0368       8067 
0369       8045 
0370       8037 
0371       7968 
0372       7930 
0373       7904 
0374       7879 
0375       7857 
0376       7826 
0377       7808 
0378       7755 
0379       7729 
0380       7713 
0381       7676 
0382       7663 
0383       7654 
0384       7585 
0385       7567 
0386       7531 
0387       7521 
0388       7479 
0389       7415 
0390       7259 
0391       7161 
0392       7138 
0393       7086 
0394       7086 
0395       7110 
0396       7148 
0397       7194 
0398       7233 
0399       7271 
0400       7322 
0401       7371 
0402       7416 
0403       7463 
0404       7504 
0405       7552 
0406       7609 
0407       7652 
0408       7709 
0409       7750 
0410       7806 
0411       7863 
0412       7909 
0413       7973 
0414       8020 
0415       8079 
0416       8140 
0417       8209 
0418       8266 
0419       8326 
0420       8389 
0421       8457 
0422       8521 
0423       8591 
0424       8651 
0425       8714 
0426       8795 
0427       8857 
0428       8932 
0429       9014 
0430       9076 
0431       9147 
0432       9222 
0433       9304 
0434       9395 
0435       9475 
0436       9503 
0437       9503 
0438       9490 
0439       9455 
0440       9446 
0441       9440 
0442       9386 
0443       9374 
0444       9365 
0445       9347 
0446       9337 
0447       9309 
0448       9303 
0449       9292 
0450       9257 
0451       9239 
0452       9222 
0453       9205 
0454       9202 
0455       9180 
0456       9155 
0457       9144 
0458       9121 
0459       9107 
0460       9106 
0461       9101 
0462       9083 
0463       9083 
0464       9142 
0465       9180 
0466       9180 
0467       9180 
0468       9169 
0469       9141 
0470       9131 
0471       9119 
0472       9118 
0473       9103 
0474       9091 
0475       9074 
0476       9041 
0477       9041 
0478       9031 
0479       9028 
0480       9028 
0481       9028 
0482       9006 
0483       8998 
0484       8965 
0485       8953 
0486       8953 
0487       8948 
0488       8941 
0489       8936 
0490       8932 
0491       8909 
0492       8896 
0493       8895 
0494       8881 
0495       8879 
0496       8871 
0497       8865 
0498       8863 
0499       8852 
0500       8833 
0501       8833 
0502       8832 
0503       8817 
0504       8817 
0505       8812 
0506       8813 
0507       8792 
0508       8792 
0509       8788 
0510       8779 
0511       8773 
0512       8769 
0513       8759 
0514       8759 
0515       8759 
0516       8757 
0517       8752 
0518       8752 
0519       8741 
0520       8737 
0521       8737 
0522       8737 
0523       8721 
0524       8712 
0525       8712 
0526       8699 
0527       8711 
0528       8699 
0529       8710 
0530       8702 
0531       8702 
0532       8695 
0533       8688 
0534       8695 
0535       8688 
0536       8691 
0537       8690 
0538       8690 
0539       8689 
0540       8678 
0541       8675 
0542       8675 
0543       8668 
0544       8689 
0545       8689 
0546       8689 
0547       8686 
0548       8677 
0549       8677 
0550       8686 
0551       8686 
0552       8694 
0553       8689 
0554       8689 
0555       8686 
0556       8686 
0557       8693 
0558       8697 
0559       8697 
0560       8684 
0561       8684 
0562       8694 
0563       8694 
0564       8689 
0565       8689 
0566       8713 
0567       8713 
0568       8702 
0569       8702 
0570       8713 
0571       8719 
0572       8721 
0573       8737 
0574       8737 
0575       8727 
0576       8727 
0577       8727 
0578       8738 
0579       8740 
0580       8755 
0581       8755 
0582       8755 
0583       8774 
0584       8782 
0585       8801 
0586       8801 
0587       8797 
0588       8797 
0589       8806 
0590       8835 
0591       8831 
0592       8838 
0593       8852 
0594       8852 
0595       8876 
0596       8882 
0597       8882 
0598       8882 
0599       8896 
0600       8899 
0601       8917 
0602       8928 
0603       8936 
0604       8936 
0605       8943 
0606       8947 
0607       8955 
0608       8985 
0609       8996 
0610       9013 
0611       9015 
0612       9027 
0613       9032 
0614       9035 
0615       9087 
0616       9095 
0617       9097 
0618       9106 
0619       9113 
0620       9140 
0621       9140 
0622       9176 
0623       9188 
0624       9193 
0625       9193 
0626       9220 
0627       9255 
0628       9262 
0629       9276 
0630       9295 
0631       9321 
0632       9330 
0633       9361 
0634       9368 
0635       9385 
0636       9406 
0637       9406 
0638       9457 
0639       9487 
0640       9490 
0641       9514 
0642       9529 
0643       9546 
0644       9552 
0645       9596 
0646       9596 
0647       9610 
0648       9646 
0649       9687 
0650       9706 
0651       9713 
0652       9768 
0653       9776 
0654       9793 
0655       9793 
0656       9838 
0657       9889 
0658       9891 
0659       9912 
0660       9953 
0661       9970 
0662       9985 
0663       9998 
0664       10046 
0665       10100 
0666       10103 
0667       10149 
0668       10172 
0669       10182 
0670       10207 
0671       10234 
0672       10253 
0673       10302 
0674       10319 
0675       10377 
0676       10385 
0677       10396 
0678       10425 
0679       10465 
0680       10487 
0681       10524 
0682       10576 
0683       10611 
0684       10640 
0685       10690 
0686       10699 
0687       10720 
0688       10750 
0689       10806 
0690       10835 
0691       10898 
0692       10905 
0693       10947 
0694       10958 
0695       10978 
0696       11005 
0697       11072 
0698       11121 
0699       11159 
0700       11192 
0701       11234 
0702       11255 
0703       11328 
0704       11378 
0705       11387 
0706       11441 
0707       11500 
0708       11524 
0709       11579 
0710       11613 
0711       11661 
0712       11714 
0713       11741 
0714       11792 
0715       11849 
0716       11903 
0717       11944 
0718       11984 
0719       12055 
0720       12075 
0721       12125 
0722       12165 
0723       12207 
0724       12282 
0725       12321 
0726       12413 
0727       12432 
0728       12507 
0729       12542 
0730       12607 
0731       12674 
0732       12740 
0733       12812 
0734       12871 
0735       12952 
0736       12994 
0737       13071 
0738       13115 
0739       13211 
0740       13259 
0741       13319 
0742       13393 
0743       13464 
0744       13505 
0745       13619 
0746       13700 
0747       13768 
0748       13829 
0749       13902 
0750       13983 
0751       14055 
0752       14151 
0753       14218 
0754       14291 
0755       14369 
0756       14460 
0757       14527 
0758       14635 
0759       14714 
0760       14797 
0761       14890 
0762       14986 
0763       15083 
0764       15178 
0765       15297 
0766       15350 
0767       15483 
0768       15605 
0769       15669 
0770       15804 
0771       15924 
0772       16059 
0773       16131 
0774       16225 
0775       16353 
0776       16483 
0777       16587 
0778       16587 
0779       16587 
0780       1 
0781       1 
0782       1 
0783       1 
0784       1 
0785       1 
0786       1 
0787       1 
0788       1 
0789       1 
0790       1 
0791       1 
0792       1 
0793       1 
0794       1 
0795       1 
0796       1 
0797       1 
0798       1 
0799       1 
0800       1 
0801       1 
0802       1 
0803       1 
0804       1 
0805       1 
0806       1 
0807       1 
0808       1 
0809       1 
0810       1 
0811       19956 
0812       20097 
0813       20097 
0814       20079 
0815       20046 
0816       19995 
0817       19994 
0818       19987 
0819       19911 
0820       19894 
0821       1 
0822       1 
0823       1 
0824       1 
0825       1 
0826       1 
0827       1 
0828       1 
0829       1 
0830       1 
0831       19558 
0832       19558 
0833       19528 
0834       19480 
0835       19466 
0836       19451 
0837       19439 
0838       19421 
0839       19395 
0840       1 
0841       1 
0842       1 
0843       1 
0844       1 
0845       1 
0846       1 
0847       1 
0848       1 
0849       1 
0850       1 
0851       1 
0852       1 
0853       1 
0854       1 
0855       1 
0856       1 
0857       1 
0858       1 
0859       1 
0860       1 
0861       1 
0862       1 
0863       1 
0864       1 
0865       1 
0866       1 
0867       1 
0868       1 
0869       1 
0870       1 
0871       1 
0872       1 
0873       1 
0874       1 
0875       1 
0876       1 
0877       1 
0878       1 
0879       1 
0880       1 
0881       1 
0882       1 
0883       1 
0884       1 
0885       1 
0886       1 
0887       1 
0888       1 
0889       1 
0890       1 
0891       1 
0892       1 
0893       1 
0894       1 
0895       1 
0896       1 
0897       1 
0898       1 
0899       1 
0900       1 
0901       1 
0902       1 
0903       1 
0904       1 
0905       1 
0906       1 
0907       1 
0908       1 
0909       1 
0910       1 
0911       1 
0912       1 
0913       1 
0914       1 
0915       1 
0916       1 
0917       1 
0918       1 
0919       1 
0920       1 
0921       1 
0922       1 
0923       1 
0924       1 
0925       1 
0926       1 
0927       1 
0928       1 
0929       1 
0930       1 
0931       1 
0932       1 
0933       1 
0934       1 
0935       1 
0936       1 
0937       1 
0938       1 
0939       1 
0940       1 
0941       1 
0942       1 
0943       1 
0944       1 
0945       1 
0946       1 
0947       1 
0948       1 
0949       1 
0950       1 
0951       1 
0952       1 
0953       1 
0954       1 
0955       1 
0956       1 
0957       1 
0958       1 
0959       1 
0960       1 
0961       1 
0962       1 
0963       1 
0964       1 
0965       1 
0966       1 
0967       1 
0968       1 
0969       1 
0970       1 
0971       1 
0972       1 
0973       1 
0974       1 
0975       1 
0976       1 
0977       1 
0978       1 
0979       1 
0980       1 
0981       1 
0982       1 
0983       1 
0984       1 
0985       1 
0986       1 
0987       1 
0988       1 
0989       1 
0990       1 
0991       1 
0992       1 
0993       1 
0994       1 
0995       1 
0996       1 
0997       1 
0998       1 
0999       1 
1000       1 
1001       1 
1002       1 
1003       1 
1004       1 
1005       1 
1006       1 
1007       1 
1008       4 
1009       55 
1010       55 
1011       55 
1012       62 
1013       49 
1014       49 
1015       55 
1016       62 
1017       63 
1018       63 
1019       63 
1020       62 
1021       56 
1022       56 
1023       56 
1024       66 
1025       66 
1026       66 
1027       64 
1028       58 
1029       57 
1030       49 
1031       49 
1032       49 
1033       58 
1034       62 
1035       64 
1036       67 
1037       69 
1038       71 
1039       71 
1040       70 
1041       70 
1042       70 
1043       65 
1044       64 
1045       64 
1046       64 
1047       65 
1048       64 
1049       64 
1050       64 
1051       67 
1052       64 
1053       67 
1054       67 
1055       64 
1056       64 
1057       67 
1058       67 
1059       71 
1060       71 
1061       75 
1062       75 
1063       75 
1064       74 
1065       74 
1066       74 
1067       72 
1068       71 
1069       71 
1070       67 
1071       67 
1072       68 
1073       65 
1074       68 
1075       74 
1076       72 
1077       72 
1078       72 
1079       68 
1297966635.801273
