0000       1 
0001       1 
0002       1 
0003       1 
0004       1 
0005       1 
0006       1 
0007       1 
0008       1 
0009       1 
0010       1 
0011       1 
0012       1 
0013       1 
0014       1 
0015       1 
0016       1 
0017       1 
0018       1 
0019       1 
0020       1 
0021       1 
0022       1 
0023       1 
0024       1 
0025       1 
0026       1 
0027       1 
0028       1 
0029       1 
0030       1 
0031       1 
0032       1 
0033       1 
0034       1 
0035       1 
0036       1 
0037       1 
0038       1 
0039       1 
0040       1 
0041       1 
0042       1 
0043       1 
0044       1 
0045       1 
0046       1 
0047       1 
0048       1 
0049       1 
0050       1 
0051       1 
0052       1 
0053       1 
0054       1 
0055       1 
0056       1 
0057       1 
0058       1 
0059       1 
0060       1 
0061       1 
0062       1 
0063       1 
0064       1 
0065       1 
0066       1 
0067       1 
0068       1 
0069       1 
0070       1 
0071       1 
0072       1 
0073       1 
0074       1 
0075       1 
0076       1 
0077       1 
0078       1 
0079       1 
0080       1 
0081       1 
0082       1 
0083       1 
0084       1 
0085       1 
0086       1 
0087       1 
0088       1 
0089       1 
0090       1 
0091       1 
0092       1 
0093       1 
0094       1 
0095       1 
0096       1 
0097       1 
0098       1 
0099       1 
0100       1 
0101       1 
0102       1 
0103       1 
0104       1 
0105       1 
0106       1 
0107       1 
0108       1 
0109       1 
0110       1 
0111       1 
0112       1 
0113       1 
0114       1 
0115       1 
0116       1 
0117       1 
0118       1 
0119       1 
0120       1 
0121       1 
0122       1 
0123       1 
0124       1 
0125       1 
0126       1 
0127       1 
0128       1 
0129       1 
0130       1 
0131       1 
0132       1 
0133       1 
0134       1 
0135       1 
0136       1 
0137       1 
0138       1 
0139       1 
0140       1 
0141       1 
0142       1 
0143       1 
0144       1 
0145       1 
0146       1 
0147       1 
0148       1 
0149       1 
0150       1 
0151       1 
0152       1 
0153       1 
0154       1 
0155       1 
0156       1 
0157       1 
0158       1 
0159       1 
0160       1 
0161       1 
0162       1 
0163       1 
0164       1 
0165       1 
0166       1 
0167       1 
0168       1 
0169       1 
0170       1 
0171       1 
0172       1 
0173       1 
0174       1 
0175       1 
0176       1 
0177       1 
0178       1 
0179       1 
0180       1 
0181       1 
0182       1 
0183       1 
0184       1 
0185       1 
0186       1 
0187       1 
0188       1 
0189       1 
0190       1 
0191       1 
0192       1 
0193       1 
0194       1 
0195       1 
0196       1 
0197       1 
0198       1 
0199       1 
0200       1 
0201       1 
0202       1 
0203       1 
0204       1 
0205       1 
0206       1 
0207       1 
0208       1 
0209       1 
0210       1 
0211       1 
0212       1 
0213       1 
0214       1 
0215       1 
0216       1 
0217       1 
0218       1 
0219       1 
0220       1 
0221       1 
0222       1 
0223       1 
0224       1 
0225       1 
0226       1 
0227       1 
0228       1 
0229       1 
0230       1 
0231       1 
0232       1 
0233       1 
0234       1 
0235       1 
0236       1 
0237       1 
0238       1 
0239       1 
0240       1 
0241       1 
0242       1 
0243       1 
0244       1 
0245       1 
0246       1 
0247       1 
0248       1 
0249       1 
0250       1 
0251       1 
0252       1 
0253       1 
0254       1 
0255       1 
0256       1 
0257       1 
0258       1 
0259       1 
0260       1 
0261       1 
0262       1 
0263       1 
0264       1 
0265       1 
0266       1 
0267       1 
0268       1 
0269       1 
0270       1 
0271       1 
0272       1 
0273       1 
0274       1 
0275       1 
0276       1 
0277       1 
0278       1 
0279       1 
0280       1 
0281       1 
0282       1 
0283       1 
0284       1 
0285       1 
0286       1 
0287       1 
0288       1 
0289       1 
0290       1 
0291       1 
0292       1 
0293       1 
0294       1 
0295       1 
0296       1 
0297       1 
0298       1 
0299       1 
0300       1 
0301       1 
0302       1 
0303       1 
0304       1 
0305       1 
0306       1 
0307       1 
0308       1 
0309       1 
0310       1 
0311       1 
0312       1 
0313       1 
0314       1 
0315       1 
0316       1 
0317       1 
0318       1 
0319       16776 
0320       16776 
0321       16776 
0322       16613 
0323       16435 
0324       16435 
0325       16335 
0326       16216 
0327       16138 
0328       15898 
0329       15816 
0330       15791 
0331       15738 
0332       15618 
0333       15491 
0334       15365 
0335       15322 
0336       15198 
0337       15126 
0338       15016 
0339       14953 
0340       14855 
0341       14765 
0342       14669 
0343       14613 
0344       14506 
0345       14450 
0346       14349 
0347       14221 
0348       14192 
0349       14131 
0350       14033 
0351       13968 
0352       13879 
0353       13789 
0354       13728 
0355       13665 
0356       13572 
0357       13528 
0358       13441 
0359       13394 
0360       13311 
0361       13245 
0362       13206 
0363       13129 
0364       13047 
0365       13045 
0366       12952 
0367       12845 
0368       12773 
0369       12719 
0370       12698 
0371       12597 
0372       12590 
0373       12496 
0374       12495 
0375       12415 
0376       12324 
0377       12300 
0378       12268 
0379       12204 
0380       12177 
0381       12100 
0382       12060 
0383       12000 
0384       11974 
0385       11896 
0386       11869 
0387       11838 
0388       11761 
0389       11740 
0390       11687 
0391       11646 
0392       11625 
0393       11536 
0394       11494 
0395       11452 
0396       11446 
0397       11377 
0398       11326 
0399       11281 
0400       11270 
0401       11193 
0402       11155 
0403       11126 
0404       11116 
0405       11049 
0406       11043 
0407       10991 
0408       10939 
0409       10935 
0410       10871 
0411       10823 
0412       10807 
0413       10778 
0414       10727 
0415       10727 
0416       10699 
0417       10661 
0418       10637 
0419       10575 
0420       10542 
0421       10538 
0422       10496 
0423       10474 
0424       10438 
0425       10393 
0426       10383 
0427       10358 
0428       10335 
0429       10299 
0430       10278 
0431       10240 
0432       10201 
0433       10174 
0434       10169 
0435       10141 
0436       10095 
0437       10087 
0438       10083 
0439       10060 
0440       10029 
0441       9994 
0442       9953 
0443       9925 
0444       9913 
0445       9877 
0446       9867 
0447       9866 
0448       9826 
0449       9786 
0450       9768 
0451       9752 
0452       9714 
0453       9712 
0454       9695 
0455       9687 
0456       9659 
0457       9622 
0458       9621 
0459       9587 
0460       9583 
0461       9548 
0462       9545 
0463       9517 
0464       9505 
0465       9505 
0466       9489 
0467       9474 
0468       9466 
0469       9433 
0470       9410 
0471       9386 
0472       9381 
0473       9364 
0474       9350 
0475       9346 
0476       9335 
0477       9313 
0478       9284 
0479       9205 
0480       9134 
0481       9098 
0482       9095 
0483       9072 
0484       9059 
0485       9057 
0486       9033 
0487       9028 
0488       9019 
0489       8999 
0490       8995 
0491       8975 
0492       8963 
0493       8962 
0494       8957 
0495       8951 
0496       8917 
0497       8907 
0498       8907 
0499       8907 
0500       8892 
0501       8880 
0502       8868 
0503       8852 
0504       8852 
0505       8847 
0506       8843 
0507       8820 
0508       8819 
0509       8805 
0510       8794 
0511       8783 
0512       8783 
0513       8777 
0514       8776 
0515       8763 
0516       8760 
0517       8760 
0518       8754 
0519       8751 
0520       8742 
0521       8742 
0522       8726 
0523       8717 
0524       8718 
0525       8713 
0526       8698 
0527       8698 
0528       8691 
0529       8702 
0530       8691 
0531       8679 
0532       8679 
0533       8679 
0534       8675 
0535       8672 
0536       8671 
0537       8666 
0538       8665 
0539       8662 
0540       5691 
0541       5682 
0542       5682 
0543       5696 
0544       5697 
0545       5698 
0546       5698 
0547       5706 
0548       5722 
0549       5776 
0550       5858 
0551       5887 
0552       5898 
0553       5898 
0554       5899 
0555       5895 
0556       5900 
0557       5921 
0558       5924 
0559       5921 
0560       5916 
0561       5907 
0562       5907 
0563       5913 
0564       5917 
0565       5920 
0566       5921 
0567       5921 
0568       5924 
0569       5929 
0570       5925 
0571       5929 
0572       5929 
0573       5933 
0574       5941 
0575       5943 
0576       5947 
0577       5949 
0578       5949 
0579       5950 
0580       5950 
0581       5968 
0582       5972 
0583       5974 
0584       5975 
0585       5979 
0586       5980 
0587       5984 
0588       6002 
0589       6002 
0590       6002 
0591       6007 
0592       6007 
0593       6010 
0594       6028 
0595       6031 
0596       6036 
0597       6037 
0598       6040 
0599       6040 
0600       6045 
0601       6058 
0602       6058 
0603       6067 
0604       6067 
0605       6067 
0606       6090 
0607       6097 
0608       6100 
0609       6113 
0610       6114 
0611       6121 
0612       6122 
0613       6147 
0614       6134 
0615       6139 
0616       6139 
0617       6158 
0618       6165 
0619       6174 
0620       6188 
0621       6193 
0622       6201 
0623       6216 
0624       6216 
0625       6226 
0626       6230 
0627       6242 
0628       6245 
0629       6267 
0630       6277 
0631       6286 
0632       6298 
0633       6315 
0634       6319 
0635       6329 
0636       6343 
0637       6343 
0638       6343 
0639       6377 
0640       6383 
0641       6403 
0642       6408 
0643       6416 
0644       6424 
0645       6446 
0646       6446 
0647       6452 
0648       6476 
0649       6481 
0650       6504 
0651       6504 
0652       6537 
0653       6544 
0654       6544 
0655       6548 
0656       6598 
0657       6607 
0658       6633 
0659       6641 
0660       6651 
0661       6664 
0662       6684 
0663       6695 
0664       6703 
0665       6703 
0666       6731 
0667       6750 
0668       6750 
0669       6787 
0670       6792 
0671       6803 
0672       6834 
0673       6857 
0674       6862 
0675       6890 
0676       6899 
0677       6926 
0678       6954 
0679       6975 
0680       6983 
0681       6988 
0682       7007 
0683       7040 
0684       7063 
0685       7100 
0686       7108 
0687       7109 
0688       7148 
0689       7153 
0690       7172 
0691       7211 
0692       7236 
0693       7246 
0694       7285 
0695       7298 
0696       7312 
0697       7338 
0698       7372 
0699       7379 
0700       7392 
0701       7414 
0702       7453 
0703       7496 
0704       7513 
0705       7557 
0706       7565 
0707       7596 
0708       7603 
0709       7641 
0710       7679 
0711       7685 
0712       7716 
0713       7741 
0714       7773 
0715       7803 
0716       7841 
0717       7895 
0718       7898 
0719       7923 
0720       7967 
0721       7994 
0722       8020 
0723       8075 
0724       8099 
0725       8133 
0726       8162 
0727       8179 
0728       8242 
0729       8267 
0730       8303 
0731       8352 
0732       8367 
0733       8395 
0734       8436 
0735       8489 
0736       8542 
0737       8546 
0738       8603 
0739       8660 
0740       8661 
0741       8719 
0742       8770 
0743       8785 
0744       8802 
0745       8877 
0746       8923 
0747       8941 
0748       9016 
0749       9050 
0750       9096 
0751       9130 
0752       9191 
0753       9230 
0754       9286 
0755       9340 
0756       9381 
0757       9428 
0758       9480 
0759       9557 
0760       9594 
0761       9653 
0762       9685 
0763       9748 
0764       9849 
0765       9914 
0766       9964 
0767       9994 
0768       10056 
0769       10125 
0770       10200 
0771       10257 
0772       10318 
0773       10338 
0774       10461 
0775       10480 
0776       10586 
0777       10646 
0778       10717 
0779       10772 
0780       10858 
0781       10893 
0782       10976 
0783       11107 
0784       11164 
0785       11240 
0786       11335 
0787       11418 
0788       11465 
0789       11582 
0790       11659 
0791       11753 
0792       11818 
0793       11923 
0794       11986 
0795       12079 
0796       12211 
0797       12275 
0798       12404 
0799       12530 
0800       12530 
0801       12530 
0802       1 
0803       1 
0804       12943 
0805       13146 
0806       13146 
0807       1 
0808       1 
0809       1 
0810       1 
0811       1 
0812       1 
0813       1 
0814       1 
0815       1 
0816       1 
0817       1 
0818       1 
0819       1 
0820       1 
0821       1 
0822       1 
0823       1 
0824       1 
0825       1 
0826       1 
0827       1 
0828       1 
0829       1 
0830       1 
0831       1 
0832       1 
0833       1 
0834       1 
0835       1 
0836       17951 
0837       18333 
0838       18491 
0839       18491 
0840       1 
0841       1 
0842       1 
0843       1 
0844       1 
0845       1 
0846       1 
0847       1 
0848       1 
0849       1 
0850       1 
0851       1 
0852       1 
0853       1 
0854       1 
0855       1 
0856       1 
0857       1 
0858       1 
0859       1 
0860       1 
0861       1 
0862       1 
0863       1 
0864       1 
0865       1 
0866       1 
0867       1 
0868       1 
0869       1 
0870       1 
0871       1 
0872       1 
0873       1 
0874       1 
0875       1 
0876       1 
0877       1 
0878       1 
0879       1 
0880       1 
0881       1 
0882       1 
0883       1 
0884       1 
0885       1 
0886       1 
0887       1 
0888       1 
0889       1 
0890       1 
0891       1 
0892       1 
0893       1 
0894       1 
0895       1 
0896       1 
0897       1 
0898       1 
0899       1 
0900       1 
0901       1 
0902       1 
0903       1 
0904       1 
0905       1 
0906       1 
0907       1 
0908       1 
0909       1 
0910       1 
0911       1 
0912       1 
0913       1 
0914       1 
0915       1 
0916       1 
0917       1 
0918       1 
0919       1 
0920       1 
0921       1 
0922       1 
0923       1 
0924       1 
0925       1 
0926       1 
0927       1 
0928       1 
0929       1 
0930       1 
0931       1 
0932       1 
0933       1 
0934       1 
0935       1 
0936       1 
0937       1 
0938       1 
0939       1 
0940       1 
0941       1 
0942       1 
0943       1 
0944       1 
0945       1 
0946       1 
0947       1 
0948       1 
0949       1 
0950       1 
0951       1 
0952       1 
0953       1 
0954       1 
0955       1 
0956       1 
0957       1 
0958       1 
0959       1 
0960       1 
0961       1 
0962       1 
0963       1 
0964       1 
0965       1 
0966       1 
0967       1 
0968       1 
0969       1 
0970       1 
0971       1 
0972       1 
0973       1 
0974       1 
0975       1 
0976       1 
0977       1 
0978       1 
0979       1 
0980       1 
0981       1 
0982       1 
0983       1 
0984       1 
0985       1 
0986       1 
0987       1 
0988       1 
0989       1 
0990       1 
0991       1 
0992       1 
0993       1 
0994       1 
0995       1 
0996       1 
0997       1 
0998       1 
0999       1 
1000       1 
1001       1 
1002       1 
1003       1 
1004       1 
1005       1 
1006       4 
1007       4 
1008       4 
1009       44 
1010       4 
1011       4 
1012       44 
1013       44 
1014       4 
1015       4 
1016       4 
1017       4 
1018       43 
1019       55 
1020       55 
1021       51 
1022       51 
1023       51 
1024       51 
1025       60 
1026       62 
1027       62 
1028       62 
1029       60 
1030       56 
1031       56 
1032       56 
1033       56 
1034       62 
1035       66 
1036       69 
1037       73 
1038       73 
1039       75 
1040       75 
1041       71 
1042       71 
1043       73 
1044       73 
1045       73 
1046       73 
1047       72 
1048       72 
1049       72 
1050       72 
1051       72 
1052       70 
1053       70 
1054       66 
1055       60 
1056       66 
1057       70 
1058       66 
1059       64 
1060       70 
1061       65 
1062       64 
1063       65 
1064       68 
1065       68 
1066       68 
1067       68 
1068       67 
1069       67 
1070       67 
1071       64 
1072       63 
1073       58 
1074       58 
1075       63 
1076       63 
1077       63 
1078       64 
1079       63 
1297966659.148091
