0000       1 
0001       1 
0002       1 
0003       1 
0004       1 
0005       1 
0006       1 
0007       1 
0008       1 
0009       1 
0010       1 
0011       1 
0012       1 
0013       1 
0014       1 
0015       1 
0016       1 
0017       1 
0018       1 
0019       1 
0020       1 
0021       1 
0022       1 
0023       1 
0024       1 
0025       1 
0026       1 
0027       1 
0028       1 
0029       1 
0030       1 
0031       1 
0032       1 
0033       1 
0034       1 
0035       1 
0036       1 
0037       1 
0038       1 
0039       1 
0040       1 
0041       1 
0042       1 
0043       1 
0044       1 
0045       1 
0046       1 
0047       1 
0048       1 
0049       1 
0050       1 
0051       1 
0052       1 
0053       1 
0054       1 
0055       1 
0056       1 
0057       1 
0058       1 
0059       1 
0060       1 
0061       1 
0062       1 
0063       1 
0064       1 
0065       1 
0066       1 
0067       1 
0068       1 
0069       1 
0070       1 
0071       1 
0072       1 
0073       1 
0074       1 
0075       1 
0076       1 
0077       1 
0078       1 
0079       1 
0080       1 
0081       1 
0082       1 
0083       1 
0084       1 
0085       1 
0086       1 
0087       1 
0088       1 
0089       1 
0090       1 
0091       1 
0092       1 
0093       1 
0094       1 
0095       1 
0096       1 
0097       1 
0098       1 
0099       1 
0100       1 
0101       1 
0102       1 
0103       1 
0104       1 
0105       1 
0106       1 
0107       1 
0108       1 
0109       1 
0110       1 
0111       1 
0112       1 
0113       1 
0114       1 
0115       1 
0116       1 
0117       1 
0118       1 
0119       1 
0120       1 
0121       1 
0122       1 
0123       1 
0124       1 
0125       1 
0126       1 
0127       1 
0128       1 
0129       1 
0130       1 
0131       1 
0132       1 
0133       1 
0134       1 
0135       1 
0136       1 
0137       1 
0138       1 
0139       1 
0140       1 
0141       1 
0142       1 
0143       1 
0144       1 
0145       1 
0146       1 
0147       1 
0148       1 
0149       1 
0150       1 
0151       1 
0152       1 
0153       1 
0154       1 
0155       1 
0156       1 
0157       1 
0158       1 
0159       1 
0160       1 
0161       1 
0162       1 
0163       1 
0164       1 
0165       1 
0166       1 
0167       1 
0168       1 
0169       1 
0170       1 
0171       1 
0172       1 
0173       1 
0174       1 
0175       1 
0176       1 
0177       1 
0178       1 
0179       1 
0180       1 
0181       1 
0182       1 
0183       1 
0184       1 
0185       1 
0186       1 
0187       1 
0188       1 
0189       1 
0190       1 
0191       1 
0192       1 
0193       1 
0194       1 
0195       1 
0196       1 
0197       1 
0198       1 
0199       1 
0200       1 
0201       1 
0202       1 
0203       1 
0204       1 
0205       1 
0206       1 
0207       1 
0208       1 
0209       1 
0210       1 
0211       1 
0212       1 
0213       1 
0214       1 
0215       1 
0216       1 
0217       1 
0218       1 
0219       1 
0220       1 
0221       1 
0222       1 
0223       1 
0224       1 
0225       1 
0226       1 
0227       1 
0228       1 
0229       1 
0230       1 
0231       1 
0232       1 
0233       1 
0234       1 
0235       1 
0236       1 
0237       1 
0238       1 
0239       1 
0240       1 
0241       1 
0242       1 
0243       1 
0244       1 
0245       1 
0246       1 
0247       1 
0248       1 
0249       1 
0250       1 
0251       1 
0252       1 
0253       1 
0254       1 
0255       1 
0256       1 
0257       1 
0258       1 
0259       1 
0260       1 
0261       1 
0262       1 
0263       1 
0264       1 
0265       1 
0266       1 
0267       1 
0268       1 
0269       1 
0270       14090 
0271       14090 
0272       14090 
0273       13881 
0274       13722 
0275       13722 
0276       13591 
0277       13473 
0278       13349 
0279       13264 
0280       13142 
0281       12910 
0282       12793 
0283       12793 
0284       12695 
0285       12565 
0286       12450 
0287       12375 
0288       12272 
0289       12204 
0290       12093 
0291       11970 
0292       11896 
0293       11816 
0294       11760 
0295       11620 
0296       11540 
0297       11504 
0298       11353 
0299       11276 
0300       11190 
0301       11144 
0302       11072 
0303       10979 
0304       10897 
0305       10814 
0306       10707 
0307       10705 
0308       10602 
0309       10516 
0310       10430 
0311       10414 
0312       10346 
0313       10272 
0314       10194 
0315       10148 
0316       10087 
0317       10031 
0318       9988 
0319       9905 
0320       9857 
0321       9804 
0322       9758 
0323       9690 
0324       9619 
0325       9564 
0326       9531 
0327       9498 
0328       9435 
0329       9362 
0330       9300 
0331       9288 
0332       9209 
0333       9198 
0334       9121 
0335       9063 
0336       9022 
0337       8984 
0338       8947 
0339       8865 
0340       8860 
0341       8820 
0342       8749 
0343       8729 
0344       8680 
0345       8630 
0346       8611 
0347       8585 
0348       8512 
0349       8498 
0350       8443 
0351       8395 
0352       8366 
0353       8335 
0354       8297 
0355       8265 
0356       8223 
0357       8198 
0358       8163 
0359       8135 
0360       8097 
0361       8065 
0362       8020 
0363       8010 
0364       7971 
0365       7944 
0366       7882 
0367       7855 
0368       7819 
0369       7804 
0370       7765 
0371       7745 
0372       7711 
0373       7690 
0374       7665 
0375       7635 
0376       7615 
0377       7550 
0378       7533 
0379       7520 
0380       7483 
0381       7464 
0382       7437 
0383       7421 
0384       7392 
0385       7369 
0386       7345 
0387       7313 
0388       7297 
0389       7268 
0390       7258 
0391       7238 
0392       7221 
0393       7197 
0394       7157 
0395       7142 
0396       7114 
0397       7108 
0398       7068 
0399       7058 
0400       7037 
0401       7017 
0402       6991 
0403       6989 
0404       6960 
0405       6934 
0406       6904 
0407       6888 
0408       6883 
0409       6865 
0410       6836 
0411       6828 
0412       6798 
0413       6785 
0414       6784 
0415       6754 
0416       6743 
0417       6731 
0418       6707 
0419       6681 
0420       6665 
0421       6663 
0422       6637 
0423       6633 
0424       6609 
0425       6600 
0426       6583 
0427       6581 
0428       6546 
0429       6535 
0430       6531 
0431       6520 
0432       6491 
0433       6469 
0434       6469 
0435       6469 
0436       6454 
0437       6417 
0438       6406 
0439       6406 
0440       6406 
0441       6391 
0442       6380 
0443       6350 
0444       6338 
0445       6336 
0446       6331 
0447       6319 
0448       6297 
0449       6296 
0450       6276 
0451       6263 
0452       6263 
0453       6260 
0454       6240 
0455       6234 
0456       6234 
0457       6234 
0458       6207 
0459       6194 
0460       6178 
0461       6178 
0462       6178 
0463       6177 
0464       6146 
0465       6143 
0466       6140 
0467       6138 
0468       6138 
0469       6110 
0470       6109 
0471       6103 
0472       6086 
0473       6083 
0474       6078 
0475       6078 
0476       6077 
0477       6043 
0478       6040 
0479       6037 
0480       6031 
0481       6024 
0482       6016 
0483       6016 
0484       6014 
0485       6016 
0486       6004 
0487       5992 
0488       5987 
0489       5981 
0490       5977 
0491       5977 
0492       5989 
0493       5989 
0494       5966 
0495       5960 
0496       5951 
0497       5945 
0498       5945 
0499       5945 
0500       5938 
0501       5938 
0502       5937 
0503       5935 
0504       5935 
0505       5934 
0506       5937 
0507       5915 
0508       5912 
0509       5903 
0510       5891 
0511       5891 
0512       5891 
0513       5884 
0514       5835 
0515       5742 
0516       5681 
0517       5669 
0518       5668 
0519       5664 
0520       5653 
0521       5647 
0522       5647 
0523       5678 
0524       6024 
0525       6897 
0526       8281 
0527       8490 
0528       8507 
0529       8507 
0530       8507 
0531       8507 
0532       8513 
0533       8513 
0534       8506 
0535       8506 
0536       8509 
0537       8521 
0538       8521 
0539       8521 
0540       8519 
0541       8526 
0542       8513 
0543       8514 
0544       8514 
0545       8521 
0546       8529 
0547       8531 
0548       8534 
0549       8534 
0550       8527 
0551       8527 
0552       8559 
0553       8559 
0554       8559 
0555       8561 
0556       8566 
0557       8590 
0558       8644 
0559       8725 
0560       8736 
0561       8738 
0562       8755 
0563       8763 
0564       8763 
0565       8754 
0566       8754 
0567       8757 
0568       8774 
0569       8806 
0570       8816 
0571       8816 
0572       8812 
0573       8810 
0574       8812 
0575       8843 
0576       8843 
0577       8828 
0578       8828 
0579       8864 
0580       8868 
0581       8869 
0582       8883 
0583       8883 
0584       8883 
0585       8896 
0586       8898 
0587       8916 
0588       8945 
0589       8952 
0590       8959 
0591       8960 
0592       8978 
0593       8995 
0594       8995 
0595       9011 
0596       9011 
0597       9021 
0598       9027 
0599       9040 
0600       9049 
0601       9084 
0602       9084 
0603       9084 
0604       9100 
0605       9110 
0606       9124 
0607       9136 
0608       9157 
0609       9165 
0610       9169 
0611       9212 
0612       9212 
0613       9212 
0614       9233 
0615       9248 
0616       9255 
0617       9272 
0618       9293 
0619       9310 
0620       9326 
0621       9328 
0622       9351 
0623       9383 
0624       9396 
0625       9406 
0626       9406 
0627       9439 
0628       9457 
0629       9464 
0630       9501 
0631       9527 
0632       9540 
0633       9540 
0634       9549 
0635       9564 
0636       9600 
0637       9602 
0638       9630 
0639       9647 
0640       9673 
0641       9693 
0642       9713 
0643       9722 
0644       9753 
0645       9771 
0646       9799 
0647       9817 
0648       9836 
0649       9854 
0650       9871 
0651       9913 
0652       9925 
0653       9959 
0654       9983 
0655       9986 
0656       10026 
0657       10055 
0658       10064 
0659       10106 
0660       10120 
0661       10133 
0662       10178 
0663       10192 
0664       10234 
0665       10246 
0666       10295 
0667       10327 
0668       10330 
0669       10345 
0670       10384 
0671       10391 
0672       10431 
0673       10480 
0674       10497 
0675       10530 
0676       10568 
0677       10621 
0678       10629 
0679       10649 
0680       10708 
0681       10739 
0682       10768 
0683       10785 
0684       10832 
0685       10906 
0686       10924 
0687       10976 
0688       10997 
0689       11006 
0690       11070 
0691       11103 
0692       11187 
0693       11218 
0694       11239 
0695       11285 
0696       11339 
0697       11369 
0698       11447 
0699       11485 
0700       11536 
0701       11540 
0702       11589 
0703       11674 
0704       11717 
0705       11751 
0706       11830 
0707       11866 
0708       11930 
0709       11996 
0710       12040 
0711       12076 
0712       12143 
0713       12161 
0714       12270 
0715       12335 
0716       12352 
0717       12460 
0718       12510 
0719       12556 
0720       12615 
0721       12660 
0722       12728 
0723       12813 
0724       12850 
0725       12936 
0726       13020 
0727       13071 
0728       13132 
0729       13193 
0730       13241 
0731       13284 
0732       13339 
0733       13422 
0734       13501 
0735       13534 
0736       13646 
0737       13711 
0738       13752 
0739       13855 
0740       13946 
0741       14020 
0742       14076 
0743       14163 
0744       14252 
0745       14345 
0746       14412 
0747       14462 
0748       14552 
0749       14628 
0750       14736 
0751       14816 
0752       14925 
0753       15038 
0754       15095 
0755       15185 
0756       15267 
0757       15372 
0758       15478 
0759       15541 
0760       15656 
0761       15771 
0762       15905 
0763       15995 
0764       16097 
0765       16222 
0766       16334 
0767       16445 
0768       16543 
0769       16662 
0770       16761 
0771       16932 
0772       17046 
0773       17197 
0774       17302 
0775       17302 
0776       17302 
0777       1 
0778       1 
0779       1 
0780       1 
0781       1 
0782       1 
0783       1 
0784       1 
0785       1 
0786       1 
0787       1 
0788       1 
0789       1 
0790       1 
0791       1 
0792       1 
0793       1 
0794       1 
0795       1 
0796       1 
0797       1 
0798       1 
0799       1 
0800       1 
0801       1 
0802       1 
0803       1 
0804       1 
0805       1 
0806       1 
0807       1 
0808       1 
0809       1 
0810       1 
0811       8370 
0812       8370 
0813       8354 
0814       8353 
0815       8349 
0816       8330 
0817       8295 
0818       8277 
0819       8272 
0820       8266 
0821       8262 
0822       8245 
0823       8234 
0824       8165 
0825       8165 
0826       8131 
0827       1 
0828       1 
0829       1 
0830       1 
0831       1 
0832       1 
0833       1 
0834       1 
0835       1 
0836       1 
0837       1 
0838       1 
0839       1 
0840       1 
0841       1 
0842       1 
0843       1 
0844       1 
0845       1 
0846       1 
0847       1 
0848       1 
0849       1 
0850       1 
0851       1 
0852       1 
0853       1 
0854       1 
0855       1 
0856       1 
0857       1 
0858       1 
0859       1 
0860       1 
0861       1 
0862       1 
0863       1 
0864       1 
0865       1 
0866       1 
0867       1 
0868       1 
0869       1 
0870       1 
0871       1 
0872       1 
0873       1 
0874       1 
0875       1 
0876       1 
0877       1 
0878       1 
0879       1 
0880       1 
0881       1 
0882       1 
0883       1 
0884       1 
0885       1 
0886       1 
0887       1 
0888       1 
0889       1 
0890       1 
0891       1 
0892       1 
0893       1 
0894       1 
0895       1 
0896       1 
0897       1 
0898       1 
0899       1 
0900       1 
0901       1 
0902       1 
0903       1 
0904       1 
0905       1 
0906       1 
0907       1 
0908       1 
0909       1 
0910       1 
0911       1 
0912       1 
0913       1 
0914       1 
0915       1 
0916       1 
0917       1 
0918       1 
0919       1 
0920       1 
0921       1 
0922       1 
0923       1 
0924       1 
0925       1 
0926       1 
0927       1 
0928       1 
0929       1 
0930       1 
0931       1 
0932       1 
0933       1 
0934       1 
0935       1 
0936       1 
0937       1 
0938       1 
0939       1 
0940       1 
0941       1 
0942       1 
0943       1 
0944       1 
0945       1 
0946       1 
0947       1 
0948       1 
0949       1 
0950       1 
0951       1 
0952       1 
0953       1 
0954       1 
0955       1 
0956       1 
0957       1 
0958       1 
0959       1 
0960       1 
0961       1 
0962       1 
0963       1 
0964       1 
0965       1 
0966       1 
0967       1 
0968       1 
0969       1 
0970       1 
0971       1 
0972       1 
0973       1 
0974       1 
0975       1 
0976       1 
0977       1 
0978       1 
0979       1 
0980       1 
0981       1 
0982       1 
0983       1 
0984       1 
0985       1 
0986       1 
0987       1 
0988       1 
0989       1 
0990       1 
0991       1 
0992       1 
0993       1 
0994       1 
0995       1 
0996       1 
0997       1 
0998       1 
0999       1 
1000       1 
1001       1 
1002       1 
1003       1 
1004       1 
1005       1 
1006       1 
1007       4 
1008       45 
1009       46 
1010       46 
1011       46 
1012       57 
1013       46 
1014       43 
1015       57 
1016       4 
1017       4 
1018       4 
1019       4 
1020       4 
1021       56 
1022       61 
1023       61 
1024       61 
1025       61 
1026       62 
1027       57 
1028       57 
1029       57 
1030       56 
1031       55 
1032       56 
1033       63 
1034       63 
1035       64 
1036       64 
1037       64 
1038       67 
1039       71 
1040       71 
1041       71 
1042       71 
1043       70 
1044       68 
1045       68 
1046       66 
1047       66 
1048       66 
1049       64 
1050       64 
1051       65 
1052       65 
1053       65 
1054       66 
1055       66 
1056       66 
1057       68 
1058       68 
1059       65 
1060       65 
1061       69 
1062       66 
1063       69 
1064       69 
1065       68 
1066       67 
1067       68 
1068       68 
1069       72 
1070       75 
1071       75 
1072       72 
1073       72 
1074       66 
1075       66 
1076       68 
1077       73 
1078       68 
1079       68 
1297966640.338765
