0000       1 
0001       1 
0002       1 
0003       1 
0004       1 
0005       1 
0006       1 
0007       1 
0008       1 
0009       1 
0010       1 
0011       1 
0012       1 
0013       1 
0014       1 
0015       1 
0016       1 
0017       1 
0018       1 
0019       1 
0020       1 
0021       1 
0022       1 
0023       1 
0024       1 
0025       1 
0026       1 
0027       1 
0028       1 
0029       1 
0030       1 
0031       1 
0032       1 
0033       1 
0034       1 
0035       1 
0036       1 
0037       1 
0038       1 
0039       1 
0040       1 
0041       1 
0042       1 
0043       1 
0044       1 
0045       1 
0046       1 
0047       1 
0048       1 
0049       1 
0050       1 
0051       1 
0052       1 
0053       1 
0054       1 
0055       1 
0056       1 
0057       1 
0058       1 
0059       1 
0060       1 
0061       1 
0062       1 
0063       1 
0064       1 
0065       1 
0066       1 
0067       1 
0068       1 
0069       1 
0070       1 
0071       1 
0072       1 
0073       1 
0074       1 
0075       1 
0076       1 
0077       1 
0078       1 
0079       1 
0080       1 
0081       1 
0082       1 
0083       1 
0084       1 
0085       1 
0086       1 
0087       1 
0088       1 
0089       1 
0090       1 
0091       1 
0092       1 
0093       1 
0094       1 
0095       1 
0096       1 
0097       1 
0098       1 
0099       1 
0100       1 
0101       1 
0102       1 
0103       1 
0104       1 
0105       1 
0106       1 
0107       1 
0108       1 
0109       1 
0110       1 
0111       1 
0112       1 
0113       1 
0114       1 
0115       1 
0116       1 
0117       1 
0118       1 
0119       1 
0120       1 
0121       1 
0122       1 
0123       1 
0124       1 
0125       1 
0126       1 
0127       1 
0128       1 
0129       1 
0130       1 
0131       1 
0132       1 
0133       1 
0134       1 
0135       1 
0136       1 
0137       1 
0138       1 
0139       1 
0140       1 
0141       1 
0142       1 
0143       1 
0144       1 
0145       1 
0146       1 
0147       1 
0148       1 
0149       1 
0150       1 
0151       1 
0152       1 
0153       1 
0154       1 
0155       1 
0156       1 
0157       1 
0158       1 
0159       1 
0160       1 
0161       1 
0162       1 
0163       1 
0164       1 
0165       1 
0166       1 
0167       1 
0168       1 
0169       1 
0170       1 
0171       1 
0172       1 
0173       1 
0174       1 
0175       1 
0176       1 
0177       1 
0178       1 
0179       1 
0180       1 
0181       1 
0182       1 
0183       1 
0184       1 
0185       1 
0186       1 
0187       1 
0188       1 
0189       1 
0190       1 
0191       1 
0192       1 
0193       1 
0194       1 
0195       1 
0196       1 
0197       1 
0198       1 
0199       1 
0200       1 
0201       1 
0202       1 
0203       1 
0204       1 
0205       1 
0206       1 
0207       1 
0208       1 
0209       1 
0210       1 
0211       1 
0212       1 
0213       1 
0214       1 
0215       1 
0216       1 
0217       1 
0218       1 
0219       1 
0220       1 
0221       1 
0222       1 
0223       1 
0224       1 
0225       1 
0226       1 
0227       1 
0228       1 
0229       1 
0230       1 
0231       1 
0232       1 
0233       1 
0234       1 
0235       1 
0236       1 
0237       1 
0238       1 
0239       1 
0240       1 
0241       1 
0242       1 
0243       1 
0244       1 
0245       1 
0246       1 
0247       1 
0248       1 
0249       1 
0250       1 
0251       1 
0252       1 
0253       1 
0254       1 
0255       1 
0256       1 
0257       1 
0258       1 
0259       1 
0260       1 
0261       1 
0262       1 
0263       1 
0264       1 
0265       1 
0266       1 
0267       1 
0268       1 
0269       1 
0270       1 
0271       1 
0272       1 
0273       1 
0274       1 
0275       1 
0276       1 
0277       1 
0278       1 
0279       1 
0280       1 
0281       1 
0282       1 
0283       1 
0284       1 
0285       1 
0286       1 
0287       1 
0288       1 
0289       1 
0290       1 
0291       1 
0292       1 
0293       1 
0294       17486 
0295       17486 
0296       17353 
0297       17238 
0298       17066 
0299       16821 
0300       16744 
0301       16744 
0302       16588 
0303       16480 
0304       16391 
0305       16262 
0306       16153 
0307       16051 
0308       15950 
0309       15844 
0310       10015 
0311       9951 
0312       9951 
0313       9923 
0314       9923 
0315       9998 
0316       9998 
0317       9993 
0318       9957 
0319       9880 
0320       9830 
0321       9746 
0322       9733 
0323       9670 
0324       9629 
0325       9535 
0326       9496 
0327       9446 
0328       9383 
0329       9369 
0330       9339 
0331       9240 
0332       9204 
0333       9165 
0334       9106 
0335       9076 
0336       9025 
0337       8993 
0338       8944 
0339       8889 
0340       8855 
0341       8812 
0342       8772 
0343       8724 
0344       8697 
0345       8624 
0346       8617 
0347       8558 
0348       8519 
0349       8489 
0350       8436 
0351       8414 
0352       8384 
0353       8349 
0354       8311 
0355       8296 
0356       8234 
0357       8215 
0358       8152 
0359       8128 
0360       8102 
0361       8071 
0362       8040 
0363       8008 
0364       7979 
0365       7955 
0366       7932 
0367       7870 
0368       7862 
0369       7820 
0370       7787 
0371       7724 
0372       7710 
0373       7669 
0374       7658 
0375       7655 
0376       7630 
0377       7585 
0378       7581 
0379       7556 
0380       7538 
0381       7509 
0382       7476 
0383       7454 
0384       7437 
0385       7407 
0386       7369 
0387       7363 
0388       7322 
0389       7313 
0390       7297 
0391       7242 
0392       7239 
0393       7221 
0394       7206 
0395       7204 
0396       7179 
0397       7143 
0398       7110 
0399       7093 
0400       7057 
0401       7050 
0402       7039 
0403       7027 
0404       7008 
0405       6969 
0406       6963 
0407       6960 
0408       6936 
0409       6920 
0410       6917 
0411       6876 
0412       6853 
0413       6824 
0414       6822 
0415       6809 
0416       6783 
0417       6782 
0418       6763 
0419       6735 
0420       6717 
0421       6715 
0422       6700 
0423       6682 
0424       6661 
0425       6659 
0426       6634 
0427       6622 
0428       6608 
0429       6579 
0430       6579 
0431       6579 
0432       6556 
0433       6540 
0434       6528 
0435       6526 
0436       6491 
0437       6488 
0438       6485 
0439       6483 
0440       6456 
0441       6442 
0442       6427 
0443       6427 
0444       6427 
0445       6397 
0446       6382 
0447       6364 
0448       6363 
0449       6357 
0450       6356 
0451       6350 
0452       6332 
0453       6311 
0454       6302 
0455       6295 
0456       6295 
0457       6290 
0458       6273 
0459       6260 
0460       6248 
0461       6238 
0462       6237 
0463       6225 
0464       6221 
0465       6204 
0466       6197 
0467       6178 
0468       6178 
0469       6176 
0470       6173 
0471       6169 
0472       6157 
0473       6132 
0474       6132 
0475       6130 
0476       6125 
0477       6117 
0478       6117 
0479       6116 
0480       6088 
0481       6081 
0482       6080 
0483       6080 
0484       6078 
0485       6078 
0486       6070 
0487       6055 
0488       6040 
0489       6036 
0490       6034 
0491       6034 
0492       6031 
0493       6018 
0494       6001 
0495       6001 
0496       6000 
0497       5993 
0498       5993 
0499       5993 
0500       6013 
0501       5987 
0502       5986 
0503       5986 
0504       5984 
0505       5971 
0506       5968 
0507       5965 
0508       5965 
0509       5964 
0510       5955 
0511       5955 
0512       5958 
0513       5958 
0514       5958 
0515       5950 
0516       5950 
0517       5959 
0518       5960 
0519       5960 
0520       5960 
0521       5945 
0522       5944 
0523       5945 
0524       5947 
0525       5947 
0526       5943 
0527       5943 
0528       5945 
0529       5945 
0530       5945 
0531       5938 
0532       5938 
0533       5938 
0534       5952 
0535       5952 
0536       5939 
0537       5937 
0538       5937 
0539       5935 
0540       5940 
0541       5954 
0542       5956 
0543       5956 
0544       5956 
0545       5959 
0546       5956 
0547       5959 
0548       5959 
0549       5964 
0550       5964 
0551       5965 
0552       5967 
0553       5970 
0554       5968 
0555       5975 
0556       5979 
0557       5980 
0558       5986 
0559       6000 
0560       6000 
0561       6000 
0562       6001 
0563       6000 
0564       6005 
0565       6016 
0566       6016 
0567       6018 
0568       6018 
0569       6025 
0570       6026 
0571       6048 
0572       6052 
0573       6052 
0574       6049 
0575       6049 
0576       6053 
0577       6057 
0578       6077 
0579       6083 
0580       6090 
0581       6110 
0582       6110 
0583       6102 
0584       6101 
0585       6102 
0586       6114 
0587       6116 
0588       6142 
0589       6142 
0590       6142 
0591       6142 
0592       6167 
0593       6168 
0594       6174 
0595       6186 
0596       6191 
0597       6197 
0598       6201 
0599       6223 
0600       6228 
0601       6229 
0602       6231 
0603       6237 
0604       6255 
0605       6276 
0606       6277 
0607       6305 
0608       6311 
0609       6312 
0610       6318 
0611       6322 
0612       6340 
0613       6353 
0614       6361 
0615       6364 
0616       6382 
0617       6389 
0618       6396 
0619       6403 
0620       6429 
0621       6430 
0622       6450 
0623       6465 
0624       6466 
0625       6489 
0626       6493 
0627       6494 
0628       6516 
0629       6534 
0630       6542 
0631       6549 
0632       6579 
0633       6580 
0634       6593 
0635       6610 
0636       6640 
0637       6644 
0638       6659 
0639       6688 
0640       6690 
0641       6695 
0642       6712 
0643       6714 
0644       6736 
0645       6771 
0646       6775 
0647       6781 
0648       6813 
0649       6832 
0650       6846 
0651       6850 
0652       6869 
0653       6890 
0654       6905 
0655       6919 
0656       6953 
0657       6963 
0658       6964 
0659       7005 
0660       7013 
0661       7042 
0662       7063 
0663       7083 
0664       7091 
0665       7117 
0666       7151 
0667       7164 
0668       7169 
0669       7215 
0670       7219 
0671       7250 
0672       7266 
0673       7275 
0674       7312 
0675       7329 
0676       7356 
0677       7387 
0678       7414 
0679       7432 
0680       7452 
0681       7475 
0682       7503 
0683       7540 
0684       7545 
0685       7570 
0686       7616 
0687       7619 
0688       7644 
0689       7684 
0690       7706 
0691       7731 
0692       7756 
0693       7797 
0694       7821 
0695       7847 
0696       7882 
0697       7926 
0698       7957 
0699       7973 
0700       8026 
0701       8049 
0702       8071 
0703       8134 
0704       8163 
0705       8167 
0706       8214 
0707       8244 
0708       8277 
0709       8284 
0710       8335 
0711       8370 
0712       8421 
0713       8489 
0714       8520 
0715       8537 
0716       8574 
0717       8619 
0718       8658 
0719       8692 
0720       8743 
0721       8786 
0722       8799 
0723       8849 
0724       8906 
0725       8933 
0726       8990 
0727       9031 
0728       9089 
0729       9096 
0730       9177 
0731       9209 
0732       9272 
0733       9323 
0734       9359 
0735       9427 
0736       9444 
0737       9516 
0738       9565 
0739       9644 
0740       9680 
0741       9742 
0742       9823 
0743       9856 
0744       9910 
0745       9964 
0746       10061 
0747       10097 
0748       10153 
0749       10225 
0750       10265 
0751       10345 
0752       10389 
0753       10445 
0754       10543 
0755       10587 
0756       10661 
0757       10732 
0758       10787 
0759       10852 
0760       10938 
0761       11018 
0762       11097 
0763       11209 
0764       11284 
0765       11335 
0766       11335 
0767       11334 
0768       11256 
0769       11256 
0770       11290 
0771       13044 
0772       13044 
0773       13032 
0774       13032 
0775       13124 
0776       13215 
0777       13326 
0778       13462 
0779       13553 
0780       13699 
0781       13779 
0782       13880 
0783       13880 
0784       13880 
0785       14047 
0786       14397 
0787       14516 
0788       14639 
0789       14775 
0790       14775 
0791       14891 
0792       15107 
0793       15107 
0794       1 
0795       1 
0796       1 
0797       1 
0798       1 
0799       1 
0800       1 
0801       1 
0802       1 
0803       1 
0804       19523 
0805       19523 
0806       19510 
0807       19447 
0808       19408 
0809       19408 
0810       19346 
0811       10596 
0812       10540 
0813       10536 
0814       10524 
0815       10524 
0816       19201 
0817       19201 
0818       19163 
0819       15472 
0820       15448 
0821       15413 
0822       15411 
0823       15373 
0824       15363 
0825       15322 
0826       15310 
0827       15299 
0828       15275 
0829       15251 
0830       15229 
0831       15210 
0832       15201 
0833       15184 
0834       15179 
0835       15158 
0836       15144 
0837       15125 
0838       15090 
0839       15088 
0840       15074 
0841       15038 
0842       15037 
0843       15015 
0844       15013 
0845       15010 
0846       15000 
0847       14960 
0848       14960 
0849       14960 
0850       1 
0851       1 
0852       1 
0853       1 
0854       1 
0855       1 
0856       1 
0857       1 
0858       1 
0859       1 
0860       1 
0861       1 
0862       1 
0863       1 
0864       1 
0865       10649 
0866       10850 
0867       10850 
0868       1 
0869       1 
0870       1 
0871       1 
0872       1 
0873       1 
0874       1 
0875       1 
0876       1 
0877       1 
0878       1 
0879       1 
0880       1 
0881       1 
0882       1 
0883       1 
0884       1 
0885       1 
0886       1 
0887       1 
0888       1 
0889       1 
0890       1 
0891       1 
0892       1 
0893       1 
0894       1 
0895       1 
0896       1 
0897       1 
0898       1 
0899       1 
0900       1 
0901       1 
0902       1 
0903       1 
0904       1 
0905       1 
0906       1 
0907       1 
0908       1 
0909       1 
0910       1 
0911       1 
0912       1 
0913       1 
0914       1 
0915       1 
0916       1 
0917       1 
0918       1 
0919       1 
0920       1 
0921       1 
0922       1 
0923       1 
0924       1 
0925       1 
0926       1 
0927       1 
0928       1 
0929       1 
0930       1 
0931       1 
0932       1 
0933       1 
0934       1 
0935       1 
0936       1 
0937       1 
0938       1 
0939       1 
0940       1 
0941       1 
0942       1 
0943       1 
0944       1 
0945       1 
0946       1 
0947       1 
0948       1 
0949       1 
0950       1 
0951       1 
0952       1 
0953       1 
0954       1 
0955       1 
0956       1 
0957       1 
0958       1 
0959       1 
0960       1 
0961       1 
0962       1 
0963       1 
0964       1 
0965       1 
0966       1 
0967       1 
0968       1 
0969       1 
0970       1 
0971       1 
0972       1 
0973       1 
0974       1 
0975       1 
0976       1 
0977       1 
0978       1 
0979       1 
0980       1 
0981       1 
0982       1 
0983       1 
0984       1 
0985       1 
0986       1 
0987       1 
0988       1 
0989       1 
0990       1 
0991       1 
0992       1 
0993       1 
0994       1 
0995       1 
0996       1 
0997       1 
0998       1 
0999       1 
1000       1 
1001       1 
1002       1 
1003       1 
1004       1 
1005       1 
1006       4 
1007       4 
1008       57 
1009       43 
1010       55 
1011       55 
1012       55 
1013       55 
1014       55 
1015       46 
1016       44 
1017       44 
1018       44 
1019       52 
1020       57 
1021       57 
1022       53 
1023       57 
1024       57 
1025       57 
1026       57 
1027       57 
1028       57 
1029       51 
1030       44 
1031       44 
1032       44 
1033       55 
1034       57 
1035       57 
1036       58 
1037       62 
1038       65 
1039       65 
1040       65 
1041       65 
1042       69 
1043       69 
1044       69 
1045       69 
1046       69 
1047       69 
1048       73 
1049       73 
1050       68 
1051       64 
1052       64 
1053       64 
1054       65 
1055       67 
1056       71 
1057       71 
1058       67 
1059       67 
1060       63 
1061       63 
1062       62 
1063       67 
1064       67 
1065       67 
1066       62 
1067       60 
1068       60 
1069       60 
1070       66 
1071       69 
1072       69 
1073       69 
1074       69 
1075       69 
1076       60 
1077       68 
1078       68 
1079       60 
1297966650.723645
