0000       1 
0001       1 
0002       1 
0003       1 
0004       1 
0005       1 
0006       1 
0007       1 
0008       1 
0009       1 
0010       1 
0011       1 
0012       1 
0013       1 
0014       1 
0015       1 
0016       1 
0017       1 
0018       1 
0019       1 
0020       1 
0021       1 
0022       1 
0023       1 
0024       1 
0025       1 
0026       1 
0027       1 
0028       1 
0029       1 
0030       1 
0031       1 
0032       1 
0033       1 
0034       1 
0035       1 
0036       1 
0037       1 
0038       1 
0039       1 
0040       1 
0041       1 
0042       1 
0043       1 
0044       1 
0045       1 
0046       1 
0047       1 
0048       1 
0049       1 
0050       1 
0051       1 
0052       1 
0053       1 
0054       1 
0055       1 
0056       1 
0057       1 
0058       1 
0059       1 
0060       1 
0061       1 
0062       1 
0063       1 
0064       1 
0065       1 
0066       1 
0067       1 
0068       1 
0069       1 
0070       1 
0071       1 
0072       1 
0073       1 
0074       1 
0075       1 
0076       1 
0077       1 
0078       1 
0079       1 
0080       1 
0081       1 
0082       1 
0083       1 
0084       1 
0085       1 
0086       1 
0087       1 
0088       1 
0089       1 
0090       1 
0091       1 
0092       1 
0093       1 
0094       1 
0095       1 
0096       1 
0097       1 
0098       1 
0099       1 
0100       1 
0101       1 
0102       1 
0103       1 
0104       1 
0105       1 
0106       1 
0107       1 
0108       1 
0109       1 
0110       1 
0111       1 
0112       1 
0113       1 
0114       1 
0115       1 
0116       1 
0117       1 
0118       1 
0119       1 
0120       1 
0121       1 
0122       1 
0123       1 
0124       1 
0125       1 
0126       1 
0127       1 
0128       1 
0129       1 
0130       1 
0131       1 
0132       1 
0133       1 
0134       1 
0135       1 
0136       1 
0137       1 
0138       1 
0139       1 
0140       1 
0141       1 
0142       1 
0143       1 
0144       1 
0145       1 
0146       1 
0147       1 
0148       1 
0149       1 
0150       1 
0151       1 
0152       1 
0153       1 
0154       1 
0155       1 
0156       1 
0157       1 
0158       1 
0159       1 
0160       1 
0161       1 
0162       1 
0163       1 
0164       1 
0165       1 
0166       33574 
0167       33581 
0168       33590 
0169       33590 
0170       33569 
0171       33536 
0172       33569 
0173       33537 
0174       33537 
0175       33368 
0176       33362 
0177       33343 
0178       1 
0179       1 
0180       1 
0181       1 
0182       1 
0183       1 
0184       1 
0185       1 
0186       1 
0187       1 
0188       1 
0189       33437 
0190       33452 
0191       33454 
0192       33483 
0193       33483 
0194       1 
0195       1 
0196       1 
0197       1 
0198       1 
0199       1 
0200       1 
0201       1 
0202       1 
0203       1 
0204       1 
0205       1 
0206       1 
0207       1 
0208       1 
0209       1 
0210       1 
0211       33757 
0212       33834 
0213       33841 
0214       33901 
0215       33901 
0216       33901 
0217       33937 
0218       33965 
0219       34024 
0220       34068 
0221       34082 
0222       34082 
0223       1 
0224       1 
0225       1 
0226       34413 
0227       34487 
0228       34532 
0229       34532 
0230       1 
0231       1 
0232       1 
0233       34512 
0234       34527 
0235       34527 
0236       34527 
0237       1 
0238       1 
0239       1 
0240       1 
0241       1 
0242       1 
0243       1 
0244       1 
0245       1 
0246       1 
0247       1 
0248       1 
0249       1 
0250       1 
0251       1 
0252       1 
0253       1 
0254       1 
0255       1 
0256       1 
0257       1 
0258       1 
0259       1 
0260       1 
0261       1 
0262       1 
0263       1 
0264       1 
0265       1 
0266       1 
0267       1 
0268       1 
0269       1 
0270       1 
0271       1 
0272       1 
0273       1 
0274       1 
0275       1 
0276       1 
0277       1 
0278       1 
0279       1 
0280       1 
0281       1 
0282       1 
0283       1 
0284       1 
0285       1 
0286       1 
0287       1 
0288       1 
0289       1 
0290       1 
0291       1 
0292       1 
0293       1 
0294       1 
0295       1 
0296       1 
0297       1 
0298       1 
0299       1 
0300       1 
0301       1 
0302       1 
0303       1 
0304       1 
0305       1 
0306       1 
0307       1 
0308       1 
0309       1 
0310       1 
0311       1 
0312       1 
0313       1 
0314       1 
0315       1 
0316       1 
0317       1 
0318       1 
0319       1 
0320       1 
0321       1 
0322       1 
0323       1 
0324       14820 
0325       14820 
0326       1 
0327       1 
0328       1 
0329       14405 
0330       14451 
0331       14451 
0332       14254 
0333       14193 
0334       14193 
0335       14104 
0336       14046 
0337       13938 
0338       13857 
0339       13780 
0340       13724 
0341       9044 
0342       9035 
0343       9035 
0344       8966 
0345       8938 
0346       8859 
0347       8824 
0348       8810 
0349       8754 
0350       8698 
0351       8641 
0352       8573 
0353       8566 
0354       8532 
0355       8500 
0356       8468 
0357       8414 
0358       8366 
0359       8293 
0360       8264 
0361       8263 
0362       8212 
0363       8178 
0364       8113 
0365       8052 
0366       8040 
0367       8031 
0368       7999 
0369       7939 
0370       7919 
0371       7859 
0372       7831 
0373       7803 
0374       7793 
0375       7763 
0376       7722 
0377       7682 
0378       7659 
0379       7601 
0380       7600 
0381       7575 
0382       7540 
0383       7505 
0384       7498 
0385       7454 
0386       7447 
0387       7392 
0388       7371 
0389       7361 
0390       7339 
0391       7300 
0392       7274 
0393       7258 
0394       7236 
0395       7192 
0396       7157 
0397       7157 
0398       7137 
0399       7100 
0400       7100 
0401       7046 
0402       7041 
0403       7014 
0404       6961 
0405       6952 
0406       6933 
0407       6926 
0408       6899 
0409       6896 
0410       6863 
0411       6858 
0412       6827 
0413       6789 
0414       6755 
0415       6733 
0416       6733 
0417       6726 
0418       6713 
0419       6681 
0420       6672 
0421       6642 
0422       6635 
0423       6591 
0424       6588 
0425       6565 
0426       6555 
0427       6547 
0428       6539 
0429       6513 
0430       6498 
0431       6492 
0432       6472 
0433       6440 
0434       6407 
0435       6386 
0436       6377 
0437       6377 
0438       6377 
0439       6365 
0440       6331 
0441       6325 
0442       6320 
0443       6302 
0444       6292 
0445       6253 
0446       6246 
0447       6228 
0448       6225 
0449       6219 
0450       6214 
0451       6191 
0452       6188 
0453       6168 
0454       6147 
0455       6136 
0456       6125 
0457       6102 
0458       6100 
0459       6087 
0460       6080 
0461       6080 
0462       6056 
0463       6050 
0464       6044 
0465       6032 
0466       6024 
0467       6024 
0468       5989 
0469       5975 
0470       5973 
0471       5973 
0472       5956 
0473       5956 
0474       5952 
0475       5948 
0476       5943 
0477       5931 
0478       5925 
0479       5912 
0480       5910 
0481       5898 
0482       5875 
0483       5869 
0484       5867 
0485       5869 
0486       5869 
0487       5870 
0488       5869 
0489       5842 
0490       5834 
0491       5832 
0492       5818 
0493       5816 
0494       5812 
0495       5797 
0496       5774 
0497       5774 
0498       5778 
0499       5778 
0500       5776 
0501       5776 
0502       5774 
0503       5749 
0504       5745 
0505       5741 
0506       5741 
0507       5741 
0508       5707 
0509       5695 
0510       5695 
0511       5713 
0512       5713 
0513       5718 
0514       5703 
0515       5726 
0516       5698 
0517       5695 
0518       5695 
0519       5692 
0520       5692 
0521       5673 
0522       5665 
0523       5665 
0524       5667 
0525       5677 
0526       5677 
0527       5660 
0528       5660 
0529       5663 
0530       5663 
0531       5652 
0532       5650 
0533       5652 
0534       5652 
0535       5652 
0536       5636 
0537       5627 
0538       5627 
0539       5628 
0540       5632 
0541       5643 
0542       5643 
0543       5643 
0544       5639 
0545       5638 
0546       5638 
0547       5632 
0548       5632 
0549       5632 
0550       5632 
0551       5632 
0552       5628 
0553       5628 
0554       5635 
0555       5643 
0556       5643 
0557       5645 
0558       5645 
0559       5645 
0560       5647 
0561       5647 
0562       5650 
0563       5650 
0564       5636 
0565       5631 
0566       5631 
0567       8766 
0568       8768 
0569       8768 
0570       8768 
0571       8765 
0572       8778 
0573       8770 
0574       8793 
0575       8793 
0576       8800 
0577       8800 
0578       8775 
0579       8765 
0580       8759 
0581       8736 
0582       8554 
0583       8530 
0584       8530 
0585       8610 
0586       8745 
0587       8842 
0588       8847 
0589       8878 
0590       8878 
0591       6327 
0592       6327 
0593       6334 
0594       6339 
0595       6339 
0596       6339 
0597       6340 
0598       6342 
0599       6408 
0600       6435 
0601       6479 
0602       6554 
0603       6582 
0604       9029 
0605       9038 
0606       9044 
0607       9060 
0608       9085 
0609       9089 
0610       9102 
0611       9106 
0612       9119 
0613       9133 
0614       9141 
0615       9151 
0616       9171 
0617       9195 
0618       9213 
0619       9214 
0620       9232 
0621       9239 
0622       9260 
0623       9267 
0624       9305 
0625       9313 
0626       9330 
0627       9349 
0628       9358 
0629       9367 
0630       9409 
0631       9421 
0632       9425 
0633       9464 
0634       9501 
0635       9512 
0636       9518 
0637       9558 
0638       9568 
0639       9602 
0640       9621 
0641       9649 
0642       9650 
0643       9678 
0644       9708 
0645       9744 
0646       9760 
0647       9776 
0648       9789 
0649       9820 
0650       9838 
0651       9884 
0652       9890 
0653       9892 
0654       9935 
0655       10043 
0656       10188 
0657       10214 
0658       10261 
0659       10274 
0660       10293 
0661       10338 
0662       10372 
0663       10394 
0664       10425 
0665       10455 
0666       10486 
0667       10516 
0668       10521 
0669       10563 
0670       10590 
0671       10627 
0672       10646 
0673       10697 
0674       10724 
0675       10747 
0676       10796 
0677       10813 
0678       10861 
0679       10888 
0680       10944 
0681       10973 
0682       11003 
0683       11052 
0684       11088 
0685       11111 
0686       11155 
0687       11186 
0688       11239 
0689       11280 
0690       11303 
0691       11377 
0692       11406 
0693       11456 
0694       11503 
0695       11537 
0696       11591 
0697       11621 
0698       11652 
0699       11711 
0700       11765 
0701       11794 
0702       11837 
0703       11866 
0704       11936 
0705       11992 
0706       12010 
0707       12106 
0708       12113 
0709       12187 
0710       12192 
0711       12273 
0712       12338 
0713       12380 
0714       12433 
0715       12497 
0716       12538 
0717       12598 
0718       12669 
0719       12687 
0720       12697 
0721       12721 
0722       12742 
0723       12804 
0724       12878 
0725       12930 
0726       12960 
0727       12992 
0728       13048 
0729       13106 
0730       13169 
0731       13218 
0732       13268 
0733       13308 
0734       13382 
0735       13469 
0736       13514 
0737       13562 
0738       13646 
0739       13680 
0740       13680 
0741       13696 
0742       13696 
0743       13775 
0744       13881 
0745       14000 
0746       14185 
0747       14269 
0748       14372 
0749       14442 
0750       14552 
0751       14589 
0752       14733 
0753       14780 
0754       14861 
0755       14933 
0756       15078 
0757       15125 
0758       15125 
0759       15179 
0760       15081 
0761       12383 
0762       12269 
0763       12383 
0764       12473 
0765       12545 
0766       14937 
0767       14937 
0768       14879 
0769       14843 
0770       14805 
0771       14719 
0772       14688 
0773       14688 
0774       14667 
0775       14655 
0776       14610 
0777       14562 
0778       14541 
0779       14507 
0780       14496 
0781       14458 
0782       14409 
0783       14390 
0784       14304 
0785       14304 
0786       14304 
0787       1 
0788       1 
0789       1 
0790       1 
0791       1 
0792       1 
0793       1 
0794       1 
0795       16491 
0796       16491 
0797       16462 
0798       1 
0799       1 
0800       1 
0801       1 
0802       1 
0803       1 
0804       1 
0805       1 
0806       1 
0807       1 
0808       1 
0809       1 
0810       1 
0811       1 
0812       1 
0813       1 
0814       1 
0815       1 
0816       1 
0817       1 
0818       1 
0819       1 
0820       1 
0821       1 
0822       1 
0823       1 
0824       1 
0825       1 
0826       1 
0827       1 
0828       1 
0829       1 
0830       1 
0831       1 
0832       1 
0833       1 
0834       1 
0835       1 
0836       1 
0837       1 
0838       1 
0839       1 
0840       1 
0841       1 
0842       1 
0843       1 
0844       1 
0845       1 
0846       1 
0847       1 
0848       1 
0849       1 
0850       1 
0851       1 
0852       1 
0853       1 
0854       1 
0855       1 
0856       37707 
0857       37707 
0858       1 
0859       1 
0860       1 
0861       1 
0862       1 
0863       1 
0864       1 
0865       1 
0866       1 
0867       1 
0868       1 
0869       1 
0870       1 
0871       1 
0872       1 
0873       1 
0874       1 
0875       1 
0876       1 
0877       1 
0878       1 
0879       1 
0880       1 
0881       1 
0882       1 
0883       1 
0884       1 
0885       1 
0886       1 
0887       1 
0888       1 
0889       1 
0890       1 
0891       1 
0892       1 
0893       1 
0894       1 
0895       1 
0896       1 
0897       1 
0898       1 
0899       1 
0900       1 
0901       1 
0902       1 
0903       1 
0904       1 
0905       1 
0906       1 
0907       1 
0908       1 
0909       1 
0910       1 
0911       1 
0912       1 
0913       1 
0914       1 
0915       1 
0916       1 
0917       1 
0918       1 
0919       1 
0920       1 
0921       1 
0922       1 
0923       1 
0924       1 
0925       1 
0926       1 
0927       1 
0928       1 
0929       1 
0930       1 
0931       1 
0932       1 
0933       1 
0934       1 
0935       1 
0936       1 
0937       1 
0938       1 
0939       1 
0940       1 
0941       1 
0942       1 
0943       1 
0944       1 
0945       1 
0946       1 
0947       1 
0948       1 
0949       1 
0950       1 
0951       1 
0952       1 
0953       1 
0954       1 
0955       1 
0956       1 
0957       1 
0958       1 
0959       1 
0960       1 
0961       1 
0962       1 
0963       1 
0964       1 
0965       1 
0966       1 
0967       1 
0968       1 
0969       1 
0970       1 
0971       1 
0972       1 
0973       1 
0974       1 
0975       1 
0976       1 
0977       1 
0978       1 
0979       1 
0980       1 
0981       1 
0982       1 
0983       1 
0984       1 
0985       1 
0986       1 
0987       1 
0988       1 
0989       1 
0990       1 
0991       1 
0992       1 
0993       1 
0994       1 
0995       1 
0996       1 
0997       1 
0998       1 
0999       1 
1000       1 
1001       1 
1002       1 
1003       1 
1004       1 
1005       1 
1006       1 
1007       43 
1008       43 
1009       45 
1010       43 
1011       53 
1012       49 
1013       52 
1014       49 
1015       52 
1016       49 
1017       52 
1018       56 
1019       56 
1020       56 
1021       63 
1022       63 
1023       69 
1024       69 
1025       69 
1026       69 
1027       70 
1028       69 
1029       58 
1030       55 
1031       55 
1032       55 
1033       56 
1034       60 
1035       65 
1036       65 
1037       69 
1038       70 
1039       70 
1040       70 
1041       70 
1042       70 
1043       66 
1044       66 
1045       66 
1046       66 
1047       72 
1048       72 
1049       67 
1050       72 
1051       72 
1052       67 
1053       67 
1054       67 
1055       67 
1056       67 
1057       67 
1058       71 
1059       71 
1060       71 
1061       67 
1062       66 
1063       63 
1064       63 
1065       63 
1066       69 
1067       69 
1068       69 
1069       68 
1070       66 
1071       65 
1072       65 
1073       65 
1074       65 
1075       65 
1076       63 
1077       63 
1078       72 
1079       63 
1297966661.101941
