0000       1 
0001       1 
0002       1 
0003       1 
0004       1 
0005       1 
0006       1 
0007       1 
0008       1 
0009       1 
0010       1 
0011       1 
0012       1 
0013       1 
0014       1 
0015       1 
0016       1 
0017       1 
0018       1 
0019       1 
0020       1 
0021       1 
0022       1 
0023       1 
0024       1 
0025       1 
0026       1 
0027       1 
0028       1 
0029       1 
0030       1 
0031       1 
0032       1 
0033       1 
0034       1 
0035       1 
0036       1 
0037       1 
0038       1 
0039       1 
0040       1 
0041       1 
0042       1 
0043       1 
0044       1 
0045       1 
0046       1 
0047       1 
0048       1 
0049       1 
0050       1 
0051       1 
0052       1 
0053       1 
0054       1 
0055       1 
0056       1 
0057       1 
0058       1 
0059       1 
0060       1 
0061       1 
0062       1 
0063       1 
0064       1 
0065       1 
0066       1 
0067       1 
0068       1 
0069       1 
0070       1 
0071       1 
0072       1 
0073       1 
0074       1 
0075       1 
0076       1 
0077       1 
0078       1 
0079       1 
0080       1 
0081       1 
0082       1 
0083       1 
0084       1 
0085       1 
0086       1 
0087       1 
0088       1 
0089       1 
0090       1 
0091       1 
0092       1 
0093       1 
0094       1 
0095       1 
0096       1 
0097       1 
0098       1 
0099       1 
0100       1 
0101       1 
0102       1 
0103       1 
0104       1 
0105       1 
0106       1 
0107       1 
0108       1 
0109       1 
0110       1 
0111       1 
0112       1 
0113       1 
0114       1 
0115       1 
0116       1 
0117       1 
0118       1 
0119       1 
0120       1 
0121       1 
0122       1 
0123       1 
0124       1 
0125       1 
0126       1 
0127       1 
0128       1 
0129       1 
0130       1 
0131       1 
0132       1 
0133       1 
0134       1 
0135       1 
0136       1 
0137       1 
0138       1 
0139       1 
0140       1 
0141       1 
0142       1 
0143       1 
0144       1 
0145       1 
0146       1 
0147       1 
0148       1 
0149       1 
0150       1 
0151       1 
0152       1 
0153       1 
0154       1 
0155       1 
0156       1 
0157       1 
0158       1 
0159       1 
0160       1 
0161       1 
0162       1 
0163       1 
0164       1 
0165       1 
0166       1 
0167       1 
0168       1 
0169       1 
0170       1 
0171       1 
0172       1 
0173       1 
0174       1 
0175       1 
0176       1 
0177       1 
0178       1 
0179       1 
0180       1 
0181       1 
0182       1 
0183       1 
0184       1 
0185       1 
0186       1 
0187       1 
0188       1 
0189       1 
0190       1 
0191       1 
0192       1 
0193       1 
0194       1 
0195       1 
0196       1 
0197       1 
0198       1 
0199       1 
0200       1 
0201       1 
0202       1 
0203       1 
0204       1 
0205       1 
0206       1 
0207       1 
0208       1 
0209       1 
0210       1 
0211       1 
0212       1 
0213       1 
0214       1 
0215       1 
0216       1 
0217       1 
0218       1 
0219       1 
0220       1 
0221       1 
0222       1 
0223       1 
0224       1 
0225       1 
0226       1 
0227       1 
0228       1 
0229       1 
0230       1 
0231       1 
0232       1 
0233       1 
0234       1 
0235       1 
0236       1 
0237       1 
0238       1 
0239       1 
0240       1 
0241       1 
0242       1 
0243       1 
0244       1 
0245       1 
0246       1 
0247       1 
0248       1 
0249       1 
0250       1 
0251       1 
0252       1 
0253       1 
0254       1 
0255       1 
0256       1 
0257       1 
0258       1 
0259       1 
0260       1 
0261       1 
0262       13825 
0263       13825 
0264       1 
0265       1 
0266       1 
0267       1 
0268       1 
0269       1 
0270       1 
0271       1 
0272       1 
0273       13028 
0274       13028 
0275       12919 
0276       12810 
0277       12712 
0278       12598 
0279       12498 
0280       12384 
0281       12258 
0282       12201 
0283       12113 
0284       12055 
0285       11904 
0286       11826 
0287       11742 
0288       11668 
0289       11566 
0290       11483 
0291       11428 
0292       11303 
0293       11248 
0294       11172 
0295       11112 
0296       11009 
0297       10924 
0298       10872 
0299       10781 
0300       10690 
0301       10635 
0302       10568 
0303       10519 
0304       10449 
0305       10361 
0306       10299 
0307       10243 
0308       10183 
0309       10163 
0310       10049 
0311       10004 
0312       9936 
0313       9874 
0314       9860 
0315       9784 
0316       9716 
0317       9646 
0318       9593 
0319       9533 
0320       9501 
0321       9450 
0322       9363 
0323       9362 
0324       9269 
0325       9258 
0326       9208 
0327       9139 
0328       9128 
0329       9071 
0330       9020 
0331       8973 
0332       8948 
0333       8888 
0334       8841 
0335       8801 
0336       8747 
0337       8699 
0338       8677 
0339       8651 
0340       8572 
0341       8549 
0342       8495 
0343       8488 
0344       8450 
0345       8391 
0346       8368 
0347       8339 
0348       8286 
0349       8257 
0350       8240 
0351       8181 
0352       8130 
0353       8106 
0354       8072 
0355       8040 
0356       8015 
0357       7962 
0358       7927 
0359       7911 
0360       7895 
0361       7864 
0362       7815 
0363       7809 
0364       7760 
0365       7732 
0366       7711 
0367       7689 
0368       7636 
0369       7597 
0370       7561 
0371       7554 
0372       7527 
0373       7498 
0374       7470 
0375       7429 
0376       7420 
0377       7411 
0378       7371 
0379       7351 
0380       7342 
0381       7319 
0382       7306 
0383       7285 
0384       7240 
0385       7232 
0386       7186 
0387       7185 
0388       7160 
0389       7158 
0390       7122 
0391       7080 
0392       7076 
0393       7057 
0394       7050 
0395       7015 
0396       6989 
0397       6976 
0398       6951 
0399       6932 
0400       6929 
0401       6889 
0402       6885 
0403       6875 
0404       6855 
0405       6835 
0406       6831 
0407       6782 
0408       6768 
0409       6756 
0410       6752 
0411       6725 
0412       6714 
0413       6692 
0414       6682 
0415       6643 
0416       6636 
0417       6629 
0418       6617 
0419       6615 
0420       6589 
0421       6585 
0422       6573 
0423       6546 
0424       6537 
0425       6508 
0426       6499 
0427       6496 
0428       6495 
0429       6485 
0430       6465 
0431       6449 
0432       6437 
0433       6430 
0434       6407 
0435       6394 
0436       6390 
0437       6382 
0438       6351 
0439       6351 
0440       6351 
0441       6333 
0442       6330 
0443       6295 
0444       6286 
0445       6284 
0446       6277 
0447       6269 
0448       6246 
0449       6245 
0450       6240 
0451       6225 
0452       6225 
0453       6208 
0454       6201 
0455       6196 
0456       6196 
0457       6179 
0458       6169 
0459       6166 
0460       6149 
0461       6141 
0462       6138 
0463       6130 
0464       6118 
0465       6126 
0466       6118 
0467       6101 
0468       6101 
0469       6080 
0470       6092 
0471       6082 
0472       6082 
0473       6058 
0474       6046 
0475       6041 
0476       6045 
0477       6037 
0478       6037 
0479       6035 
0480       6031 
0481       6027 
0482       6015 
0483       6013 
0484       6012 
0485       6007 
0486       5989 
0487       5988 
0488       5988 
0489       5988 
0490       5971 
0491       5971 
0492       5971 
0493       5967 
0494       5963 
0495       5960 
0496       5960 
0497       5938 
0498       5938 
0499       5939 
0500       5939 
0501       5939 
0502       5932 
0503       5934 
0504       5927 
0505       5930 
0506       5927 
0507       5922 
0508       5922 
0509       5919 
0510       5919 
0511       5924 
0512       5924 
0513       5912 
0514       5912 
0515       5909 
0516       5910 
0517       5909 
0518       5910 
0519       5911 
0520       5911 
0521       5911 
0522       5905 
0523       5905 
0524       5901 
0525       5900 
0526       5895 
0527       5894 
0528       5894 
0529       5900 
0530       5903 
0531       5903 
0532       5901 
0533       5901 
0534       5906 
0535       5907 
0536       5911 
0537       5912 
0538       5912 
0539       5912 
0540       5910 
0541       5910 
0542       5912 
0543       5912 
0544       5917 
0545       5920 
0546       5920 
0547       5920 
0548       5916 
0549       5929 
0550       5929 
0551       5940 
0552       5940 
0553       5940 
0554       5940 
0555       5952 
0556       5958 
0557       5958 
0558       5958 
0559       5960 
0560       5960 
0561       5961 
0562       5962 
0563       5964 
0564       5978 
0565       5969 
0566       5978 
0567       5999 
0568       6001 
0569       6001 
0570       6003 
0571       6025 
0572       6025 
0573       6018 
0574       6018 
0575       6026 
0576       6034 
0577       6034 
0578       6040 
0579       6049 
0580       6059 
0581       6065 
0582       6069 
0583       6088 
0584       6091 
0585       6091 
0586       6091 
0587       6110 
0588       6119 
0589       6119 
0590       6127 
0591       6139 
0592       6151 
0593       6152 
0594       6159 
0595       6169 
0596       6171 
0597       6178 
0598       6199 
0599       6202 
0600       6217 
0601       6219 
0602       6221 
0603       6224 
0604       6240 
0605       6243 
0606       6270 
0607       6281 
0608       6283 
0609       6299 
0610       6300 
0611       6301 
0612       6322 
0613       6328 
0614       6332 
0615       6366 
0616       6367 
0617       6367 
0618       6380 
0619       6410 
0620       6414 
0621       6433 
0622       6434 
0623       6463 
0624       6468 
0625       6487 
0626       6500 
0627       6511 
0628       6511 
0629       6538 
0630       6543 
0631       6545 
0632       6563 
0633       6578 
0634       6602 
0635       6612 
0636       6631 
0637       6631 
0638       6649 
0639       6668 
0640       6696 
0641       6715 
0642       6724 
0643       6728 
0644       6743 
0645       6770 
0646       6784 
0647       6817 
0648       6833 
0649       6858 
0650       6880 
0651       6882 
0652       6895 
0653       6927 
0654       6943 
0655       6954 
0656       6975 
0657       6981 
0658       7012 
0659       7028 
0660       7059 
0661       7064 
0662       7065 
0663       7117 
0664       7140 
0665       7160 
0666       7181 
0667       7200 
0668       7218 
0669       7237 
0670       7240 
0671       7277 
0672       7331 
0673       7331 
0674       7362 
0675       7370 
0676       7405 
0677       7442 
0678       7453 
0679       7479 
0680       7514 
0681       7535 
0682       7549 
0683       7580 
0684       7602 
0685       7633 
0686       7649 
0687       7649 
0688       7627 
0689       7547 
0690       7541 
0691       7541 
0692       7557 
0693       7560 
0694       7612 
0695       7613 
0696       11756 
0697       11790 
0698       11822 
0699       11836 
0700       11906 
0701       11978 
0702       12001 
0703       12066 
0704       12103 
0705       12152 
0706       12180 
0707       12231 
0708       12328 
0709       12377 
0710       12435 
0711       12488 
0712       12554 
0713       12578 
0714       12603 
0715       12719 
0716       12769 
0717       12821 
0718       12876 
0719       12928 
0720       12988 
0721       13061 
0722       13086 
0723       13161 
0724       13223 
0725       13259 
0726       13317 
0727       13355 
0728       13408 
0729       13510 
0730       13593 
0731       13593 
0732       13684 
0733       13801 
0734       13801 
0735       13849 
0736       13849 
0737       13849 
0738       1 
0739       1 
0740       1 
0741       1 
0742       1 
0743       1 
0744       10886 
0745       10918 
0746       11002 
0747       11071 
0748       11148 
0749       11229 
0750       11299 
0751       11364 
0752       11429 
0753       11529 
0754       11616 
0755       11680 
0756       11756 
0757       11756 
0758       11756 
0759       1 
0760       1 
0761       1 
0762       1 
0763       16714 
0764       16770 
0765       16770 
0766       16770 
0767       1 
0768       1 
0769       1 
0770       1 
0771       1 
0772       1 
0773       1 
0774       1 
0775       1 
0776       1 
0777       1 
0778       1 
0779       1 
0780       1 
0781       1 
0782       1 
0783       1 
0784       1 
0785       1 
0786       1 
0787       1 
0788       1 
0789       1 
0790       1 
0791       1 
0792       1 
0793       1 
0794       1 
0795       1 
0796       1 
0797       1 
0798       1 
0799       1 
0800       1 
0801       1 
0802       1 
0803       1 
0804       1 
0805       14376 
0806       14376 
0807       14310 
0808       14308 
0809       14288 
0810       14251 
0811       14246 
0812       14221 
0813       14217 
0814       14195 
0815       14188 
0816       14170 
0817       14140 
0818       13326 
0819       13131 
0820       13326 
0821       13449 
0822       13629 
0823       13859 
0824       13991 
0825       13991 
0826       13971 
0827       13956 
0828       13943 
0829       13941 
0830       13877 
0831       13850 
0832       13835 
0833       13785 
0834       13470 
0835       13470 
0836       13577 
0837       13737 
0838       13577 
0839       1 
0840       1 
0841       1 
0842       1 
0843       1 
0844       1 
0845       1 
0846       1 
0847       1 
0848       1 
0849       1 
0850       1 
0851       1 
0852       1 
0853       1 
0854       1 
0855       1 
0856       1 
0857       1 
0858       9330 
0859       9677 
0860       9920 
0861       9920 
0862       9901 
0863       9865 
0864       9866 
0865       9866 
0866       9890 
0867       9866 
0868       9865 
0869       1 
0870       1 
0871       1 
0872       1 
0873       1 
0874       1 
0875       1 
0876       1 
0877       1 
0878       1 
0879       1 
0880       1 
0881       1 
0882       1 
0883       1 
0884       1 
0885       1 
0886       1 
0887       1 
0888       1 
0889       1 
0890       1 
0891       1 
0892       1 
0893       1 
0894       1 
0895       1 
0896       1 
0897       1 
0898       1 
0899       1 
0900       1 
0901       1 
0902       1 
0903       1 
0904       1 
0905       1 
0906       1 
0907       1 
0908       1 
0909       1 
0910       1 
0911       1 
0912       1 
0913       1 
0914       1 
0915       1 
0916       1 
0917       1 
0918       1 
0919       1 
0920       1 
0921       1 
0922       1 
0923       1 
0924       1 
0925       1 
0926       1 
0927       1 
0928       1 
0929       1 
0930       1 
0931       1 
0932       1 
0933       1 
0934       1 
0935       1 
0936       1 
0937       1 
0938       1 
0939       1 
0940       1 
0941       1 
0942       1 
0943       1 
0944       1 
0945       1 
0946       1 
0947       1 
0948       1 
0949       1 
0950       1 
0951       1 
0952       1 
0953       1 
0954       1 
0955       1 
0956       1 
0957       1 
0958       1 
0959       1 
0960       1 
0961       1 
0962       1 
0963       1 
0964       1 
0965       1 
0966       1 
0967       1 
0968       1 
0969       1 
0970       1 
0971       1 
0972       1 
0973       1 
0974       1 
0975       1 
0976       1 
0977       1 
0978       1 
0979       1 
0980       1 
0981       1 
0982       1 
0983       1 
0984       1 
0985       1 
0986       1 
0987       1 
0988       1 
0989       1 
0990       1 
0991       1 
0992       1 
0993       1 
0994       1 
0995       1 
0996       1 
0997       1 
0998       1 
0999       1 
1000       1 
1001       1 
1002       1 
1003       1 
1004       1 
1005       1 
1006       1 
1007       48 
1008       48 
1009       46 
1010       46 
1011       46 
1012       46 
1013       50 
1014       54 
1015       60 
1016       54 
1017       57 
1018       60 
1019       57 
1020       54 
1021       54 
1022       54 
1023       54 
1024       54 
1025       55 
1026       59 
1027       65 
1028       61 
1029       61 
1030       61 
1031       54 
1032       53 
1033       53 
1034       54 
1035       59 
1036       61 
1037       63 
1038       67 
1039       67 
1040       73 
1041       70 
1042       70 
1043       70 
1044       66 
1045       65 
1046       58 
1047       60 
1048       60 
1049       60 
1050       63 
1051       67 
1052       68 
1053       69 
1054       69 
1055       69 
1056       69 
1057       69 
1058       63 
1059       63 
1060       63 
1061       60 
1062       63 
1063       68 
1064       68 
1065       68 
1066       68 
1067       67 
1068       67 
1069       67 
1070       67 
1071       67 
1072       72 
1073       72 
1074       72 
1075       66 
1076       66 
1077       66 
1078       66 
1079       61 
1297966645.927523
