0000       1 
0001       1 
0002       1 
0003       1 
0004       1 
0005       1 
0006       1 
0007       1 
0008       1 
0009       1 
0010       1 
0011       1 
0012       1 
0013       1 
0014       1 
0015       1 
0016       1 
0017       1 
0018       1 
0019       1 
0020       1 
0021       1 
0022       1 
0023       1 
0024       1 
0025       1 
0026       1 
0027       1 
0028       1 
0029       1 
0030       1 
0031       1 
0032       1 
0033       1 
0034       1 
0035       1 
0036       1 
0037       1 
0038       1 
0039       1 
0040       1 
0041       1 
0042       1 
0043       1 
0044       1 
0045       1 
0046       1 
0047       1 
0048       1 
0049       1 
0050       1 
0051       1 
0052       1 
0053       1 
0054       1 
0055       1 
0056       1 
0057       1 
0058       1 
0059       1 
0060       1 
0061       1 
0062       1 
0063       1 
0064       1 
0065       1 
0066       1 
0067       1 
0068       1 
0069       1 
0070       1 
0071       1 
0072       1 
0073       1 
0074       1 
0075       1 
0076       1 
0077       1 
0078       1 
0079       1 
0080       1 
0081       1 
0082       1 
0083       1 
0084       1 
0085       1 
0086       1 
0087       1 
0088       1 
0089       1 
0090       1 
0091       1 
0092       1 
0093       1 
0094       1 
0095       1 
0096       1 
0097       1 
0098       1 
0099       1 
0100       1 
0101       1 
0102       1 
0103       1 
0104       1 
0105       1 
0106       1 
0107       1 
0108       1 
0109       1 
0110       1 
0111       1 
0112       1 
0113       1 
0114       1 
0115       1 
0116       1 
0117       1 
0118       1 
0119       1 
0120       1 
0121       1 
0122       1 
0123       1 
0124       1 
0125       1 
0126       1 
0127       1 
0128       1 
0129       1 
0130       1 
0131       1 
0132       1 
0133       1 
0134       1 
0135       1 
0136       1 
0137       1 
0138       1 
0139       1 
0140       1 
0141       1 
0142       1 
0143       1 
0144       1 
0145       1 
0146       1 
0147       1 
0148       1 
0149       1 
0150       1 
0151       1 
0152       1 
0153       1 
0154       1 
0155       1 
0156       1 
0157       1 
0158       1 
0159       1 
0160       1 
0161       1 
0162       1 
0163       1 
0164       1 
0165       1 
0166       1 
0167       1 
0168       1 
0169       1 
0170       1 
0171       1 
0172       1 
0173       1 
0174       1 
0175       1 
0176       1 
0177       1 
0178       1 
0179       1 
0180       1 
0181       1 
0182       1 
0183       1 
0184       1 
0185       1 
0186       1 
0187       1 
0188       1 
0189       1 
0190       1 
0191       1 
0192       1 
0193       1 
0194       1 
0195       1 
0196       1 
0197       1 
0198       1 
0199       1 
0200       1 
0201       1 
0202       1 
0203       1 
0204       1 
0205       1 
0206       1 
0207       1 
0208       22981 
0209       22987 
0210       22987 
0211       22994 
0212       22997 
0213       23011 
0214       23058 
0215       23058 
0216       23057 
0217       23053 
0218       23055 
0219       23055 
0220       23083 
0221       23090 
0222       23116 
0223       23126 
0224       23149 
0225       23165 
0226       23165 
0227       23195 
0228       23208 
0229       23243 
0230       23254 
0231       23285 
0232       23297 
0233       23300 
0234       23336 
0235       23366 
0236       23374 
0237       23433 
0238       23448 
0239       23486 
0240       23491 
0241       23520 
0242       23529 
0243       23573 
0244       23625 
0245       23661 
0246       23683 
0247       23721 
0248       23728 
0249       23795 
0250       23812 
0251       23850 
0252       23882 
0253       23886 
0254       23950 
0255       23991 
0256       24027 
0257       24088 
0258       24149 
0259       24170 
0260       24173 
0261       24303 
0262       24309 
0263       24309 
0264       1 
0265       1 
0266       1 
0267       1 
0268       1 
0269       1 
0270       1 
0271       1 
0272       1 
0273       1 
0274       1 
0275       1 
0276       1 
0277       1 
0278       1 
0279       1 
0280       1 
0281       1 
0282       1 
0283       1 
0284       1 
0285       1 
0286       1 
0287       1 
0288       1 
0289       1 
0290       1 
0291       1 
0292       1 
0293       1 
0294       1 
0295       1 
0296       1 
0297       1 
0298       1 
0299       1 
0300       1 
0301       1 
0302       1 
0303       1 
0304       1 
0305       1 
0306       1 
0307       1 
0308       1 
0309       1 
0310       1 
0311       1 
0312       1 
0313       1 
0314       1 
0315       1 
0316       1 
0317       1 
0318       1 
0319       1 
0320       1 
0321       1 
0322       1 
0323       1 
0324       1 
0325       1 
0326       1 
0327       15939 
0328       15939 
0329       15603 
0330       1 
0331       1 
0332       1 
0333       1 
0334       1 
0335       15281 
0336       15281 
0337       15109 
0338       15024 
0339       14931 
0340       14830 
0341       14830 
0342       14737 
0343       14667 
0344       14605 
0345       14490 
0346       14409 
0347       14338 
0348       14254 
0349       14166 
0350       14085 
0351       14051 
0352       13965 
0353       13897 
0354       13789 
0355       13730 
0356       13667 
0357       13575 
0358       13543 
0359       13429 
0360       13391 
0361       13313 
0362       13240 
0363       13180 
0364       13098 
0365       13065 
0366       13026 
0367       12929 
0368       12878 
0369       12786 
0370       12764 
0371       12693 
0372       12682 
0373       12577 
0374       12523 
0375       12476 
0376       12434 
0377       12372 
0378       12324 
0379       12292 
0380       12206 
0381       12181 
0382       12127 
0383       12071 
0384       12024 
0385       11983 
0386       11926 
0387       7957 
0388       7957 
0389       7974 
0390       7974 
0391       7918 
0392       7875 
0393       7849 
0394       7816 
0395       7775 
0396       7725 
0397       7713 
0398       7656 
0399       7643 
0400       7582 
0401       7566 
0402       7539 
0403       7498 
0404       7468 
0405       7423 
0406       7422 
0407       7378 
0408       7360 
0409       7357 
0410       7315 
0411       7289 
0412       7271 
0413       7241 
0414       7225 
0415       7206 
0416       7170 
0417       7138 
0418       7132 
0419       7095 
0420       7054 
0421       7053 
0422       7022 
0423       7008 
0424       6953 
0425       6926 
0426       6909 
0427       6901 
0428       6901 
0429       9000 
0430       9051 
0431       9075 
0432       9129 
0433       9210 
0434       9210 
0435       9304 
0436       10086 
0437       10102 
0438       10102 
0439       10074 
0440       10060 
0441       10060 
0442       10050 
0443       10030 
0444       9991 
0445       9989 
0446       9956 
0447       9933 
0448       9904 
0449       9901 
0450       9861 
0451       9847 
0452       9834 
0453       9818 
0454       9798 
0455       9757 
0456       9734 
0457       9729 
0458       9687 
0459       9673 
0460       9672 
0461       9668 
0462       9587 
0463       9587 
0464       9593 
0465       9593 
0466       9562 
0467       9552 
0468       9520 
0469       9501 
0470       9490 
0471       9484 
0472       9465 
0473       9438 
0474       9421 
0475       9410 
0476       9406 
0477       9391 
0478       9391 
0479       9365 
0480       9344 
0481       9333 
0482       9326 
0483       9305 
0484       9294 
0485       9269 
0486       9256 
0487       9260 
0488       9255 
0489       9255 
0490       9231 
0491       6366 
0492       6298 
0493       6298 
0494       6280 
0495       6280 
0496       6288 
0497       6288 
0498       6293 
0499       6302 
0500       6313 
0501       6323 
0502       6348 
0503       6357 
0504       6385 
0505       6489 
0506       6592 
0507       6729 
0508       6729 
0509       1 
0510       1 
0511       1 
0512       1 
0513       1 
0514       1 
0515       1 
0516       1 
0517       6416 
0518       6416 
0519       6407 
0520       6398 
0521       6398 
0522       6422 
0523       6449 
0524       6478 
0525       6509 
0526       6546 
0527       8805 
0528       8805 
0529       8794 
0530       8791 
0531       8778 
0532       8773 
0533       8773 
0534       8773 
0535       8776 
0536       8774 
0537       8774 
0538       8769 
0539       8747 
0540       8744 
0541       8747 
0542       8738 
0543       8755 
0544       8732 
0545       8750 
0546       8748 
0547       8748 
0548       8748 
0549       8747 
0550       8739 
0551       8728 
0552       8730 
0553       8730 
0554       8730 
0555       8734 
0556       8734 
0557       8745 
0558       8745 
0559       8741 
0560       8737 
0561       8737 
0562       8747 
0563       8749 
0564       8749 
0565       8749 
0566       8751 
0567       8751 
0568       8756 
0569       8759 
0570       8759 
0571       8759 
0572       8765 
0573       8767 
0574       8767 
0575       8695 
0576       7649 
0577       7038 
0578       6989 
0579       5862 
0580       5799 
0581       5799 
0582       5803 
0583       5819 
0584       5821 
0585       5832 
0586       5834 
0587       5880 
0588       5953 
0589       6017 
0590       6020 
0591       6030 
0592       6050 
0593       6055 
0594       6070 
0595       6111 
0596       6111 
0597       6081 
0598       6081 
0599       6092 
0600       6092 
0601       6102 
0602       6121 
0603       6121 
0604       6132 
0605       6140 
0606       6148 
0607       6153 
0608       6160 
0609       6165 
0610       6176 
0611       6178 
0612       6179 
0613       6179 
0614       6187 
0615       6212 
0616       6223 
0617       6227 
0618       6247 
0619       6254 
0620       6256 
0621       6257 
0622       6272 
0623       6289 
0624       6289 
0625       6289 
0626       6310 
0627       6321 
0628       6315 
0629       6323 
0630       6323 
0631       6355 
0632       6357 
0633       6382 
0634       6383 
0635       6404 
0636       6408 
0637       6411 
0638       6422 
0639       6432 
0640       6446 
0641       6470 
0642       6493 
0643       6493 
0644       6493 
0645       6506 
0646       6530 
0647       6536 
0648       6536 
0649       6563 
0650       6569 
0651       6574 
0652       6604 
0653       6617 
0654       6618 
0655       6633 
0656       6638 
0657       6676 
0658       6679 
0659       6685 
0660       6722 
0661       6744 
0662       6747 
0663       6773 
0664       6792 
0665       6794 
0666       6806 
0667       6828 
0668       6840 
0669       6871 
0670       6878 
0671       6891 
0672       6892 
0673       6917 
0674       6936 
0675       6945 
0676       6970 
0677       6980 
0678       7007 
0679       7017 
0680       7032 
0681       7032 
0682       7018 
0683       6989 
0684       6940 
0685       6940 
0686       6947 
0687       6955 
0688       6969 
0689       6990 
0690       7006 
0691       7042 
0692       7047 
0693       7067 
0694       7077 
0695       7107 
0696       7122 
0697       7130 
0698       7159 
0699       7187 
0700       7212 
0701       11265 
0702       11298 
0703       11332 
0704       11362 
0705       11405 
0706       11449 
0707       11493 
0708       11544 
0709       11581 
0710       11597 
0711       11657 
0712       11718 
0713       11739 
0714       11802 
0715       11835 
0716       11908 
0717       11923 
0718       11972 
0719       12026 
0720       12059 
0721       12112 
0722       12163 
0723       12190 
0724       12241 
0725       12319 
0726       12356 
0727       12405 
0728       12467 
0729       12516 
0730       12555 
0731       12630 
0732       12686 
0733       12723 
0734       12788 
0735       12830 
0736       12929 
0737       12985 
0738       13032 
0739       13070 
0740       13175 
0741       13194 
0742       13272 
0743       13338 
0744       13419 
0745       13474 
0746       13546 
0747       13590 
0748       13636 
0749       13720 
0750       13809 
0751       13869 
0752       13932 
0753       14038 
0754       14102 
0755       14178 
0756       14273 
0757       14286 
0758       14403 
0759       14473 
0760       14549 
0761       14661 
0762       14712 
0763       14774 
0764       14930 
0765       14956 
0766       15035 
0767       15123 
0768       15233 
0769       15315 
0770       15405 
0771       15540 
0772       15601 
0773       15713 
0774       15828 
0775       15931 
0776       16064 
0777       16154 
0778       16263 
0779       16371 
0780       16406 
0781       16554 
0782       16672 
0783       16808 
0784       16894 
0785       17032 
0786       17113 
0787       17308 
0788       17401 
0789       17512 
0790       17667 
0791       17667 
0792       17783 
0793       18023 
0794       18023 
0795       1 
0796       1 
0797       1 
0798       1 
0799       1 
0800       1 
0801       1 
0802       1 
0803       19426 
0804       19438 
0805       19438 
0806       19438 
0807       1 
0808       1 
0809       1 
0810       1 
0811       1 
0812       1 
0813       1 
0814       1 
0815       1 
0816       1 
0817       1 
0818       1 
0819       1 
0820       1 
0821       1 
0822       1 
0823       1 
0824       1 
0825       1 
0826       1 
0827       1 
0828       1 
0829       1 
0830       1 
0831       1 
0832       1 
0833       1 
0834       1 
0835       1 
0836       1 
0837       1 
0838       1 
0839       1 
0840       1 
0841       1 
0842       1 
0843       1 
0844       1 
0845       1 
0846       1 
0847       1 
0848       1 
0849       1 
0850       1 
0851       1 
0852       1 
0853       1 
0854       1 
0855       1 
0856       1 
0857       1 
0858       1 
0859       1 
0860       1 
0861       1 
0862       1 
0863       1 
0864       1 
0865       1 
0866       1 
0867       1 
0868       1 
0869       1 
0870       1 
0871       1 
0872       1 
0873       1 
0874       1 
0875       1 
0876       1 
0877       1 
0878       1 
0879       1 
0880       1 
0881       1 
0882       1 
0883       1 
0884       1 
0885       1 
0886       1 
0887       1 
0888       1 
0889       1 
0890       1 
0891       1 
0892       1 
0893       1 
0894       1 
0895       1 
0896       1 
0897       1 
0898       1 
0899       1 
0900       1 
0901       1 
0902       1 
0903       1 
0904       1 
0905       1 
0906       1 
0907       1 
0908       1 
0909       1 
0910       1 
0911       1 
0912       1 
0913       1 
0914       1 
0915       1 
0916       1 
0917       1 
0918       1 
0919       1 
0920       1 
0921       1 
0922       1 
0923       1 
0924       1 
0925       1 
0926       1 
0927       1 
0928       1 
0929       1 
0930       1 
0931       1 
0932       1 
0933       1 
0934       1 
0935       1 
0936       1 
0937       1 
0938       1 
0939       1 
0940       1 
0941       1 
0942       1 
0943       1 
0944       1 
0945       1 
0946       1 
0947       1 
0948       1 
0949       1 
0950       1 
0951       1 
0952       1 
0953       1 
0954       1 
0955       1 
0956       1 
0957       1 
0958       1 
0959       1 
0960       1 
0961       1 
0962       1 
0963       1 
0964       1 
0965       1 
0966       1 
0967       1 
0968       1 
0969       1 
0970       1 
0971       1 
0972       1 
0973       1 
0974       1 
0975       1 
0976       1 
0977       1 
0978       1 
0979       1 
0980       1 
0981       1 
0982       1 
0983       1 
0984       1 
0985       1 
0986       1 
0987       1 
0988       1 
0989       1 
0990       1 
0991       1 
0992       1 
0993       1 
0994       1 
0995       1 
0996       1 
0997       1 
0998       1 
0999       1 
1000       1 
1001       1 
1002       1 
1003       1 
1004       1 
1005       1 
1006       1 
1007       4 
1008       4 
1009       4 
1010       4 
1011       4 
1012       4 
1013       4 
1014       55 
1015       56 
1016       55 
1017       43 
1018       55 
1019       55 
1020       53 
1021       55 
1022       55 
1023       55 
1024       55 
1025       55 
1026       61 
1027       66 
1028       66 
1029       66 
1030       64 
1031       60 
1032       53 
1033       53 
1034       60 
1035       62 
1036       70 
1037       70 
1038       71 
1039       71 
1040       69 
1041       69 
1042       69 
1043       67 
1044       69 
1045       74 
1046       69 
1047       69 
1048       69 
1049       68 
1050       68 
1051       65 
1052       65 
1053       72 
1054       72 
1055       65 
1056       60 
1057       60 
1058       60 
1059       63 
1060       63 
1061       63 
1062       61 
1063       60 
1064       60 
1065       61 
1066       68 
1067       68 
1068       68 
1069       68 
1070       69 
1071       67 
1072       70 
1073       75 
1074       75 
1075       75 
1076       75 
1077       72 
1078       68 
1079       66 
1297966659.706942
