0000       1 
0001       1 
0002       1 
0003       1 
0004       1 
0005       1 
0006       1 
0007       1 
0008       1 
0009       1 
0010       1 
0011       1 
0012       1 
0013       1 
0014       1 
0015       1 
0016       1 
0017       1 
0018       1 
0019       1 
0020       1 
0021       1 
0022       1 
0023       1 
0024       1 
0025       1 
0026       1 
0027       1 
0028       1 
0029       1 
0030       1 
0031       1 
0032       1 
0033       1 
0034       1 
0035       1 
0036       1 
0037       1 
0038       1 
0039       1 
0040       1 
0041       1 
0042       1 
0043       1 
0044       1 
0045       1 
0046       1 
0047       1 
0048       1 
0049       1 
0050       1 
0051       1 
0052       1 
0053       1 
0054       1 
0055       1 
0056       1 
0057       1 
0058       1 
0059       1 
0060       1 
0061       1 
0062       1 
0063       1 
0064       1 
0065       1 
0066       1 
0067       1 
0068       1 
0069       1 
0070       1 
0071       1 
0072       1 
0073       1 
0074       1 
0075       1 
0076       1 
0077       1 
0078       1 
0079       1 
0080       1 
0081       1 
0082       1 
0083       1 
0084       1 
0085       1 
0086       1 
0087       1 
0088       1 
0089       1 
0090       1 
0091       1 
0092       1 
0093       1 
0094       1 
0095       1 
0096       1 
0097       1 
0098       1 
0099       1 
0100       1 
0101       1 
0102       1 
0103       1 
0104       1 
0105       1 
0106       1 
0107       1 
0108       1 
0109       1 
0110       1 
0111       1 
0112       1 
0113       1 
0114       1 
0115       1 
0116       1 
0117       1 
0118       1 
0119       1 
0120       1 
0121       1 
0122       1 
0123       1 
0124       1 
0125       1 
0126       1 
0127       1 
0128       1 
0129       1 
0130       1 
0131       1 
0132       1 
0133       1 
0134       1 
0135       1 
0136       1 
0137       1 
0138       1 
0139       1 
0140       1 
0141       1 
0142       1 
0143       1 
0144       1 
0145       1 
0146       1 
0147       1 
0148       1 
0149       1 
0150       1 
0151       1 
0152       1 
0153       1 
0154       1 
0155       1 
0156       1 
0157       1 
0158       1 
0159       1 
0160       1 
0161       1 
0162       1 
0163       1 
0164       1 
0165       1 
0166       1 
0167       1 
0168       1 
0169       1 
0170       1 
0171       1 
0172       1 
0173       1 
0174       1 
0175       1 
0176       1 
0177       1 
0178       1 
0179       1 
0180       1 
0181       1 
0182       1 
0183       1 
0184       1 
0185       1 
0186       1 
0187       1 
0188       1 
0189       1 
0190       1 
0191       1 
0192       1 
0193       1 
0194       1 
0195       1 
0196       1 
0197       1 
0198       1 
0199       1 
0200       1 
0201       1 
0202       1 
0203       1 
0204       1 
0205       1 
0206       1 
0207       1 
0208       1 
0209       1 
0210       1 
0211       1 
0212       1 
0213       1 
0214       1 
0215       1 
0216       1 
0217       1 
0218       1 
0219       1 
0220       1 
0221       1 
0222       1 
0223       1 
0224       1 
0225       1 
0226       1 
0227       1 
0228       1 
0229       1 
0230       1 
0231       1 
0232       1 
0233       1 
0234       1 
0235       1 
0236       1 
0237       1 
0238       1 
0239       1 
0240       1 
0241       1 
0242       1 
0243       1 
0244       1 
0245       1 
0246       1 
0247       1 
0248       1 
0249       1 
0250       1 
0251       1 
0252       1 
0253       1 
0254       1 
0255       1 
0256       1 
0257       1 
0258       1 
0259       1 
0260       1 
0261       1 
0262       1 
0263       1 
0264       1 
0265       1 
0266       1 
0267       1 
0268       1 
0269       1 
0270       1 
0271       1 
0272       1 
0273       1 
0274       1 
0275       1 
0276       1 
0277       1 
0278       1 
0279       1 
0280       1 
0281       1 
0282       1 
0283       1 
0284       1 
0285       1 
0286       1 
0287       1 
0288       1 
0289       1 
0290       1 
0291       11540 
0292       11540 
0293       11382 
0294       11347 
0295       11224 
0296       11183 
0297       11076 
0298       11040 
0299       10943 
0300       10873 
0301       10766 
0302       10726 
0303       10656 
0304       10598 
0305       10506 
0306       10459 
0307       10459 
0308       10478 
0309       10478 
0310       10464 
0311       10406 
0312       10349 
0313       10268 
0314       9936 
0315       9809 
0316       9809 
0317       9824 
0318       9871 
0319       9896 
0320       9911 
0321       9956 
0322       10003 
0323       10032 
0324       10061 
0325       10092 
0326       10136 
0327       10177 
0328       10204 
0329       10259 
0330       10280 
0331       10324 
0332       10350 
0333       10392 
0334       10446 
0335       10471 
0336       10520 
0337       10566 
0338       10600 
0339       10659 
0340       10683 
0341       10734 
0342       10790 
0343       10825 
0344       10874 
0345       10892 
0346       10958 
0347       11001 
0348       11029 
0349       11094 
0350       11113 
0351       12215 
0352       12215 
0353       12039 
0354       11993 
0355       11978 
0356       11978 
0357       11943 
0358       11895 
0359       11867 
0360       11848 
0361       11770 
0362       11749 
0363       11698 
0364       11659 
0365       11603 
0366       11573 
0367       11499 
0368       11467 
0369       11407 
0370       11377 
0371       11332 
0372       11290 
0373       11242 
0374       11195 
0375       11135 
0376       11127 
0377       11064 
0378       11030 
0379       11004 
0380       11004 
0381       11040 
0382       11050 
0383       11050 
0384       10987 
0385       10968 
0386       10949 
0387       10913 
0388       10865 
0389       10856 
0390       10805 
0391       10780 
0392       10722 
0393       10706 
0394       10684 
0395       10646 
0396       10629 
0397       10585 
0398       10558 
0399       10529 
0400       10501 
0401       10457 
0402       10449 
0403       10405 
0404       10362 
0405       10324 
0406       10283 
0407       10279 
0408       10277 
0409       10247 
0410       10197 
0411       10175 
0412       10157 
0413       10146 
0414       10113 
0415       10102 
0416       10069 
0417       10043 
0418       10005 
0419       9977 
0420       9951 
0421       9925 
0422       9916 
0423       9876 
0424       9870 
0425       9831 
0426       9821 
0427       9793 
0428       9752 
0429       9728 
0430       9726 
0431       9700 
0432       9684 
0433       9679 
0434       9673 
0435       9603 
0436       9597 
0437       9585 
0438       9585 
0439       9546 
0440       9521 
0441       9521 
0442       9501 
0443       9471 
0444       9446 
0445       9437 
0446       9403 
0447       9390 
0448       9384 
0449       9341 
0450       9341 
0451       9307 
0452       9307 
0453       9284 
0454       9283 
0455       9240 
0456       9228 
0457       9228 
0458       9226 
0459       9199 
0460       9176 
0461       9174 
0462       9169 
0463       9149 
0464       9136 
0465       9114 
0466       9101 
0467       9097 
0468       9069 
0469       9048 
0470       9044 
0471       9044 
0472       9029 
0473       9023 
0474       9017 
0475       8991 
0476       8987 
0477       8970 
0478       8965 
0479       8954 
0480       8930 
0481       8926 
0482       8923 
0483       8922 
0484       8915 
0485       8912 
0486       8892 
0487       8869 
0488       8868 
0489       8868 
0490       8863 
0491       8861 
0492       8850 
0493       8839 
0494       8832 
0495       8831 
0496       8814 
0497       8805 
0498       8805 
0499       8805 
0500       8806 
0501       8806 
0502       8792 
0503       8792 
0504       8792 
0505       8777 
0506       8756 
0507       8767 
0508       8767 
0509       8767 
0510       8749 
0511       8747 
0512       8741 
0513       8734 
0514       8734 
0515       8719 
0516       8733 
0517       8733 
0518       8733 
0519       8727 
0520       8725 
0521       8725 
0522       8719 
0523       8704 
0524       8700 
0525       8698 
0526       8700 
0527       8710 
0528       8713 
0529       8718 
0530       8718 
0531       8690 
0532       8690 
0533       8712 
0534       8720 
0535       8722 
0536       8720 
0537       8707 
0538       8707 
0539       8714 
0540       8722 
0541       8729 
0542       8733 
0543       8733 
0544       8712 
0545       8709 
0546       8712 
0547       8733 
0548       8735 
0549       8735 
0550       8742 
0551       8732 
0552       8742 
0553       8748 
0554       8764 
0555       8764 
0556       8766 
0557       8757 
0558       8769 
0559       8769 
0560       8775 
0561       8802 
0562       8802 
0563       8809 
0564       8801 
0565       8809 
0566       8801 
0567       8799 
0568       8798 
0569       8796 
0570       8798 
0571       8810 
0572       8845 
0573       8845 
0574       8841 
0575       8841 
0576       8860 
0577       8860 
0578       8872 
0579       8883 
0580       8888 
0581       8896 
0582       8901 
0583       8914 
0584       8918 
0585       8934 
0586       8936 
0587       8948 
0588       8967 
0589       8979 
0590       8989 
0591       8991 
0592       9011 
0593       9011 
0594       9012 
0595       9012 
0596       9028 
0597       9038 
0598       9062 
0599       9083 
0600       9088 
0601       9106 
0602       9107 
0603       9126 
0604       9134 
0605       9158 
0606       9168 
0607       9175 
0608       9188 
0609       9189 
0610       9225 
0611       9229 
0612       9233 
0613       9262 
0614       9300 
0615       9302 
0616       9310 
0617       9312 
0618       9339 
0619       9366 
0620       9387 
0621       9401 
0622       9419 
0623       9426 
0624       9436 
0625       9441 
0626       9465 
0627       9478 
0628       9492 
0629       9511 
0630       9529 
0631       9550 
0632       9567 
0633       9589 
0634       9609 
0635       9629 
0636       9649 
0637       9665 
0638       9687 
0639       9712 
0640       9728 
0641       9756 
0642       9770 
0643       9773 
0644       9791 
0645       9821 
0646       9852 
0647       9883 
0648       9885 
0649       9909 
0650       9939 
0651       9960 
0652       9981 
0653       10004 
0654       10023 
0655       10058 
0656       10065 
0657       10113 
0658       10133 
0659       10145 
0660       10198 
0661       10230 
0662       10246 
0663       10283 
0664       10292 
0665       10334 
0666       10382 
0667       10413 
0668       10418 
0669       10433 
0670       10483 
0671       10511 
0672       10544 
0673       10583 
0674       10602 
0675       10639 
0676       10664 
0677       10700 
0678       10723 
0679       10770 
0680       10808 
0681       10843 
0682       10875 
0683       10904 
0684       10962 
0685       10994 
0686       11030 
0687       11072 
0688       11108 
0689       11180 
0690       11202 
0691       11225 
0692       11295 
0693       11311 
0694       11364 
0695       11391 
0696       11432 
0697       11493 
0698       11509 
0699       11586 
0700       11615 
0701       11657 
0702       11704 
0703       11751 
0704       11774 
0705       11819 
0706       11881 
0707       11926 
0708       11980 
0709       12021 
0710       12065 
0711       12123 
0712       12157 
0713       12211 
0714       12292 
0715       12330 
0716       12397 
0717       12430 
0718       12500 
0719       12551 
0720       12605 
0721       12669 
0722       12762 
0723       12818 
0724       12884 
0725       12936 
0726       13012 
0727       13073 
0728       13117 
0729       13179 
0730       13276 
0731       13353 
0732       13408 
0733       13474 
0734       13530 
0735       13590 
0736       13590 
0737       13653 
0738       13782 
0739       13901 
0740       13994 
0741       14056 
0742       14080 
0743       14153 
0744       14281 
0745       14331 
0746       14451 
0747       14545 
0748       14645 
0749       14678 
0750       14678 
0751       14678 
0752       1 
0753       1 
0754       15073 
0755       15250 
0756       15351 
0757       15451 
0758       15451 
0759       15566 
0760       15666 
0761       15666 
0762       1 
0763       1 
0764       1 
0765       1 
0766       1 
0767       1 
0768       1 
0769       1 
0770       1 
0771       1 
0772       1 
0773       16835 
0774       16995 
0775       17081 
0776       17208 
0777       17208 
0778       17165 
0779       17117 
0780       17074 
0781       17043 
0782       1 
0783       1 
0784       1 
0785       1 
0786       1 
0787       1 
0788       1 
0789       1 
0790       1 
0791       1 
0792       1 
0793       1 
0794       1 
0795       13282 
0796       13285 
0797       13282 
0798       13237 
0799       13213 
0800       1 
0801       1 
0802       1 
0803       1 
0804       1 
0805       1 
0806       1 
0807       1 
0808       1 
0809       1 
0810       1 
0811       1 
0812       1 
0813       8782 
0814       8820 
0815       8851 
0816       8904 
0817       9021 
0818       9151 
0819       9244 
0820       9332 
0821       9332 
0822       9332 
0823       9490 
0824       9913 
0825       9913 
0826       10096 
0827       10623 
0828       10807 
0829       11014 
0830       11264 
0831       11430 
0832       11607 
0833       11790 
0834       11977 
0835       12146 
0836       12343 
0837       12349 
0838       12595 
0839       13061 
0840       13257 
0841       13500 
0842       13738 
0843       13938 
0844       13980 
0845       14467 
0846       14467 
0847       14819 
0848       15424 
0849       15424 
0850       1 
0851       1 
0852       1 
0853       1 
0854       1 
0855       1 
0856       1 
0857       1 
0858       1 
0859       1 
0860       1 
0861       1 
0862       1 
0863       1 
0864       1 
0865       1 
0866       1 
0867       1 
0868       1 
0869       1 
0870       1 
0871       1 
0872       1 
0873       1 
0874       1 
0875       1 
0876       1 
0877       1 
0878       1 
0879       1 
0880       1 
0881       1 
0882       1 
0883       1 
0884       1 
0885       1 
0886       1 
0887       1 
0888       1 
0889       1 
0890       1 
0891       1 
0892       1 
0893       1 
0894       1 
0895       1 
0896       1 
0897       1 
0898       1 
0899       1 
0900       1 
0901       1 
0902       1 
0903       1 
0904       1 
0905       1 
0906       1 
0907       1 
0908       1 
0909       1 
0910       1 
0911       1 
0912       1 
0913       26493 
0914       26493 
0915       1 
0916       1 
0917       1 
0918       1 
0919       1 
0920       1 
0921       1 
0922       1 
0923       1 
0924       1 
0925       1 
0926       1 
0927       1 
0928       1 
0929       1 
0930       1 
0931       1 
0932       1 
0933       1 
0934       1 
0935       1 
0936       1 
0937       1 
0938       1 
0939       1 
0940       1 
0941       1 
0942       1 
0943       1 
0944       1 
0945       1 
0946       1 
0947       1 
0948       1 
0949       1 
0950       1 
0951       1 
0952       1 
0953       1 
0954       1 
0955       1 
0956       1 
0957       1 
0958       1 
0959       1 
0960       1 
0961       1 
0962       1 
0963       1 
0964       1 
0965       1 
0966       1 
0967       1 
0968       1 
0969       1 
0970       1 
0971       1 
0972       1 
0973       1 
0974       1 
0975       1 
0976       1 
0977       1 
0978       1 
0979       1 
0980       1 
0981       1 
0982       1 
0983       1 
0984       1 
0985       1 
0986       1 
0987       1 
0988       1 
0989       1 
0990       1 
0991       1 
0992       1 
0993       1 
0994       1 
0995       1 
0996       1 
0997       1 
0998       1 
0999       1 
1000       1 
1001       1 
1002       1 
1003       1 
1004       1 
1005       1 
1006       1 
1007       4 
1008       68 
1009       68 
1010       69 
1011       68 
1012       57 
1013       56 
1014       53 
1015       53 
1016       51 
1017       51 
1018       51 
1019       46 
1020       41 
1021       46 
1022       46 
1023       57 
1024       57 
1025       62 
1026       63 
1027       62 
1028       59 
1029       59 
1030       55 
1031       55 
1032       55 
1033       59 
1034       68 
1035       68 
1036       67 
1037       71 
1038       71 
1039       73 
1040       75 
1041       75 
1042       75 
1043       72 
1044       72 
1045       72 
1046       70 
1047       70 
1048       65 
1049       62 
1050       62 
1051       65 
1052       65 
1053       72 
1054       72 
1055       72 
1056       72 
1057       68 
1058       67 
1059       67 
1060       67 
1061       67 
1062       67 
1063       67 
1064       68 
1065       68 
1066       68 
1067       68 
1068       65 
1069       64 
1070       64 
1071       64 
1072       64 
1073       64 
1074       63 
1075       63 
1076       64 
1077       67 
1078       67 
1079       67 
1297966631.204924
