0000       1 
0001       1 
0002       1 
0003       1 
0004       1 
0005       1 
0006       1 
0007       1 
0008       1 
0009       1 
0010       1 
0011       1 
0012       1 
0013       1 
0014       1 
0015       1 
0016       1 
0017       1 
0018       1 
0019       1 
0020       1 
0021       1 
0022       1 
0023       1 
0024       1 
0025       1 
0026       1 
0027       1 
0028       1 
0029       1 
0030       1 
0031       1 
0032       1 
0033       1 
0034       1 
0035       1 
0036       1 
0037       1 
0038       1 
0039       1 
0040       1 
0041       1 
0042       1 
0043       1 
0044       1 
0045       1 
0046       1 
0047       1 
0048       1 
0049       1 
0050       1 
0051       1 
0052       1 
0053       1 
0054       1 
0055       1 
0056       1 
0057       1 
0058       1 
0059       1 
0060       1 
0061       1 
0062       1 
0063       1 
0064       1 
0065       1 
0066       1 
0067       1 
0068       1 
0069       1 
0070       1 
0071       1 
0072       1 
0073       1 
0074       1 
0075       1 
0076       1 
0077       1 
0078       1 
0079       1 
0080       1 
0081       1 
0082       1 
0083       1 
0084       1 
0085       1 
0086       1 
0087       1 
0088       1 
0089       1 
0090       1 
0091       1 
0092       1 
0093       1 
0094       1 
0095       1 
0096       1 
0097       1 
0098       1 
0099       1 
0100       1 
0101       1 
0102       1 
0103       1 
0104       1 
0105       1 
0106       1 
0107       1 
0108       1 
0109       1 
0110       1 
0111       1 
0112       1 
0113       1 
0114       1 
0115       1 
0116       1 
0117       1 
0118       1 
0119       1 
0120       1 
0121       1 
0122       1 
0123       1 
0124       1 
0125       1 
0126       1 
0127       1 
0128       1 
0129       1 
0130       1 
0131       1 
0132       1 
0133       1 
0134       1 
0135       1 
0136       1 
0137       1 
0138       1 
0139       1 
0140       1 
0141       1 
0142       1 
0143       1 
0144       1 
0145       1 
0146       1 
0147       1 
0148       1 
0149       1 
0150       1 
0151       1 
0152       1 
0153       1 
0154       1 
0155       1 
0156       1 
0157       1 
0158       1 
0159       1 
0160       1 
0161       1 
0162       1 
0163       1 
0164       1 
0165       1 
0166       1 
0167       1 
0168       1 
0169       1 
0170       1 
0171       1 
0172       1 
0173       1 
0174       1 
0175       1 
0176       1 
0177       1 
0178       1 
0179       1 
0180       1 
0181       1 
0182       1 
0183       1 
0184       1 
0185       1 
0186       1 
0187       1 
0188       1 
0189       1 
0190       1 
0191       1 
0192       1 
0193       1 
0194       1 
0195       1 
0196       1 
0197       1 
0198       1 
0199       1 
0200       1 
0201       1 
0202       1 
0203       1 
0204       1 
0205       1 
0206       1 
0207       1 
0208       1 
0209       1 
0210       1 
0211       1 
0212       1 
0213       1 
0214       1 
0215       1 
0216       1 
0217       1 
0218       1 
0219       1 
0220       1 
0221       1 
0222       1 
0223       1 
0224       1 
0225       1 
0226       1 
0227       1 
0228       1 
0229       1 
0230       1 
0231       1 
0232       1 
0233       1 
0234       1 
0235       1 
0236       1 
0237       1 
0238       1 
0239       1 
0240       1 
0241       1 
0242       1 
0243       1 
0244       1 
0245       1 
0246       1 
0247       1 
0248       1 
0249       1 
0250       1 
0251       1 
0252       1 
0253       1 
0254       1 
0255       1 
0256       1 
0257       1 
0258       1 
0259       1 
0260       1 
0261       1 
0262       1 
0263       1 
0264       1 
0265       1 
0266       1 
0267       1 
0268       1 
0269       1 
0270       1 
0271       14311 
0272       14311 
0273       14174 
0274       14026 
0275       13903 
0276       13783 
0277       13596 
0278       13480 
0279       13400 
0280       13250 
0281       13131 
0282       13063 
0283       12947 
0284       12847 
0285       12732 
0286       12597 
0287       12486 
0288       12372 
0289       12294 
0290       12224 
0291       12119 
0292       12012 
0293       11931 
0294       11805 
0295       11728 
0296       11648 
0297       11577 
0298       11497 
0299       11407 
0300       11318 
0301       11206 
0302       11165 
0303       11064 
0304       11018 
0305       10930 
0306       10818 
0307       10756 
0308       10715 
0309       10610 
0310       10519 
0311       10457 
0312       10437 
0313       10361 
0314       10297 
0315       10239 
0316       10173 
0317       10123 
0318       10063 
0319       9973 
0320       9965 
0321       9880 
0322       9822 
0323       9752 
0324       9705 
0325       9639 
0326       9573 
0327       9555 
0328       9504 
0329       9446 
0330       9393 
0331       9357 
0332       9269 
0333       9222 
0334       9205 
0335       9129 
0336       9078 
0337       9026 
0338       8990 
0339       8937 
0340       8898 
0341       8868 
0342       8820 
0343       8781 
0344       8745 
0345       8701 
0346       8674 
0347       8622 
0348       8587 
0349       8531 
0350       8498 
0351       8474 
0352       8425 
0353       8387 
0354       8350 
0355       8303 
0356       8295 
0357       8263 
0358       8198 
0359       8185 
0360       8136 
0361       8119 
0362       8084 
0363       8040 
0364       7999 
0365       7965 
0366       7922 
0367       7905 
0368       7872 
0369       7853 
0370       7812 
0371       7795 
0372       7746 
0373       7719 
0374       7703 
0375       7645 
0376       7636 
0377       7591 
0378       7588 
0379       7539 
0380       7511 
0381       7489 
0382       7474 
0383       7440 
0384       7432 
0385       7400 
0386       7364 
0387       7364 
0388       7344 
0389       7295 
0390       7294 
0391       7263 
0392       7222 
0393       7211 
0394       7187 
0395       7164 
0396       7145 
0397       7121 
0398       7109 
0399       7083 
0400       7060 
0401       7050 
0402       7027 
0403       7009 
0404       6997 
0405       6961 
0406       6939 
0407       6938 
0408       6904 
0409       6881 
0410       6859 
0411       6855 
0412       6844 
0413       6810 
0414       6806 
0415       6787 
0416       6759 
0417       6754 
0418       6730 
0419       6713 
0420       6705 
0421       6686 
0422       6667 
0423       6643 
0424       6632 
0425       6617 
0426       6610 
0427       6589 
0428       6586 
0429       6561 
0430       6560 
0431       6547 
0432       6511 
0433       6505 
0434       6491 
0435       6478 
0436       6460 
0437       6459 
0438       6435 
0439       6417 
0440       6410 
0441       6401 
0442       6398 
0443       6386 
0444       6380 
0445       6345 
0446       6333 
0447       6328 
0448       6328 
0449       6318 
0450       6300 
0451       6270 
0452       6269 
0453       6255 
0454       6254 
0455       6254 
0456       6230 
0457       6225 
0458       6218 
0459       6213 
0460       6203 
0461       6191 
0462       6191 
0463       6189 
0464       6167 
0465       6165 
0466       6144 
0467       6143 
0468       6137 
0469       6135 
0470       6125 
0471       6125 
0472       6101 
0473       6098 
0474       6096 
0475       6096 
0476       6096 
0477       6072 
0478       6068 
0479       6057 
0480       6039 
0481       6033 
0482       6039 
0483       6033 
0484       6028 
0485       6027 
0486       6013 
0487       6014 
0488       6008 
0489       5997 
0490       5986 
0491       5986 
0492       5983 
0493       5984 
0494       5971 
0495       5977 
0496       5971 
0497       5977 
0498       5971 
0499       5964 
0500       5953 
0501       5948 
0502       5938 
0503       5938 
0504       5936 
0505       5936 
0506       5934 
0507       5917 
0508       5902 
0509       5897 
0510       5894 
0511       5836 
0512       5758 
0513       5697 
0514       5697 
0515       5673 
0516       5667 
0517       5668 
0518       5667 
0519       5668 
0520       5738 
0521       6276 
0522       6636 
0523       7316 
0524       8212 
0525       8489 
0526       8532 
0527       8532 
0528       8523 
0529       8514 
0530       8511 
0531       8511 
0532       8518 
0533       8523 
0534       8523 
0535       8523 
0536       8528 
0537       8528 
0538       8526 
0539       8526 
0540       8534 
0541       8536 
0542       8534 
0543       8537 
0544       8537 
0545       8546 
0546       8546 
0547       8546 
0548       8545 
0549       8546 
0550       8550 
0551       8566 
0552       8566 
0553       8566 
0554       8563 
0555       8568 
0556       8640 
0557       8698 
0558       8715 
0559       8745 
0560       8746 
0561       8746 
0562       8749 
0563       8751 
0564       8771 
0565       8772 
0566       8782 
0567       8784 
0568       8785 
0569       8786 
0570       8804 
0571       8805 
0572       8807 
0573       8827 
0574       8827 
0575       8831 
0576       8848 
0577       8869 
0578       8869 
0579       8869 
0580       8876 
0581       8876 
0582       8876 
0583       8882 
0584       8904 
0585       8906 
0586       8913 
0587       8917 
0588       8923 
0589       8930 
0590       8946 
0591       8952 
0592       8957 
0593       8963 
0594       8981 
0595       9008 
0596       9008 
0597       8998 
0598       8998 
0599       9039 
0600       9061 
0601       9064 
0602       9064 
0603       9064 
0604       9100 
0605       9110 
0606       9133 
0607       9136 
0608       9142 
0609       9162 
0610       9168 
0611       9187 
0612       9188 
0613       9200 
0614       9236 
0615       9239 
0616       9268 
0617       9281 
0618       9282 
0619       9308 
0620       9316 
0621       9326 
0622       9330 
0623       9367 
0624       9386 
0625       9418 
0626       9423 
0627       9426 
0628       9462 
0629       9469 
0630       9476 
0631       9517 
0632       9534 
0633       9536 
0634       9537 
0635       9565 
0636       9586 
0637       9586 
0638       9612 
0639       9631 
0640       9632 
0641       9671 
0642       9682 
0643       9729 
0644       9758 
0645       9768 
0646       9774 
0647       9814 
0648       9823 
0649       9844 
0650       9878 
0651       9893 
0652       9912 
0653       9918 
0654       9947 
0655       9985 
0656       10004 
0657       10025 
0658       10059 
0659       10071 
0660       10086 
0661       10120 
0662       10147 
0663       10183 
0664       10196 
0665       10243 
0666       10250 
0667       10276 
0668       10300 
0669       10317 
0670       10355 
0671       10404 
0672       10433 
0673       10441 
0674       10499 
0675       10504 
0676       10537 
0677       10553 
0678       10618 
0679       10664 
0680       10682 
0681       10736 
0682       10757 
0683       10769 
0684       10820 
0685       10839 
0686       10888 
0687       10908 
0688       10959 
0689       11001 
0690       11019 
0691       11106 
0692       11145 
0693       11164 
0694       11206 
0695       11237 
0696       11293 
0697       11357 
0698       11413 
0699       11450 
0700       11511 
0701       11555 
0702       11583 
0703       11636 
0704       11678 
0705       11745 
0706       11766 
0707       11829 
0708       11886 
0709       11938 
0710       11998 
0711       12035 
0712       12118 
0713       12185 
0714       12223 
0715       12306 
0716       12333 
0717       12402 
0718       12472 
0719       12518 
0720       12588 
0721       12650 
0722       12726 
0723       12771 
0724       12822 
0725       12872 
0726       12961 
0727       13037 
0728       13096 
0729       13146 
0730       13180 
0731       13223 
0732       13275 
0733       13355 
0734       13427 
0735       13499 
0736       13604 
0737       13650 
0738       13755 
0739       13835 
0740       13901 
0741       13964 
0742       14034 
0743       14101 
0744       14197 
0745       14282 
0746       14332 
0747       14449 
0748       14512 
0749       14606 
0750       14670 
0751       14765 
0752       14846 
0753       14930 
0754       15029 
0755       15124 
0756       15188 
0757       15322 
0758       15361 
0759       15500 
0760       15600 
0761       15690 
0762       15850 
0763       15937 
0764       16029 
0765       16123 
0766       16256 
0767       16329 
0768       16476 
0769       16585 
0770       16714 
0771       16784 
0772       16784 
0773       16784 
0774       1 
0775       1 
0776       1 
0777       1 
0778       1 
0779       1 
0780       1 
0781       1 
0782       1 
0783       1 
0784       1 
0785       1 
0786       1 
0787       1 
0788       1 
0789       1 
0790       1 
0791       1 
0792       1 
0793       1 
0794       1 
0795       1 
0796       1 
0797       1 
0798       1 
0799       1 
0800       1 
0801       1 
0802       1 
0803       1 
0804       1 
0805       1 
0806       1 
0807       1 
0808       1 
0809       1 
0810       8276 
0811       8276 
0812       8264 
0813       8257 
0814       8230 
0815       8214 
0816       8205 
0817       8197 
0818       8193 
0819       8179 
0820       8141 
0821       8147 
0822       8139 
0823       8127 
0824       8079 
0825       8079 
0826       8079 
0827       1 
0828       1 
0829       1 
0830       1 
0831       1 
0832       1 
0833       1 
0834       1 
0835       1 
0836       1 
0837       1 
0838       1 
0839       1 
0840       1 
0841       1 
0842       1 
0843       1 
0844       1 
0845       1 
0846       1 
0847       1 
0848       1 
0849       1 
0850       1 
0851       15623 
0852       16669 
0853       16669 
0854       1 
0855       1 
0856       1 
0857       1 
0858       1 
0859       1 
0860       1 
0861       1 
0862       1 
0863       1 
0864       1 
0865       1 
0866       1 
0867       1 
0868       1 
0869       1 
0870       1 
0871       1 
0872       1 
0873       1 
0874       1 
0875       1 
0876       1 
0877       1 
0878       1 
0879       1 
0880       1 
0881       1 
0882       1 
0883       1 
0884       1 
0885       1 
0886       1 
0887       1 
0888       1 
0889       1 
0890       1 
0891       1 
0892       1 
0893       1 
0894       1 
0895       1 
0896       1 
0897       1 
0898       1 
0899       1 
0900       1 
0901       1 
0902       1 
0903       1 
0904       1 
0905       1 
0906       1 
0907       1 
0908       1 
0909       1 
0910       1 
0911       1 
0912       1 
0913       1 
0914       1 
0915       1 
0916       1 
0917       1 
0918       1 
0919       1 
0920       1 
0921       1 
0922       1 
0923       1 
0924       1 
0925       1 
0926       1 
0927       1 
0928       1 
0929       1 
0930       1 
0931       1 
0932       1 
0933       1 
0934       1 
0935       1 
0936       1 
0937       1 
0938       1 
0939       1 
0940       1 
0941       1 
0942       1 
0943       1 
0944       1 
0945       1 
0946       1 
0947       1 
0948       1 
0949       1 
0950       1 
0951       1 
0952       1 
0953       1 
0954       1 
0955       1 
0956       1 
0957       1 
0958       1 
0959       1 
0960       1 
0961       1 
0962       1 
0963       1 
0964       1 
0965       1 
0966       1 
0967       1 
0968       1 
0969       1 
0970       1 
0971       1 
0972       1 
0973       1 
0974       1 
0975       1 
0976       1 
0977       1 
0978       1 
0979       1 
0980       1 
0981       1 
0982       1 
0983       1 
0984       1 
0985       1 
0986       1 
0987       1 
0988       1 
0989       1 
0990       1 
0991       1 
0992       1 
0993       1 
0994       1 
0995       1 
0996       1 
0997       1 
0998       1 
0999       1 
1000       1 
1001       1 
1002       1 
1003       1 
1004       1 
1005       1 
1006       1 
1007       4 
1008       53 
1009       53 
1010       47 
1011       47 
1012       47 
1013       47 
1014       48 
1015       53 
1016       54 
1017       54 
1018       54 
1019       56 
1020       54 
1021       56 
1022       63 
1023       69 
1024       69 
1025       69 
1026       63 
1027       63 
1028       59 
1029       58 
1030       54 
1031       51 
1032       51 
1033       51 
1034       58 
1035       65 
1036       71 
1037       71 
1038       71 
1039       72 
1040       72 
1041       69 
1042       69 
1043       67 
1044       67 
1045       63 
1046       63 
1047       63 
1048       65 
1049       65 
1050       67 
1051       65 
1052       67 
1053       67 
1054       69 
1055       72 
1056       72 
1057       72 
1058       65 
1059       65 
1060       65 
1061       65 
1062       64 
1063       67 
1064       64 
1065       64 
1066       63 
1067       63 
1068       63 
1069       64 
1070       63 
1071       64 
1072       64 
1073       62 
1074       62 
1075       64 
1076       64 
1077       68 
1078       68 
1079       68 
1297966640.247308
