0000       1 
0001       1 
0002       1 
0003       1 
0004       1 
0005       1 
0006       1 
0007       1 
0008       1 
0009       1 
0010       1 
0011       1 
0012       1 
0013       1 
0014       1 
0015       1 
0016       1 
0017       1 
0018       1 
0019       1 
0020       1 
0021       1 
0022       1 
0023       1 
0024       1 
0025       1 
0026       1 
0027       1 
0028       1 
0029       1 
0030       1 
0031       1 
0032       1 
0033       1 
0034       1 
0035       1 
0036       1 
0037       1 
0038       1 
0039       1 
0040       1 
0041       1 
0042       1 
0043       1 
0044       1 
0045       1 
0046       1 
0047       1 
0048       1 
0049       1 
0050       1 
0051       1 
0052       1 
0053       1 
0054       1 
0055       1 
0056       1 
0057       1 
0058       1 
0059       1 
0060       1 
0061       1 
0062       1 
0063       1 
0064       1 
0065       1 
0066       1 
0067       1 
0068       1 
0069       1 
0070       1 
0071       1 
0072       1 
0073       1 
0074       1 
0075       1 
0076       1 
0077       1 
0078       1 
0079       1 
0080       1 
0081       1 
0082       1 
0083       1 
0084       1 
0085       1 
0086       1 
0087       1 
0088       1 
0089       1 
0090       1 
0091       1 
0092       1 
0093       1 
0094       1 
0095       1 
0096       1 
0097       1 
0098       1 
0099       1 
0100       1 
0101       1 
0102       1 
0103       1 
0104       1 
0105       1 
0106       1 
0107       1 
0108       1 
0109       1 
0110       1 
0111       1 
0112       1 
0113       1 
0114       1 
0115       1 
0116       1 
0117       1 
0118       1 
0119       1 
0120       1 
0121       1 
0122       1 
0123       1 
0124       1 
0125       1 
0126       19807 
0127       19807 
0128       19807 
0129       1 
0130       1 
0131       1 
0132       1 
0133       1 
0134       1 
0135       1 
0136       1 
0137       1 
0138       1 
0139       1 
0140       1 
0141       1 
0142       1 
0143       1 
0144       1 
0145       1 
0146       1 
0147       1 
0148       1 
0149       1 
0150       1 
0151       1 
0152       1 
0153       1 
0154       1 
0155       1 
0156       1 
0157       1 
0158       1 
0159       1 
0160       1 
0161       1 
0162       1 
0163       1 
0164       19778 
0165       19778 
0166       1 
0167       1 
0168       1 
0169       1 
0170       18855 
0171       18855 
0172       18855 
0173       1 
0174       1 
0175       1 
0176       17648 
0177       17714 
0178       17724 
0179       17724 
0180       17724 
0181       17587 
0182       17587 
0183       1 
0184       1 
0185       1 
0186       1 
0187       17900 
0188       17930 
0189       17900 
0190       1 
0191       1 
0192       1 
0193       1 
0194       1 
0195       1 
0196       1 
0197       1 
0198       1 
0199       1 
0200       1 
0201       1 
0202       18889 
0203       18889 
0204       1 
0205       1 
0206       1 
0207       1 
0208       1 
0209       1 
0210       1 
0211       19307 
0212       19307 
0213       19307 
0214       1 
0215       1 
0216       1 
0217       1 
0218       1 
0219       1 
0220       1 
0221       1 
0222       1 
0223       1 
0224       1 
0225       1 
0226       1 
0227       1 
0228       1 
0229       1 
0230       1 
0231       1 
0232       1 
0233       1 
0234       1 
0235       1 
0236       1 
0237       1 
0238       1 
0239       1 
0240       1 
0241       1 
0242       1 
0243       1 
0244       21401 
0245       21401 
0246       21401 
0247       21173 
0248       20946 
0249       20781 
0250       20398 
0251       20242 
0252       20242 
0253       20054 
0254       19294 
0255       19148 
0256       19148 
0257       19148 
0258       19000 
0259       18841 
0260       1 
0261       1 
0262       1 
0263       1 
0264       1 
0265       1 
0266       1 
0267       17650 
0268       17650 
0269       17483 
0270       17271 
0271       17211 
0272       17211 
0273       17074 
0274       16963 
0275       16748 
0276       16647 
0277       16647 
0278       16483 
0279       16394 
0280       16271 
0281       16174 
0282       16065 
0283       15971 
0284       15875 
0285       15810 
0286       15696 
0287       15601 
0288       15506 
0289       15498 
0290       15469 
0291       15380 
0292       15289 
0293       15182 
0294       15156 
0295       15038 
0296       14950 
0297       14873 
0298       14830 
0299       14742 
0300       14630 
0301       14559 
0302       14468 
0303       14398 
0304       14291 
0305       14255 
0306       14183 
0307       14119 
0308       14038 
0309       13986 
0310       13915 
0311       13815 
0312       13766 
0313       13668 
0314       13627 
0315       13564 
0316       13492 
0317       13437 
0318       13367 
0319       13289 
0320       13247 
0321       13181 
0322       13122 
0323       13044 
0324       12975 
0325       12914 
0326       12865 
0327       12844 
0328       12767 
0329       12713 
0330       12680 
0331       12610 
0332       12565 
0333       12518 
0334       12471 
0335       12405 
0336       12351 
0337       12308 
0338       12281 
0339       12214 
0340       12188 
0341       12137 
0342       12068 
0343       12032 
0344       12004 
0345       11966 
0346       11920 
0347       11874 
0348       11845 
0349       11801 
0350       11753 
0351       11733 
0352       11694 
0353       11623 
0354       11583 
0355       11570 
0356       11531 
0357       11508 
0358       11472 
0359       11433 
0360       11388 
0361       11348 
0362       11318 
0363       11277 
0364       11235 
0365       11196 
0366       11194 
0367       11122 
0368       11088 
0369       11082 
0370       11030 
0371       10995 
0372       10992 
0373       10950 
0374       10897 
0375       10879 
0376       10852 
0377       10817 
0378       10791 
0379       10773 
0380       10723 
0381       10701 
0382       10656 
0383       10652 
0384       10606 
0385       10596 
0386       10592 
0387       10554 
0388       10530 
0389       10502 
0390       10462 
0391       10440 
0392       10426 
0393       10387 
0394       10372 
0395       10348 
0396       10333 
0397       10302 
0398       10279 
0399       10272 
0400       10230 
0401       10225 
0402       10204 
0403       10171 
0404       10157 
0405       10144 
0406       10108 
0407       10105 
0408       10056 
0409       10052 
0410       10040 
0411       10036 
0412       10000 
0413       9988 
0414       9974 
0415       9944 
0416       9940 
0417       9888 
0418       9880 
0419       9875 
0420       9845 
0421       9829 
0422       9827 
0423       9805 
0424       9781 
0425       9750 
0426       9731 
0427       9719 
0428       9719 
0429       9700 
0430       9697 
0431       9669 
0432       9665 
0433       9656 
0434       9611 
0435       9607 
0436       9604 
0437       9582 
0438       9567 
0439       9562 
0440       9559 
0441       9559 
0442       9542 
0443       9512 
0444       9511 
0445       9501 
0446       9493 
0447       9488 
0448       9459 
0449       9448 
0450       9443 
0451       9442 
0452       9422 
0453       9416 
0454       9411 
0455       9392 
0456       9378 
0457       9370 
0458       9351 
0459       9347 
0460       9351 
0461       9341 
0462       9336 
0463       9326 
0464       9325 
0465       9320 
0466       9294 
0467       9291 
0468       9280 
0469       9280 
0470       9278 
0471       9278 
0472       9260 
0473       9258 
0474       9260 
0475       9255 
0476       9259 
0477       9255 
0478       9226 
0479       9226 
0480       9226 
0481       9227 
0482       9231 
0483       9227 
0484       9230 
0485       9218 
0486       9203 
0487       9197 
0488       9194 
0489       9194 
0490       9184 
0491       9198 
0492       9178 
0493       9191 
0494       9191 
0495       9191 
0496       9191 
0497       9185 
0498       9181 
0499       9181 
0500       9172 
0501       9176 
0502       9176 
0503       9176 
0504       9173 
0505       9162 
0506       9143 
0507       9128 
0508       9117 
0509       9117 
0510       9132 
0511       9132 
0512       9155 
0513       9178 
0514       9184 
0515       9184 
0516       9184 
0517       9184 
0518       9184 
0519       9192 
0520       9205 
0521       9205 
0522       9200 
0523       9200 
0524       9214 
0525       9215 
0526       9220 
0527       9229 
0528       9229 
0529       9226 
0530       9226 
0531       9226 
0532       9236 
0533       9241 
0534       9241 
0535       9244 
0536       9245 
0537       9251 
0538       9271 
0539       9271 
0540       9289 
0541       9288 
0542       9300 
0543       9288 
0544       9315 
0545       9315 
0546       9322 
0547       9324 
0548       9327 
0549       9332 
0550       9352 
0551       9356 
0552       9356 
0553       9357 
0554       9373 
0555       9397 
0556       9397 
0557       9404 
0558       9407 
0559       9413 
0560       9438 
0561       9449 
0562       9458 
0563       9463 
0564       9478 
0565       9491 
0566       9495 
0567       9498 
0568       9504 
0569       9505 
0570       9540 
0571       9550 
0572       9562 
0573       9587 
0574       9597 
0575       9604 
0576       9622 
0577       9625 
0578       9639 
0579       9658 
0580       9677 
0581       9693 
0582       9696 
0583       9727 
0584       9730 
0585       9752 
0586       9766 
0587       9774 
0588       9794 
0589       9799 
0590       9802 
0591       9824 
0592       9838 
0593       9879 
0594       9887 
0595       9900 
0596       9909 
0597       9926 
0598       9959 
0599       9995 
0600       9998 
0601       10022 
0602       10033 
0603       10045 
0604       10071 
0605       10088 
0606       10127 
0607       10145 
0608       10161 
0609       10195 
0610       10206 
0611       10231 
0612       10263 
0613       10272 
0614       10290 
0615       10309 
0616       10340 
0617       10364 
0618       10393 
0619       10421 
0620       10436 
0621       10464 
0622       10501 
0623       10548 
0624       10559 
0625       10586 
0626       10600 
0627       10637 
0628       10647 
0629       10686 
0630       10742 
0631       10749 
0632       10765 
0633       10792 
0634       10812 
0635       10870 
0636       10870 
0637       10846 
0638       10822 
0639       10812 
0640       10822 
0641       10866 
0642       10866 
0643       7956 
0644       7956 
0645       7973 
0646       8008 
0647       8029 
0648       8070 
0649       8091 
0650       8109 
0651       8109 
0652       5155 
0653       5034 
0654       4946 
0655       4773 
0656       4374 
0657       4296 
0658       4292 
0659       4241 
0660       4190 
0661       4161 
0662       4161 
0663       4161 
0664       4166 
0665       4171 
0666       4190 
0667       4197 
0668       4215 
0669       4235 
0670       4258 
0671       4285 
0672       4286 
0673       4335 
0674       4335 
0675       4372 
0676       4386 
0677       4419 
0678       4433 
0679       4463 
0680       4489 
0681       4529 
0682       4575 
0683       4632 
0684       4664 
0685       4691 
0686       4752 
0687       4761 
0688       4784 
0689       4816 
0690       4848 
0691       4862 
0692       4879 
0693       4917 
0694       4979 
0695       5001 
0696       5038 
0697       5053 
0698       5071 
0699       5091 
0700       5123 
0701       5156 
0702       5183 
0703       5210 
0704       5219 
0705       5246 
0706       5278 
0707       5310 
0708       5339 
0709       5381 
0710       5393 
0711       5423 
0712       5445 
0713       5487 
0714       5508 
0715       5549 
0716       5573 
0717       5618 
0718       5633 
0719       5655 
0720       5730 
0721       5756 
0722       5800 
0723       5826 
0724       5868 
0725       5890 
0726       5908 
0727       5931 
0728       5987 
0729       6027 
0730       6079 
0731       6133 
0732       6203 
0733       6222 
0734       6262 
0735       6299 
0736       6349 
0737       6434 
0738       6492 
0739       6506 
0740       6554 
0741       6630 
0742       6672 
0743       6706 
0744       6768 
0745       6833 
0746       6886 
0747       6917 
0748       6976 
0749       7048 
0750       7109 
0751       7166 
0752       7232 
0753       7292 
0754       7348 
0755       7381 
0756       7449 
0757       7505 
0758       7573 
0759       7647 
0760       7713 
0761       7765 
0762       7833 
0763       7943 
0764       8006 
0765       8102 
0766       8176 
0767       8238 
0768       8337 
0769       8396 
0770       8480 
0771       8485 
0772       8499 
0773       8592 
0774       8669 
0775       8786 
0776       8991 
0777       9161 
0778       9268 
0779       9415 
0780       9575 
0781       9664 
0782       9831 
0783       9935 
0784       10100 
0785       10258 
0786       10350 
0787       10493 
0788       10684 
0789       10788 
0790       10936 
0791       11025 
0792       11127 
0793       11263 
0794       11387 
0795       11615 
0796       11779 
0797       11895 
0798       12145 
0799       12292 
0800       12519 
0801       12706 
0802       12879 
0803       13079 
0804       13245 
0805       13511 
0806       13726 
0807       13726 
0808       1 
0809       1 
0810       1 
0811       1 
0812       1 
0813       1 
0814       1 
0815       1 
0816       1 
0817       1 
0818       1 
0819       1 
0820       24025 
0821       24025 
0822       24057 
0823       24057 
0824       24239 
0825       24245 
0826       24245 
0827       1 
0828       1 
0829       1 
0830       1 
0831       1 
0832       24068 
0833       24183 
0834       24183 
0835       1 
0836       1 
0837       1 
0838       1 
0839       1 
0840       1 
0841       1 
0842       1 
0843       1 
0844       1 
0845       1 
0846       1 
0847       1 
0848       1 
0849       1 
0850       1 
0851       1 
0852       1 
0853       24400 
0854       24400 
0855       24400 
0856       24426 
0857       24426 
0858       24426 
0859       24500 
0860       24500 
0861       1 
0862       1 
0863       1 
0864       1 
0865       1 
0866       1 
0867       1 
0868       1 
0869       1 
0870       1 
0871       1 
0872       1 
0873       1 
0874       1 
0875       1 
0876       1 
0877       1 
0878       1 
0879       1 
0880       1 
0881       1 
0882       1 
0883       1 
0884       1 
0885       1 
0886       1 
0887       1 
0888       1 
0889       1 
0890       1 
0891       1 
0892       1 
0893       1 
0894       1 
0895       1 
0896       1 
0897       1 
0898       1 
0899       1 
0900       1 
0901       1 
0902       1 
0903       1 
0904       1 
0905       1 
0906       1 
0907       1 
0908       1 
0909       1 
0910       1 
0911       1 
0912       1 
0913       1 
0914       1 
0915       1 
0916       1 
0917       1 
0918       1 
0919       1 
0920       1 
0921       1 
0922       1 
0923       1 
0924       1 
0925       1 
0926       1 
0927       1 
0928       1 
0929       1 
0930       1 
0931       1 
0932       1 
0933       1 
0934       1 
0935       1 
0936       1 
0937       1 
0938       1 
0939       1 
0940       1 
0941       1 
0942       1 
0943       1 
0944       1 
0945       1 
0946       1 
0947       1 
0948       1 
0949       1 
0950       1 
0951       1 
0952       1 
0953       1 
0954       1 
0955       1 
0956       1 
0957       1 
0958       1 
0959       1 
0960       1 
0961       1 
0962       1 
0963       1 
0964       1 
0965       1 
0966       1 
0967       1 
0968       1 
0969       1 
0970       1 
0971       1 
0972       1 
0973       1 
0974       1 
0975       1 
0976       1 
0977       1 
0978       1 
0979       1 
0980       1 
0981       1 
0982       1 
0983       1 
0984       1 
0985       1 
0986       1 
0987       1 
0988       1 
0989       1 
0990       1 
0991       1 
0992       1 
0993       1 
0994       1 
0995       1 
0996       1 
0997       1 
0998       1 
0999       1 
1000       1 
1001       1 
1002       1 
1003       1 
1004       1 
1005       1 
1006       1 
1007       1 
1008       58 
1009       58 
1010       58 
1011       58 
1012       58 
1013       47 
1014       60 
1015       47 
1016       45 
1017       42 
1018       45 
1019       45 
1020       51 
1021       51 
1022       54 
1023       60 
1024       67 
1025       72 
1026       72 
1027       67 
1028       66 
1029       66 
1030       48 
1031       48 
1032       48 
1033       49 
1034       54 
1035       61 
1036       69 
1037       69 
1038       70 
1039       70 
1040       64 
1041       62 
1042       61 
1043       61 
1044       61 
1045       65 
1046       65 
1047       67 
1048       67 
1049       67 
1050       71 
1051       71 
1052       65 
1053       65 
1054       65 
1055       65 
1056       65 
1057       65 
1058       69 
1059       65 
1060       65 
1061       64 
1062       65 
1063       64 
1064       64 
1065       65 
1066       65 
1067       64 
1068       62 
1069       62 
1070       62 
1071       62 
1072       65 
1073       65 
1074       66 
1075       67 
1076       70 
1077       71 
1078       71 
1079       71 
1297966618.397925
