0000       1 
0001       1 
0002       1 
0003       1 
0004       1 
0005       1 
0006       1 
0007       1 
0008       1 
0009       1 
0010       1 
0011       1 
0012       1 
0013       1 
0014       1 
0015       1 
0016       1 
0017       1 
0018       1 
0019       1 
0020       1 
0021       1 
0022       1 
0023       1 
0024       1 
0025       1 
0026       1 
0027       1 
0028       1 
0029       1 
0030       1 
0031       1 
0032       1 
0033       1 
0034       1 
0035       1 
0036       1 
0037       1 
0038       1 
0039       1 
0040       1 
0041       1 
0042       1 
0043       1 
0044       1 
0045       1 
0046       1 
0047       1 
0048       1 
0049       1 
0050       1 
0051       1 
0052       1 
0053       1 
0054       1 
0055       1 
0056       1 
0057       1 
0058       1 
0059       1 
0060       1 
0061       1 
0062       1 
0063       1 
0064       1 
0065       1 
0066       1 
0067       1 
0068       1 
0069       1 
0070       1 
0071       1 
0072       1 
0073       1 
0074       1 
0075       1 
0076       1 
0077       1 
0078       1 
0079       1 
0080       1 
0081       1 
0082       1 
0083       1 
0084       1 
0085       1 
0086       1 
0087       1 
0088       1 
0089       1 
0090       1 
0091       1 
0092       1 
0093       1 
0094       1 
0095       1 
0096       1 
0097       1 
0098       1 
0099       1 
0100       1 
0101       1 
0102       1 
0103       1 
0104       1 
0105       1 
0106       1 
0107       1 
0108       1 
0109       1 
0110       1 
0111       1 
0112       1 
0113       1 
0114       1 
0115       1 
0116       1 
0117       1 
0118       1 
0119       1 
0120       1 
0121       1 
0122       1 
0123       1 
0124       1 
0125       1 
0126       1 
0127       1 
0128       1 
0129       1 
0130       1 
0131       1 
0132       1 
0133       1 
0134       1 
0135       1 
0136       1 
0137       1 
0138       1 
0139       1 
0140       1 
0141       1 
0142       1 
0143       1 
0144       1 
0145       1 
0146       1 
0147       1 
0148       1 
0149       1 
0150       1 
0151       1 
0152       1 
0153       1 
0154       1 
0155       1 
0156       1 
0157       1 
0158       1 
0159       1 
0160       1 
0161       1 
0162       1 
0163       1 
0164       1 
0165       1 
0166       1 
0167       1 
0168       1 
0169       1 
0170       1 
0171       1 
0172       1 
0173       1 
0174       1 
0175       1 
0176       1 
0177       1 
0178       1 
0179       1 
0180       1 
0181       1 
0182       1 
0183       1 
0184       1 
0185       1 
0186       1 
0187       1 
0188       1 
0189       1 
0190       1 
0191       1 
0192       1 
0193       1 
0194       1 
0195       1 
0196       1 
0197       1 
0198       1 
0199       1 
0200       1 
0201       1 
0202       1 
0203       1 
0204       1 
0205       1 
0206       1 
0207       1 
0208       1 
0209       1 
0210       1 
0211       1 
0212       1 
0213       1 
0214       1 
0215       1 
0216       1 
0217       1 
0218       1 
0219       1 
0220       1 
0221       1 
0222       1 
0223       1 
0224       1 
0225       1 
0226       1 
0227       1 
0228       1 
0229       1 
0230       1 
0231       1 
0232       1 
0233       1 
0234       1 
0235       1 
0236       1 
0237       1 
0238       1 
0239       1 
0240       1 
0241       1 
0242       1 
0243       1 
0244       1 
0245       1 
0246       1 
0247       1 
0248       16420 
0249       16444 
0250       16490 
0251       16525 
0252       16537 
0253       16573 
0254       16600 
0255       16623 
0256       16639 
0257       16645 
0258       16673 
0259       16701 
0260       16778 
0261       16860 
0262       16909 
0263       16932 
0264       16949 
0265       16972 
0266       17026 
0267       17028 
0268       17036 
0269       17071 
0270       17100 
0271       17124 
0272       17148 
0273       17208 
0274       17208 
0275       17234 
0276       17277 
0277       17324 
0278       17324 
0279       17261 
0280       17025 
0281       16813 
0282       16759 
0283       16695 
0284       1 
0285       1 
0286       1 
0287       1 
0288       1 
0289       1 
0290       1 
0291       1 
0292       1 
0293       1 
0294       17256 
0295       17256 
0296       17144 
0297       17076 
0298       16968 
0299       16829 
0300       16773 
0301       16663 
0302       16559 
0303       16505 
0304       16390 
0305       16245 
0306       16074 
0307       16002 
0308       16002 
0309       15884 
0310       15813 
0311       15758 
0312       15640 
0313       15576 
0314       15462 
0315       15367 
0316       15321 
0317       15212 
0318       15147 
0319       15059 
0320       14965 
0321       14824 
0322       14799 
0323       14678 
0324       14608 
0325       14466 
0326       14465 
0327       14389 
0328       14303 
0329       14205 
0330       14091 
0331       14031 
0332       13978 
0333       13813 
0334       13761 
0335       13761 
0336       13668 
0337       13532 
0338       13496 
0339       13496 
0340       13407 
0341       13347 
0342       13296 
0343       13256 
0344       13138 
0345       12966 
0346       12902 
0347       12902 
0348       12902 
0349       12853 
0350       12810 
0351       12702 
0352       12648 
0353       12506 
0354       12277 
0355       12393 
0356       12382 
0357       12382 
0358       12276 
0359       12234 
0360       12203 
0361       12102 
0362       12019 
0363       11998 
0364       11998 
0365       11883 
0366       11847 
0367       11826 
0368       11764 
0369       11743 
0370       11664 
0371       11639 
0372       11572 
0373       11556 
0374       11517 
0375       11458 
0376       11436 
0377       11371 
0378       11332 
0379       11262 
0380       11236 
0381       11172 
0382       11138 
0383       11118 
0384       11070 
0385       11051 
0386       10989 
0387       10956 
0388       10899 
0389       10868 
0390       10858 
0391       10838 
0392       10800 
0393       10730 
0394       10696 
0395       10680 
0396       10655 
0397       10613 
0398       8508 
0399       8388 
0400       8363 
0401       8339 
0402       8290 
0403       8224 
0404       8152 
0405       8152 
0406       8147 
0407       8124 
0408       8099 
0409       8098 
0410       8099 
0411       8161 
0412       8182 
0413       8202 
0414       8209 
0415       8211 
0416       8245 
0417       8250 
0418       8245 
0419       8175 
0420       8027 
0421       7980 
0422       7968 
0423       7947 
0424       7896 
0425       7797 
0426       7792 
0427       7797 
0428       7811 
0429       7867 
0430       7882 
0431       7902 
0432       7910 
0433       7910 
0434       7922 
0435       7975 
0436       7977 
0437       7977 
0438       7890 
0439       7885 
0440       7885 
0441       7962 
0442       7962 
0443       7940 
0444       7895 
0445       7827 
0446       7827 
0447       7817 
0448       7817 
0449       7780 
0450       7780 
0451       7785 
0452       7791 
0453       7827 
0454       7862 
0455       7886 
0456       7910 
0457       7916 
0458       7938 
0459       7938 
0460       7934 
0461       7934 
0462       7959 
0463       7982 
0464       7987 
0465       8005 
0466       8005 
0467       8024 
0468       8032 
0469       8110 
0470       8880 
0471       8955 
0472       8955 
0473       8953 
0474       8945 
0475       8945 
0476       8936 
0477       8919 
0478       8909 
0479       8897 
0480       8897 
0481       8897 
0482       8887 
0483       8887 
0484       8887 
0485       8893 
0486       8873 
0487       8863 
0488       8863 
0489       8851 
0490       8843 
0491       8841 
0492       8841 
0493       8837 
0494       8819 
0495       8807 
0496       8799 
0497       8789 
0498       8789 
0499       8768 
0500       8760 
0501       8757 
0502       8747 
0503       8736 
0504       8736 
0505       8739 
0506       8739 
0507       8712 
0508       8712 
0509       8712 
0510       8712 
0511       8712 
0512       8701 
0513       8701 
0514       8682 
0515       8690 
0516       8690 
0517       8690 
0518       8690 
0519       8675 
0520       8671 
0521       8667 
0522       8667 
0523       8665 
0524       8649 
0525       8649 
0526       8649 
0527       8643 
0528       8631 
0529       8633 
0530       8633 
0531       8639 
0532       8646 
0533       8646 
0534       8616 
0535       8584 
0536       7824 
0537       7618 
0538       7522 
0539       7443 
0540       7409 
0541       7382 
0542       7361 
0543       7361 
0544       7361 
0545       7361 
0546       7353 
0547       7347 
0548       7343 
0549       7337 
0550       7337 
0551       7307 
0552       7305 
0553       7299 
0554       7286 
0555       7286 
0556       7285 
0557       7287 
0558       7295 
0559       7296 
0560       7296 
0561       7318 
0562       7331 
0563       7331 
0564       7329 
0565       7329 
0566       7350 
0567       7362 
0568       7371 
0569       7417 
0570       7428 
0571       7448 
0572       7483 
0573       7567 
0574       7602 
0575       7629 
0576       7718 
0577       7904 
0578       8451 
0579       8666 
0580       8687 
0581       8706 
0582       8706 
0583       8706 
0584       8705 
0585       8696 
0586       8664 
0587       8663 
0588       8664 
0589       8667 
0590       8667 
0591       8644 
0592       8498 
0593       8401 
0594       8356 
0595       8355 
0596       8346 
0597       8333 
0598       8333 
0599       8479 
0600       8534 
0601       8553 
0602       8534 
0603       8030 
0604       7971 
0605       7944 
0606       7933 
0607       7933 
0608       8920 
0609       8920 
0610       7921 
0611       7863 
0612       7802 
0613       7802 
0614       7824 
0615       7825 
0616       7825 
0617       7737 
0618       7737 
0619       7761 
0620       7825 
0621       7825 
0622       7921 
0623       8101 
0624       8324 
0625       8357 
0626       9128 
0627       9213 
0628       9213 
0629       9213 
0630       9272 
0631       9305 
0632       9314 
0633       9340 
0634       9351 
0635       9372 
0636       9394 
0637       9400 
0638       9443 
0639       9452 
0640       9481 
0641       9484 
0642       9506 
0643       9511 
0644       9545 
0645       9568 
0646       9582 
0647       9593 
0648       9631 
0649       9638 
0650       9675 
0651       9679 
0652       9699 
0653       9744 
0654       9779 
0655       9782 
0656       9786 
0657       9817 
0658       9864 
0659       9875 
0660       9900 
0661       9933 
0662       9967 
0663       10031 
0664       10043 
0665       10083 
0666       10153 
0667       10206 
0668       10236 
0669       10238 
0670       10263 
0671       10264 
0672       10264 
0673       10123 
0674       10023 
0675       9943 
0676       9867 
0677       9838 
0678       9755 
0679       9700 
0680       9645 
0681       9578 
0682       9503 
0683       9469 
0684       9414 
0685       9347 
0686       9305 
0687       9239 
0688       9174 
0689       9104 
0690       9056 
0691       8999 
0692       8970 
0693       8924 
0694       8881 
0695       8792 
0696       8678 
0697       8552 
0698       8470 
0699       8397 
0700       8345 
0701       8268 
0702       8198 
0703       8143 
0704       8070 
0705       8015 
0706       7968 
0707       7880 
0708       7831 
0709       7786 
0710       7720 
0711       7638 
0712       7615 
0713       7567 
0714       7530 
0715       7457 
0716       7387 
0717       7335 
0718       7248 
0719       7192 
0720       7137 
0721       7065 
0722       7024 
0723       6978 
0724       6939 
0725       6873 
0726       6852 
0727       6834 
0728       6769 
0729       6724 
0730       6689 
0731       6664 
0732       6653 
0733       6618 
0734       6591 
0735       6544 
0736       6529 
0737       6518 
0738       6493 
0739       6468 
0740       6446 
0741       6430 
0742       6394 
0743       6377 
0744       6359 
0745       6333 
0746       6315 
0747       6289 
0748       6271 
0749       6248 
0750       6224 
0751       6206 
0752       6193 
0753       6164 
0754       6154 
0755       6129 
0756       6112 
0757       6101 
0758       6077 
0759       6063 
0760       6044 
0761       6019 
0762       6004 
0763       5981 
0764       5969 
0765       5957 
0766       5947 
0767       5922 
0768       5911 
0769       5888 
0770       5881 
0771       5858 
0772       5845 
0773       5832 
0774       5807 
0775       5790 
0776       5781 
0777       5770 
0778       5752 
0779       5745 
0780       5733 
0781       5723 
0782       5701 
0783       5691 
0784       5663 
0785       5658 
0786       5653 
0787       5631 
0788       5627 
0789       5616 
0790       5594 
0791       5594 
0792       5563 
0793       5504 
0794       5402 
0795       5317 
0796       5167 
0797       5094 
0798       4848 
0799       4826 
0800       4808 
0801       4796 
0802       4777 
0803       4769 
0804       4764 
0805       4736 
0806       4728 
0807       4702 
0808       4686 
0809       4678 
0810       4663 
0811       4649 
0812       4616 
0813       4615 
0814       4610 
0815       4579 
0816       4578 
0817       4562 
0818       4555 
0819       4535 
0820       4530 
0821       4510 
0822       4484 
0823       4478 
0824       4465 
0825       4462 
0826       4447 
0827       4436 
0828       4417 
0829       4394 
0830       4389 
0831       4377 
0832       4365 
0833       4343 
0834       4339 
0835       4326 
0836       4316 
0837       4313 
0838       4300 
0839       4300 
0840       4300 
0841       4340 
0842       4396 
0843       4463 
0844       4533 
0845       4644 
0846       4741 
0847       4837 
0848       4927 
0849       5040 
0850       5167 
0851       5948 
0852       6176 
0853       6358 
0854       6358 
0855       6530 
0856       6853 
0857       6941 
0858       7144 
0859       7294 
0860       7437 
0861       7605 
0862       7810 
0863       7810 
0864       7961 
0865       8481 
0866       8716 
0867       8846 
0868       8846 
0869       8838 
0870       8838 
0871       8835 
0872       4625 
0873       4538 
0874       1 
0875       1 
0876       1 
0877       1 
0878       1 
0879       1 
0880       1 
0881       1 
0882       1 
0883       1 
0884       1 
0885       1 
0886       1 
0887       1 
0888       1 
0889       1 
0890       1 
0891       1 
0892       1 
0893       1 
0894       1 
0895       1 
0896       1 
0897       1 
0898       1 
0899       1 
0900       1 
0901       1 
0902       1 
0903       1 
0904       1 
0905       1 
0906       1 
0907       1 
0908       1 
0909       1 
0910       1 
0911       1 
0912       1 
0913       1 
0914       1 
0915       1 
0916       1 
0917       1 
0918       1 
0919       1 
0920       1 
0921       1 
0922       1 
0923       1 
0924       1 
0925       1 
0926       1 
0927       1 
0928       1 
0929       1 
0930       1 
0931       1 
0932       1 
0933       1 
0934       1 
0935       1 
0936       1 
0937       1 
0938       1 
0939       1 
0940       1 
0941       1 
0942       1 
0943       1 
0944       1 
0945       1 
0946       1 
0947       1 
0948       1 
0949       1 
0950       1 
0951       1 
0952       1 
0953       1 
0954       1 
0955       1 
0956       1 
0957       1 
0958       1 
0959       1 
0960       1 
0961       1 
0962       1 
0963       1 
0964       1 
0965       1 
0966       1 
0967       1 
0968       1 
0969       1 
0970       1 
0971       1 
0972       1 
0973       1 
0974       1 
0975       1 
0976       1 
0977       1 
0978       1 
0979       1 
0980       1 
0981       1 
0982       1 
0983       1 
0984       1 
0985       1 
0986       1 
0987       1 
0988       1 
0989       1 
0990       1 
0991       1 
0992       1 
0993       1 
0994       1 
0995       1 
0996       1 
0997       1 
0998       1 
0999       1 
1000       1 
1001       1 
1002       1 
1003       1 
1004       1 
1005       1 
1006       1 
1007       4 
1008       4 
1009       46 
1010       46 
1011       41 
1012       41 
1013       41 
1014       41 
1015       41 
1016       49 
1017       51 
1018       51 
1019       55 
1020       49 
1021       55 
1022       49 
1023       49 
1024       49 
1025       51 
1026       51 
1027       57 
1028       57 
1029       53 
1030       53 
1031       50 
1032       50 
1033       53 
1034       62 
1035       69 
1036       70 
1037       69 
1038       69 
1039       69 
1040       66 
1041       66 
1042       66 
1043       66 
1044       63 
1045       67 
1046       65 
1047       63 
1048       65 
1049       67 
1050       65 
1051       64 
1052       64 
1053       64 
1054       64 
1055       69 
1056       71 
1057       71 
1058       71 
1059       64 
1060       62 
1061       60 
1062       60 
1063       64 
1064       63 
1065       63 
1066       63 
1067       62 
1068       62 
1069       62 
1070       62 
1071       65 
1072       65 
1073       65 
1074       64 
1075       64 
1076       64 
1077       67 
1078       71 
1079       71 
1297966691.674899
