0000       1 
0001       1 
0002       1 
0003       1 
0004       1 
0005       1 
0006       1 
0007       1 
0008       1 
0009       1 
0010       1 
0011       1 
0012       1 
0013       1 
0014       1 
0015       1 
0016       1 
0017       1 
0018       1 
0019       1 
0020       1 
0021       1 
0022       1 
0023       1 
0024       1 
0025       1 
0026       1 
0027       1 
0028       1 
0029       1 
0030       1 
0031       1 
0032       1 
0033       1 
0034       1 
0035       1 
0036       1 
0037       1 
0038       1 
0039       1 
0040       1 
0041       1 
0042       1 
0043       1 
0044       1 
0045       1 
0046       1 
0047       1 
0048       1 
0049       1 
0050       1 
0051       1 
0052       1 
0053       1 
0054       1 
0055       1 
0056       1 
0057       1 
0058       1 
0059       1 
0060       1 
0061       1 
0062       1 
0063       1 
0064       1 
0065       1 
0066       1 
0067       1 
0068       1 
0069       1 
0070       1 
0071       1 
0072       1 
0073       1 
0074       1 
0075       1 
0076       1 
0077       1 
0078       1 
0079       1 
0080       1 
0081       1 
0082       1 
0083       1 
0084       1 
0085       1 
0086       1 
0087       1 
0088       1 
0089       1 
0090       1 
0091       1 
0092       1 
0093       1 
0094       1 
0095       1 
0096       1 
0097       1 
0098       1 
0099       1 
0100       1 
0101       1 
0102       1 
0103       1 
0104       1 
0105       1 
0106       1 
0107       1 
0108       1 
0109       1 
0110       1 
0111       1 
0112       1 
0113       1 
0114       1 
0115       1 
0116       1 
0117       1 
0118       1 
0119       1 
0120       1 
0121       1 
0122       1 
0123       1 
0124       1 
0125       1 
0126       1 
0127       1 
0128       1 
0129       1 
0130       1 
0131       1 
0132       1 
0133       1 
0134       1 
0135       1 
0136       1 
0137       1 
0138       1 
0139       1 
0140       1 
0141       1 
0142       1 
0143       1 
0144       1 
0145       1 
0146       1 
0147       1 
0148       1 
0149       1 
0150       1 
0151       1 
0152       1 
0153       1 
0154       1 
0155       1 
0156       1 
0157       1 
0158       1 
0159       1 
0160       1 
0161       1 
0162       1 
0163       1 
0164       1 
0165       1 
0166       1 
0167       1 
0168       1 
0169       1 
0170       1 
0171       1 
0172       1 
0173       1 
0174       1 
0175       1 
0176       1 
0177       1 
0178       1 
0179       1 
0180       1 
0181       1 
0182       1 
0183       1 
0184       1 
0185       1 
0186       1 
0187       1 
0188       1 
0189       1 
0190       1 
0191       1 
0192       1 
0193       1 
0194       1 
0195       1 
0196       1 
0197       1 
0198       1 
0199       1 
0200       1 
0201       1 
0202       1 
0203       1 
0204       1 
0205       1 
0206       1 
0207       1 
0208       1 
0209       1 
0210       1 
0211       1 
0212       1 
0213       1 
0214       1 
0215       1 
0216       1 
0217       1 
0218       1 
0219       1 
0220       1 
0221       1 
0222       1 
0223       1 
0224       1 
0225       1 
0226       1 
0227       1 
0228       1 
0229       1 
0230       1 
0231       1 
0232       1 
0233       1 
0234       1 
0235       1 
0236       1 
0237       1 
0238       1 
0239       1 
0240       1 
0241       1 
0242       1 
0243       1 
0244       1 
0245       1 
0246       1 
0247       1 
0248       1 
0249       1 
0250       1 
0251       1 
0252       1 
0253       1 
0254       1 
0255       1 
0256       1 
0257       1 
0258       1 
0259       1 
0260       1 
0261       1 
0262       1 
0263       1 
0264       1 
0265       1 
0266       1 
0267       1 
0268       1 
0269       1 
0270       1 
0271       1 
0272       1 
0273       1 
0274       1 
0275       1 
0276       1 
0277       1 
0278       1 
0279       1 
0280       1 
0281       1 
0282       1 
0283       1 
0284       1 
0285       1 
0286       1 
0287       1 
0288       1 
0289       1 
0290       1 
0291       1 
0292       1 
0293       1 
0294       20824 
0295       20824 
0296       20824 
0297       20421 
0298       20258 
0299       20258 
0300       20057 
0301       1 
0302       1 
0303       1 
0304       1 
0305       1 
0306       1 
0307       1 
0308       1 
0309       18175 
0310       18175 
0311       18175 
0312       17937 
0313       17757 
0314       17757 
0315       17495 
0316       17391 
0317       17391 
0318       17095 
0319       16966 
0320       16966 
0321       16808 
0322       16631 
0323       16489 
0324       16489 
0325       16359 
0326       16205 
0327       16131 
0328       16048 
0329       15909 
0330       15817 
0331       15677 
0332       15593 
0333       15475 
0334       15350 
0335       15271 
0336       15197 
0337       15087 
0338       14960 
0339       14900 
0340       14843 
0341       14710 
0342       14653 
0343       14555 
0344       14454 
0345       14344 
0346       14302 
0347       14207 
0348       14104 
0349       14033 
0350       13976 
0351       13882 
0352       13801 
0353       13733 
0354       13670 
0355       13582 
0356       13512 
0357       13440 
0358       13387 
0359       13336 
0360       13250 
0361       13162 
0362       13094 
0363       13020 
0364       12990 
0365       12907 
0366       12821 
0367       12795 
0368       12665 
0369       12625 
0370       12587 
0371       12545 
0372       12464 
0373       12454 
0374       12373 
0375       12289 
0376       12252 
0377       12195 
0378       12129 
0379       12083 
0380       12022 
0381       11989 
0382       11946 
0383       11887 
0384       11865 
0385       11821 
0386       11742 
0387       11715 
0388       11652 
0389       11617 
0390       11583 
0391       11511 
0392       11451 
0393       11436 
0394       11388 
0395       11358 
0396       11300 
0397       11256 
0398       11215 
0399       11172 
0400       11137 
0401       11104 
0402       11052 
0403       10993 
0404       10984 
0405       10960 
0406       10889 
0407       10854 
0408       10813 
0409       10663 
0410       10537 
0411       10504 
0412       10479 
0413       10451 
0414       10392 
0415       10362 
0416       10347 
0417       6719 
0418       6684 
0419       6678 
0420       6646 
0421       6646 
0422       6646 
0423       6639 
0424       6639 
0425       6710 
0426       6749 
0427       6749 
0428       6748 
0429       6723 
0430       6717 
0431       6696 
0432       6694 
0433       6681 
0434       6659 
0435       6650 
0436       6636 
0437       6609 
0438       6589 
0439       6581 
0440       6578 
0441       6544 
0442       6537 
0443       6523 
0444       6519 
0445       6506 
0446       6471 
0447       6470 
0448       6456 
0449       6444 
0450       6444 
0451       6402 
0452       6400 
0453       6386 
0454       6381 
0455       6378 
0456       6352 
0457       6350 
0458       6327 
0459       6314 
0460       6308 
0461       6302 
0462       6281 
0463       6266 
0464       6244 
0465       6244 
0466       6239 
0467       6223 
0468       6223 
0469       6191 
0470       6191 
0471       6191 
0472       6177 
0473       6166 
0474       6152 
0475       6138 
0476       6134 
0477       6134 
0478       6120 
0479       6096 
0480       6089 
0481       6089 
0482       6082 
0483       6059 
0484       6049 
0485       6049 
0486       6049 
0487       6030 
0488       6030 
0489       6030 
0490       6024 
0491       6017 
0492       5995 
0493       5988 
0494       5986 
0495       5986 
0496       5980 
0497       5969 
0498       5958 
0499       5951 
0500       5951 
0501       5943 
0502       5942 
0503       5933 
0504       5916 
0505       5916 
0506       5916 
0507       5916 
0508       5905 
0509       5894 
0510       5889 
0511       5889 
0512       5889 
0513       5886 
0514       5876 
0515       5867 
0516       5857 
0517       5846 
0518       5847 
0519       5846 
0520       5847 
0521       5856 
0522       5856 
0523       5840 
0524       5838 
0525       5828 
0526       5834 
0527       5829 
0528       5829 
0529       5819 
0530       5807 
0531       5807 
0532       5807 
0533       5812 
0534       5812 
0535       5807 
0536       5807 
0537       5807 
0538       5806 
0539       5805 
0540       5805 
0541       5805 
0542       5800 
0543       5806 
0544       5800 
0545       5796 
0546       5788 
0547       5785 
0548       5782 
0549       5782 
0550       5783 
0551       5790 
0552       5790 
0553       5789 
0554       5780 
0555       5789 
0556       5792 
0557       5794 
0558       5792 
0559       5788 
0560       5782 
0561       5782 
0562       5802 
0563       5802 
0564       5796 
0565       5778 
0566       5783 
0567       5783 
0568       5785 
0569       5798 
0570       5798 
0571       5795 
0572       5795 
0573       5799 
0574       5810 
0575       5815 
0576       5826 
0577       5815 
0578       5817 
0579       5814 
0580       5814 
0581       5814 
0582       5834 
0583       5846 
0584       5846 
0585       5849 
0586       5845 
0587       5849 
0588       5856 
0589       5867 
0590       5867 
0591       5857 
0592       5857 
0593       5875 
0594       5885 
0595       5885 
0596       5894 
0597       5900 
0598       5905 
0599       5910 
0600       5910 
0601       5911 
0602       5925 
0603       5925 
0604       5918 
0605       5918 
0606       5953 
0607       5953 
0608       5955 
0609       5965 
0610       5976 
0611       6001 
0612       6001 
0613       6008 
0614       6009 
0615       6015 
0616       6018 
0617       6030 
0618       6035 
0619       6036 
0620       6038 
0621       6047 
0622       6057 
0623       6062 
0624       6066 
0625       6087 
0626       6088 
0627       6087 
0628       6088 
0629       6099 
0630       6131 
0631       6137 
0632       6140 
0633       6152 
0634       6165 
0635       6171 
0636       6175 
0637       6191 
0638       6205 
0639       6206 
0640       6219 
0641       6225 
0642       6235 
0643       6238 
0644       6260 
0645       6272 
0646       6278 
0647       6299 
0648       6307 
0649       6340 
0650       6340 
0651       6340 
0652       6359 
0653       6372 
0654       6391 
0655       6398 
0656       6402 
0657       6421 
0658       6430 
0659       6455 
0660       6461 
0661       6461 
0662       6500 
0663       6523 
0664       6532 
0665       6539 
0666       6554 
0667       6555 
0668       6594 
0669       6596 
0670       6630 
0671       6630 
0672       6634 
0673       6675 
0674       6689 
0675       6696 
0676       6704 
0677       6746 
0678       6758 
0679       6770 
0680       6799 
0681       6801 
0682       6804 
0683       6827 
0684       6861 
0685       6882 
0686       6887 
0687       6913 
0688       6941 
0689       6958 
0690       6987 
0691       6996 
0692       7029 
0693       7033 
0694       7034 
0695       7070 
0696       7126 
0697       7282 
0698       7432 
0699       7572 
0700       7673 
0701       7760 
0702       7803 
0703       7851 
0704       7885 
0705       7932 
0706       7949 
0707       7977 
0708       8009 
0709       8011 
0710       8057 
0711       8084 
0712       8103 
0713       8148 
0714       8179 
0715       8184 
0716       8215 
0717       8258 
0718       8266 
0719       8301 
0720       8372 
0721       8403 
0722       8417 
0723       8426 
0724       8488 
0725       8496 
0726       8547 
0727       8547 
0728       8582 
0729       8626 
0730       8647 
0731       8708 
0732       8729 
0733       8743 
0734       8768 
0735       8768 
0736       8755 
0737       8714 
0738       8690 
0739       8632 
0740       8627 
0741       8535 
0742       8507 
0743       8455 
0744       8435 
0745       8378 
0746       8363 
0747       8332 
0748       8269 
0749       8252 
0750       8202 
0751       8167 
0752       8162 
0753       8130 
0754       8048 
0755       8048 
0756       8048 
0757       8018 
0758       7997 
0759       7888 
0760       7833 
0761       7815 
0762       7803 
0763       7803 
0764       7811 
0765       7811 
0766       7733 
0767       7727 
0768       7697 
0769       7693 
0770       7640 
0771       7621 
0772       7593 
0773       7593 
0774       7576 
0775       7547 
0776       1 
0777       1 
0778       1 
0779       1 
0780       1 
0781       1 
0782       1 
0783       1 
0784       1 
0785       1 
0786       1 
0787       1 
0788       6697 
0789       6722 
0790       6773 
0791       6773 
0792       1 
0793       1 
0794       1 
0795       1 
0796       1 
0797       1 
0798       1 
0799       1 
0800       1 
0801       1 
0802       1 
0803       1 
0804       1 
0805       4724 
0806       4724 
0807       4734 
0808       4734 
0809       4734 
0810       4703 
0811       4696 
0812       4664 
0813       4663 
0814       4655 
0815       4638 
0816       4605 
0817       4599 
0818       4567 
0819       4565 
0820       4545 
0821       4543 
0822       4524 
0823       4495 
0824       4490 
0825       4473 
0826       4456 
0827       4454 
0828       4433 
0829       4408 
0830       4400 
0831       4371 
0832       4369 
0833       4346 
0834       4342 
0835       4320 
0836       4315 
0837       4289 
0838       4284 
0839       4277 
0840       4266 
0841       4200 
0842       4200 
0843       4168 
0844       4178 
0845       4178 
0846       4170 
0847       4169 
0848       4169 
0849       4153 
0850       4153 
0851       4153 
0852       4178 
0853       4219 
0854       4296 
0855       4333 
0856       4427 
0857       4511 
0858       4603 
0859       4682 
0860       4755 
0861       4868 
0862       4951 
0863       4962 
0864       5320 
0865       5320 
0866       5320 
0867       5682 
0868       6194 
0869       6305 
0870       6471 
0871       6609 
0872       6721 
0873       6928 
0874       6928 
0875       4314 
0876       4308 
0877       4262 
0878       4260 
0879       4214 
0880       4211 
0881       4208 
0882       4208 
0883       4208 
0884       4208 
0885       4208 
0886       4210 
0887       4199 
0888       4199 
0889       4196 
0890       4195 
0891       4193 
0892       4193 
0893       4193 
0894       4193 
0895       4188 
0896       4186 
0897       4183 
0898       4183 
0899       4183 
0900       4183 
0901       4183 
0902       4175 
0903       4173 
0904       4173 
0905       4163 
0906       4162 
0907       1 
0908       1 
0909       1 
0910       1 
0911       1 
0912       1 
0913       1 
0914       1 
0915       1 
0916       1 
0917       1 
0918       1 
0919       1 
0920       1 
0921       1 
0922       1 
0923       1 
0924       1 
0925       1 
0926       1 
0927       1 
0928       1 
0929       1 
0930       1 
0931       1 
0932       1 
0933       1 
0934       1 
0935       1 
0936       1 
0937       1 
0938       1 
0939       1 
0940       1 
0941       1 
0942       1 
0943       1 
0944       1 
0945       1 
0946       1 
0947       1 
0948       1 
0949       1 
0950       1 
0951       1 
0952       1 
0953       1 
0954       1 
0955       1 
0956       1 
0957       1 
0958       1 
0959       1 
0960       1 
0961       1 
0962       1 
0963       1 
0964       1 
0965       1 
0966       1 
0967       1 
0968       1 
0969       1 
0970       1 
0971       1 
0972       1 
0973       1 
0974       1 
0975       1 
0976       1 
0977       1 
0978       1 
0979       1 
0980       1 
0981       1 
0982       1 
0983       1 
0984       1 
0985       1 
0986       1 
0987       1 
0988       1 
0989       1 
0990       1 
0991       1 
0992       1 
0993       1 
0994       1 
0995       1 
0996       1 
0997       1 
0998       1 
0999       1 
1000       1 
1001       1 
1002       1 
1003       1 
1004       1 
1005       1 
1006       1 
1007       1 
1008       4 
1009       4 
1010       46 
1011       46 
1012       51 
1013       58 
1014       62 
1015       62 
1016       62 
1017       62 
1018       59 
1019       49 
1020       49 
1021       58 
1022       58 
1023       58 
1024       58 
1025       56 
1026       56 
1027       56 
1028       56 
1029       56 
1030       56 
1031       53 
1032       53 
1033       58 
1034       53 
1035       58 
1036       63 
1037       66 
1038       72 
1039       72 
1040       70 
1041       67 
1042       67 
1043       63 
1044       63 
1045       63 
1046       64 
1047       68 
1048       68 
1049       64 
1050       65 
1051       62 
1052       62 
1053       62 
1054       64 
1055       64 
1056       67 
1057       67 
1058       67 
1059       67 
1060       67 
1061       69 
1062       69 
1063       70 
1064       69 
1065       63 
1066       63 
1067       70 
1068       66 
1069       66 
1070       66 
1071       66 
1072       66 
1073       68 
1074       71 
1075       72 
1076       71 
1077       71 
1078       71 
1079       70 
1297966655.406321
