0000       1 
0001       1 
0002       1 
0003       1 
0004       1 
0005       1 
0006       1 
0007       1 
0008       1 
0009       1 
0010       1 
0011       1 
0012       1 
0013       1 
0014       1 
0015       1 
0016       1 
0017       1 
0018       1 
0019       1 
0020       1 
0021       1 
0022       1 
0023       1 
0024       1 
0025       1 
0026       1 
0027       1 
0028       1 
0029       1 
0030       1 
0031       1 
0032       1 
0033       1 
0034       1 
0035       1 
0036       1 
0037       1 
0038       1 
0039       1 
0040       1 
0041       1 
0042       1 
0043       1 
0044       1 
0045       1 
0046       1 
0047       1 
0048       1 
0049       1 
0050       1 
0051       1 
0052       1 
0053       1 
0054       1 
0055       1 
0056       1 
0057       1 
0058       1 
0059       1 
0060       1 
0061       1 
0062       1 
0063       1 
0064       1 
0065       1 
0066       1 
0067       1 
0068       1 
0069       1 
0070       1 
0071       1 
0072       1 
0073       1 
0074       1 
0075       1 
0076       1 
0077       1 
0078       1 
0079       1 
0080       1 
0081       1 
0082       1 
0083       1 
0084       1 
0085       1 
0086       1 
0087       1 
0088       1 
0089       1 
0090       1 
0091       1 
0092       1 
0093       1 
0094       1 
0095       1 
0096       1 
0097       1 
0098       1 
0099       1 
0100       1 
0101       1 
0102       1 
0103       1 
0104       1 
0105       1 
0106       1 
0107       1 
0108       1 
0109       1 
0110       1 
0111       1 
0112       1 
0113       1 
0114       1 
0115       1 
0116       1 
0117       1 
0118       1 
0119       1 
0120       1 
0121       1 
0122       1 
0123       1 
0124       1 
0125       1 
0126       1 
0127       1 
0128       1 
0129       1 
0130       1 
0131       1 
0132       1 
0133       1 
0134       1 
0135       1 
0136       1 
0137       1 
0138       1 
0139       1 
0140       1 
0141       1 
0142       1 
0143       1 
0144       1 
0145       1 
0146       1 
0147       1 
0148       1 
0149       1 
0150       1 
0151       1 
0152       1 
0153       1 
0154       1 
0155       1 
0156       1 
0157       1 
0158       1 
0159       1 
0160       1 
0161       1 
0162       1 
0163       1 
0164       1 
0165       1 
0166       1 
0167       1 
0168       1 
0169       1 
0170       1 
0171       1 
0172       1 
0173       1 
0174       1 
0175       1 
0176       1 
0177       1 
0178       1 
0179       1 
0180       1 
0181       1 
0182       1 
0183       1 
0184       1 
0185       1 
0186       1 
0187       1 
0188       1 
0189       1 
0190       1 
0191       1 
0192       1 
0193       1 
0194       1 
0195       1 
0196       1 
0197       1 
0198       1 
0199       1 
0200       1 
0201       1 
0202       1 
0203       1 
0204       1 
0205       1 
0206       1 
0207       1 
0208       1 
0209       1 
0210       1 
0211       1 
0212       1 
0213       1 
0214       1 
0215       1 
0216       1 
0217       1 
0218       1 
0219       1 
0220       1 
0221       1 
0222       1 
0223       1 
0224       1 
0225       1 
0226       1 
0227       1 
0228       1 
0229       1 
0230       1 
0231       1 
0232       1 
0233       1 
0234       1 
0235       23331 
0236       23331 
0237       23494 
0238       23355 
0239       23518 
0240       23355 
0241       23518 
0242       23641 
0243       23641 
0244       1 
0245       1 
0246       1 
0247       1 
0248       1 
0249       1 
0250       1 
0251       1 
0252       1 
0253       1 
0254       1 
0255       1 
0256       1 
0257       1 
0258       1 
0259       1 
0260       1 
0261       1 
0262       1 
0263       1 
0264       1 
0265       1 
0266       1 
0267       1 
0268       1 
0269       1 
0270       1 
0271       1 
0272       1 
0273       1 
0274       1 
0275       1 
0276       1 
0277       1 
0278       1 
0279       1 
0280       1 
0281       1 
0282       1 
0283       1 
0284       1 
0285       1 
0286       1 
0287       1 
0288       1 
0289       1 
0290       1 
0291       1 
0292       1 
0293       1 
0294       1 
0295       1 
0296       1 
0297       1 
0298       1 
0299       1 
0300       1 
0301       1 
0302       1 
0303       13389 
0304       13451 
0305       13451 
0306       13632 
0307       13696 
0308       13632 
0309       13409 
0310       13360 
0311       13202 
0312       13180 
0313       13175 
0314       13175 
0315       13175 
0316       13172 
0317       13157 
0318       13107 
0319       13016 
0320       12945 
0321       12833 
0322       12798 
0323       2492 
0324       2485 
0325       2483 
0326       2475 
0327       2460 
0328       2451 
0329       2442 
0330       2435 
0331       2413 
0332       2410 
0333       2403 
0334       2396 
0335       2375 
0336       2372 
0337       2368 
0338       2367 
0339       2367 
0340       2367 
0341       2388 
0342       2396 
0343       2406 
0344       2414 
0345       2420 
0346       2429 
0347       2439 
0348       2448 
0349       2466 
0350       2467 
0351       2468 
0352       2478 
0353       2483 
0354       2508 
0355       2525 
0356       2531 
0357       2537 
0358       2539 
0359       2566 
0360       2572 
0361       2572 
0362       2572 
0363       2559 
0364       2540 
0365       2539 
0366       2530 
0367       2529 
0368       2514 
0369       2506 
0370       2499 
0371       2493 
0372       2481 
0373       2474 
0374       2468 
0375       2464 
0376       2464 
0377       2444 
0378       2439 
0379       2435 
0380       2418 
0381       2415 
0382       2406 
0383       2405 
0384       2388 
0385       2386 
0386       2379 
0387       2362 
0388       2346 
0389       2342 
0390       2330 
0391       2321 
0392       2313 
0393       2303 
0394       2292 
0395       2282 
0396       2276 
0397       2252 
0398       2251 
0399       2246 
0400       2240 
0401       2218 
0402       2214 
0403       2213 
0404       2205 
0405       2200 
0406       2181 
0407       2176 
0408       2176 
0409       2172 
0410       2168 
0411       2160 
0412       2156 
0413       2149 
0414       2140 
0415       2126 
0416       2125 
0417       2117 
0418       2104 
0419       2094 
0420       2094 
0421       2094 
0422       2094 
0423       2090 
0424       2080 
0425       2078 
0426       2078 
0427       2078 
0428       2068 
0429       2057 
0430       2056 
0431       2051 
0432       2046 
0433       2045 
0434       2035 
0435       2034 
0436       2031 
0437       2023 
0438       2017 
0439       2016 
0440       2016 
0441       2004 
0442       2004 
0443       2001 
0444       2001 
0445       1994 
0446       1989 
0447       1987 
0448       1984 
0449       1982 
0450       1975 
0451       1970 
0452       1967 
0453       1958 
0454       1952 
0455       1949 
0456       1935 
0457       1937 
0458       1937 
0459       1935 
0460       1935 
0461       1935 
0462       1932 
0463       1928 
0464       1928 
0465       1928 
0466       1918 
0467       1918 
0468       1918 
0469       1908 
0470       1907 
0471       1907 
0472       1903 
0473       1907 
0474       1908 
0475       1908 
0476       1903 
0477       1903 
0478       1896 
0479       1889 
0480       1890 
0481       1890 
0482       1890 
0483       1890 
0484       1890 
0485       1887 
0486       1882 
0487       1879 
0488       1879 
0489       1872 
0490       1872 
0491       1872 
0492       1872 
0493       1862 
0494       1862 
0495       1861 
0496       1861 
0497       1853 
0498       1853 
0499       1847 
0500       1852 
0501       1852 
0502       1847 
0503       1847 
0504       1844 
0505       1840 
0506       1836 
0507       1832 
0508       1829 
0509       1828 
0510       1824 
0511       1824 
0512       1824 
0513       1824 
0514       1826 
0515       1826 
0516       1826 
0517       1820 
0518       1814 
0519       1812 
0520       1809 
0521       1809 
0522       1806 
0523       1803 
0524       1794 
0525       1787 
0526       1786 
0527       1786 
0528       1787 
0529       1798 
0530       1799 
0531       1799 
0532       1799 
0533       1781 
0534       1609 
0535       1524 
0536       1498 
0537       1498 
0538       1486 
0539       1478 
0540       1462 
0541       1462 
0542       1462 
0543       1462 
0544       1461 
0545       1461 
0546       1461 
0547       1460 
0548       1458 
0549       1456 
0550       1452 
0551       1452 
0552       1447 
0553       1446 
0554       1446 
0555       1446 
0556       1446 
0557       1448 
0558       1450 
0559       1450 
0560       1450 
0561       1448 
0562       1450 
0563       1438 
0564       1438 
0565       1447 
0566       1449 
0567       1449 
0568       1450 
0569       1458 
0570       1478 
0571       1549 
0572       1818 
0573       1954 
0574       1963 
0575       1975 
0576       1978 
0577       1985 
0578       1985 
0579       1986 
0580       1986 
0581       1984 
0582       1984 
0583       1989 
0584       1996 
0585       2014 
0586       2060 
0587       8852 
0588       8852 
0589       8852 
0590       8869 
0591       8875 
0592       8899 
0593       8901 
0594       8915 
0595       8920 
0596       8924 
0597       8952 
0598       8962 
0599       8972 
0600       8974 
0601       8990 
0602       8993 
0603       9008 
0604       9017 
0605       9018 
0606       9017 
0607       2233 
0608       2209 
0609       2200 
0610       2178 
0611       2167 
0612       2164 
0613       2144 
0614       2134 
0615       2126 
0616       2125 
0617       2118 
0618       2111 
0619       2102 
0620       2098 
0621       2092 
0622       2077 
0623       2015 
0624       1896 
0625       1707 
0626       1680 
0627       1677 
0628       1675 
0629       1670 
0630       1658 
0631       1649 
0632       1648 
0633       1639 
0634       1636 
0635       1634 
0636       1633 
0637       1622 
0638       1622 
0639       1620 
0640       1615 
0641       1615 
0642       1615 
0643       1608 
0644       1609 
0645       1609 
0646       1608 
0647       1608 
0648       1609 
0649       1621 
0650       1622 
0651       1623 
0652       1625 
0653       1631 
0654       1635 
0655       1638 
0656       1641 
0657       1662 
0658       1662 
0659       1663 
0660       1667 
0661       1669 
0662       1674 
0663       1689 
0664       1692 
0665       1709 
0666       1753 
0667       10203 
0668       10210 
0669       10223 
0670       10243 
0671       10294 
0672       10307 
0673       10336 
0674       10352 
0675       10400 
0676       10424 
0677       10437 
0678       10476 
0679       10478 
0680       10497 
0681       10531 
0682       10561 
0683       10572 
0684       10621 
0685       10677 
0686       10691 
0687       10709 
0688       10745 
0689       10807 
0690       10839 
0691       10880 
0692       10915 
0693       10941 
0694       10944 
0695       10989 
0696       11014 
0697       11074 
0698       11106 
0699       11129 
0700       11180 
0701       11209 
0702       11268 
0703       11274 
0704       11297 
0705       11332 
0706       11395 
0707       11479 
0708       11480 
0709       11507 
0710       11564 
0711       11616 
0712       11666 
0713       11700 
0714       11749 
0715       11807 
0716       11847 
0717       11882 
0718       11917 
0719       12008 
0720       12036 
0721       12071 
0722       12155 
0723       12155 
0724       12155 
0725       12137 
0726       12202 
0727       12137 
0728       12202 
0729       12510 
0730       12631 
0731       12631 
0732       12676 
0733       12794 
0734       12794 
0735       12689 
0736       12843 
0737       12917 
0738       12949 
0739       12949 
0740       12949 
0741       13061 
0742       13156 
0743       13230 
0744       13230 
0745       1 
0746       1 
0747       1 
0748       1 
0749       1 
0750       1 
0751       1 
0752       1 
0753       1 
0754       1 
0755       1 
0756       1 
0757       1 
0758       1 
0759       1 
0760       1 
0761       1 
0762       1 
0763       1 
0764       1 
0765       1 
0766       1 
0767       1 
0768       1 
0769       1 
0770       1 
0771       1 
0772       1 
0773       1 
0774       1 
0775       1 
0776       1 
0777       1 
0778       1 
0779       1 
0780       1 
0781       1 
0782       1 
0783       1 
0784       1 
0785       1 
0786       1 
0787       1 
0788       1 
0789       1 
0790       1 
0791       1 
0792       1 
0793       1 
0794       1 
0795       1 
0796       1 
0797       1 
0798       1 
0799       1 
0800       1 
0801       1 
0802       1 
0803       1 
0804       1 
0805       1 
0806       1 
0807       1 
0808       1 
0809       1 
0810       1 
0811       1 
0812       1 
0813       1 
0814       1 
0815       1 
0816       1 
0817       1 
0818       1 
0819       1 
0820       1 
0821       1 
0822       1 
0823       1 
0824       1 
0825       1 
0826       1 
0827       1 
0828       1 
0829       1 
0830       1 
0831       1 
0832       1 
0833       1 
0834       1 
0835       1 
0836       1 
0837       1 
0838       1 
0839       1 
0840       1 
0841       1 
0842       1 
0843       1 
0844       1 
0845       1 
0846       1 
0847       1 
0848       1 
0849       1 
0850       1 
0851       25460 
0852       25460 
0853       25434 
0854       25252 
0855       25214 
0856       25214 
0857       25137 
0858       25351 
0859       25309 
0860       25311 
0861       25309 
0862       25257 
0863       25228 
0864       25231 
0865       25228 
0866       25197 
0867       25193 
0868       25173 
0869       25182 
0870       25146 
0871       25119 
0872       25105 
0873       25073 
0874       25075 
0875       25075 
0876       25046 
0877       25028 
0878       25028 
0879       25017 
0880       24993 
0881       25017 
0882       24987 
0883       24968 
0884       24968 
0885       24968 
0886       24973 
0887       24964 
0888       24955 
0889       24934 
0890       24934 
0891       24931 
0892       24918 
0893       24890 
0894       24884 
0895       24852 
0896       24814 
0897       1 
0898       1 
0899       1 
0900       1 
0901       1 
0902       1 
0903       1 
0904       1 
0905       1 
0906       1 
0907       1 
0908       1 
0909       1 
0910       24508 
0911       24862 
0912       24920 
0913       24920 
0914       24935 
0915       24935 
0916       24954 
0917       24964 
0918       24964 
0919       1 
0920       1 
0921       1 
0922       1 
0923       1 
0924       1 
0925       1 
0926       1 
0927       1 
0928       1 
0929       1 
0930       1 
0931       1 
0932       1 
0933       1 
0934       1 
0935       1 
0936       1 
0937       1 
0938       1 
0939       1 
0940       1 
0941       1 
0942       1 
0943       1 
0944       1 
0945       1 
0946       1 
0947       1 
0948       1 
0949       1 
0950       1 
0951       1 
0952       1 
0953       1 
0954       1 
0955       1 
0956       1 
0957       1 
0958       1 
0959       1 
0960       1 
0961       1 
0962       1 
0963       1 
0964       1 
0965       1 
0966       1 
0967       1 
0968       1 
0969       1 
0970       1 
0971       1 
0972       1 
0973       1 
0974       1 
0975       1 
0976       1 
0977       1 
0978       1 
0979       1 
0980       1 
0981       1 
0982       1 
0983       1 
0984       1 
0985       1 
0986       1 
0987       1 
0988       1 
0989       1 
0990       1 
0991       1 
0992       1 
0993       1 
0994       1 
0995       1 
0996       1 
0997       1 
0998       1 
0999       1 
1000       1 
1001       1 
1002       1 
1003       1 
1004       1 
1005       1 
1006       1 
1007       1 
1008       4 
1009       4 
1010       4 
1011       42 
1012       4 
1013       59 
1014       59 
1015       4 
1016       4 
1017       4 
1018       4 
1019       4 
1020       4 
1021       4 
1022       44 
1023       44 
1024       45 
1025       49 
1026       49 
1027       49 
1028       58 
1029       58 
1030       58 
1031       54 
1032       52 
1033       52 
1034       54 
1035       60 
1036       70 
1037       74 
1038       74 
1039       74 
1040       74 
1041       76 
1042       73 
1043       73 
1044       70 
1045       70 
1046       68 
1047       65 
1048       65 
1049       64 
1050       64 
1051       64 
1052       65 
1053       65 
1054       72 
1055       65 
1056       72 
1057       73 
1058       72 
1059       61 
1060       64 
1061       64 
1062       64 
1063       65 
1064       65 
1065       66 
1066       66 
1067       66 
1068       62 
1069       62 
1070       60 
1071       60 
1072       60 
1073       66 
1074       67 
1075       67 
1076       67 
1077       66 
1078       67 
1079       66 
1297966683.561040
