0000       1 
0001       1 
0002       1 
0003       1 
0004       1 
0005       1 
0006       1 
0007       1 
0008       1 
0009       1 
0010       1 
0011       1 
0012       1 
0013       1 
0014       1 
0015       1 
0016       1 
0017       1 
0018       1 
0019       1 
0020       1 
0021       1 
0022       1 
0023       1 
0024       1 
0025       1 
0026       1 
0027       1 
0028       1 
0029       1 
0030       1 
0031       1 
0032       1 
0033       1 
0034       1 
0035       1 
0036       1 
0037       1 
0038       1 
0039       1 
0040       1 
0041       1 
0042       1 
0043       1 
0044       1 
0045       1 
0046       1 
0047       1 
0048       1 
0049       1 
0050       1 
0051       1 
0052       1 
0053       1 
0054       1 
0055       1 
0056       1 
0057       1 
0058       1 
0059       1 
0060       1 
0061       1 
0062       1 
0063       1 
0064       1 
0065       1 
0066       1 
0067       1 
0068       1 
0069       1 
0070       1 
0071       1 
0072       1 
0073       1 
0074       1 
0075       1 
0076       1 
0077       1 
0078       1 
0079       1 
0080       1 
0081       1 
0082       1 
0083       1 
0084       1 
0085       1 
0086       1 
0087       1 
0088       1 
0089       1 
0090       1 
0091       1 
0092       1 
0093       1 
0094       1 
0095       1 
0096       1 
0097       1 
0098       1 
0099       1 
0100       1 
0101       1 
0102       1 
0103       1 
0104       1 
0105       1 
0106       1 
0107       1 
0108       1 
0109       1 
0110       1 
0111       1 
0112       1 
0113       1 
0114       1 
0115       1 
0116       1 
0117       1 
0118       1 
0119       1 
0120       1 
0121       1 
0122       1 
0123       1 
0124       1 
0125       1 
0126       1 
0127       1 
0128       1 
0129       1 
0130       1 
0131       1 
0132       1 
0133       1 
0134       1 
0135       1 
0136       1 
0137       1 
0138       1 
0139       1 
0140       1 
0141       1 
0142       1 
0143       1 
0144       1 
0145       1 
0146       1 
0147       1 
0148       1 
0149       1 
0150       1 
0151       1 
0152       1 
0153       1 
0154       1 
0155       1 
0156       1 
0157       1 
0158       1 
0159       1 
0160       1 
0161       1 
0162       1 
0163       1 
0164       1 
0165       1 
0166       1 
0167       1 
0168       1 
0169       1 
0170       1 
0171       1 
0172       1 
0173       1 
0174       1 
0175       1 
0176       1 
0177       1 
0178       1 
0179       1 
0180       1 
0181       1 
0182       1 
0183       1 
0184       1 
0185       1 
0186       1 
0187       1 
0188       1 
0189       1 
0190       1 
0191       1 
0192       1 
0193       1 
0194       1 
0195       1 
0196       1 
0197       1 
0198       1 
0199       1 
0200       1 
0201       1 
0202       1 
0203       1 
0204       1 
0205       1 
0206       1 
0207       1 
0208       1 
0209       1 
0210       1 
0211       1 
0212       1 
0213       1 
0214       1 
0215       1 
0216       1 
0217       1 
0218       1 
0219       1 
0220       1 
0221       1 
0222       1 
0223       1 
0224       1 
0225       1 
0226       1 
0227       1 
0228       1 
0229       1 
0230       1 
0231       1 
0232       1 
0233       1 
0234       1 
0235       1 
0236       1 
0237       1 
0238       1 
0239       1 
0240       1 
0241       1 
0242       1 
0243       1 
0244       1 
0245       1 
0246       1 
0247       1 
0248       1 
0249       1 
0250       1 
0251       1 
0252       1 
0253       1 
0254       1 
0255       1 
0256       1 
0257       1 
0258       1 
0259       1 
0260       1 
0261       1 
0262       1 
0263       1 
0264       1 
0265       1 
0266       1 
0267       1 
0268       1 
0269       1 
0270       1 
0271       1 
0272       1 
0273       1 
0274       1 
0275       1 
0276       1 
0277       1 
0278       1 
0279       1 
0280       1 
0281       1 
0282       1 
0283       1 
0284       1 
0285       1 
0286       1 
0287       1 
0288       1 
0289       1 
0290       1 
0291       1 
0292       1 
0293       1 
0294       1 
0295       1 
0296       1 
0297       1 
0298       1 
0299       1 
0300       1 
0301       1 
0302       1 
0303       1 
0304       1 
0305       1 
0306       1 
0307       1 
0308       1 
0309       1 
0310       1 
0311       1 
0312       1 
0313       1 
0314       1 
0315       1 
0316       17852 
0317       17852 
0318       17852 
0319       17772 
0320       17640 
0321       17494 
0322       17374 
0323       17097 
0324       17037 
0325       16987 
0326       16882 
0327       16720 
0328       16585 
0329       16463 
0330       16362 
0331       16240 
0332       16105 
0333       16036 
0334       15930 
0335       15808 
0336       15691 
0337       15570 
0338       15490 
0339       15360 
0340       15305 
0341       15205 
0342       15108 
0343       14974 
0344       14927 
0345       14803 
0346       14705 
0347       14632 
0348       14548 
0349       14449 
0350       14398 
0351       14289 
0352       14202 
0353       14129 
0354       14012 
0355       13926 
0356       13915 
0357       13767 
0358       13751 
0359       13652 
0360       13591 
0361       13504 
0362       13436 
0363       13366 
0364       13283 
0365       13237 
0366       13143 
0367       13085 
0368       13013 
0369       12929 
0370       12899 
0371       12831 
0372       12768 
0373       12698 
0374       12608 
0375       12517 
0376       12461 
0377       12374 
0378       12327 
0379       12286 
0380       12252 
0381       12215 
0382       12171 
0383       12131 
0384       12087 
0385       12042 
0386       11996 
0387       11936 
0388       11891 
0389       11828 
0390       11798 
0391       11745 
0392       11710 
0393       11679 
0394       11585 
0395       11563 
0396       11518 
0397       11477 
0398       11426 
0399       11386 
0400       11352 
0401       11283 
0402       11224 
0403       11196 
0404       11194 
0405       11141 
0406       11102 
0407       11033 
0408       11033 
0409       10984 
0410       10933 
0411       10900 
0412       10837 
0413       10811 
0414       10751 
0415       10745 
0416       10714 
0417       10684 
0418       10630 
0419       10612 
0420       10579 
0421       10569 
0422       10512 
0423       10506 
0424       10463 
0425       10421 
0426       10375 
0427       10366 
0428       10334 
0429       10293 
0430       10274 
0431       10255 
0432       10229 
0433       10190 
0434       10161 
0435       10155 
0436       10096 
0437       10066 
0438       10065 
0439       10035 
0440       10004 
0441       9975 
0442       9942 
0443       9913 
0444       9908 
0445       9872 
0446       9828 
0447       9812 
0448       9789 
0449       9767 
0450       9735 
0451       9710 
0452       9680 
0453       9656 
0454       9632 
0455       9626 
0456       9594 
0457       9560 
0458       9545 
0459       9535 
0460       9526 
0461       9513 
0462       9440 
0463       9440 
0464       9426 
0465       9413 
0466       9393 
0467       9379 
0468       9375 
0469       9346 
0470       9325 
0471       9319 
0472       9319 
0473       9288 
0474       9274 
0475       9250 
0476       9210 
0477       9210 
0478       9210 
0479       9170 
0480       9156 
0481       9148 
0482       9133 
0483       9121 
0484       9091 
0485       9090 
0486       9075 
0487       9049 
0488       9042 
0489       9038 
0490       9019 
0491       9018 
0492       9005 
0493       8975 
0494       8963 
0495       8963 
0496       8963 
0497       8932 
0498       8923 
0499       8919 
0500       8904 
0501       8888 
0502       8875 
0503       8871 
0504       8864 
0505       8864 
0506       8862 
0507       8824 
0508       8824 
0509       8824 
0510       8818 
0511       8784 
0512       8784 
0513       8782 
0514       8771 
0515       8767 
0516       8756 
0517       8739 
0518       8724 
0519       8715 
0520       8715 
0521       8713 
0522       8706 
0523       8700 
0524       8700 
0525       8687 
0526       8674 
0527       8667 
0528       8667 
0529       8653 
0530       8643 
0531       8638 
0532       8638 
0533       8655 
0534       8655 
0535       8646 
0536       8641 
0537       8634 
0538       8625 
0539       8625 
0540       8629 
0541       8646 
0542       8646 
0543       8607 
0544       8607 
0545       8604 
0546       8614 
0547       8604 
0548       8623 
0549       8605 
0550       8605 
0551       8597 
0552       8593 
0553       8593 
0554       8593 
0555       8593 
0556       8592 
0557       8593 
0558       8603 
0559       8603 
0560       8602 
0561       8602 
0562       8613 
0563       8613 
0564       8625 
0565       8607 
0566       8607 
0567       8607 
0568       8602 
0569       8599 
0570       8599 
0571       8598 
0572       8595 
0573       8594 
0574       8594 
0575       8595 
0576       8597 
0577       8608 
0578       8612 
0579       8619 
0580       8624 
0581       8628 
0582       8628 
0583       8623 
0584       8623 
0585       8644 
0586       8644 
0587       8644 
0588       8648 
0589       8665 
0590       8669 
0591       8674 
0592       8673 
0593       8673 
0594       8673 
0595       8680 
0596       8691 
0597       8711 
0598       8717 
0599       8736 
0600       8742 
0601       8743 
0602       8744 
0603       8748 
0604       8766 
0605       8773 
0606       8785 
0607       8785 
0608       8785 
0609       8782 
0610       8782 
0611       8806 
0612       8823 
0613       8824 
0614       8828 
0615       8849 
0616       8858 
0617       8858 
0618       8853 
0619       8853 
0620       8866 
0621       8877 
0622       8904 
0623       8905 
0624       8932 
0625       8942 
0626       8957 
0627       8967 
0628       8993 
0629       9009 
0630       9023 
0631       9026 
0632       9026 
0633       9049 
0634       9050 
0635       9056 
0636       9065 
0637       9082 
0638       9091 
0639       9117 
0640       9138 
0641       9145 
0642       9145 
0643       9154 
0644       9160 
0645       9175 
0646       9200 
0647       9219 
0648       9221 
0649       9246 
0650       9267 
0651       9294 
0652       9302 
0653       9329 
0654       9350 
0655       9363 
0656       9364 
0657       9365 
0658       9402 
0659       9433 
0660       9438 
0661       9459 
0662       9468 
0663       9497 
0664       9508 
0665       9525 
0666       9553 
0667       9564 
0668       9589 
0669       9610 
0670       9613 
0671       9657 
0672       9670 
0673       9699 
0674       9725 
0675       9744 
0676       9770 
0677       9801 
0678       9801 
0679       9808 
0680       9858 
0681       9909 
0682       9922 
0683       9945 
0684       9974 
0685       9999 
0686       10021 
0687       10032 
0688       10078 
0689       10110 
0690       10132 
0691       10161 
0692       10196 
0693       10205 
0694       10254 
0695       10281 
0696       10321 
0697       10338 
0698       10347 
0699       10392 
0700       10439 
0701       10468 
0702       10490 
0703       10520 
0704       10564 
0705       10590 
0706       10633 
0707       10657 
0708       10694 
0709       10743 
0710       10769 
0711       10790 
0712       10833 
0713       10837 
0714       10837 
0715       10837 
0716       10840 
0717       10858 
0718       10863 
0719       10867 
0720       10913 
0721       10945 
0722       10985 
0723       11029 
0724       11053 
0725       11096 
0726       11128 
0727       11181 
0728       11193 
0729       11222 
0730       11284 
0731       11355 
0732       11369 
0733       11369 
0734       8372 
0735       8372 
0736       8384 
0737       8409 
0738       8463 
0739       8493 
0740       8537 
0741       8559 
0742       8604 
0743       8647 
0744       8679 
0745       8683 
0746       8684 
0747       8694 
0748       8697 
0749       8733 
0750       8760 
0751       8773 
0752       8821 
0753       8825 
0754       8855 
0755       8911 
0756       8964 
0757       8964 
0758       1 
0759       1 
0760       1 
0761       1 
0762       1 
0763       6085 
0764       6100 
0765       6085 
0766       6067 
0767       6036 
0768       5993 
0769       5959 
0770       5917 
0771       5853 
0772       5836 
0773       5799 
0774       5751 
0775       5690 
0776       5682 
0777       5612 
0778       5593 
0779       5531 
0780       5484 
0781       5441 
0782       5387 
0783       5380 
0784       5313 
0785       5295 
0786       5273 
0787       5273 
0788       5279 
0789       5280 
0790       5295 
0791       5337 
0792       5379 
0793       5429 
0794       5467 
0795       5502 
0796       5539 
0797       5580 
0798       5645 
0799       5705 
0800       5761 
0801       5767 
0802       5806 
0803       5878 
0804       5918 
0805       6014 
0806       6121 
0807       6229 
0808       6307 
0809       6371 
0810       6452 
0811       6487 
0812       6551 
0813       6603 
0814       6652 
0815       6706 
0816       6777 
0817       6861 
0818       6955 
0819       6998 
0820       7096 
0821       7149 
0822       7228 
0823       7282 
0824       7343 
0825       7420 
0826       7487 
0827       7525 
0828       7586 
0829       7662 
0830       7765 
0831       7825 
0832       7862 
0833       7881 
0834       7885 
0835       7978 
0836       8106 
0837       8201 
0838       8499 
0839       8642 
0840       8766 
0841       8842 
0842       8842 
0843       8663 
0844       8585 
0845       8585 
0846       8572 
0847       8595 
0848       8584 
0849       8624 
0850       10013 
0851       10117 
0852       10183 
0853       10339 
0854       10458 
0855       10608 
0856       10816 
0857       10986 
0858       11120 
0859       11287 
0860       11486 
0861       11702 
0862       11867 
0863       12086 
0864       12285 
0865       12544 
0866       12798 
0867       13024 
0868       13024 
0869       1 
0870       1 
0871       1 
0872       1 
0873       1 
0874       1 
0875       15076 
0876       15076 
0877       15076 
0878       15076 
0879       22598 
0880       22598 
0881       22556 
0882       22556 
0883       22552 
0884       22533 
0885       22508 
0886       22508 
0887       22508 
0888       22505 
0889       22452 
0890       22406 
0891       22406 
0892       22452 
0893       22729 
0894       22729 
0895       1 
0896       1 
0897       1 
0898       1 
0899       1 
0900       1 
0901       22672 
0902       22690 
0903       22683 
0904       22683 
0905       22683 
0906       22681 
0907       22679 
0908       22637 
0909       22344 
0910       22344 
0911       22349 
0912       22355 
0913       22369 
0914       22375 
0915       22375 
0916       22357 
0917       22336 
0918       22337 
0919       22337 
0920       22360 
0921       22363 
0922       22360 
0923       1 
0924       1 
0925       1 
0926       26376 
0927       26376 
0928       26168 
0929       1 
0930       1 
0931       1 
0932       1 
0933       1 
0934       1 
0935       1 
0936       1 
0937       1 
0938       1 
0939       1 
0940       26266 
0941       26294 
0942       26294 
0943       1 
0944       1 
0945       1 
0946       1 
0947       1 
0948       1 
0949       1 
0950       1 
0951       1 
0952       1 
0953       1 
0954       1 
0955       1 
0956       1 
0957       1 
0958       1 
0959       1 
0960       1 
0961       1 
0962       1 
0963       1 
0964       1 
0965       1 
0966       1 
0967       1 
0968       1 
0969       1 
0970       1 
0971       1 
0972       1 
0973       1 
0974       1 
0975       1 
0976       1 
0977       1 
0978       1 
0979       1 
0980       1 
0981       1 
0982       1 
0983       1 
0984       1 
0985       1 
0986       1 
0987       1 
0988       1 
0989       1 
0990       1 
0991       1 
0992       1 
0993       1 
0994       1 
0995       1 
0996       1 
0997       1 
0998       1 
0999       1 
1000       1 
1001       1 
1002       1 
1003       1 
1004       1 
1005       1 
1006       4 
1007       4 
1008       4 
1009       4 
1010       47 
1011       59 
1012       54 
1013       59 
1014       59 
1015       54 
1016       54 
1017       53 
1018       52 
1019       52 
1020       53 
1021       53 
1022       51 
1023       57 
1024       58 
1025       58 
1026       63 
1027       63 
1028       63 
1029       63 
1030       55 
1031       55 
1032       55 
1033       55 
1034       65 
1035       65 
1036       66 
1037       70 
1038       70 
1039       70 
1040       70 
1041       67 
1042       66 
1043       64 
1044       64 
1045       64 
1046       64 
1047       64 
1048       60 
1049       60 
1050       60 
1051       64 
1052       65 
1053       65 
1054       65 
1055       64 
1056       61 
1057       61 
1058       64 
1059       65 
1060       68 
1061       68 
1062       68 
1063       66 
1064       66 
1065       66 
1066       66 
1067       66 
1068       66 
1069       65 
1070       64 
1071       63 
1072       61 
1073       61 
1074       63 
1075       61 
1076       61 
1077       60 
1078       60 
1079       59 
1297966622.991240
