0000       1 
0001       1 
0002       1 
0003       1 
0004       1 
0005       1 
0006       1 
0007       1 
0008       1 
0009       1 
0010       1 
0011       1 
0012       1 
0013       1 
0014       1 
0015       1 
0016       1 
0017       1 
0018       1 
0019       1 
0020       1 
0021       1 
0022       1 
0023       1 
0024       1 
0025       1 
0026       1 
0027       1 
0028       1 
0029       1 
0030       1 
0031       1 
0032       1 
0033       1 
0034       1 
0035       1 
0036       1 
0037       1 
0038       1 
0039       1 
0040       1 
0041       1 
0042       1 
0043       1 
0044       1 
0045       1 
0046       1 
0047       1 
0048       1 
0049       1 
0050       1 
0051       1 
0052       1 
0053       1 
0054       1 
0055       1 
0056       1 
0057       1 
0058       1 
0059       1 
0060       1 
0061       1 
0062       1 
0063       1 
0064       1 
0065       1 
0066       1 
0067       1 
0068       1 
0069       1 
0070       1 
0071       1 
0072       1 
0073       1 
0074       1 
0075       1 
0076       1 
0077       1 
0078       1 
0079       1 
0080       1 
0081       1 
0082       1 
0083       1 
0084       1 
0085       1 
0086       1 
0087       1 
0088       1 
0089       1 
0090       1 
0091       1 
0092       1 
0093       1 
0094       1 
0095       1 
0096       1 
0097       1 
0098       1 
0099       1 
0100       1 
0101       1 
0102       1 
0103       1 
0104       1 
0105       1 
0106       1 
0107       1 
0108       1 
0109       1 
0110       1 
0111       1 
0112       1 
0113       1 
0114       1 
0115       1 
0116       1 
0117       1 
0118       1 
0119       1 
0120       1 
0121       1 
0122       1 
0123       1 
0124       1 
0125       1 
0126       1 
0127       1 
0128       1 
0129       1 
0130       1 
0131       1 
0132       1 
0133       1 
0134       1 
0135       1 
0136       1 
0137       1 
0138       1 
0139       1 
0140       1 
0141       1 
0142       1 
0143       1 
0144       1 
0145       1 
0146       1 
0147       1 
0148       1 
0149       1 
0150       1 
0151       1 
0152       1 
0153       1 
0154       1 
0155       1 
0156       1 
0157       1 
0158       1 
0159       1 
0160       1 
0161       1 
0162       1 
0163       1 
0164       1 
0165       1 
0166       1 
0167       1 
0168       1 
0169       1 
0170       1 
0171       1 
0172       1 
0173       1 
0174       1 
0175       1 
0176       1 
0177       1 
0178       1 
0179       1 
0180       1 
0181       1 
0182       1 
0183       1 
0184       1 
0185       1 
0186       1 
0187       1 
0188       1 
0189       1 
0190       1 
0191       1 
0192       1 
0193       1 
0194       1 
0195       1 
0196       1 
0197       1 
0198       1 
0199       1 
0200       1 
0201       1 
0202       1 
0203       1 
0204       1 
0205       1 
0206       1 
0207       1 
0208       1 
0209       1 
0210       1 
0211       1 
0212       1 
0213       1 
0214       1 
0215       1 
0216       1 
0217       1 
0218       1 
0219       1 
0220       1 
0221       1 
0222       1 
0223       1 
0224       1 
0225       1 
0226       1 
0227       1 
0228       1 
0229       1 
0230       1 
0231       1 
0232       1 
0233       1 
0234       1 
0235       1 
0236       1 
0237       1 
0238       1 
0239       19450 
0240       19450 
0241       1 
0242       1 
0243       1 
0244       1 
0245       1 
0246       1 
0247       1 
0248       1 
0249       1 
0250       1 
0251       1 
0252       1 
0253       1 
0254       1 
0255       1 
0256       1 
0257       1 
0258       1 
0259       1 
0260       1 
0261       1 
0262       1 
0263       1 
0264       1 
0265       1 
0266       1 
0267       1 
0268       1 
0269       1 
0270       13932 
0271       13932 
0272       13530 
0273       13437 
0274       13437 
0275       13403 
0276       1 
0277       1 
0278       1 
0279       12692 
0280       12735 
0281       12735 
0282       12365 
0283       12312 
0284       12312 
0285       12312 
0286       12206 
0287       12121 
0288       12039 
0289       11910 
0290       11836 
0291       11735 
0292       11702 
0293       11597 
0294       11465 
0295       11396 
0296       11296 
0297       11224 
0298       11178 
0299       11061 
0300       10986 
0301       10910 
0302       10854 
0303       10744 
0304       10714 
0305       10632 
0306       10571 
0307       10503 
0308       10448 
0309       10394 
0310       10293 
0311       10259 
0312       10210 
0313       10115 
0314       10081 
0315       10007 
0316       9951 
0317       9867 
0318       9840 
0319       9780 
0320       9745 
0321       9664 
0322       9584 
0323       9543 
0324       9471 
0325       9429 
0326       9398 
0327       9337 
0328       9260 
0329       9251 
0330       9184 
0331       9146 
0332       9113 
0333       9039 
0334       9016 
0335       8937 
0336       8932 
0337       8881 
0338       8850 
0339       8828 
0340       8752 
0341       8719 
0342       8672 
0343       8663 
0344       8597 
0345       8530 
0346       8497 
0347       8481 
0348       8452 
0349       8395 
0350       8360 
0351       8358 
0352       8292 
0353       8271 
0354       8231 
0355       8177 
0356       8161 
0357       8119 
0358       8079 
0359       8041 
0360       8002 
0361       7989 
0362       7935 
0363       7914 
0364       7898 
0365       7860 
0366       7825 
0367       7768 
0368       7761 
0369       7742 
0370       7705 
0371       7661 
0372       7631 
0373       7623 
0374       7593 
0375       7560 
0376       7551 
0377       7523 
0378       7488 
0379       7458 
0380       7430 
0381       7426 
0382       7399 
0383       7379 
0384       7346 
0385       7327 
0386       7309 
0387       7260 
0388       7258 
0389       7227 
0390       7208 
0391       7182 
0392       7160 
0393       7132 
0394       7114 
0395       7107 
0396       7076 
0397       7048 
0398       7027 
0399       7006 
0400       6989 
0401       6976 
0402       6953 
0403       6953 
0404       6932 
0405       6894 
0406       6860 
0407       6859 
0408       6835 
0409       6835 
0410       6794 
0411       6793 
0412       6791 
0413       6771 
0414       6745 
0415       6742 
0416       6725 
0417       6706 
0418       6701 
0419       6678 
0420       6659 
0421       6624 
0422       6623 
0423       6623 
0424       6584 
0425       6581 
0426       6573 
0427       6548 
0428       6533 
0429       6526 
0430       6494 
0431       6489 
0432       6485 
0433       6465 
0434       6459 
0435       6456 
0436       6423 
0437       6422 
0438       6399 
0439       6394 
0440       6388 
0441       6362 
0442       6359 
0443       6348 
0444       6333 
0445       6319 
0446       6318 
0447       6309 
0448       6305 
0449       6291 
0450       6287 
0451       6276 
0452       6267 
0453       6247 
0454       6234 
0455       6233 
0456       6225 
0457       6223 
0458       6193 
0459       6185 
0460       6183 
0461       6171 
0462       6155 
0463       6154 
0464       6146 
0465       6146 
0466       6146 
0467       6124 
0468       6120 
0469       6119 
0470       6118 
0471       6098 
0472       6097 
0473       6088 
0474       6084 
0475       6081 
0476       6076 
0477       6063 
0478       6052 
0479       6050 
0480       6047 
0481       6034 
0482       6028 
0483       6028 
0484       6028 
0485       6022 
0486       5982 
0487       5982 
0488       5976 
0489       5961 
0490       5872 
0491       5806 
0492       5765 
0493       5753 
0494       5740 
0495       5730 
0496       5729 
0497       5729 
0498       5749 
0499       5863 
0500       6081 
0501       6299 
0502       6536 
0503       6753 
0504       7011 
0505       7319 
0506       7643 
0507       7931 
0508       8215 
0509       8476 
0510       8552 
0511       8557 
0512       8557 
0513       8557 
0514       8554 
0515       8554 
0516       8551 
0517       8545 
0518       8545 
0519       8545 
0520       8532 
0521       8532 
0522       8532 
0523       8529 
0524       8525 
0525       8529 
0526       8532 
0527       8532 
0528       8533 
0529       8533 
0530       8543 
0531       8545 
0532       8545 
0533       8542 
0534       8531 
0535       8531 
0536       8539 
0537       8545 
0538       8546 
0539       8558 
0540       8567 
0541       8640 
0542       8706 
0543       8708 
0544       8713 
0545       8723 
0546       8726 
0547       8726 
0548       8714 
0549       8709 
0550       8709 
0551       8728 
0552       8731 
0553       8745 
0554       8751 
0555       8756 
0556       8757 
0557       8766 
0558       8770 
0559       8772 
0560       8772 
0561       8788 
0562       8790 
0563       8790 
0564       8790 
0565       8809 
0566       8822 
0567       8822 
0568       8822 
0569       8830 
0570       8839 
0571       8845 
0572       8845 
0573       8860 
0574       8861 
0575       8874 
0576       8874 
0577       8874 
0578       8886 
0579       8897 
0580       8905 
0581       8914 
0582       8915 
0583       8928 
0584       8944 
0585       8948 
0586       8950 
0587       8969 
0588       8973 
0589       8973 
0590       8973 
0591       9005 
0592       9008 
0593       9035 
0594       9035 
0595       9035 
0596       9056 
0597       9073 
0598       9076 
0599       9104 
0600       9112 
0601       9115 
0602       9118 
0603       9147 
0604       9172 
0605       9172 
0606       9187 
0607       9192 
0608       9211 
0609       9225 
0610       9227 
0611       9256 
0612       9262 
0613       9271 
0614       9285 
0615       9301 
0616       9308 
0617       9334 
0618       9353 
0619       9361 
0620       9399 
0621       9411 
0622       9416 
0623       9433 
0624       9468 
0625       9468 
0626       9492 
0627       9511 
0628       9530 
0629       9545 
0630       9563 
0631       9581 
0632       9584 
0633       9620 
0634       9626 
0635       9651 
0636       9663 
0637       9706 
0638       9715 
0639       9738 
0640       9745 
0641       9789 
0642       9790 
0643       9799 
0644       9826 
0645       9841 
0646       9881 
0647       9912 
0648       9924 
0649       9953 
0650       9991 
0651       10005 
0652       10031 
0653       10044 
0654       10079 
0655       10105 
0656       10117 
0657       10145 
0658       10170 
0659       10206 
0660       10208 
0661       10239 
0662       10265 
0663       10306 
0664       10343 
0665       10391 
0666       10397 
0667       10429 
0668       10464 
0669       10474 
0670       10491 
0671       10548 
0672       10580 
0673       10633 
0674       10634 
0675       10669 
0676       10717 
0677       10777 
0678       10805 
0679       10823 
0680       10862 
0681       10879 
0682       10944 
0683       10990 
0684       11024 
0685       11057 
0686       11110 
0687       11146 
0688       11201 
0689       11229 
0690       11280 
0691       11318 
0692       11363 
0693       11409 
0694       11463 
0695       11502 
0696       11562 
0697       11612 
0698       11658 
0699       11710 
0700       11752 
0701       11756 
0702       11805 
0703       11900 
0704       11962 
0705       12005 
0706       12034 
0707       12090 
0708       12129 
0709       12220 
0710       12268 
0711       12335 
0712       12388 
0713       12429 
0714       12478 
0715       12535 
0716       12586 
0717       12653 
0718       12716 
0719       12783 
0720       12833 
0721       12893 
0722       12963 
0723       13013 
0724       13082 
0725       13144 
0726       13231 
0727       13277 
0728       13307 
0729       13357 
0730       13461 
0731       13558 
0732       13631 
0733       13684 
0734       13779 
0735       13852 
0736       13884 
0737       13976 
0738       14043 
0739       14129 
0740       14228 
0741       14300 
0742       14417 
0743       14478 
0744       14548 
0745       14614 
0746       14699 
0747       14774 
0748       14865 
0749       14915 
0750       15070 
0751       15162 
0752       15254 
0753       15329 
0754       15473 
0755       15512 
0756       15636 
0757       15761 
0758       15870 
0759       15966 
0760       16066 
0761       16208 
0762       16332 
0763       16396 
0764       16536 
0765       16677 
0766       16796 
0767       16923 
0768       17069 
0769       17183 
0770       17311 
0771       17448 
0772       17609 
0773       17701 
0774       17833 
0775       18000 
0776       18131 
0777       18271 
0778       18421 
0779       18595 
0780       18752 
0781       18927 
0782       19140 
0783       19278 
0784       19437 
0785       19547 
0786       19745 
0787       19956 
0788       20153 
0789       20315 
0790       20511 
0791       20709 
0792       20709 
0793       20825 
0794       21241 
0795       21488 
0796       21696 
0797       21916 
0798       21916 
0799       1 
0800       1 
0801       1 
0802       1 
0803       1 
0804       1 
0805       1 
0806       1 
0807       1 
0808       1 
0809       1 
0810       1 
0811       1 
0812       1 
0813       1 
0814       1 
0815       1 
0816       1 
0817       1 
0818       1 
0819       1 
0820       1 
0821       1 
0822       1 
0823       1 
0824       1 
0825       1 
0826       1 
0827       1 
0828       1 
0829       1 
0830       1 
0831       1 
0832       1 
0833       1 
0834       1 
0835       1 
0836       1 
0837       1 
0838       1 
0839       1 
0840       1 
0841       1 
0842       1 
0843       1 
0844       1 
0845       1 
0846       1 
0847       1 
0848       1 
0849       1 
0850       1 
0851       1 
0852       1 
0853       1 
0854       1 
0855       1 
0856       1 
0857       1 
0858       1 
0859       1 
0860       1 
0861       1 
0862       1 
0863       1 
0864       1 
0865       1 
0866       1 
0867       1 
0868       1 
0869       1 
0870       1 
0871       1 
0872       1 
0873       1 
0874       1 
0875       1 
0876       1 
0877       1 
0878       1 
0879       1 
0880       1 
0881       1 
0882       1 
0883       1 
0884       1 
0885       1 
0886       1 
0887       1 
0888       1 
0889       1 
0890       1 
0891       1 
0892       1 
0893       1 
0894       1 
0895       1 
0896       1 
0897       1 
0898       1 
0899       1 
0900       1 
0901       1 
0902       1 
0903       1 
0904       1 
0905       1 
0906       1 
0907       1 
0908       1 
0909       1 
0910       1 
0911       1 
0912       1 
0913       1 
0914       1 
0915       1 
0916       1 
0917       1 
0918       1 
0919       1 
0920       1 
0921       1 
0922       1 
0923       1 
0924       1 
0925       1 
0926       1 
0927       1 
0928       1 
0929       1 
0930       1 
0931       1 
0932       1 
0933       1 
0934       1 
0935       1 
0936       1 
0937       1 
0938       1 
0939       1 
0940       1 
0941       1 
0942       1 
0943       1 
0944       1 
0945       1 
0946       1 
0947       1 
0948       1 
0949       1 
0950       1 
0951       1 
0952       1 
0953       1 
0954       1 
0955       1 
0956       1 
0957       1 
0958       1 
0959       1 
0960       1 
0961       1 
0962       1 
0963       1 
0964       1 
0965       1 
0966       1 
0967       1 
0968       1 
0969       1 
0970       1 
0971       1 
0972       1 
0973       1 
0974       1 
0975       1 
0976       1 
0977       1 
0978       1 
0979       1 
0980       1 
0981       1 
0982       1 
0983       1 
0984       1 
0985       1 
0986       1 
0987       1 
0988       1 
0989       1 
0990       1 
0991       1 
0992       1 
0993       1 
0994       1 
0995       1 
0996       1 
0997       1 
0998       1 
0999       1 
1000       1 
1001       1 
1002       1 
1003       1 
1004       1 
1005       1 
1006       1 
1007       44 
1008       45 
1009       45 
1010       45 
1011       45 
1012       50 
1013       4 
1014       4 
1015       57 
1016       57 
1017       56 
1018       57 
1019       56 
1020       56 
1021       56 
1022       55 
1023       55 
1024       53 
1025       55 
1026       58 
1027       61 
1028       58 
1029       58 
1030       50 
1031       50 
1032       49 
1033       49 
1034       50 
1035       66 
1036       66 
1037       67 
1038       67 
1039       69 
1040       69 
1041       66 
1042       66 
1043       66 
1044       66 
1045       70 
1046       70 
1047       67 
1048       67 
1049       66 
1050       66 
1051       66 
1052       68 
1053       68 
1054       68 
1055       68 
1056       67 
1057       67 
1058       67 
1059       67 
1060       67 
1061       67 
1062       67 
1063       67 
1064       65 
1065       63 
1066       63 
1067       63 
1068       63 
1069       64 
1070       64 
1071       64 
1072       64 
1073       64 
1074       66 
1075       69 
1076       69 
1077       69 
1078       65 
1079       63 
1297966639.664897
