0000       1 
0001       1 
0002       1 
0003       1 
0004       1 
0005       1 
0006       1 
0007       1 
0008       1 
0009       1 
0010       1 
0011       1 
0012       1 
0013       1 
0014       1 
0015       1 
0016       1 
0017       1 
0018       1 
0019       1 
0020       1 
0021       1 
0022       1 
0023       1 
0024       1 
0025       1 
0026       1 
0027       1 
0028       1 
0029       1 
0030       1 
0031       1 
0032       1 
0033       1 
0034       1 
0035       1 
0036       1 
0037       1 
0038       1 
0039       1 
0040       1 
0041       1 
0042       1 
0043       1 
0044       1 
0045       1 
0046       1 
0047       1 
0048       1 
0049       1 
0050       1 
0051       1 
0052       1 
0053       1 
0054       1 
0055       1 
0056       1 
0057       1 
0058       1 
0059       1 
0060       1 
0061       1 
0062       1 
0063       1 
0064       1 
0065       1 
0066       1 
0067       1 
0068       1 
0069       1 
0070       1 
0071       1 
0072       1 
0073       1 
0074       1 
0075       1 
0076       1 
0077       1 
0078       1 
0079       1 
0080       1 
0081       1 
0082       1 
0083       1 
0084       1 
0085       1 
0086       1 
0087       1 
0088       1 
0089       1 
0090       1 
0091       1 
0092       1 
0093       1 
0094       1 
0095       1 
0096       1 
0097       1 
0098       1 
0099       1 
0100       1 
0101       1 
0102       1 
0103       1 
0104       1 
0105       1 
0106       1 
0107       1 
0108       1 
0109       1 
0110       1 
0111       1 
0112       1 
0113       1 
0114       1 
0115       1 
0116       1 
0117       1 
0118       1 
0119       1 
0120       1 
0121       1 
0122       1 
0123       1 
0124       1 
0125       1 
0126       1 
0127       1 
0128       1 
0129       23558 
0130       23558 
0131       23543 
0132       23518 
0133       23495 
0134       23482 
0135       23414 
0136       1 
0137       1 
0138       1 
0139       1 
0140       1 
0141       1 
0142       1 
0143       23224 
0144       23224 
0145       23060 
0146       1 
0147       1 
0148       1 
0149       1 
0150       1 
0151       1 
0152       17433 
0153       17433 
0154       17428 
0155       17395 
0156       17395 
0157       17400 
0158       17400 
0159       17376 
0160       17370 
0161       17368 
0162       17368 
0163       17364 
0164       17344 
0165       17344 
0166       17344 
0167       17344 
0168       17337 
0169       17311 
0170       17123 
0171       17106 
0172       17106 
0173       17106 
0174       17108 
0175       17108 
0176       17108 
0177       17155 
0178       17271 
0179       17546 
0180       17552 
0181       17552 
0182       17496 
0183       17447 
0184       17412 
0185       17385 
0186       17377 
0187       17346 
0188       17341 
0189       17346 
0190       17334 
0191       17334 
0192       17334 
0193       17321 
0194       17281 
0195       17136 
0196       17122 
0197       17122 
0198       17122 
0199       17117 
0200       17117 
0201       17144 
0202       17144 
0203       17150 
0204       17152 
0205       17153 
0206       17152 
0207       17144 
0208       16610 
0209       1 
0210       1 
0211       16610 
0212       17223 
0213       17223 
0214       16696 
0215       1 
0216       1 
0217       1 
0218       16696 
0219       17292 
0220       17324 
0221       17434 
0222       17516 
0223       17541 
0224       17554 
0225       17563 
0226       17572 
0227       17572 
0228       17583 
0229       17583 
0230       17622 
0231       17650 
0232       17660 
0233       17681 
0234       17699 
0235       17703 
0236       17703 
0237       17695 
0238       17618 
0239       17601 
0240       17601 
0241       17623 
0242       17640 
0243       17663 
0244       17680 
0245       17695 
0246       17733 
0247       17744 
0248       17762 
0249       17762 
0250       17762 
0251       17439 
0252       17857 
0253       17883 
0254       17900 
0255       17913 
0256       17944 
0257       17948 
0258       17964 
0259       17998 
0260       18038 
0261       18063 
0262       18240 
0263       18322 
0264       18376 
0265       18383 
0266       18430 
0267       18454 
0268       18461 
0269       18461 
0270       15387 
0271       15356 
0272       15377 
0273       15377 
0274       15386 
0275       15447 
0276       15474 
0277       15505 
0278       15516 
0279       15552 
0280       15591 
0281       15640 
0282       15655 
0283       15681 
0284       15721 
0285       15732 
0286       15780 
0287       15803 
0288       15830 
0289       15830 
0290       1 
0291       1 
0292       1 
0293       1 
0294       1 
0295       1 
0296       14198 
0297       14198 
0298       14089 
0299       13972 
0300       13878 
0301       13750 
0302       13643 
0303       13502 
0304       13432 
0305       13315 
0306       13231 
0307       13134 
0308       13058 
0309       12931 
0310       12848 
0311       12848 
0312       12848 
0313       12892 
0314       12906 
0315       12935 
0316       12946 
0317       12946 
0318       12917 
0319       12917 
0320       1 
0321       1 
0322       1 
0323       1 
0324       1 
0325       1 
0326       1 
0327       1 
0328       1 
0329       1 
0330       1 
0331       12793 
0332       12833 
0333       12856 
0334       12876 
0335       12911 
0336       12935 
0337       12991 
0338       13041 
0339       13102 
0340       13115 
0341       13145 
0342       13181 
0343       13247 
0344       13262 
0345       13320 
0346       13326 
0347       13326 
0348       13264 
0349       13264 
0350       13230 
0351       13230 
0352       13156 
0353       13116 
0354       13058 
0355       13009 
0356       12937 
0357       12869 
0358       12781 
0359       12768 
0360       12675 
0361       12579 
0362       12511 
0363       12489 
0364       12452 
0365       12380 
0366       12332 
0367       12289 
0368       12221 
0369       12179 
0370       12109 
0371       12061 
0372       12025 
0373       11934 
0374       11908 
0375       11867 
0376       11812 
0377       11790 
0378       11738 
0379       11691 
0380       11637 
0381       11604 
0382       11554 
0383       11498 
0384       11460 
0385       11417 
0386       11403 
0387       11353 
0388       11319 
0389       11285 
0390       11265 
0391       11236 
0392       11192 
0393       11159 
0394       11122 
0395       11084 
0396       11035 
0397       11007 
0398       10992 
0399       10948 
0400       10876 
0401       10861 
0402       10826 
0403       10821 
0404       7595 
0405       7589 
0406       7589 
0407       7659 
0408       7701 
0409       7701 
0410       7670 
0411       7662 
0412       7662 
0413       7646 
0414       7626 
0415       7595 
0416       7595 
0417       7560 
0418       7523 
0419       7490 
0420       7448 
0421       7436 
0422       7386 
0423       7346 
0424       7332 
0425       7332 
0426       7316 
0427       7308 
0428       7287 
0429       7265 
0430       7252 
0431       7219 
0432       7164 
0433       7157 
0434       7150 
0435       7150 
0436       7136 
0437       7112 
0438       7103 
0439       7077 
0440       7058 
0441       7037 
0442       7003 
0443       7001 
0444       6999 
0445       6983 
0446       6981 
0447       6959 
0448       6947 
0449       6927 
0450       6910 
0451       6877 
0452       6866 
0453       6866 
0454       6858 
0455       6858 
0456       6828 
0457       6813 
0458       6812 
0459       6804 
0460       6783 
0461       6754 
0462       6725 
0463       6720 
0464       6718 
0465       6718 
0466       6717 
0467       6693 
0468       6675 
0469       6666 
0470       6659 
0471       6649 
0472       6628 
0473       6613 
0474       6599 
0475       6599 
0476       6599 
0477       6599 
0478       6588 
0479       6587 
0480       6580 
0481       6567 
0482       6561 
0483       6529 
0484       6518 
0485       6518 
0486       6520 
0487       6520 
0488       6498 
0489       6489 
0490       6489 
0491       6489 
0492       6476 
0493       6472 
0494       6456 
0495       6438 
0496       6423 
0497       6423 
0498       6424 
0499       6424 
0500       6422 
0501       6419 
0502       6406 
0503       6402 
0504       6402 
0505       6392 
0506       6392 
0507       6357 
0508       6357 
0509       6359 
0510       6370 
0511       6370 
0512       6365 
0513       6361 
0514       6348 
0515       6348 
0516       6343 
0517       6338 
0518       6320 
0519       6308 
0520       6301 
0521       6301 
0522       6313 
0523       6317 
0524       6313 
0525       6309 
0526       6307 
0527       6304 
0528       6301 
0529       6299 
0530       6283 
0531       6265 
0532       6265 
0533       6271 
0534       6273 
0535       6273 
0536       6277 
0537       6278 
0538       6280 
0539       6284 
0540       6284 
0541       6284 
0542       6275 
0543       6268 
0544       6251 
0545       6251 
0546       6274 
0547       6283 
0548       6276 
0549       6276 
0550       6276 
0551       6282 
0552       6287 
0553       6285 
0554       6285 
0555       6250 
0556       6239 
0557       6239 
0558       6269 
0559       6272 
0560       6279 
0561       6282 
0562       6283 
0563       6286 
0564       6301 
0565       6301 
0566       6288 
0567       6278 
0568       6268 
0569       6268 
0570       6279 
0571       6298 
0572       6303 
0573       6303 
0574       6303 
0575       6307 
0576       6312 
0577       6323 
0578       6323 
0579       6321 
0580       6295 
0581       6295 
0582       6314 
0583       6342 
0584       6347 
0585       6355 
0586       6362 
0587       6364 
0588       6365 
0589       6367 
0590       6374 
0591       6374 
0592       6368 
0593       6368 
0594       6371 
0595       6402 
0596       6402 
0597       6402 
0598       6418 
0599       6418 
0600       6427 
0601       6431 
0602       6427 
0603       6423 
0604       6423 
0605       6433 
0606       6442 
0607       6450 
0608       6456 
0609       6479 
0610       6488 
0611       6494 
0612       6497 
0613       6508 
0614       6518 
0615       6518 
0616       6518 
0617       6522 
0618       6550 
0619       6558 
0620       6573 
0621       6586 
0622       6594 
0623       6599 
0624       6602 
0625       6618 
0626       6618 
0627       6618 
0628       6620 
0629       6654 
0630       6671 
0631       6674 
0632       6694 
0633       6695 
0634       6708 
0635       6722 
0636       6731 
0637       6731 
0638       6732 
0639       6738 
0640       6781 
0641       6805 
0642       6805 
0643       6818 
0644       6826 
0645       6850 
0646       6852 
0647       6850 
0648       6866 
0649       6866 
0650       6906 
0651       6923 
0652       6937 
0653       6940 
0654       6958 
0655       6984 
0656       7004 
0657       7004 
0658       7001 
0659       7001 
0660       7019 
0661       7069 
0662       7090 
0663       7111 
0664       7111 
0665       7116 
0666       7140 
0667       7151 
0668       7164 
0669       7161 
0670       7161 
0671       7161 
0672       9851 
0673       9883 
0674       9910 
0675       9959 
0676       9973 
0677       9998 
0678       10035 
0679       10040 
0680       10092 
0681       10126 
0682       10154 
0683       10167 
0684       10184 
0685       10216 
0686       10256 
0687       10267 
0688       10310 
0689       10328 
0690       10367 
0691       10407 
0692       10439 
0693       10485 
0694       10504 
0695       10529 
0696       10563 
0697       10601 
0698       10656 
0699       10675 
0700       10727 
0701       10736 
0702       10748 
0703       10828 
0704       10835 
0705       10900 
0706       10956 
0707       10964 
0708       11016 
0709       11057 
0710       11100 
0711       11165 
0712       11175 
0713       11232 
0714       11269 
0715       11293 
0716       11394 
0717       11420 
0718       11462 
0719       11506 
0720       11568 
0721       11604 
0722       11666 
0723       11709 
0724       11715 
0725       11752 
0726       11788 
0727       11825 
0728       11894 
0729       11960 
0730       12015 
0731       12072 
0732       12118 
0733       12168 
0734       12239 
0735       12239 
0736       12196 
0737       12178 
0738       12113 
0739       12070 
0740       12059 
0741       12007 
0742       11945 
0743       11920 
0744       11870 
0745       11775 
0746       11770 
0747       11770 
0748       11688 
0749       11631 
0750       11629 
0751       11629 
0752       11585 
0753       11536 
0754       11506 
0755       11463 
0756       11432 
0757       11418 
0758       11356 
0759       11325 
0760       11296 
0761       11258 
0762       11215 
0763       11181 
0764       11142 
0765       11112 
0766       11069 
0767       11037 
0768       11017 
0769       10968 
0770       10936 
0771       10920 
0772       10872 
0773       10847 
0774       10666 
0775       10372 
0776       10318 
0777       1 
0778       1 
0779       10316 
0780       10316 
0781       10316 
0782       10298 
0783       10249 
0784       10157 
0785       10062 
0786       1 
0787       1 
0788       1 
0789       1 
0790       1 
0791       1 
0792       1 
0793       1 
0794       1 
0795       1 
0796       1 
0797       4356 
0798       4356 
0799       4375 
0800       4423 
0801       4439 
0802       4468 
0803       4489 
0804       4514 
0805       4551 
0806       4569 
0807       4570 
0808       4609 
0809       4652 
0810       4657 
0811       4673 
0812       4677 
0813       4677 
0814       4673 
0815       4225 
0816       3964 
0817       3964 
0818       3964 
0819       3988 
0820       3997 
0821       4035 
0822       4060 
0823       4069 
0824       4099 
0825       4112 
0826       4170 
0827       4194 
0828       4211 
0829       4255 
0830       4300 
0831       4320 
0832       4365 
0833       4436 
0834       4477 
0835       4533 
0836       4565 
0837       4613 
0838       4661 
0839       4733 
0840       4771 
0841       4842 
0842       4910 
0843       5012 
0844       5071 
0845       5178 
0846       5299 
0847       5415 
0848       5516 
0849       5664 
0850       7858 
0851       7858 
0852       7833 
0853       7815 
0854       7805 
0855       7745 
0856       7689 
0857       7686 
0858       7633 
0859       7589 
0860       7569 
0861       7526 
0862       7505 
0863       7465 
0864       7439 
0865       7415 
0866       7368 
0867       7346 
0868       7262 
0869       7249 
0870       7249 
0871       7162 
0872       7283 
0873       7300 
0874       7436 
0875       7660 
0876       7906 
0877       7963 
0878       7963 
0879       7939 
0880       7922 
0881       7881 
0882       7881 
0883       7914 
0884       7914 
0885       7904 
0886       7889 
0887       7874 
0888       7889 
0889       7900 
0890       7916 
0891       7916 
0892       1 
0893       1 
0894       1 
0895       1 
0896       1 
0897       1 
0898       1 
0899       1 
0900       1 
0901       1 
0902       1 
0903       1 
0904       1 
0905       1 
0906       1 
0907       1 
0908       1 
0909       1 
0910       1 
0911       1 
0912       1 
0913       1 
0914       1 
0915       1 
0916       1 
0917       1 
0918       1 
0919       1 
0920       1 
0921       1 
0922       1 
0923       1 
0924       1 
0925       1 
0926       1 
0927       1 
0928       1 
0929       1 
0930       1 
0931       1 
0932       1 
0933       1 
0934       1 
0935       1 
0936       1 
0937       1 
0938       1 
0939       1 
0940       1 
0941       1 
0942       1 
0943       1 
0944       1 
0945       1 
0946       1 
0947       1 
0948       1 
0949       1 
0950       1 
0951       1 
0952       1 
0953       1 
0954       1 
0955       1 
0956       1 
0957       1 
0958       1 
0959       1 
0960       1 
0961       1 
0962       1 
0963       1 
0964       1 
0965       1 
0966       1 
0967       1 
0968       1 
0969       1 
0970       1 
0971       1 
0972       1 
0973       1 
0974       1 
0975       1 
0976       1 
0977       1 
0978       1 
0979       1 
0980       1 
0981       1 
0982       1 
0983       1 
0984       1 
0985       1 
0986       1 
0987       1 
0988       1 
0989       1 
0990       1 
0991       1 
0992       1 
0993       1 
0994       1 
0995       1 
0996       1 
0997       1 
0998       1 
0999       1 
1000       1 
1001       1 
1002       1 
1003       1 
1004       1 
1005       1 
1006       1 
1007       1 
1008       4 
1009       45 
1010       45 
1011       45 
1012       49 
1013       45 
1014       43 
1015       43 
1016       48 
1017       48 
1018       59 
1019       59 
1020       59 
1021       59 
1022       54 
1023       54 
1024       62 
1025       66 
1026       66 
1027       66 
1028       66 
1029       56 
1030       44 
1031       44 
1032       44 
1033       50 
1034       67 
1035       67 
1036       67 
1037       67 
1038       67 
1039       66 
1040       66 
1041       66 
1042       67 
1043       66 
1044       66 
1045       64 
1046       64 
1047       64 
1048       64 
1049       64 
1050       64 
1051       64 
1052       62 
1053       62 
1054       65 
1055       67 
1056       68 
1057       71 
1058       71 
1059       71 
1060       62 
1061       62 
1062       62 
1063       59 
1064       62 
1065       61 
1066       64 
1067       62 
1068       62 
1069       62 
1070       64 
1071       64 
1072       72 
1073       72 
1074       72 
1075       70 
1076       68 
1077       64 
1078       67 
1079       62 
1297966676.612651
