0000       1 
0001       1 
0002       1 
0003       1 
0004       1 
0005       1 
0006       1 
0007       1 
0008       1 
0009       1 
0010       1 
0011       1 
0012       1 
0013       1 
0014       1 
0015       1 
0016       1 
0017       1 
0018       1 
0019       1 
0020       1 
0021       1 
0022       1 
0023       1 
0024       1 
0025       1 
0026       1 
0027       1 
0028       1 
0029       1 
0030       1 
0031       1 
0032       1 
0033       1 
0034       1 
0035       1 
0036       1 
0037       1 
0038       1 
0039       1 
0040       1 
0041       1 
0042       1 
0043       1 
0044       1 
0045       1 
0046       1 
0047       1 
0048       1 
0049       1 
0050       1 
0051       1 
0052       1 
0053       1 
0054       1 
0055       1 
0056       1 
0057       1 
0058       1 
0059       1 
0060       1 
0061       1 
0062       1 
0063       1 
0064       1 
0065       1 
0066       1 
0067       1 
0068       1 
0069       1 
0070       1 
0071       1 
0072       1 
0073       1 
0074       1 
0075       1 
0076       1 
0077       1 
0078       1 
0079       1 
0080       1 
0081       1 
0082       1 
0083       1 
0084       1 
0085       1 
0086       1 
0087       1 
0088       1 
0089       1 
0090       1 
0091       1 
0092       1 
0093       1 
0094       1 
0095       1 
0096       1 
0097       1 
0098       1 
0099       1 
0100       1 
0101       1 
0102       1 
0103       1 
0104       1 
0105       1 
0106       1 
0107       1 
0108       1 
0109       1 
0110       1 
0111       1 
0112       1 
0113       1 
0114       1 
0115       1 
0116       28327 
0117       28471 
0118       28471 
0119       28453 
0120       28444 
0121       28422 
0122       1 
0123       1 
0124       1 
0125       1 
0126       1 
0127       1 
0128       1 
0129       28259 
0130       28259 
0131       28247 
0132       28211 
0133       28199 
0134       28179 
0135       28179 
0136       28179 
0137       22483 
0138       22477 
0139       22473 
0140       22459 
0141       22453 
0142       22449 
0143       22415 
0144       22415 
0145       22409 
0146       22409 
0147       22402 
0148       22402 
0149       22397 
0150       22282 
0151       22204 
0152       22189 
0153       22189 
0154       22198 
0155       22202 
0156       22262 
0157       22262 
0158       22262 
0159       22361 
0160       22426 
0161       22426 
0162       22420 
0163       22370 
0164       22363 
0165       22363 
0166       22370 
0167       22376 
0168       22370 
0169       22312 
0170       22203 
0171       22203 
0172       22204 
0173       22207 
0174       22216 
0175       22216 
0176       22219 
0177       22232 
0178       22232 
0179       1 
0180       1 
0181       1 
0182       1 
0183       1 
0184       1 
0185       1 
0186       1 
0187       21727 
0188       22288 
0189       22367 
0190       22477 
0191       22521 
0192       22542 
0193       22560 
0194       22571 
0195       22584 
0196       22608 
0197       22609 
0198       22616 
0199       22653 
0200       22658 
0201       22669 
0202       22669 
0203       22583 
0204       22579 
0205       22579 
0206       22593 
0207       22619 
0208       22637 
0209       22638 
0210       22689 
0211       22693 
0212       22693 
0213       22708 
0214       22358 
0215       22358 
0216       1703 
0217       1 
0218       1 
0219       1 
0220       22908 
0221       22945 
0222       22945 
0223       1 
0224       1 
0225       1 
0226       1 
0227       20173 
0228       20176 
0229       20234 
0230       20238 
0231       20286 
0232       20317 
0233       20343 
0234       20351 
0235       20374 
0236       20422 
0237       20475 
0238       20492 
0239       20514 
0240       20514 
0241       1 
0242       1 
0243       1 
0244       1 
0245       1 
0246       1 
0247       1 
0248       1 
0249       1 
0250       1 
0251       1 
0252       1 
0253       1 
0254       1 
0255       1 
0256       16688 
0257       16707 
0258       16747 
0259       16793 
0260       16800 
0261       16834 
0262       16875 
0263       16951 
0264       16972 
0265       16981 
0266       17019 
0267       17065 
0268       17097 
0269       17134 
0270       17185 
0271       17234 
0272       17247 
0273       17294 
0274       17356 
0275       17440 
0276       17440 
0277       17485 
0278       17508 
0279       17508 
0280       17435 
0281       17246 
0282       17246 
0283       17246 
0284       1 
0285       1 
0286       1 
0287       1 
0288       1 
0289       1 
0290       1 
0291       1 
0292       1 
0293       1 
0294       1 
0295       1 
0296       15524 
0297       15524 
0298       15580 
0299       15524 
0300       15504 
0301       15389 
0302       15279 
0303       15215 
0304       15105 
0305       15026 
0306       15006 
0307       14864 
0308       14782 
0309       14699 
0310       1 
0311       1 
0312       1 
0313       1 
0314       1 
0315       1 
0316       1 
0317       1 
0318       1 
0319       1 
0320       1 
0321       1 
0322       1 
0323       1 
0324       1 
0325       1 
0326       1 
0327       1 
0328       13181 
0329       13181 
0330       13082 
0331       12517 
0332       12501 
0333       12412 
0334       12332 
0335       12280 
0336       12229 
0337       12154 
0338       12100 
0339       12094 
0340       12008 
0341       11946 
0342       11906 
0343       11849 
0344       11808 
0345       11748 
0346       11719 
0347       11676 
0348       11607 
0349       11539 
0350       11524 
0351       11468 
0352       11429 
0353       11403 
0354       11325 
0355       11291 
0356       11206 
0357       11179 
0358       11161 
0359       11123 
0360       11051 
0361       11027 
0362       10942 
0363       10892 
0364       10885 
0365       10832 
0366       7942 
0367       7932 
0368       7916 
0369       7915 
0370       7883 
0371       7857 
0372       7857 
0373       7905 
0374       7922 
0375       7928 
0376       7931 
0377       7931 
0378       7920 
0379       7875 
0380       7818 
0381       7739 
0382       7736 
0383       7732 
0384       7693 
0385       7676 
0386       7636 
0387       7606 
0388       7562 
0389       7532 
0390       7532 
0391       7532 
0392       7514 
0393       7491 
0394       7466 
0395       7441 
0396       7422 
0397       7364 
0398       7351 
0399       7338 
0400       7326 
0401       7321 
0402       7284 
0403       7279 
0404       7272 
0405       7235 
0406       7195 
0407       7164 
0408       7163 
0409       7155 
0410       7138 
0411       7111 
0412       7106 
0413       7097 
0414       7066 
0415       7049 
0416       7023 
0417       7009 
0418       7006 
0419       7006 
0420       6984 
0421       6962 
0422       6960 
0423       6939 
0424       6929 
0425       6897 
0426       6872 
0427       6872 
0428       6864 
0429       6861 
0430       6846 
0431       6839 
0432       6821 
0433       6811 
0434       6794 
0435       6772 
0436       6730 
0437       6730 
0438       6733 
0439       6733 
0440       6722 
0441       6714 
0442       6687 
0443       6686 
0444       6660 
0445       6649 
0446       6646 
0447       6611 
0448       6611 
0449       6607 
0450       6598 
0451       6597 
0452       6589 
0453       6580 
0454       6576 
0455       6566 
0456       6561 
0457       6539 
0458       6496 
0459       6496 
0460       6506 
0461       6506 
0462       6502 
0463       6497 
0464       6474 
0465       6472 
0466       6467 
0467       6450 
0468       6449 
0469       6414 
0470       6356 
0471       6356 
0472       6394 
0473       6652 
0474       6855 
0475       7014 
0476       7157 
0477       7344 
0478       7499 
0479       7692 
0480       7882 
0481       8077 
0482       8264 
0483       8429 
0484       8490 
0485       8492 
0486       8492 
0487       8496 
0488       8500 
0489       8520 
0490       8539 
0491       8539 
0492       8528 
0493       8528 
0494       8526 
0495       8518 
0496       8526 
0497       8518 
0498       8514 
0499       8502 
0500       8501 
0501       8500 
0502       8498 
0503       8500 
0504       8484 
0505       8481 
0506       8481 
0507       8485 
0508       8485 
0509       8477 
0510       8461 
0511       8459 
0512       8459 
0513       8466 
0514       8466 
0515       8466 
0516       8464 
0517       8464 
0518       8448 
0519       8447 
0520       8447 
0521       8471 
0522       8475 
0523       8471 
0524       8456 
0525       8456 
0526       8456 
0527       8465 
0528       8456 
0529       8468 
0530       8451 
0531       8468 
0532       8469 
0533       8474 
0534       8474 
0535       8469 
0536       8464 
0537       8464 
0538       8466 
0539       8470 
0540       8467 
0541       8470 
0542       8487 
0543       8490 
0544       8487 
0545       8490 
0546       8495 
0547       8495 
0548       8506 
0549       8506 
0550       8507 
0551       8510 
0552       8507 
0553       8502 
0554       8502 
0555       8542 
0556       8542 
0557       8538 
0558       8534 
0559       8534 
0560       8548 
0561       8578 
0562       8578 
0563       8593 
0564       8598 
0565       8598 
0566       8602 
0567       8635 
0568       8635 
0569       8621 
0570       8621 
0571       8640 
0572       8652 
0573       8661 
0574       8664 
0575       8664 
0576       8681 
0577       8687 
0578       8701 
0579       8722 
0580       8740 
0581       8740 
0582       8732 
0583       8732 
0584       8744 
0585       8762 
0586       8780 
0587       8791 
0588       8791 
0589       8788 
0590       8788 
0591       8804 
0592       8849 
0593       8857 
0594       8858 
0595       8883 
0596       8888 
0597       8913 
0598       8914 
0599       8932 
0600       8939 
0601       8952 
0602       8958 
0603       8984 
0604       8987 
0605       9011 
0606       9032 
0607       9044 
0608       9054 
0609       9070 
0610       9083 
0611       9089 
0612       9104 
0613       9145 
0614       9150 
0615       9184 
0616       9191 
0617       9204 
0618       9209 
0619       9228 
0620       9266 
0621       9284 
0622       9266 
0623       9233 
0624       9188 
0625       9117 
0626       9051 
0627       8952 
0628       8848 
0629       8783 
0630       8707 
0631       8664 
0632       8573 
0633       8501 
0634       8431 
0635       8365 
0636       8300 
0637       8240 
0638       8175 
0639       8097 
0640       8029 
0641       7985 
0642       7925 
0643       7868 
0644       7795 
0645       7747 
0646       7697 
0647       7645 
0648       7581 
0649       7534 
0650       7501 
0651       7444 
0652       7399 
0653       7327 
0654       7282 
0655       7236 
0656       7189 
0657       7149 
0658       7106 
0659       7071 
0660       7022 
0661       6967 
0662       6923 
0663       6888 
0664       6823 
0665       6655 
0666       6655 
0667       6680 
0668       6683 
0669       6710 
0670       6724 
0671       6757 
0672       6774 
0673       6782 
0674       6796 
0675       6858 
0676       6868 
0677       6900 
0678       6929 
0679       6945 
0680       6951 
0681       6981 
0682       6982 
0683       7003 
0684       7083 
0685       7096 
0686       7105 
0687       7136 
0688       7148 
0689       7199 
0690       7201 
0691       7215 
0692       7273 
0693       7279 
0694       7336 
0695       7338 
0696       7371 
0697       7410 
0698       7421 
0699       7442 
0700       7510 
0701       7532 
0702       7546 
0703       7590 
0704       7620 
0705       7649 
0706       7650 
0707       7713 
0708       7764 
0709       7782 
0710       7818 
0711       7853 
0712       7873 
0713       7892 
0714       7961 
0715       8015 
0716       8049 
0717       8088 
0718       8121 
0719       8134 
0720       8168 
0721       8266 
0722       8291 
0723       8341 
0724       8369 
0725       8376 
0726       8399 
0727       8486 
0728       8540 
0729       8577 
0730       8621 
0731       8655 
0732       8709 
0733       8756 
0734       8842 
0735       8845 
0736       8897 
0737       8924 
0738       9015 
0739       9068 
0740       9086 
0741       9163 
0742       9180 
0743       9273 
0744       9328 
0745       9379 
0746       9433 
0747       9443 
0748       9565 
0749       9641 
0750       9685 
0751       9733 
0752       9767 
0753       9891 
0754       9949 
0755       10015 
0756       10016 
0757       10103 
0758       10134 
0759       10224 
0760       10292 
0761       10292 
0762       10292 
0763       10246 
0764       1 
0765       1 
0766       1 
0767       1 
0768       1 
0769       1 
0770       4266 
0771       4283 
0772       4326 
0773       4332 
0774       4360 
0775       4372 
0776       4395 
0777       4422 
0778       4464 
0779       4464 
0780       4503 
0781       4532 
0782       4552 
0783       4587 
0784       4587 
0785       4594 
0786       4587 
0787       4560 
0788       4159 
0789       3913 
0790       3896 
0791       3896 
0792       3896 
0793       3912 
0794       3941 
0795       3942 
0796       3974 
0797       3983 
0798       4001 
0799       4038 
0800       4064 
0801       4097 
0802       4129 
0803       4187 
0804       4210 
0805       4257 
0806       4293 
0807       4335 
0808       4390 
0809       4439 
0810       4466 
0811       4518 
0812       4581 
0813       4638 
0814       4722 
0815       4763 
0816       4844 
0817       4916 
0818       4982 
0819       5071 
0820       5192 
0821       5303 
0822       5396 
0823       5519 
0824       5642 
0825       7867 
0826       7870 
0827       7894 
0828       7894 
0829       7853 
0830       7783 
0831       7734 
0832       7687 
0833       7662 
0834       7616 
0835       7577 
0836       7527 
0837       7502 
0838       7459 
0839       7409 
0840       7389 
0841       7346 
0842       7346 
0843       7342 
0844       7220 
0845       7188 
0846       7160 
0847       7160 
0848       7160 
0849       7258 
0850       7419 
0851       7641 
0852       7915 
0853       7915 
0854       7915 
0855       8237 
0856       9616 
0857       10231 
0858       10864 
0859       10864 
0860       1 
0861       1 
0862       1 
0863       7384 
0864       7384 
0865       7376 
0866       7341 
0867       7341 
0868       7384 
0869       7384 
0870       7356 
0871       7353 
0872       7356 
0873       7360 
0874       7374 
0875       7364 
0876       7371 
0877       7364 
0878       7331 
0879       1 
0880       1 
0881       1 
0882       1 
0883       1 
0884       1 
0885       1 
0886       1 
0887       1 
0888       1 
0889       1 
0890       1 
0891       1 
0892       1 
0893       1 
0894       1 
0895       1 
0896       1 
0897       1 
0898       1 
0899       1 
0900       1 
0901       1 
0902       1 
0903       1 
0904       1 
0905       1 
0906       1 
0907       1 
0908       1 
0909       1 
0910       1 
0911       1 
0912       1 
0913       1 
0914       1 
0915       1 
0916       1 
0917       1 
0918       1 
0919       1 
0920       1 
0921       1 
0922       1 
0923       1 
0924       1 
0925       1 
0926       1 
0927       1 
0928       1 
0929       1 
0930       1 
0931       1 
0932       1 
0933       1 
0934       1 
0935       1 
0936       1 
0937       1 
0938       1 
0939       1 
0940       1 
0941       1 
0942       1 
0943       1 
0944       1 
0945       1 
0946       1 
0947       1 
0948       1 
0949       1 
0950       1 
0951       1 
0952       1 
0953       1 
0954       1 
0955       1 
0956       1 
0957       1 
0958       1 
0959       1 
0960       1 
0961       1 
0962       1 
0963       1 
0964       1 
0965       1 
0966       1 
0967       1 
0968       1 
0969       1 
0970       1 
0971       1 
0972       1 
0973       1 
0974       1 
0975       1 
0976       1 
0977       1 
0978       1 
0979       1 
0980       1 
0981       1 
0982       1 
0983       1 
0984       1 
0985       1 
0986       1 
0987       1 
0988       1 
0989       1 
0990       1 
0991       1 
0992       1 
0993       1 
0994       1 
0995       1 
0996       1 
0997       1 
0998       1 
0999       1 
1000       1 
1001       1 
1002       1 
1003       1 
1004       1 
1005       1 
1006       1 
1007       4 
1008       4 
1009       4 
1010       4 
1011       4 
1012       41 
1013       41 
1014       41 
1015       41 
1016       50 
1017       52 
1018       56 
1019       56 
1020       56 
1021       53 
1022       56 
1023       57 
1024       61 
1025       60 
1026       69 
1027       60 
1028       60 
1029       47 
1030       47 
1031       47 
1032       51 
1033       59 
1034       61 
1035       64 
1036       68 
1037       68 
1038       69 
1039       69 
1040       69 
1041       69 
1042       67 
1043       64 
1044       64 
1045       70 
1046       70 
1047       70 
1048       70 
1049       65 
1050       62 
1051       62 
1052       62 
1053       66 
1054       66 
1055       67 
1056       66 
1057       66 
1058       66 
1059       66 
1060       65 
1061       65 
1062       65 
1063       65 
1064       67 
1065       67 
1066       67 
1067       67 
1068       69 
1069       69 
1070       69 
1071       67 
1072       67 
1073       67 
1074       67 
1075       67 
1076       64 
1077       64 
1078       64 
1079       64 
1297966671.376731
