0000       1 
0001       1 
0002       1 
0003       1 
0004       1 
0005       1 
0006       1 
0007       1 
0008       1 
0009       1 
0010       1 
0011       1 
0012       1 
0013       1 
0014       1 
0015       1 
0016       1 
0017       1 
0018       1 
0019       1 
0020       1 
0021       1 
0022       1 
0023       1 
0024       1 
0025       1 
0026       1 
0027       1 
0028       1 
0029       1 
0030       1 
0031       1 
0032       1 
0033       1 
0034       1 
0035       1 
0036       1 
0037       1 
0038       1 
0039       1 
0040       1 
0041       1 
0042       1 
0043       1 
0044       1 
0045       1 
0046       1 
0047       1 
0048       1 
0049       1 
0050       1 
0051       1 
0052       1 
0053       1 
0054       1 
0055       1 
0056       1 
0057       1 
0058       1 
0059       1 
0060       1 
0061       1 
0062       1 
0063       1 
0064       1 
0065       1 
0066       1 
0067       1 
0068       1 
0069       1 
0070       1 
0071       1 
0072       1 
0073       1 
0074       1 
0075       1 
0076       1 
0077       1 
0078       1 
0079       1 
0080       1 
0081       1 
0082       1 
0083       1 
0084       1 
0085       1 
0086       1 
0087       1 
0088       1 
0089       1 
0090       1 
0091       1 
0092       1 
0093       1 
0094       1 
0095       1 
0096       1 
0097       1 
0098       1 
0099       1 
0100       1 
0101       1 
0102       1 
0103       1 
0104       1 
0105       1 
0106       1 
0107       1 
0108       1 
0109       1 
0110       1 
0111       1 
0112       1 
0113       1 
0114       1 
0115       1 
0116       1 
0117       1 
0118       1 
0119       1 
0120       1 
0121       1 
0122       1 
0123       1 
0124       1 
0125       1 
0126       1 
0127       1 
0128       1 
0129       1 
0130       1 
0131       1 
0132       1 
0133       1 
0134       1 
0135       1 
0136       1 
0137       1 
0138       1 
0139       1 
0140       1 
0141       1 
0142       1 
0143       1 
0144       1 
0145       1 
0146       1 
0147       1 
0148       1 
0149       1 
0150       1 
0151       1 
0152       1 
0153       1 
0154       1 
0155       1 
0156       1 
0157       1 
0158       1 
0159       1 
0160       1 
0161       1 
0162       1 
0163       1 
0164       1 
0165       1 
0166       1 
0167       1 
0168       1 
0169       1 
0170       1 
0171       1 
0172       1 
0173       1 
0174       1 
0175       1 
0176       1 
0177       1 
0178       1 
0179       1 
0180       1 
0181       1 
0182       1 
0183       1 
0184       1 
0185       1 
0186       1 
0187       1 
0188       1 
0189       1 
0190       1 
0191       1 
0192       1 
0193       1 
0194       1 
0195       1 
0196       1 
0197       1 
0198       1 
0199       1 
0200       1 
0201       1 
0202       1 
0203       1 
0204       1 
0205       1 
0206       1 
0207       1 
0208       1 
0209       1 
0210       1 
0211       1 
0212       1 
0213       1 
0214       1 
0215       1 
0216       1 
0217       1 
0218       1 
0219       1 
0220       1 
0221       1 
0222       1 
0223       1 
0224       1 
0225       1 
0226       1 
0227       1 
0228       1 
0229       1 
0230       1 
0231       1 
0232       1 
0233       1 
0234       1 
0235       1 
0236       1 
0237       1 
0238       1 
0239       1 
0240       1 
0241       1 
0242       1 
0243       1 
0244       1 
0245       1 
0246       1 
0247       1 
0248       1 
0249       1 
0250       1 
0251       1 
0252       1 
0253       1 
0254       1 
0255       1 
0256       1 
0257       1 
0258       1 
0259       1 
0260       1 
0261       1 
0262       1 
0263       1 
0264       1 
0265       1 
0266       1 
0267       1 
0268       1 
0269       1 
0270       1 
0271       1 
0272       1 
0273       1 
0274       1 
0275       1 
0276       1 
0277       1 
0278       1 
0279       1 
0280       1 
0281       1 
0282       1 
0283       1 
0284       1 
0285       1 
0286       1 
0287       1 
0288       1 
0289       1 
0290       1 
0291       1 
0292       1 
0293       1 
0294       1 
0295       18338 
0296       18338 
0297       18185 
0298       18038 
0299       17589 
0300       17480 
0301       17480 
0302       17480 
0303       17170 
0304       1 
0305       1 
0306       1 
0307       1 
0308       16571 
0309       16571 
0310       16458 
0311       16326 
0312       16224 
0313       16107 
0314       15995 
0315       15860 
0316       15790 
0317       15666 
0318       15535 
0319       15477 
0320       15346 
0321       15260 
0322       15157 
0323       15067 
0324       14956 
0325       14889 
0326       14780 
0327       14713 
0328       14590 
0329       14532 
0330       14445 
0331       14357 
0332       14301 
0333       14227 
0334       14099 
0335       14027 
0336       13931 
0337       13868 
0338       13811 
0339       13726 
0340       13661 
0341       13600 
0342       13494 
0343       13437 
0344       13370 
0345       13283 
0346       13213 
0347       13151 
0348       13127 
0349       13006 
0350       12939 
0351       12908 
0352       12845 
0353       12742 
0354       12702 
0355       12679 
0356       12597 
0357       12564 
0358       12493 
0359       12409 
0360       12373 
0361       12307 
0362       12255 
0363       12223 
0364       12166 
0365       12091 
0366       12052 
0367       11991 
0368       11953 
0369       11919 
0370       11865 
0371       11831 
0372       7522 
0373       7485 
0374       7467 
0375       7455 
0376       7449 
0377       7420 
0378       7420 
0379       7504 
0380       7540 
0381       7540 
0382       7498 
0383       7498 
0384       7455 
0385       7450 
0386       7418 
0387       7403 
0388       7375 
0389       7352 
0390       7329 
0391       7297 
0392       7274 
0393       7246 
0394       7238 
0395       7219 
0396       7177 
0397       7169 
0398       7152 
0399       7135 
0400       7094 
0401       7073 
0402       7062 
0403       7025 
0404       7012 
0405       7010 
0406       6973 
0407       6948 
0408       6932 
0409       6923 
0410       6896 
0411       6885 
0412       6865 
0413       6850 
0414       6830 
0415       6810 
0416       6783 
0417       6753 
0418       6730 
0419       6718 
0420       6719 
0421       6713 
0422       6660 
0423       6660 
0424       6646 
0425       6641 
0426       6608 
0427       6608 
0428       6574 
0429       6552 
0430       6552 
0431       6551 
0432       6513 
0433       6503 
0434       6501 
0435       6475 
0436       6467 
0437       6442 
0438       6433 
0439       6425 
0440       6422 
0441       6395 
0442       6383 
0443       6383 
0444       6378 
0445       6339 
0446       6327 
0447       6325 
0448       6317 
0449       6319 
0450       6304 
0451       6283 
0452       6273 
0453       6260 
0454       6248 
0455       6233 
0456       6233 
0457       6215 
0458       6207 
0459       6204 
0460       6202 
0461       6176 
0462       6157 
0463       6150 
0464       6150 
0465       6135 
0466       6125 
0467       6125 
0468       6125 
0469       6100 
0470       6100 
0471       6100 
0472       6089 
0473       6086 
0474       6077 
0475       6077 
0476       6068 
0477       6043 
0478       6028 
0479       6023 
0480       6023 
0481       6014 
0482       6014 
0483       5999 
0484       5998 
0485       5998 
0486       5995 
0487       5984 
0488       5970 
0489       5969 
0490       5965 
0491       5956 
0492       5948 
0493       5955 
0494       5948 
0495       5936 
0496       5925 
0497       5911 
0498       5911 
0499       5911 
0500       5904 
0501       5893 
0502       5889 
0503       5890 
0504       5890 
0505       5890 
0506       5890 
0507       5883 
0508       5887 
0509       5885 
0510       5885 
0511       5884 
0512       5880 
0513       5854 
0514       5854 
0515       5861 
0516       5861 
0517       5853 
0518       5852 
0519       5852 
0520       5841 
0521       5841 
0522       5849 
0523       5849 
0524       5848 
0525       5833 
0526       5836 
0527       5836 
0528       5836 
0529       5838 
0530       5838 
0531       5829 
0532       5829 
0533       5828 
0534       5831 
0535       5834 
0536       5834 
0537       5834 
0538       5834 
0539       5834 
0540       5834 
0541       5827 
0542       5824 
0543       5824 
0544       5822 
0545       5827 
0546       5831 
0547       5843 
0548       5850 
0549       5850 
0550       5840 
0551       5840 
0552       5843 
0553       5846 
0554       5843 
0555       5847 
0556       5840 
0557       5846 
0558       5846 
0559       5855 
0560       5859 
0561       5859 
0562       5859 
0563       5857 
0564       5859 
0565       5859 
0566       5864 
0567       5869 
0568       5865 
0569       5870 
0570       5875 
0571       5880 
0572       5880 
0573       5883 
0574       5883 
0575       5906 
0576       5911 
0577       5911 
0578       5911 
0579       5906 
0580       5923 
0581       5923 
0582       5930 
0583       5932 
0584       5940 
0585       5940 
0586       5949 
0587       5962 
0588       5949 
0589       5967 
0590       5967 
0591       5972 
0592       5976 
0593       5988 
0594       5988 
0595       5988 
0596       5987 
0597       5987 
0598       6018 
0599       6026 
0600       6029 
0601       6035 
0602       6037 
0603       6040 
0604       6040 
0605       6063 
0606       6066 
0607       6075 
0608       6085 
0609       6086 
0610       6104 
0611       6105 
0612       6105 
0613       6120 
0614       6126 
0615       6126 
0616       6138 
0617       6171 
0618       6181 
0619       6182 
0620       6185 
0621       6197 
0622       6212 
0623       6237 
0624       6237 
0625       6234 
0626       6234 
0627       6245 
0628       6266 
0629       6293 
0630       6296 
0631       6304 
0632       6314 
0633       6318 
0634       6330 
0635       6345 
0636       6351 
0637       6381 
0638       6395 
0639       6399 
0640       6403 
0641       6418 
0642       6421 
0643       6443 
0644       6472 
0645       6486 
0646       6497 
0647       6509 
0648       6512 
0649       6527 
0650       6556 
0651       6567 
0652       6604 
0653       6612 
0654       6631 
0655       6651 
0656       6659 
0657       6684 
0658       6685 
0659       6698 
0660       6711 
0661       6715 
0662       6756 
0663       6781 
0664       6784 
0665       6787 
0666       6816 
0667       6836 
0668       6856 
0669       6876 
0670       6898 
0671       6923 
0672       6940 
0673       6962 
0674       6975 
0675       6987 
0676       7005 
0677       7038 
0678       7051 
0679       7073 
0680       7121 
0681       7138 
0682       7141 
0683       7178 
0684       7205 
0685       7218 
0686       7241 
0687       7265 
0688       7271 
0689       7327 
0690       7334 
0691       7366 
0692       7380 
0693       7411 
0694       7434 
0695       7442 
0696       7476 
0697       7489 
0698       7547 
0699       7556 
0700       7590 
0701       7621 
0702       7656 
0703       7658 
0704       7709 
0705       7714 
0706       7741 
0707       7790 
0708       7824 
0709       7860 
0710       7905 
0711       7935 
0712       7964 
0713       8009 
0714       8010 
0715       8044 
0716       8081 
0717       8127 
0718       8171 
0719       8192 
0720       8243 
0721       8253 
0722       8297 
0723       8339 
0724       8377 
0725       8393 
0726       8454 
0727       8494 
0728       8527 
0729       8592 
0730       8610 
0731       8691 
0732       8710 
0733       8748 
0734       8803 
0735       8820 
0736       8863 
0737       8924 
0738       8946 
0739       9008 
0740       9041 
0741       9085 
0742       9155 
0743       9197 
0744       9242 
0745       9306 
0746       9334 
0747       9379 
0748       9437 
0749       9495 
0750       9539 
0751       9617 
0752       9696 
0753       9732 
0754       9785 
0755       9860 
0756       9916 
0757       9950 
0758       10046 
0759       10103 
0760       10143 
0761       10226 
0762       10266 
0763       10352 
0764       10394 
0765       10458 
0766       10542 
0767       10595 
0768       10658 
0769       10700 
0770       10808 
0771       10868 
0772       10977 
0773       11033 
0774       11033 
0775       10949 
0776       1 
0777       1 
0778       1 
0779       1 
0780       1 
0781       12657 
0782       12736 
0783       12800 
0784       12930 
0785       13035 
0786       13147 
0787       13245 
0788       13381 
0789       13524 
0790       13589 
0791       13718 
0792       13796 
0793       13877 
0794       14057 
0795       14057 
0796       14043 
0797       1 
0798       1 
0799       13963 
0800       13963 
0801       13963 
0802       13950 
0803       13880 
0804       13872 
0805       13843 
0806       13816 
0807       13806 
0808       13769 
0809       13748 
0810       13729 
0811       13714 
0812       13655 
0813       13638 
0814       13631 
0815       13604 
0816       13581 
0817       13558 
0818       13529 
0819       13513 
0820       13485 
0821       13474 
0822       13444 
0823       13435 
0824       13408 
0825       13393 
0826       13391 
0827       13340 
0828       13319 
0829       13317 
0830       13300 
0831       13275 
0832       13265 
0833       13239 
0834       13216 
0835       13211 
0836       13200 
0837       13179 
0838       13178 
0839       13145 
0840       13120 
0841       13106 
0842       13103 
0843       13101 
0844       13088 
0845       13081 
0846       13020 
0847       12987 
0848       1 
0849       1 
0850       1 
0851       1 
0852       1 
0853       1 
0854       1 
0855       1 
0856       1 
0857       1 
0858       1 
0859       1 
0860       1 
0861       1 
0862       1 
0863       1 
0864       1 
0865       8076 
0866       8085 
0867       8203 
0868       8231 
0869       8320 
0870       8511 
0871       8797 
0872       8838 
0873       8868 
0874       8838 
0875       8823 
0876       8820 
0877       8810 
0878       8817 
0879       8809 
0880       8805 
0881       8805 
0882       8775 
0883       8781 
0884       8773 
0885       8781 
0886       8774 
0887       8775 
0888       8774 
0889       8749 
0890       8762 
0891       8762 
0892       8790 
0893       8776 
0894       8776 
0895       1 
0896       1 
0897       1 
0898       1 
0899       1 
0900       1 
0901       1 
0902       1 
0903       1 
0904       1 
0905       1 
0906       1 
0907       1 
0908       1 
0909       1 
0910       1 
0911       1 
0912       1 
0913       1 
0914       1 
0915       1 
0916       1 
0917       1 
0918       1 
0919       1 
0920       1 
0921       1 
0922       1 
0923       1 
0924       1 
0925       1 
0926       1 
0927       1 
0928       1 
0929       1 
0930       1 
0931       1 
0932       1 
0933       1 
0934       1 
0935       1 
0936       1 
0937       1 
0938       1 
0939       1 
0940       1 
0941       1 
0942       1 
0943       1 
0944       1 
0945       1 
0946       1 
0947       1 
0948       1 
0949       1 
0950       1 
0951       1 
0952       1 
0953       1 
0954       1 
0955       1 
0956       1 
0957       1 
0958       1 
0959       1 
0960       1 
0961       1 
0962       1 
0963       1 
0964       1 
0965       1 
0966       1 
0967       1 
0968       1 
0969       1 
0970       1 
0971       1 
0972       1 
0973       1 
0974       1 
0975       1 
0976       1 
0977       1 
0978       1 
0979       1 
0980       1 
0981       1 
0982       1 
0983       1 
0984       1 
0985       1 
0986       1 
0987       1 
0988       1 
0989       1 
0990       1 
0991       1 
0992       1 
0993       1 
0994       1 
0995       1 
0996       1 
0997       1 
0998       1 
0999       1 
1000       1 
1001       1 
1002       1 
1003       1 
1004       1 
1005       1 
1006       1 
1007       4 
1008       4 
1009       4 
1010       4 
1011       51 
1012       52 
1013       52 
1014       52 
1015       4 
1016       4 
1017       4 
1018       44 
1019       48 
1020       48 
1021       56 
1022       74 
1023       64 
1024       64 
1025       64 
1026       64 
1027       62 
1028       58 
1029       57 
1030       49 
1031       49 
1032       49 
1033       49 
1034       58 
1035       67 
1036       67 
1037       71 
1038       67 
1039       71 
1040       71 
1041       75 
1042       75 
1043       75 
1044       65 
1045       65 
1046       65 
1047       64 
1048       64 
1049       64 
1050       62 
1051       62 
1052       65 
1053       65 
1054       65 
1055       69 
1056       69 
1057       71 
1058       72 
1059       71 
1060       71 
1061       70 
1062       69 
1063       69 
1064       69 
1065       71 
1066       73 
1067       73 
1068       73 
1069       67 
1070       64 
1071       62 
1072       62 
1073       64 
1074       64 
1075       64 
1076       64 
1077       73 
1078       70 
1079       60 
1297966653.896688
