0000       1 
0001       1 
0002       1 
0003       1 
0004       1 
0005       1 
0006       1 
0007       1 
0008       1 
0009       1 
0010       1 
0011       1 
0012       1 
0013       1 
0014       1 
0015       1 
0016       1 
0017       1 
0018       1 
0019       1 
0020       1 
0021       1 
0022       1 
0023       1 
0024       1 
0025       1 
0026       1 
0027       1 
0028       1 
0029       1 
0030       1 
0031       1 
0032       1 
0033       1 
0034       1 
0035       1 
0036       1 
0037       1 
0038       1 
0039       1 
0040       1 
0041       1 
0042       1 
0043       1 
0044       1 
0045       1 
0046       1 
0047       1 
0048       1 
0049       1 
0050       1 
0051       1 
0052       1 
0053       1 
0054       1 
0055       1 
0056       1 
0057       1 
0058       1 
0059       1 
0060       1 
0061       1 
0062       1 
0063       1 
0064       1 
0065       1 
0066       1 
0067       1 
0068       1 
0069       1 
0070       1 
0071       1 
0072       1 
0073       1 
0074       1 
0075       1 
0076       1 
0077       1 
0078       1 
0079       1 
0080       1 
0081       1 
0082       1 
0083       1 
0084       1 
0085       1 
0086       1 
0087       1 
0088       1 
0089       1 
0090       1 
0091       1 
0092       1 
0093       1 
0094       1 
0095       1 
0096       1 
0097       1 
0098       1 
0099       1 
0100       1 
0101       1 
0102       1 
0103       1 
0104       1 
0105       1 
0106       1 
0107       1 
0108       1 
0109       1 
0110       1 
0111       1 
0112       1 
0113       1 
0114       1 
0115       1 
0116       1 
0117       1 
0118       1 
0119       1 
0120       1 
0121       1 
0122       1 
0123       1 
0124       1 
0125       1 
0126       1 
0127       1 
0128       1 
0129       1 
0130       1 
0131       1 
0132       1 
0133       1 
0134       1 
0135       1 
0136       1 
0137       1 
0138       1 
0139       1 
0140       1 
0141       1 
0142       1 
0143       1 
0144       1 
0145       1 
0146       1 
0147       1 
0148       1 
0149       1 
0150       1 
0151       1 
0152       1 
0153       1 
0154       1 
0155       31787 
0156       31807 
0157       31787 
0158       31791 
0159       31771 
0160       31771 
0161       31766 
0162       31762 
0163       31747 
0164       31718 
0165       31556 
0166       31540 
0167       31540 
0168       31540 
0169       31696 
0170       31721 
0171       31721 
0172       31721 
0173       31711 
0174       31710 
0175       31710 
0176       31714 
0177       31714 
0178       31568 
0179       31568 
0180       31568 
0181       31571 
0182       31582 
0183       31595 
0184       31582 
0185       31045 
0186       1 
0187       1 
0188       1 
0189       1 
0190       1 
0191       1 
0192       1 
0193       1 
0194       1 
0195       1 
0196       1 
0197       1 
0198       1 
0199       1 
0200       1 
0201       1 
0202       1 
0203       1 
0204       1 
0205       31896 
0206       31938 
0207       31946 
0208       31938 
0209       31938 
0210       1 
0211       1 
0212       1 
0213       1 
0214       1 
0215       1 
0216       1 
0217       29355 
0218       29355 
0219       29415 
0220       29419 
0221       29456 
0222       29479 
0223       29507 
0224       29519 
0225       29519 
0226       1 
0227       1 
0228       1 
0229       1 
0230       1 
0231       1 
0232       1 
0233       1 
0234       25647 
0235       25674 
0236       25721 
0237       25767 
0238       25794 
0239       25823 
0240       25862 
0241       25876 
0242       25936 
0243       25958 
0244       26014 
0245       26056 
0246       26068 
0247       26167 
0248       26202 
0249       26167 
0250       1 
0251       1 
0252       1 
0253       1 
0254       1 
0255       1 
0256       1 
0257       1 
0258       1 
0259       1 
0260       1 
0261       1 
0262       1 
0263       1 
0264       1 
0265       21782 
0266       21782 
0267       21319 
0268       21255 
0269       21303 
0270       21303 
0271       1 
0272       1 
0273       1 
0274       1 
0275       1 
0276       1 
0277       1 
0278       1 
0279       1 
0280       1 
0281       1 
0282       1 
0283       1 
0284       1 
0285       1 
0286       1 
0287       1 
0288       1 
0289       1 
0290       1 
0291       1 
0292       1 
0293       1 
0294       1 
0295       1 
0296       1 
0297       1 
0298       1 
0299       1 
0300       1 
0301       1 
0302       1 
0303       1 
0304       1 
0305       15790 
0306       15790 
0307       15790 
0308       15685 
0309       15481 
0310       15445 
0311       15331 
0312       15202 
0313       15134 
0314       14761 
0315       1 
0316       1 
0317       1 
0318       1 
0319       1 
0320       1 
0321       1 
0322       1 
0323       1 
0324       1 
0325       1 
0326       1 
0327       1 
0328       1 
0329       1 
0330       1 
0331       1 
0332       13461 
0333       13461 
0334       13380 
0335       13286 
0336       13243 
0337       13161 
0338       13102 
0339       13042 
0340       12963 
0341       12934 
0342       12862 
0343       12840 
0344       12729 
0345       12648 
0346       12598 
0347       12548 
0348       12498 
0349       12439 
0350       12377 
0351       12296 
0352       12213 
0353       8017 
0354       8014 
0355       8014 
0356       7959 
0357       7928 
0358       7897 
0359       7820 
0360       7802 
0361       7772 
0362       7761 
0363       7739 
0364       7705 
0365       7653 
0366       7598 
0367       7585 
0368       7579 
0369       7553 
0370       7509 
0371       7501 
0372       7450 
0373       7410 
0374       7379 
0375       7371 
0376       7367 
0377       7333 
0378       7310 
0379       7269 
0380       7244 
0381       7204 
0382       7177 
0383       7175 
0384       7162 
0385       7137 
0386       7114 
0387       7080 
0388       7065 
0389       7039 
0390       6995 
0391       6959 
0392       6957 
0393       6957 
0394       6915 
0395       6913 
0396       6886 
0397       6861 
0398       6837 
0399       6804 
0400       6777 
0401       6762 
0402       6751 
0403       6730 
0404       6711 
0405       6702 
0406       6690 
0407       6675 
0408       6646 
0409       6612 
0410       6599 
0411       6593 
0412       6574 
0413       6553 
0414       6550 
0415       6530 
0416       6516 
0417       6499 
0418       6497 
0419       6454 
0420       6422 
0421       6415 
0422       6412 
0423       6412 
0424       6386 
0425       6370 
0426       6365 
0427       6335 
0428       6324 
0429       6308 
0430       6285 
0431       6279 
0432       6266 
0433       6266 
0434       6246 
0435       6230 
0436       6225 
0437       6210 
0438       6202 
0439       6197 
0440       6172 
0441       6171 
0442       6141 
0443       6127 
0444       6121 
0445       6114 
0446       6113 
0447       6104 
0448       6092 
0449       6080 
0450       6074 
0451       6056 
0452       6031 
0453       6018 
0454       6018 
0455       6018 
0456       6018 
0457       5999 
0458       5975 
0459       5956 
0460       5956 
0461       5956 
0462       5949 
0463       5947 
0464       5926 
0465       5910 
0466       5903 
0467       5897 
0468       5896 
0469       5896 
0470       5890 
0471       5877 
0472       5873 
0473       5858 
0474       5849 
0475       5856 
0476       5849 
0477       5842 
0478       5810 
0479       5810 
0480       5814 
0481       5814 
0482       5804 
0483       5804 
0484       5801 
0485       5793 
0486       5781 
0487       5776 
0488       5773 
0489       5772 
0490       5748 
0491       5721 
0492       5721 
0493       5732 
0494       5739 
0495       5739 
0496       5736 
0497       5727 
0498       5723 
0499       5723 
0500       5721 
0501       5712 
0502       5712 
0503       5712 
0504       5676 
0505       5674 
0506       5676 
0507       5699 
0508       5699 
0509       5687 
0510       5673 
0511       5673 
0512       5674 
0513       5674 
0514       5666 
0515       5666 
0516       5663 
0517       5663 
0518       5644 
0519       5644 
0520       5661 
0521       5661 
0522       5651 
0523       5648 
0524       5648 
0525       5658 
0526       5658 
0527       5658 
0528       5645 
0529       5645 
0530       5644 
0531       5643 
0532       5637 
0533       5637 
0534       5637 
0535       5636 
0536       5636 
0537       5640 
0538       5645 
0539       5645 
0540       5644 
0541       5642 
0542       5642 
0543       5642 
0544       5631 
0545       5623 
0546       5631 
0547       5635 
0548       5639 
0549       5642 
0550       5648 
0551       5654 
0552       5655 
0553       5659 
0554       5659 
0555       5666 
0556       5656 
0557       5646 
0558       5637 
0559       5637 
0560       5645 
0561       5662 
0562       5668 
0563       5686 
0564       5677 
0565       5686 
0566       5693 
0567       5697 
0568       5694 
0569       5697 
0570       5695 
0571       5695 
0572       5695 
0573       5700 
0574       5702 
0575       5714 
0576       5720 
0577       5734 
0578       5735 
0579       5741 
0580       5741 
0581       5741 
0582       5754 
0583       5766 
0584       5766 
0585       5742 
0586       5742 
0587       5763 
0588       5792 
0589       5792 
0590       5794 
0591       5794 
0592       5812 
0593       5815 
0594       5816 
0595       5827 
0596       5837 
0597       5834 
0598       5837 
0599       5834 
0600       5843 
0601       5826 
0602       1 
0603       1 
0604       1 
0605       1 
0606       1 
0607       1 
0608       1 
0609       1 
0610       1 
0611       1 
0612       1 
0613       1 
0614       9277 
0615       9288 
0616       9290 
0617       9309 
0618       9316 
0619       9338 
0620       9354 
0621       9375 
0622       9385 
0623       9401 
0624       9424 
0625       9433 
0626       9458 
0627       9482 
0628       9490 
0629       9499 
0630       9524 
0631       9559 
0632       9559 
0633       9589 
0634       9606 
0635       9626 
0636       9654 
0637       9680 
0638       9711 
0639       9730 
0640       9755 
0641       9785 
0642       9806 
0643       9835 
0644       9852 
0645       9877 
0646       9910 
0647       9921 
0648       9955 
0649       9974 
0650       10015 
0651       10043 
0652       10070 
0653       10087 
0654       10139 
0655       10154 
0656       10183 
0657       10211 
0658       10301 
0659       10459 
0660       10497 
0661       10514 
0662       10549 
0663       10581 
0664       10617 
0665       10646 
0666       10700 
0667       10712 
0668       10766 
0669       10769 
0670       10822 
0671       10840 
0672       10894 
0673       10923 
0674       10970 
0675       11031 
0676       11033 
0677       11077 
0678       11134 
0679       11150 
0680       11202 
0681       11228 
0682       11272 
0683       11360 
0684       11397 
0685       11411 
0686       11452 
0687       11507 
0688       11562 
0689       11598 
0690       11651 
0691       11685 
0692       11734 
0693       11784 
0694       11817 
0695       11881 
0696       11953 
0697       11962 
0698       12032 
0699       12093 
0700       12138 
0701       12200 
0702       12229 
0703       12304 
0704       12365 
0705       12416 
0706       12494 
0707       12511 
0708       12590 
0709       12631 
0710       12677 
0711       12723 
0712       12832 
0713       12848 
0714       12948 
0715       12987 
0716       13027 
0717       13106 
0718       13175 
0719       13220 
0720       13294 
0721       13306 
0722       13380 
0723       13387 
0724       13395 
0725       13438 
0726       13500 
0727       13562 
0728       13614 
0729       13688 
0730       13740 
0731       13756 
0732       13756 
0733       13683 
0734       13629 
0735       13600 
0736       13552 
0737       13501 
0738       13442 
0739       13404 
0740       13371 
0741       13333 
0742       13274 
0743       13256 
0744       13173 
0745       13148 
0746       13125 
0747       13065 
0748       13023 
0749       13008 
0750       12946 
0751       12892 
0752       12849 
0753       12847 
0754       12813 
0755       12742 
0756       12731 
0757       12682 
0758       12647 
0759       12619 
0760       12587 
0761       12546 
0762       12491 
0763       12480 
0764       12430 
0765       12406 
0766       12386 
0767       12376 
0768       12376 
0769       12500 
0770       12680 
0771       12764 
0772       12911 
0773       13015 
0774       13119 
0775       13250 
0776       13356 
0777       13475 
0778       13580 
0779       13713 
0780       13809 
0781       13945 
0782       14085 
0783       14275 
0784       14411 
0785       14513 
0786       14689 
0787       14875 
0788       15004 
0789       15152 
0790       15337 
0791       15337 
0792       1 
0793       1 
0794       1 
0795       1 
0796       1 
0797       1 
0798       1 
0799       1 
0800       1 
0801       1 
0802       1 
0803       1 
0804       1 
0805       1 
0806       1 
0807       1 
0808       1 
0809       1 
0810       1 
0811       1 
0812       1 
0813       1 
0814       1 
0815       1 
0816       1 
0817       1 
0818       1 
0819       1 
0820       1 
0821       1 
0822       1 
0823       1 
0824       1 
0825       1 
0826       1 
0827       1 
0828       1 
0829       1 
0830       1 
0831       1 
0832       1 
0833       1 
0834       1 
0835       1 
0836       1 
0837       1 
0838       1 
0839       1 
0840       1 
0841       1 
0842       35602 
0843       35749 
0844       35745 
0845       35745 
0846       35712 
0847       1 
0848       1 
0849       1 
0850       1 
0851       1 
0852       1 
0853       1 
0854       1 
0855       1 
0856       1 
0857       1 
0858       1 
0859       1 
0860       1 
0861       1 
0862       1 
0863       1 
0864       1 
0865       1 
0866       1 
0867       1 
0868       1 
0869       1 
0870       1 
0871       1 
0872       1 
0873       1 
0874       1 
0875       1 
0876       1 
0877       1 
0878       1 
0879       1 
0880       1 
0881       1 
0882       1 
0883       1 
0884       1 
0885       1 
0886       1 
0887       1 
0888       1 
0889       1 
0890       1 
0891       1 
0892       1 
0893       1 
0894       1 
0895       1 
0896       1 
0897       1 
0898       1 
0899       1 
0900       1 
0901       1 
0902       1 
0903       1 
0904       1 
0905       1 
0906       1 
0907       1 
0908       1 
0909       1 
0910       1 
0911       1 
0912       1 
0913       1 
0914       1 
0915       1 
0916       1 
0917       1 
0918       1 
0919       1 
0920       1 
0921       1 
0922       1 
0923       1 
0924       1 
0925       1 
0926       1 
0927       1 
0928       1 
0929       1 
0930       1 
0931       1 
0932       1 
0933       1 
0934       1 
0935       1 
0936       1 
0937       1 
0938       1 
0939       1 
0940       1 
0941       1 
0942       1 
0943       1 
0944       1 
0945       1 
0946       1 
0947       1 
0948       1 
0949       1 
0950       1 
0951       1 
0952       1 
0953       1 
0954       1 
0955       1 
0956       1 
0957       1 
0958       1 
0959       1 
0960       1 
0961       1 
0962       1 
0963       1 
0964       1 
0965       1 
0966       1 
0967       1 
0968       1 
0969       1 
0970       1 
0971       1 
0972       1 
0973       1 
0974       1 
0975       1 
0976       1 
0977       1 
0978       1 
0979       1 
0980       1 
0981       1 
0982       1 
0983       1 
0984       1 
0985       1 
0986       1 
0987       1 
0988       1 
0989       1 
0990       1 
0991       1 
0992       1 
0993       1 
0994       1 
0995       1 
0996       1 
0997       1 
0998       1 
0999       1 
1000       1 
1001       1 
1002       1 
1003       1 
1004       1 
1005       1 
1006       1 
1007       4 
1008       4 
1009       4 
1010       48 
1011       53 
1012       57 
1013       69 
1014       72 
1015       69 
1016       70 
1017       69 
1018       52 
1019       51 
1020       52 
1021       52 
1022       59 
1023       59 
1024       59 
1025       58 
1026       58 
1027       58 
1028       58 
1029       58 
1030       50 
1031       49 
1032       49 
1033       49 
1034       57 
1035       64 
1036       66 
1037       66 
1038       68 
1039       72 
1040       72 
1041       72 
1042       72 
1043       66 
1044       66 
1045       73 
1046       73 
1047       67 
1048       67 
1049       67 
1050       67 
1051       67 
1052       65 
1053       66 
1054       66 
1055       65 
1056       66 
1057       66 
1058       66 
1059       62 
1060       66 
1061       61 
1062       61 
1063       66 
1064       67 
1065       66 
1066       66 
1067       64 
1068       64 
1069       64 
1070       64 
1071       65 
1072       71 
1073       71 
1074       69 
1075       69 
1076       69 
1077       69 
1078       67 
1079       67 
1297966662.355667
