0000       1 
0001       1 
0002       1 
0003       1 
0004       1 
0005       1 
0006       1 
0007       1 
0008       1 
0009       1 
0010       1 
0011       1 
0012       1 
0013       1 
0014       1 
0015       1 
0016       1 
0017       1 
0018       1 
0019       1 
0020       1 
0021       1 
0022       1 
0023       1 
0024       1 
0025       1 
0026       1 
0027       1 
0028       1 
0029       1 
0030       1 
0031       1 
0032       1 
0033       1 
0034       1 
0035       1 
0036       1 
0037       1 
0038       1 
0039       1 
0040       1 
0041       1 
0042       1 
0043       1 
0044       1 
0045       1 
0046       1 
0047       1 
0048       1 
0049       1 
0050       1 
0051       1 
0052       1 
0053       1 
0054       1 
0055       1 
0056       1 
0057       1 
0058       1 
0059       1 
0060       1 
0061       1 
0062       1 
0063       1 
0064       1 
0065       1 
0066       1 
0067       1 
0068       1 
0069       1 
0070       1 
0071       1 
0072       1 
0073       1 
0074       1 
0075       1 
0076       1 
0077       1 
0078       1 
0079       1 
0080       1 
0081       1 
0082       1 
0083       1 
0084       1 
0085       1 
0086       1 
0087       1 
0088       1 
0089       1 
0090       1 
0091       1 
0092       1 
0093       1 
0094       1 
0095       1 
0096       1 
0097       1 
0098       1 
0099       1 
0100       1 
0101       1 
0102       1 
0103       1 
0104       1 
0105       1 
0106       1 
0107       1 
0108       1 
0109       1 
0110       1 
0111       1 
0112       1 
0113       1 
0114       1 
0115       1 
0116       1 
0117       1 
0118       1 
0119       1 
0120       1 
0121       1 
0122       1 
0123       1 
0124       1 
0125       1 
0126       1 
0127       1 
0128       1 
0129       1 
0130       1 
0131       1 
0132       1 
0133       1 
0134       1 
0135       1 
0136       1 
0137       1 
0138       1 
0139       1 
0140       1 
0141       1 
0142       1 
0143       1 
0144       1 
0145       1 
0146       1 
0147       1 
0148       1 
0149       1 
0150       1 
0151       1 
0152       1 
0153       1 
0154       1 
0155       1 
0156       1 
0157       1 
0158       1 
0159       1 
0160       1 
0161       1 
0162       1 
0163       1 
0164       1 
0165       1 
0166       1 
0167       1 
0168       1 
0169       1 
0170       1 
0171       1 
0172       1 
0173       1 
0174       1 
0175       1 
0176       1 
0177       1 
0178       1 
0179       1 
0180       1 
0181       1 
0182       1 
0183       1 
0184       1 
0185       1 
0186       1 
0187       1 
0188       1 
0189       1 
0190       1 
0191       1 
0192       1 
0193       1 
0194       1 
0195       1 
0196       1 
0197       1 
0198       1 
0199       1 
0200       1 
0201       1 
0202       1 
0203       1 
0204       1 
0205       1 
0206       1 
0207       1 
0208       1 
0209       1 
0210       1 
0211       1 
0212       1 
0213       1 
0214       1 
0215       1 
0216       1 
0217       21565 
0218       21565 
0219       21428 
0220       1 
0221       1 
0222       1 
0223       1 
0224       1 
0225       1 
0226       1 
0227       1 
0228       1 
0229       1 
0230       1 
0231       1 
0232       1 
0233       1 
0234       1 
0235       1 
0236       1 
0237       1 
0238       1 
0239       1 
0240       1 
0241       1 
0242       1 
0243       1 
0244       1 
0245       1 
0246       1 
0247       1 
0248       1 
0249       1 
0250       1 
0251       1 
0252       1 
0253       1 
0254       1 
0255       1 
0256       1 
0257       1 
0258       1 
0259       1 
0260       1 
0261       1 
0262       1 
0263       1 
0264       1 
0265       1 
0266       1 
0267       1 
0268       1 
0269       1 
0270       1 
0271       1 
0272       1 
0273       1 
0274       1 
0275       1 
0276       1 
0277       1 
0278       1 
0279       1 
0280       1 
0281       1 
0282       1 
0283       19286 
0284       19286 
0285       19170 
0286       18626 
0287       1 
0288       1 
0289       1 
0290       1 
0291       1 
0292       1 
0293       1 
0294       1 
0295       1 
0296       1 
0297       1 
0298       1 
0299       10747 
0300       10747 
0301       10669 
0302       10591 
0303       10509 
0304       10421 
0305       10372 
0306       10350 
0307       10350 
0308       10364 
0309       10409 
0310       10438 
0311       10455 
0312       10492 
0313       10527 
0314       10568 
0315       10597 
0316       10627 
0317       10663 
0318       10690 
0319       10748 
0320       10771 
0321       10797 
0322       10824 
0323       10866 
0324       10932 
0325       10939 
0326       10989 
0327       11014 
0328       11041 
0329       11087 
0330       11123 
0331       11189 
0332       11189 
0333       11271 
0334       11294 
0335       12928 
0336       13073 
0337       13003 
0338       13003 
0339       12948 
0340       12894 
0341       12825 
0342       12751 
0343       12622 
0344       12524 
0345       12486 
0346       12423 
0347       12389 
0348       12354 
0349       12283 
0350       12213 
0351       12147 
0352       12125 
0353       12078 
0354       12023 
0355       11963 
0356       11915 
0357       11847 
0358       11797 
0359       11783 
0360       11712 
0361       11649 
0362       11602 
0363       11559 
0364       11486 
0365       11451 
0366       11420 
0367       11346 
0368       11324 
0369       11324 
0370       11347 
0371       11347 
0372       11341 
0373       11325 
0374       11267 
0375       11223 
0376       11195 
0377       11131 
0378       11121 
0379       11088 
0380       11047 
0381       11020 
0382       10963 
0383       10892 
0384       10881 
0385       10857 
0386       10809 
0387       10778 
0388       10741 
0389       10713 
0390       10665 
0391       10635 
0392       10600 
0393       10545 
0394       10522 
0395       10465 
0396       10430 
0397       10415 
0398       10375 
0399       10360 
0400       10350 
0401       10294 
0402       10273 
0403       10262 
0404       10209 
0405       10182 
0406       10154 
0407       10108 
0408       10103 
0409       10091 
0410       10037 
0411       10023 
0412       9988 
0413       9967 
0414       9930 
0415       9924 
0416       9875 
0417       9870 
0418       9847 
0419       9840 
0420       9809 
0421       9752 
0422       9730 
0423       9716 
0424       9711 
0425       9655 
0426       9618 
0427       9617 
0428       9606 
0429       9570 
0430       9559 
0431       9514 
0432       9512 
0433       9472 
0434       9454 
0435       9428 
0436       9427 
0437       9416 
0438       9399 
0439       9360 
0440       9328 
0441       9310 
0442       9272 
0443       9268 
0444       9267 
0445       9258 
0446       9231 
0447       9213 
0448       9188 
0449       9159 
0450       9153 
0451       9133 
0452       9107 
0453       9081 
0454       9080 
0455       9046 
0456       9044 
0457       9010 
0458       9004 
0459       8983 
0460       8973 
0461       8965 
0462       8963 
0463       8951 
0464       8929 
0465       8917 
0466       8897 
0467       8890 
0468       8890 
0469       8868 
0470       8864 
0471       8839 
0472       8834 
0473       8825 
0474       8815 
0475       8776 
0476       8776 
0477       8773 
0478       8768 
0479       8744 
0480       8741 
0481       8736 
0482       8720 
0483       8716 
0484       8696 
0485       8696 
0486       8693 
0487       8693 
0488       8690 
0489       8677 
0490       8651 
0491       8651 
0492       8644 
0493       8644 
0494       8631 
0495       8623 
0496       8604 
0497       8601 
0498       8601 
0499       8605 
0500       8605 
0501       8598 
0502       8568 
0503       8568 
0504       8549 
0505       8556 
0506       8548 
0507       8548 
0508       8540 
0509       8540 
0510       8537 
0511       8535 
0512       8532 
0513       8530 
0514       8526 
0515       8515 
0516       8508 
0517       8506 
0518       8506 
0519       8502 
0520       8502 
0521       8490 
0522       8490 
0523       8499 
0524       8499 
0525       8509 
0526       8491 
0527       8501 
0528       8501 
0529       8501 
0530       8490 
0531       8484 
0532       8484 
0533       8484 
0534       8495 
0535       8495 
0536       8495 
0537       8488 
0538       8488 
0539       8493 
0540       8509 
0541       8504 
0542       8509 
0543       8507 
0544       8510 
0545       8507 
0546       8511 
0547       8514 
0548       8514 
0549       8523 
0550       8522 
0551       8522 
0552       8517 
0553       8515 
0554       8517 
0555       8522 
0556       8541 
0557       8545 
0558       8546 
0559       8551 
0560       8552 
0561       8557 
0562       8558 
0563       8566 
0564       8571 
0565       8578 
0566       8584 
0567       8586 
0568       8587 
0569       8590 
0570       8602 
0571       8623 
0572       8624 
0573       8624 
0574       8624 
0575       8643 
0576       8646 
0577       8646 
0578       8646 
0579       8647 
0580       8649 
0581       8671 
0582       8682 
0583       8682 
0584       8679 
0585       8679 
0586       8696 
0587       8720 
0588       8734 
0589       8736 
0590       8757 
0591       8764 
0592       8780 
0593       8783 
0594       8793 
0595       8803 
0596       8805 
0597       8825 
0598       8835 
0599       8847 
0600       8850 
0601       8867 
0602       8878 
0603       8890 
0604       8906 
0605       8909 
0606       8922 
0607       8927 
0608       8938 
0609       8952 
0610       8964 
0611       9003 
0612       9003 
0613       9006 
0614       9015 
0615       9027 
0616       9050 
0617       9055 
0618       9058 
0619       9084 
0620       9096 
0621       9112 
0622       9117 
0623       9126 
0624       9148 
0625       9151 
0626       9193 
0627       9201 
0628       9213 
0629       9228 
0630       9254 
0631       9270 
0632       9283 
0633       9305 
0634       9321 
0635       9333 
0636       9346 
0637       9371 
0638       9403 
0639       9404 
0640       9424 
0641       9441 
0642       9468 
0643       9487 
0644       9520 
0645       9526 
0646       9546 
0647       9568 
0648       9591 
0649       9605 
0650       9617 
0651       9665 
0652       9683 
0653       9694 
0654       9716 
0655       9754 
0656       9775 
0657       9823 
0658       9825 
0659       9843 
0660       9878 
0661       9912 
0662       9937 
0663       9952 
0664       9987 
0665       10024 
0666       10052 
0667       10098 
0668       10100 
0669       10139 
0670       10156 
0671       10182 
0672       10228 
0673       10250 
0674       10273 
0675       10319 
0676       10368 
0677       10376 
0678       10404 
0679       10446 
0680       10471 
0681       10495 
0682       10529 
0683       10597 
0684       10607 
0685       10656 
0686       10669 
0687       10692 
0688       10749 
0689       10770 
0690       10821 
0691       10862 
0692       10888 
0693       10919 
0694       10946 
0695       11004 
0696       11066 
0697       11094 
0698       11126 
0699       11153 
0700       11157 
0701       11183 
0702       11205 
0703       11210 
0704       11217 
0705       11238 
0706       11263 
0707       11293 
0708       11347 
0709       11375 
0710       11438 
0711       11478 
0712       11515 
0713       11570 
0714       11602 
0715       11653 
0716       11723 
0717       11762 
0718       11807 
0719       11861 
0720       11896 
0721       11901 
0722       11901 
0723       1 
0724       1 
0725       1 
0726       1 
0727       8917 
0728       8921 
0729       8957 
0730       9033 
0731       9050 
0732       9100 
0733       9148 
0734       9172 
0735       9232 
0736       9298 
0737       9321 
0738       9373 
0739       9373 
0740       9373 
0741       9362 
0742       9356 
0743       9351 
0744       9321 
0745       9313 
0746       9302 
0747       9198 
0748       9139 
0749       9007 
0750       8991 
0751       8961 
0752       8927 
0753       8922 
0754       8887 
0755       8877 
0756       8829 
0757       8800 
0758       8761 
0759       8748 
0760       6805 
0761       6782 
0762       6782 
0763       6778 
0764       6727 
0765       6727 
0766       6667 
0767       6627 
0768       6562 
0769       6560 
0770       6524 
0771       6458 
0772       6439 
0773       6399 
0774       6350 
0775       6341 
0776       6297 
0777       6259 
0778       6254 
0779       6195 
0780       6137 
0781       6125 
0782       6051 
0783       6047 
0784       6047 
0785       6076 
0786       6118 
0787       6137 
0788       6187 
0789       6218 
0790       6292 
0791       6334 
0792       6395 
0793       6449 
0794       6521 
0795       6591 
0796       6667 
0797       6740 
0798       6820 
0799       6871 
0800       6952 
0801       7040 
0802       7200 
0803       7323 
0804       7418 
0805       7520 
0806       7625 
0807       7732 
0808       7819 
0809       7819 
0810       7819 
0811       7871 
0812       7996 
0813       8075 
0814       8297 
0815       8549 
0816       8680 
0817       8741 
0818       8830 
0819       8956 
0820       9044 
0821       9170 
0822       9292 
0823       9438 
0824       9546 
0825       9680 
0826       9824 
0827       9963 
0828       10093 
0829       10252 
0830       10335 
0831       10483 
0832       10620 
0833       10809 
0834       10982 
0835       11234 
0836       11362 
0837       11559 
0838       11778 
0839       11926 
0840       12190 
0841       12364 
0842       12661 
0843       12661 
0844       12661 
0845       1 
0846       1 
0847       1 
0848       1 
0849       1 
0850       1 
0851       14921 
0852       14921 
0853       1 
0854       1 
0855       1 
0856       1 
0857       1 
0858       1 
0859       1 
0860       1 
0861       1 
0862       1 
0863       1 
0864       1 
0865       1 
0866       1 
0867       1 
0868       1 
0869       1 
0870       1 
0871       1 
0872       1 
0873       1 
0874       1 
0875       1 
0876       1 
0877       1 
0878       1 
0879       1 
0880       1 
0881       1 
0882       1 
0883       1 
0884       1 
0885       1 
0886       1 
0887       1 
0888       1 
0889       1 
0890       1 
0891       1 
0892       1 
0893       1 
0894       1 
0895       1 
0896       1 
0897       1 
0898       1 
0899       1 
0900       1 
0901       1 
0902       1 
0903       1 
0904       25897 
0905       25901 
0906       25901 
0907       25901 
0908       1 
0909       1 
0910       25791 
0911       25791 
0912       25791 
0913       25791 
0914       1 
0915       1 
0916       1 
0917       1 
0918       1 
0919       1 
0920       1 
0921       1 
0922       1 
0923       1 
0924       1 
0925       1 
0926       1 
0927       1 
0928       1 
0929       1 
0930       1 
0931       1 
0932       1 
0933       1 
0934       1 
0935       1 
0936       1 
0937       1 
0938       1 
0939       1 
0940       1 
0941       1 
0942       1 
0943       1 
0944       1 
0945       1 
0946       1 
0947       1 
0948       1 
0949       1 
0950       1 
0951       1 
0952       1 
0953       1 
0954       1 
0955       1 
0956       1 
0957       1 
0958       1 
0959       1 
0960       1 
0961       1 
0962       1 
0963       1 
0964       1 
0965       1 
0966       1 
0967       1 
0968       1 
0969       1 
0970       1 
0971       1 
0972       1 
0973       1 
0974       1 
0975       1 
0976       1 
0977       1 
0978       1 
0979       1 
0980       1 
0981       1 
0982       1 
0983       1 
0984       1 
0985       1 
0986       1 
0987       1 
0988       1 
0989       1 
0990       1 
0991       1 
0992       1 
0993       1 
0994       1 
0995       1 
0996       1 
0997       1 
0998       1 
0999       1 
1000       1 
1001       1 
1002       1 
1003       1 
1004       1 
1005       1 
1006       4 
1007       4 
1008       42 
1009       52 
1010       53 
1011       53 
1012       53 
1013       53 
1014       53 
1015       53 
1016       54 
1017       62 
1018       62 
1019       62 
1020       55 
1021       55 
1022       55 
1023       57 
1024       58 
1025       62 
1026       62 
1027       62 
1028       60 
1029       59 
1030       56 
1031       55 
1032       55 
1033       55 
1034       55 
1035       64 
1036       68 
1037       70 
1038       76 
1039       76 
1040       76 
1041       74 
1042       73 
1043       73 
1044       71 
1045       69 
1046       71 
1047       71 
1048       71 
1049       71 
1050       71 
1051       67 
1052       69 
1053       67 
1054       64 
1055       64 
1056       64 
1057       64 
1058       69 
1059       70 
1060       72 
1061       70 
1062       69 
1063       65 
1064       65 
1065       65 
1066       71 
1067       74 
1068       74 
1069       71 
1070       63 
1071       63 
1072       63 
1073       68 
1074       68 
1075       71 
1076       68 
1077       71 
1078       71 
1079       71 
1297966628.483542
