0000       4650 
0001       4650 
0002       4651 
0003       4653 
0004       4657 
0005       4663 
0006       4678 
0007       4681 
0008       4684 
0009       4693 
0010       4700 
0011       4709 
0012       4711 
0013       4714 
0014       4718 
0015       4720 
0016       4732 
0017       4736 
0018       4746 
0019       4756 
0020       4765 
0021       4766 
0022       4777 
0023       4789 
0024       4794 
0025       4805 
0026       4806 
0027       4818 
0028       4824 
0029       4833 
0030       4836 
0031       4847 
0032       4857 
0033       4864 
0034       4867 
0035       4886 
0036       4893 
0037       4895 
0038       4921 
0039       5061 
0040       5185 
0041       5191 
0042       5194 
0043       5215 
0044       5220 
0045       5223 
0046       5255 
0047       5255 
0048       5265 
0049       5278 
0050       5286 
0051       5304 
0052       5311 
0053       5336 
0054       5338 
0055       5352 
0056       5368 
0057       5380 
0058       5394 
0059       5416 
0060       5419 
0061       5448 
0062       5450 
0063       5457 
0064       5473 
0065       5501 
0066       5510 
0067       5523 
0068       5534 
0069       5553 
0070       5568 
0071       5577 
0072       5597 
0073       5612 
0074       5619 
0075       5654 
0076       5664 
0077       5669 
0078       5689 
0079       5706 
0080       5714 
0081       5717 
0082       5717 
0083       5729 
0084       5736 
0085       5740 
0086       5736 
0087       5721 
0088       5684 
0089       5652 
0090       5648 
0091       5648 
0092       5693 
0093       5715 
0094       5725 
0095       5752 
0096       5791 
0097       5791 
0098       1 
0099       1 
0100       1 
0101       1 
0102       1 
0103       1 
0104       1 
0105       1 
0106       1 
0107       1 
0108       1 
0109       1 
0110       1 
0111       1 
0112       1 
0113       1 
0114       1 
0115       1 
0116       9533 
0117       9533 
0118       9192 
0119       1 
0120       1 
0121       1 
0122       9192 
0123       9244 
0124       9244 
0125       9191 
0126       9167 
0127       9125 
0128       9088 
0129       9050 
0130       9012 
0131       8997 
0132       8949 
0133       8915 
0134       8905 
0135       8841 
0136       8832 
0137       7185 
0138       7142 
0139       7185 
0140       7220 
0141       7220 
0142       7272 
0143       8533 
0144       8533 
0145       8511 
0146       8494 
0147       8435 
0148       8411 
0149       8403 
0150       8323 
0151       8319 
0152       8293 
0153       8282 
0154       8246 
0155       8195 
0156       8182 
0157       7991 
0158       7991 
0159       8023 
0160       8045 
0161       8063 
0162       8063 
0163       8043 
0164       8025 
0165       8025 
0166       8103 
0167       8173 
0168       8173 
0169       1 
0170       1 
0171       1 
0172       1 
0173       1 
0174       1 
0175       1 
0176       1 
0177       1 
0178       1 
0179       1 
0180       1 
0181       9204 
0182       9381 
0183       9424 
0184       9433 
0185       9433 
0186       9412 
0187       9412 
0188       9415 
0189       9436 
0190       9436 
0191       9432 
0192       9431 
0193       9395 
0194       9373 
0195       9373 
0196       9353 
0197       9322 
0198       9304 
0199       9304 
0200       9262 
0201       9257 
0202       9237 
0203       9208 
0204       9208 
0205       9207 
0206       8943 
0207       8811 
0208       8811 
0209       8815 
0210       9024 
0211       9050 
0212       9059 
0213       9051 
0214       9051 
0215       9047 
0216       9032 
0217       9016 
0218       7769 
0219       7703 
0220       7636 
0221       7611 
0222       7585 
0223       7585 
0224       7576 
0225       7573 
0226       7573 
0227       7573 
0228       7561 
0229       7559 
0230       7559 
0231       7568 
0232       7598 
0233       7598 
0234       7570 
0235       7570 
0236       7634 
0237       7726 
0238       8007 
0239       8203 
0240       8007 
0241       7573 
0242       7537 
0243       7573 
0244       8671 
0245       8671 
0246       8664 
0247       8638 
0248       8638 
0249       8634 
0250       8619 
0251       8607 
0252       8606 
0253       8604 
0254       8584 
0255       8584 
0256       8581 
0257       8571 
0258       8567 
0259       8540 
0260       8540 
0261       8536 
0262       8537 
0263       8524 
0264       8505 
0265       8504 
0266       8503 
0267       8501 
0268       8501 
0269       8489 
0270       8484 
0271       8475 
0272       8475 
0273       8472 
0274       8470 
0275       8463 
0276       8449 
0277       8447 
0278       8447 
0279       8446 
0280       8441 
0281       8441 
0282       8441 
0283       8432 
0284       8432 
0285       8413 
0286       8418 
0287       8418 
0288       8418 
0289       8425 
0290       8425 
0291       8425 
0292       8414 
0293       8402 
0294       8409 
0295       8409 
0296       8409 
0297       8402 
0298       8399 
0299       8402 
0300       8394 
0301       8405 
0302       8402 
0303       8402 
0304       8402 
0305       8403 
0306       8403 
0307       8403 
0308       8402 
0309       8414 
0310       8416 
0311       8416 
0312       8404 
0313       8404 
0314       8411 
0315       8412 
0316       8411 
0317       8410 
0318       8410 
0319       8434 
0320       8440 
0321       8443 
0322       8443 
0323       8443 
0324       8448 
0325       8450 
0326       8450 
0327       8450 
0328       8459 
0329       8463 
0330       8468 
0331       8468 
0332       8488 
0333       8488 
0334       8488 
0335       8499 
0336       8513 
0337       8513 
0338       8509 
0339       8509 
0340       8549 
0341       8549 
0342       8550 
0343       8554 
0344       8574 
0345       8575 
0346       8582 
0347       8583 
0348       8584 
0349       8604 
0350       8614 
0351       8616 
0352       8637 
0353       8637 
0354       8637 
0355       8658 
0356       8659 
0357       8664 
0358       8672 
0359       8693 
0360       8708 
0361       8709 
0362       8713 
0363       8752 
0364       8752 
0365       8752 
0366       8770 
0367       8792 
0368       8796 
0369       8807 
0370       8820 
0371       8839 
0372       8845 
0373       8856 
0374       8863 
0375       8874 
0376       8895 
0377       8912 
0378       8928 
0379       8930 
0380       8940 
0381       8969 
0382       8972 
0383       8973 
0384       8987 
0385       8992 
0386       9022 
0387       9060 
0388       9075 
0389       9082 
0390       9099 
0391       9099 
0392       9091 
0393       9035 
0394       8975 
0395       8939 
0396       8937 
0397       8917 
0398       8909 
0399       8866 
0400       8750 
0401       8657 
0402       8626 
0403       8613 
0404       8599 
0405       8608 
0406       8599 
0407       8584 
0408       8584 
0409       8613 
0410       8613 
0411       8604 
0412       8604 
0413       8617 
0414       8617 
0415       8617 
0416       8611 
0417       8606 
0418       8595 
0419       8506 
0420       8451 
0421       8451 
0422       8502 
0423       8718 
0424       8821 
0425       8994 
0426       9673 
0427       9852 
0428       9901 
0429       9982 
0430       9983 
0431       10002 
0432       10002 
0433       10007 
0434       10122 
0435       10122 
0436       10130 
0437       10157 
0438       10182 
0439       10185 
0440       10233 
0441       10257 
0442       10276 
0443       10281 
0444       10281 
0445       10281 
0446       10329 
0447       10355 
0448       10365 
0449       10378 
0450       10490 
0451       10549 
0452       10612 
0453       10650 
0454       10695 
0455       10720 
0456       10765 
0457       10779 
0458       10829 
0459       10850 
0460       10900 
0461       10960 
0462       10961 
0463       11039 
0464       11083 
0465       11130 
0466       11161 
0467       11189 
0468       11238 
0469       11250 
0470       11345 
0471       11399 
0472       11433 
0473       11481 
0474       11523 
0475       11570 
0476       11614 
0477       11682 
0478       11737 
0479       11778 
0480       11843 
0481       11870 
0482       11907 
0483       11961 
0484       12041 
0485       12073 
0486       12151 
0487       12161 
0488       12221 
0489       12268 
0490       12325 
0491       12353 
0492       12375 
0493       12443 
0494       12590 
0495       12612 
0496       12668 
0497       12672 
0498       12770 
0499       12962 
0500       13033 
0501       13068 
0502       13183 
0503       13186 
0504       13289 
0505       13362 
0506       13415 
0507       13523 
0508       13570 
0509       13675 
0510       13716 
0511       13812 
0512       13895 
0513       13971 
0514       14034 
0515       14156 
0516       14243 
0517       14316 
0518       14404 
0519       14440 
0520       14592 
0521       14592 
0522       1 
0523       1 
0524       1 
0525       1 
0526       1 
0527       1 
0528       1 
0529       1 
0530       1 
0531       1 
0532       1 
0533       1 
0534       1 
0535       15669 
0536       15669 
0537       15643 
0538       15596 
0539       15582 
0540       15522 
0541       15480 
0542       15467 
0543       15416 
0544       15381 
0545       15343 
0546       15304 
0547       15285 
0548       15230 
0549       15187 
0550       15163 
0551       15158 
0552       15163 
0553       15198 
0554       15215 
0555       15231 
0556       15257 
0557       15768 
0558       15768 
0559       15025 
0560       15025 
0561       15001 
0562       14954 
0563       14940 
0564       14896 
0565       14893 
0566       14846 
0567       14834 
0568       14809 
0569       14752 
0570       14624 
0571       14523 
0572       14461 
0573       14449 
0574       14419 
0575       14406 
0576       14375 
0577       14346 
0578       14315 
0579       14277 
0580       14262 
0581       14245 
0582       14231 
0583       14188 
0584       14173 
0585       14143 
0586       14140 
0587       14103 
0588       14083 
0589       14082 
0590       14049 
0591       14029 
0592       14013 
0593       14001 
0594       13977 
0595       13971 
0596       13952 
0597       13916 
0598       13916 
0599       13917 
0600       13929 
0601       14027 
0602       14062 
0603       14062 
0604       14078 
0605       15929 
0606       15929 
0607       15929 
0608       16012 
0609       16077 
0610       16078 
0611       16078 
0612       16061 
0613       16035 
0614       16035 
0615       13889 
0616       13855 
0617       13855 
0618       13861 
0619       13839 
0620       13767 
0621       13674 
0622       13573 
0623       13543 
0624       13530 
0625       13525 
0626       13530 
0627       13525 
0628       13504 
0629       13495 
0630       13495 
0631       13581 
0632       13650 
0633       13650 
0634       13646 
0635       13641 
0636       13628 
0637       13624 
0638       13624 
0639       13632 
0640       15588 
0641       15588 
0642       1 
0643       1 
0644       1 
0645       1 
0646       1 
0647       1 
0648       1 
0649       1 
0650       1 
0651       1 
0652       1 
0653       1 
0654       1 
0655       1 
0656       1 
0657       1 
0658       1 
0659       1 
0660       1 
0661       1 
0662       1 
0663       1 
0664       1 
0665       1 
0666       1 
0667       1 
0668       1 
0669       1 
0670       1 
0671       1 
0672       1 
0673       1 
0674       1 
0675       1 
0676       1 
0677       1 
0678       1 
0679       1 
0680       1 
0681       1 
0682       1 
0683       1 
0684       1 
0685       1 
0686       1 
0687       1 
0688       1 
0689       1 
0690       1 
0691       1 
0692       1 
0693       1 
0694       1 
0695       1 
0696       1 
0697       1 
0698       1 
0699       1 
0700       1 
0701       1 
0702       1 
0703       1 
0704       1 
0705       1 
0706       1 
0707       1 
0708       1 
0709       1 
0710       1 
0711       1 
0712       1 
0713       1 
0714       1 
0715       1 
0716       1 
0717       1 
0718       1 
0719       1 
0720       1 
0721       1 
0722       1 
0723       1 
0724       1 
0725       1 
0726       1 
0727       1 
0728       1 
0729       1 
0730       1 
0731       1 
0732       1 
0733       1 
0734       1 
0735       1 
0736       1 
0737       1 
0738       1 
0739       1 
0740       1 
0741       1 
0742       1 
0743       1 
0744       1 
0745       1 
0746       1 
0747       1 
0748       1 
0749       1 
0750       1 
0751       1 
0752       1 
0753       1 
0754       1 
0755       1 
0756       1 
0757       1 
0758       1 
0759       1 
0760       1 
0761       1 
0762       1 
0763       1 
0764       1 
0765       1 
0766       1 
0767       1 
0768       1 
0769       1 
0770       1 
0771       1 
0772       1 
0773       1 
0774       1 
0775       1 
0776       1 
0777       1 
0778       1 
0779       1 
0780       1 
0781       1 
0782       1 
0783       1 
0784       1 
0785       1 
0786       1 
0787       1 
0788       1 
0789       1 
0790       1 
0791       1 
0792       1 
0793       1 
0794       1 
0795       1 
0796       1 
0797       1 
0798       1 
0799       1 
0800       1 
0801       1 
0802       1 
0803       1 
0804       1 
0805       1 
0806       1 
0807       1 
0808       1 
0809       1 
0810       1 
0811       1 
0812       1 
0813       1 
0814       1 
0815       1 
0816       1 
0817       1 
0818       1 
0819       1 
0820       1 
0821       1 
0822       1 
0823       1 
0824       1 
0825       1 
0826       1 
0827       1 
0828       1 
0829       1 
0830       1 
0831       1 
0832       1 
0833       1 
0834       1 
0835       1 
0836       1 
0837       1 
0838       1 
0839       1 
0840       1 
0841       1 
0842       1 
0843       1 
0844       1 
0845       1 
0846       1 
0847       1 
0848       1 
0849       1 
0850       1 
0851       1 
0852       1 
0853       1 
0854       1 
0855       1 
0856       1 
0857       1 
0858       1 
0859       1 
0860       1 
0861       1 
0862       1 
0863       1 
0864       1 
0865       1 
0866       1 
0867       1 
0868       1 
0869       1 
0870       1 
0871       1 
0872       1 
0873       1 
0874       1 
0875       1 
0876       1 
0877       1 
0878       1 
0879       1 
0880       1 
0881       1 
0882       1 
0883       1 
0884       1 
0885       1 
0886       1 
0887       1 
0888       1 
0889       1 
0890       1 
0891       1 
0892       1 
0893       1 
0894       1 
0895       1 
0896       1 
0897       1 
0898       1 
0899       1 
0900       1 
0901       1 
0902       1 
0903       1 
0904       1 
0905       1 
0906       1 
0907       1 
0908       1 
0909       1 
0910       1 
0911       1 
0912       1 
0913       1 
0914       1 
0915       1 
0916       1 
0917       1 
0918       1 
0919       1 
0920       1 
0921       1 
0922       1 
0923       1 
0924       1 
0925       1 
0926       1 
0927       1 
0928       1 
0929       1 
0930       1 
0931       1 
0932       1 
0933       1 
0934       1 
0935       1 
0936       1 
0937       1 
0938       1 
0939       1 
0940       1 
0941       1 
0942       1 
0943       1 
0944       1 
0945       1 
0946       1 
0947       1 
0948       1 
0949       1 
0950       1 
0951       1 
0952       1 
0953       1 
0954       1 
0955       1 
0956       1 
0957       1 
0958       1 
0959       1 
0960       1 
0961       1 
0962       1 
0963       1 
0964       1 
0965       1 
0966       1 
0967       1 
0968       1 
0969       1 
0970       1 
0971       1 
0972       1 
0973       1 
0974       1 
0975       1 
0976       1 
0977       1 
0978       1 
0979       1 
0980       1 
0981       1 
0982       1 
0983       1 
0984       1 
0985       1 
0986       1 
0987       1 
0988       1 
0989       1 
0990       1 
0991       1 
0992       1 
0993       1 
0994       1 
0995       1 
0996       1 
0997       1 
0998       1 
0999       1 
1000       1 
1001       1 
1002       1 
1003       1 
1004       1 
1005       1 
1006       1 
1007       4 
1008       4 
1009       4 
1010       4 
1011       4 
1012       4 
1013       4 
1014       4 
1015       4 
1016       4 
1017       44 
1018       52 
1019       52 
1020       52 
1021       56 
1022       54 
1023       60 
1024       60 
1025       54 
1026       54 
1027       53 
1028       51 
1029       53 
1030       58 
1031       53 
1032       54 
1033       58 
1034       58 
1035       64 
1036       68 
1037       68 
1038       68 
1039       68 
1040       68 
1041       64 
1042       69 
1043       70 
1044       70 
1045       70 
1046       70 
1047       71 
1048       71 
1049       71 
1050       71 
1051       67 
1052       67 
1053       67 
1054       67 
1055       59 
1056       70 
1057       70 
1058       59 
1059       59 
1060       65 
1061       63 
1062       65 
1063       66 
1064       66 
1065       66 
1066       66 
1067       64 
1068       64 
1069       64 
1070       70 
1071       71 
1072       71 
1073       70 
1074       70 
1075       71 
1076       73 
1077       73 
1078       73 
1079       73 
1297966712.774681
