0000       1 
0001       1 
0002       1 
0003       1 
0004       1 
0005       1 
0006       1 
0007       1 
0008       1 
0009       1 
0010       1 
0011       1 
0012       1 
0013       1 
0014       1 
0015       1 
0016       1 
0017       1 
0018       1 
0019       1 
0020       1 
0021       1 
0022       1 
0023       1 
0024       1 
0025       1 
0026       1 
0027       1 
0028       1 
0029       1 
0030       1 
0031       1 
0032       1 
0033       1 
0034       1 
0035       1 
0036       1 
0037       1 
0038       1 
0039       1 
0040       1 
0041       1 
0042       1 
0043       1 
0044       1 
0045       1 
0046       1 
0047       1 
0048       1 
0049       1 
0050       1 
0051       1 
0052       1 
0053       1 
0054       1 
0055       1 
0056       1 
0057       1 
0058       1 
0059       1 
0060       1 
0061       1 
0062       1 
0063       1 
0064       1 
0065       1 
0066       1 
0067       1 
0068       1 
0069       1 
0070       1 
0071       1 
0072       1 
0073       1 
0074       1 
0075       1 
0076       1 
0077       1 
0078       1 
0079       1 
0080       1 
0081       1 
0082       1 
0083       1 
0084       1 
0085       1 
0086       1 
0087       1 
0088       1 
0089       1 
0090       1 
0091       1 
0092       1 
0093       1 
0094       1 
0095       1 
0096       1 
0097       1 
0098       1 
0099       1 
0100       1 
0101       1 
0102       1 
0103       1 
0104       1 
0105       1 
0106       1 
0107       1 
0108       1 
0109       1 
0110       1 
0111       1 
0112       1 
0113       1 
0114       1 
0115       1 
0116       1 
0117       1 
0118       1 
0119       1 
0120       1 
0121       1 
0122       1 
0123       1 
0124       1 
0125       1 
0126       1 
0127       1 
0128       1 
0129       1 
0130       1 
0131       4516 
0132       4534 
0133       4534 
0134       4521 
0135       4521 
0136       4521 
0137       4515 
0138       4508 
0139       4507 
0140       4507 
0141       4507 
0142       4502 
0143       4495 
0144       4495 
0145       4492 
0146       4485 
0147       4485 
0148       4484 
0149       4481 
0150       4478 
0151       4475 
0152       4471 
0153       4469 
0154       4469 
0155       4469 
0156       4465 
0157       4465 
0158       4465 
0159       4465 
0160       4465 
0161       4468 
0162       4468 
0163       4461 
0164       4457 
0165       4457 
0166       4456 
0167       4454 
0168       4457 
0169       4456 
0170       4454 
0171       4452 
0172       4451 
0173       4451 
0174       4451 
0175       4451 
0176       4452 
0177       4452 
0178       4452 
0179       4454 
0180       4452 
0181       4459 
0182       4460 
0183       4460 
0184       4461 
0185       4461 
0186       4461 
0187       4462 
0188       4462 
0189       4462 
0190       4462 
0191       4462 
0192       4462 
0193       4464 
0194       4464 
0195       4476 
0196       4476 
0197       4476 
0198       4476 
0199       4476 
0200       4476 
0201       4480 
0202       4484 
0203       4485 
0204       4486 
0205       4487 
0206       4487 
0207       4494 
0208       4495 
0209       4500 
0210       4500 
0211       4502 
0212       4507 
0213       4508 
0214       4519 
0215       4521 
0216       4524 
0217       4524 
0218       4526 
0219       4532 
0220       4536 
0221       4538 
0222       4540 
0223       4540 
0224       4540 
0225       4540 
0226       4539 
0227       4416 
0228       1 
0229       1 
0230       1 
0231       1 
0232       1 
0233       1 
0234       1 
0235       1 
0236       1 
0237       1 
0238       1 
0239       1 
0240       1 
0241       1 
0242       1 
0243       1 
0244       1 
0245       1 
0246       1 
0247       1 
0248       1 
0249       23317 
0250       23393 
0251       23393 
0252       1 
0253       1 
0254       1 
0255       1 
0256       1 
0257       23628 
0258       23628 
0259       1 
0260       1 
0261       1 
0262       1 
0263       1 
0264       1 
0265       1 
0266       1 
0267       1 
0268       1 
0269       1 
0270       1 
0271       1 
0272       1 
0273       1 
0274       24366 
0275       24403 
0276       24447 
0277       24447 
0278       1 
0279       1 
0280       1 
0281       1 
0282       1 
0283       1 
0284       1 
0285       1 
0286       1 
0287       1 
0288       1 
0289       1 
0290       1 
0291       1 
0292       1 
0293       18165 
0294       18176 
0295       18232 
0296       18242 
0297       18324 
0298       18324 
0299       1 
0300       1 
0301       1 
0302       15806 
0303       15867 
0304       15921 
0305       15923 
0306       15923 
0307       15902 
0308       15820 
0309       15775 
0310       15637 
0311       15589 
0312       15506 
0313       15318 
0314       15275 
0315       15196 
0316       15148 
0317       15100 
0318       15020 
0319       14950 
0320       14913 
0321       14819 
0322       14780 
0323       14661 
0324       14558 
0325       14544 
0326       14438 
0327       14364 
0328       14240 
0329       14166 
0330       14144 
0331       14014 
0332       13963 
0333       13870 
0334       13832 
0335       13704 
0336       1 
0337       13449 
0338       13449 
0339       13449 
0340       13401 
0341       13384 
0342       13299 
0343       13253 
0344       13188 
0345       13099 
0346       13053 
0347       12972 
0348       12910 
0349       12860 
0350       12805 
0351       12786 
0352       12720 
0353       12648 
0354       12611 
0355       12554 
0356       12500 
0357       12423 
0358       12373 
0359       12336 
0360       12305 
0361       12249 
0362       12208 
0363       12186 
0364       12110 
0365       12074 
0366       12024 
0367       11976 
0368       11927 
0369       11881 
0370       11861 
0371       11787 
0372       11757 
0373       11710 
0374       11689 
0375       11650 
0376       11593 
0377       11587 
0378       11554 
0379       11531 
0380       11492 
0381       11410 
0382       11395 
0383       11358 
0384       11309 
0385       11277 
0386       11229 
0387       11200 
0388       11099 
0389       11097 
0390       11078 
0391       11048 
0392       11013 
0393       10983 
0394       10920 
0395       10916 
0396       10853 
0397       10795 
0398       10791 
0399       10774 
0400       10769 
0401       10731 
0402       10724 
0403       10688 
0404       10632 
0405       10603 
0406       10601 
0407       10601 
0408       10536 
0409       10536 
0410       10498 
0411       10494 
0412       10459 
0413       10437 
0414       10437 
0415       10358 
0416       10346 
0417       10338 
0418       10336 
0419       10308 
0420       10265 
0421       10257 
0422       10214 
0423       10206 
0424       10194 
0425       10183 
0426       10153 
0427       10078 
0428       9846 
0429       9454 
0430       9401 
0431       9374 
0432       9374 
0433       9415 
0434       9466 
0435       9603 
0436       9738 
0437       9864 
0438       9975 
0439       10060 
0440       10151 
0441       10238 
0442       10354 
0443       10437 
0444       10465 
0445       10532 
0446       10606 
0447       10606 
0448       1 
0449       1 
0450       1 
0451       1 
0452       1 
0453       1 
0454       1 
0455       12418 
0456       12418 
0457       12418 
0458       12421 
0459       12502 
0460       12571 
0461       12747 
0462       12821 
0463       12821 
0464       12685 
0465       12666 
0466       12617 
0467       12578 
0468       12539 
0469       12535 
0470       12469 
0471       12469 
0472       12496 
0473       12504 
0474       12496 
0475       12509 
0476       12496 
0477       12509 
0478       12511 
0479       12520 
0480       12520 
0481       12523 
0482       12520 
0483       12516 
0484       12516 
0485       14675 
0486       14675 
0487       14657 
0488       14589 
0489       14589 
0490       14559 
0491       14525 
0492       14511 
0493       14483 
0494       14473 
0495       14467 
0496       14428 
0497       14413 
0498       14354 
0499       14321 
0500       14321 
0501       14248 
0502       14247 
0503       14160 
0504       14100 
0505       14094 
0506       14094 
0507       14096 
0508       14096 
0509       14089 
0510       14085 
0511       14085 
0512       14042 
0513       13947 
0514       13921 
0515       13839 
0516       13720 
0517       13656 
0518       13558 
0519       13484 
0520       13427 
0521       13396 
0522       13388 
0523       13388 
0524       13412 
0525       13445 
0526       13479 
0527       13528 
0528       13583 
0529       13658 
0530       13661 
0531       13658 
0532       13660 
0533       13657 
0534       9583 
0535       9583 
0536       9819 
0537       13671 
0538       13671 
0539       13668 
0540       13668 
0541       13673 
0542       13673 
0543       12966 
0544       12927 
0545       12927 
0546       12849 
0547       12332 
0548       11986 
0549       11986 
0550       11978 
0551       11982 
0552       11976 
0553       11982 
0554       14086 
0555       14086 
0556       14078 
0557       14046 
0558       14046 
0559       14041 
0560       10094 
0561       7430 
0562       7424 
0563       1 
0564       1 
0565       1 
0566       7922 
0567       7922 
0568       7882 
0569       7681 
0570       7671 
0571       7671 
0572       7681 
0573       7642 
0574       1 
0575       1 
0576       1 
0577       1 
0578       1 
0579       1 
0580       1 
0581       1 
0582       1 
0583       1 
0584       1 
0585       1 
0586       8119 
0587       8141 
0588       8119 
0589       1 
0590       1 
0591       1 
0592       15058 
0593       15074 
0594       15078 
0595       15078 
0596       9128 
0597       9111 
0598       8939 
0599       8858 
0600       8856 
0601       8856 
0602       1 
0603       1 
0604       9330 
0605       9330 
0606       9330 
0607       1 
0608       1 
0609       1 
0610       14028 
0611       14032 
0612       14032 
0613       14032 
0614       14042 
0615       14049 
0616       14080 
0617       14094 
0618       14127 
0619       14133 
0620       14148 
0621       14148 
0622       14196 
0623       14218 
0624       14218 
0625       14218 
0626       14232 
0627       14255 
0628       14304 
0629       14322 
0630       14330 
0631       14355 
0632       14355 
0633       14355 
0634       1 
0635       1 
0636       1 
0637       1 
0638       1 
0639       1 
0640       1 
0641       1 
0642       1 
0643       1 
0644       1 
0645       1 
0646       1 
0647       1 
0648       1 
0649       15750 
0650       15750 
0651       15759 
0652       16895 
0653       16904 
0654       16990 
0655       16990 
0656       16990 
0657       1 
0658       1 
0659       1 
0660       1 
0661       1 
0662       1 
0663       1 
0664       1 
0665       1 
0666       1 
0667       1 
0668       1 
0669       1 
0670       1 
0671       1 
0672       1 
0673       1 
0674       1 
0675       1 
0676       1 
0677       1 
0678       1 
0679       1 
0680       1 
0681       1 
0682       1 
0683       1 
0684       1 
0685       1 
0686       18622 
0687       18622 
0688       18545 
0689       1 
0690       1 
0691       1 
0692       1 
0693       1 
0694       1 
0695       1 
0696       1 
0697       1 
0698       1 
0699       1 
0700       1 
0701       1 
0702       1 
0703       1 
0704       1 
0705       1 
0706       1 
0707       1 
0708       19571 
0709       19571 
0710       19480 
0711       19378 
0712       19316 
0713       19230 
0714       19164 
0715       19045 
0716       19012 
0717       18896 
0718       18814 
0719       18736 
0720       18657 
0721       18551 
0722       18523 
0723       18415 
0724       18363 
0725       18325 
0726       18325 
0727       18315 
0728       1 
0729       1 
0730       1 
0731       1 
0732       1 
0733       1 
0734       1 
0735       20177 
0736       20177 
0737       20118 
0738       19981 
0739       1 
0740       1 
0741       1 
0742       1 
0743       19586 
0744       19586 
0745       16926 
0746       16873 
0747       16873 
0748       16810 
0749       16730 
0750       16678 
0751       16640 
0752       16563 
0753       16525 
0754       16471 
0755       16444 
0756       16365 
0757       16324 
0758       16277 
0759       16241 
0760       16192 
0761       16145 
0762       16115 
0763       16063 
0764       15998 
0765       15947 
0766       15900 
0767       15884 
0768       15818 
0769       15780 
0770       15727 
0771       15691 
0772       15670 
0773       15615 
0774       15586 
0775       15540 
0776       15518 
0777       15457 
0778       15407 
0779       15387 
0780       15377 
0781       15387 
0782       15464 
0783       15464 
0784       15464 
0785       17454 
0786       17454 
0787       17423 
0788       17381 
0789       17351 
0790       17324 
0791       17286 
0792       17223 
0793       15050 
0794       15021 
0795       15005 
0796       14986 
0797       14967 
0798       14921 
0799       14896 
0800       14866 
0801       14866 
0802       14844 
0803       1 
0804       1 
0805       1 
0806       14577 
0807       14577 
0808       14521 
0809       14455 
0810       14420 
0811       14397 
0812       14378 
0813       14338 
0814       14326 
0815       14304 
0816       14285 
0817       14265 
0818       14235 
0819       14211 
0820       14211 
0821       14244 
0822       14331 
0823       14331 
0824       14324 
0825       14283 
0826       14260 
0827       14258 
0828       14229 
0829       14193 
0830       14188 
0831       14176 
0832       14153 
0833       14127 
0834       14153 
0835       16155 
0836       16157 
0837       16157 
0838       16129 
0839       16070 
0840       1 
0841       1 
0842       1 
0843       1 
0844       1 
0845       1 
0846       1 
0847       1 
0848       1 
0849       1 
0850       1 
0851       1 
0852       1 
0853       1 
0854       1 
0855       1 
0856       1 
0857       1 
0858       1 
0859       1 
0860       1 
0861       1 
0862       1 
0863       1 
0864       1 
0865       1 
0866       1 
0867       1 
0868       1 
0869       1 
0870       1 
0871       1 
0872       1 
0873       1 
0874       1 
0875       1 
0876       1 
0877       1 
0878       1 
0879       1 
0880       1 
0881       1 
0882       1 
0883       1 
0884       1 
0885       1 
0886       1 
0887       1 
0888       1 
0889       1 
0890       1 
0891       1 
0892       1 
0893       1 
0894       1 
0895       1 
0896       1 
0897       1 
0898       1 
0899       1 
0900       1 
0901       1 
0902       1 
0903       1 
0904       1 
0905       1 
0906       1 
0907       1 
0908       1 
0909       1 
0910       1 
0911       1 
0912       1 
0913       1 
0914       1 
0915       1 
0916       1 
0917       1 
0918       1 
0919       1 
0920       1 
0921       1 
0922       1 
0923       1 
0924       1 
0925       1 
0926       1 
0927       1 
0928       1 
0929       1 
0930       1 
0931       1 
0932       1 
0933       1 
0934       1 
0935       1 
0936       1 
0937       1 
0938       1 
0939       1 
0940       1 
0941       1 
0942       1 
0943       1 
0944       1 
0945       1 
0946       1 
0947       1 
0948       1 
0949       1 
0950       1 
0951       1 
0952       1 
0953       1 
0954       1 
0955       1 
0956       1 
0957       1 
0958       1 
0959       1 
0960       1 
0961       1 
0962       1 
0963       1 
0964       1 
0965       1 
0966       1 
0967       1 
0968       1 
0969       1 
0970       1 
0971       1 
0972       1 
0973       1 
0974       1 
0975       1 
0976       1 
0977       1 
0978       1 
0979       1 
0980       1 
0981       1 
0982       1 
0983       1 
0984       1 
0985       1 
0986       1 
0987       1 
0988       1 
0989       1 
0990       1 
0991       1 
0992       1 
0993       1 
0994       1 
0995       1 
0996       1 
0997       1 
0998       1 
0999       1 
1000       1 
1001       1 
1002       1 
1003       1 
1004       1 
1005       1 
1006       4 
1007       4 
1008       4 
1009       46 
1010       49 
1011       49 
1012       55 
1013       55 
1014       48 
1015       48 
1016       48 
1017       48 
1018       41 
1019       57 
1020       58 
1021       58 
1022       57 
1023       58 
1024       62 
1025       66 
1026       62 
1027       62 
1028       62 
1029       47 
1030       47 
1031       47 
1032       51 
1033       55 
1034       58 
1035       64 
1036       64 
1037       70 
1038       70 
1039       75 
1040       75 
1041       75 
1042       69 
1043       69 
1044       65 
1045       65 
1046       65 
1047       65 
1048       65 
1049       66 
1050       65 
1051       65 
1052       64 
1053       61 
1054       61 
1055       64 
1056       66 
1057       66 
1058       66 
1059       66 
1060       63 
1061       63 
1062       63 
1063       70 
1064       70 
1065       74 
1066       74 
1067       71 
1068       70 
1069       70 
1070       70 
1071       69 
1072       69 
1073       70 
1074       70 
1075       68 
1076       72 
1077       66 
1078       66 
1079       66 
1297966706.442431
