0000       1 
0001       1 
0002       1 
0003       1 
0004       1 
0005       1 
0006       1 
0007       1 
0008       1 
0009       1 
0010       1 
0011       1 
0012       1 
0013       1 
0014       1 
0015       1 
0016       1 
0017       1 
0018       1 
0019       1 
0020       1 
0021       1 
0022       1 
0023       1 
0024       1 
0025       1 
0026       1 
0027       1 
0028       1 
0029       1 
0030       1 
0031       1 
0032       1 
0033       1 
0034       1 
0035       1 
0036       1 
0037       1 
0038       1 
0039       1 
0040       1 
0041       1 
0042       1 
0043       1 
0044       1 
0045       1 
0046       1 
0047       1 
0048       1 
0049       1 
0050       1 
0051       1 
0052       1 
0053       1 
0054       1 
0055       1 
0056       1 
0057       1 
0058       1 
0059       1 
0060       1 
0061       1 
0062       1 
0063       1 
0064       1 
0065       1 
0066       1 
0067       1 
0068       1 
0069       1 
0070       1 
0071       1 
0072       1 
0073       1 
0074       1 
0075       1 
0076       1 
0077       1 
0078       1 
0079       1 
0080       1 
0081       1 
0082       1 
0083       1 
0084       1 
0085       1 
0086       1 
0087       1 
0088       1 
0089       1 
0090       1 
0091       1 
0092       1 
0093       1 
0094       1 
0095       1 
0096       1 
0097       1 
0098       1 
0099       1 
0100       1 
0101       1 
0102       1 
0103       1 
0104       1 
0105       1 
0106       1 
0107       1 
0108       1 
0109       1 
0110       1 
0111       1 
0112       1 
0113       1 
0114       1 
0115       1 
0116       1 
0117       1 
0118       1 
0119       1 
0120       1 
0121       1 
0122       1 
0123       1 
0124       1 
0125       1 
0126       1 
0127       1 
0128       1 
0129       1 
0130       1 
0131       1 
0132       1 
0133       1 
0134       1 
0135       1 
0136       1 
0137       1 
0138       1 
0139       1 
0140       1 
0141       1 
0142       1 
0143       1 
0144       1 
0145       1 
0146       1 
0147       1 
0148       1 
0149       1 
0150       1 
0151       1 
0152       1 
0153       1 
0154       1 
0155       1 
0156       1 
0157       1 
0158       1 
0159       1 
0160       1 
0161       1 
0162       1 
0163       1 
0164       1 
0165       1 
0166       1 
0167       1 
0168       1 
0169       1 
0170       1 
0171       1 
0172       1 
0173       1 
0174       1 
0175       1 
0176       1 
0177       1 
0178       1 
0179       1 
0180       1 
0181       1 
0182       1 
0183       1 
0184       1 
0185       1 
0186       1 
0187       1 
0188       1 
0189       1 
0190       1 
0191       1 
0192       1 
0193       1 
0194       1 
0195       1 
0196       1 
0197       1 
0198       1 
0199       1 
0200       1 
0201       1 
0202       1 
0203       1 
0204       1 
0205       1 
0206       1 
0207       1 
0208       1 
0209       1 
0210       1 
0211       1 
0212       1 
0213       1 
0214       1 
0215       1 
0216       1 
0217       1 
0218       1 
0219       1 
0220       1 
0221       1 
0222       1 
0223       1 
0224       1 
0225       1 
0226       1 
0227       1 
0228       1 
0229       1 
0230       1 
0231       1 
0232       1 
0233       1 
0234       1 
0235       1 
0236       1 
0237       1 
0238       1 
0239       1 
0240       1 
0241       1 
0242       1 
0243       1 
0244       1 
0245       1 
0246       1 
0247       1 
0248       1 
0249       1 
0250       1 
0251       1 
0252       1 
0253       1 
0254       1 
0255       1 
0256       1 
0257       1 
0258       1 
0259       1 
0260       1 
0261       1 
0262       1 
0263       1 
0264       1 
0265       1 
0266       1 
0267       1 
0268       1 
0269       1 
0270       1 
0271       1 
0272       1 
0273       1 
0274       1 
0275       1 
0276       1 
0277       1 
0278       1 
0279       1 
0280       1 
0281       1 
0282       1 
0283       1 
0284       1 
0285       1 
0286       15137 
0287       15152 
0288       15152 
0289       15152 
0290       15125 
0291       15017 
0292       14956 
0293       14833 
0294       14681 
0295       14517 
0296       14182 
0297       14138 
0298       14000 
0299       13839 
0300       13719 
0301       13530 
0302       13429 
0303       13271 
0304       13206 
0305       12128 
0306       12116 
0307       12128 
0308       12144 
0309       12154 
0310       12211 
0311       12261 
0312       12262 
0313       12303 
0314       12319 
0315       12355 
0316       12377 
0317       12432 
0318       12451 
0319       12451 
0320       12451 
0321       12463 
0322       12496 
0323       12579 
0324       12579 
0325       1 
0326       1 
0327       1 
0328       1 
0329       1 
0330       1 
0331       1 
0332       1 
0333       1 
0334       1 
0335       1 
0336       1 
0337       1 
0338       1 
0339       1 
0340       1 
0341       1 
0342       1 
0343       1 
0344       1 
0345       1 
0346       1 
0347       1 
0348       1 
0349       1 
0350       1 
0351       1 
0352       1 
0353       1 
0354       1 
0355       1 
0356       1 
0357       1 
0358       11569 
0359       11569 
0360       11532 
0361       11483 
0362       11449 
0363       11349 
0364       11315 
0365       11241 
0366       11221 
0367       11221 
0368       11201 
0369       11184 
0370       11184 
0371       11188 
0372       11188 
0373       10988 
0374       10950 
0375       10920 
0376       10920 
0377       10949 
0378       10949 
0379       10942 
0380       10942 
0381       11034 
0382       11051 
0383       11106 
0384       11143 
0385       11143 
0386       11150 
0387       12418 
0388       12418 
0389       12398 
0390       12295 
0391       12258 
0392       12198 
0393       12174 
0394       12106 
0395       12065 
0396       12055 
0397       12011 
0398       11962 
0399       11909 
0400       11898 
0401       11846 
0402       11798 
0403       11772 
0404       9946 
0405       9928 
0406       9863 
0407       9774 
0408       9774 
0409       9774 
0410       9743 
0411       9714 
0412       9655 
0413       9627 
0414       9569 
0415       9552 
0416       9491 
0417       9484 
0418       9478 
0419       9478 
0420       9531 
0421       9531 
0422       9543 
0423       9798 
0424       9798 
0425       9803 
0426       9863 
0427       10072 
0428       10559 
0429       10559 
0430       10559 
0431       10606 
0432       10606 
0433       10598 
0434       10544 
0435       10521 
0436       10494 
0437       10483 
0438       10430 
0439       10409 
0440       10367 
0441       10338 
0442       10320 
0443       10267 
0444       10261 
0445       10217 
0446       10179 
0447       10162 
0448       10155 
0449       10131 
0450       10107 
0451       10062 
0452       10058 
0453       10043 
0454       10002 
0455       9991 
0456       9935 
0457       9927 
0458       9914 
0459       9884 
0460       9867 
0461       9848 
0462       9828 
0463       9800 
0464       9788 
0465       9774 
0466       9736 
0467       9701 
0468       9690 
0469       9688 
0470       9660 
0471       9658 
0472       9605 
0473       9594 
0474       9563 
0475       9561 
0476       9534 
0477       9533 
0478       9509 
0479       9471 
0480       9470 
0481       9440 
0482       9410 
0483       9400 
0484       9391 
0485       9384 
0486       9355 
0487       9339 
0488       9337 
0489       9316 
0490       9314 
0491       9284 
0492       9284 
0493       9283 
0494       9243 
0495       9224 
0496       9222 
0497       9215 
0498       9204 
0499       9175 
0500       9166 
0501       9157 
0502       9128 
0503       9111 
0504       9105 
0505       9092 
0506       9072 
0507       9047 
0508       9047 
0509       9030 
0510       9023 
0511       9022 
0512       9000 
0513       8998 
0514       8978 
0515       8975 
0516       8956 
0517       8925 
0518       7814 
0519       7721 
0520       7659 
0521       7568 
0522       7528 
0523       7478 
0524       7467 
0525       7436 
0526       7423 
0527       7420 
0528       7408 
0529       7397 
0530       7371 
0531       7356 
0532       7348 
0533       7333 
0534       7333 
0535       7328 
0536       7317 
0537       7313 
0538       7313 
0539       7316 
0540       7316 
0541       7316 
0542       7324 
0543       7355 
0544       7357 
0545       7360 
0546       7378 
0547       7411 
0548       7412 
0549       7446 
0550       7504 
0551       7562 
0552       8053 
0553       8432 
0554       8432 
0555       8393 
0556       8379 
0557       8356 
0558       8353 
0559       8353 
0560       8368 
0561       8368 
0562       6963 
0563       6958 
0564       6958 
0565       6972 
0566       6972 
0567       6968 
0568       6915 
0569       6878 
0570       6723 
0571       6723 
0572       6828 
0573       6985 
0574       6985 
0575       6983 
0576       6977 
0577       6950 
0578       6950 
0579       6997 
0580       6999 
0581       6999 
0582       6973 
0583       6965 
0584       6965 
0585       7012 
0586       7024 
0587       7026 
0588       7024 
0589       6986 
0590       6984 
0591       6986 
0592       6995 
0593       7003 
0594       6995 
0595       6907 
0596       6907 
0597       6967 
0598       6980 
0599       7001 
0600       7026 
0601       7047 
0602       7047 
0603       7047 
0604       7121 
0605       7405 
0606       7640 
0607       7699 
0608       7699 
0609       7662 
0610       7426 
0611       7356 
0612       7356 
0613       7376 
0614       7376 
0615       7374 
0616       7374 
0617       7396 
0618       7438 
0619       7444 
0620       7476 
0621       7484 
0622       7484 
0623       7587 
0624       7733 
0625       7741 
0626       7766 
0627       7766 
0628       7768 
0629       7797 
0630       9052 
0631       9063 
0632       9078 
0633       9092 
0634       9098 
0635       9117 
0636       9143 
0637       9135 
0638       9135 
0639       9135 
0640       9178 
0641       9178 
0642       9173 
0643       9173 
0644       9192 
0645       9207 
0646       9218 
0647       9251 
0648       9261 
0649       9263 
0650       9293 
0651       9318 
0652       9325 
0653       9366 
0654       9372 
0655       9374 
0656       9400 
0657       9400 
0658       9416 
0659       9441 
0660       9450 
0661       9468 
0662       9481 
0663       9491 
0664       9500 
0665       9536 
0666       9569 
0667       9571 
0668       9571 
0669       9594 
0670       9616 
0671       9643 
0672       9681 
0673       9683 
0674       9683 
0675       9683 
0676       9683 
0677       9644 
0678       9414 
0679       9352 
0680       9272 
0681       9216 
0682       9071 
0683       8990 
0684       8903 
0685       8858 
0686       8856 
0687       8850 
0688       8736 
0689       8680 
0690       8680 
0691       8680 
0692       8680 
0693       8680 
0694       8695 
0695       8730 
0696       8730 
0697       8735 
0698       8734 
0699       8735 
0700       8756 
0701       8756 
0702       8760 
0703       8789 
0704       8806 
0705       8839 
0706       8909 
0707       8925 
0708       8933 
0709       8996 
0710       9020 
0711       9107 
0712       9159 
0713       9184 
0714       10394 
0715       10394 
0716       10597 
0717       10597 
0718       10597 
0719       10674 
0720       10674 
0721       10620 
0722       10489 
0723       10351 
0724       10087 
0725       10049 
0726       10049 
0727       10019 
0728       10019 
0729       10079 
0730       10079 
0731       10066 
0732       10038 
0733       9785 
0734       9715 
0735       9715 
0736       9716 
0737       9738 
0738       9738 
0739       9731 
0740       9731 
0741       9757 
0742       9776 
0743       9795 
0744       9823 
0745       9844 
0746       9863 
0747       9877 
0748       9956 
0749       10031 
0750       10112 
0751       10198 
0752       10267 
0753       10390 
0754       10390 
0755       10390 
0756       1 
0757       11628 
0758       12047 
0759       12047 
0760       11304 
0761       11304 
0762       11805 
0763       11805 
0764       11910 
0765       12851 
0766       12851 
0767       12777 
0768       12721 
0769       12658 
0770       12623 
0771       12579 
0772       12549 
0773       12497 
0774       12445 
0775       12402 
0776       12366 
0777       12326 
0778       12274 
0779       12233 
0780       12195 
0781       12162 
0782       12110 
0783       12075 
0784       12071 
0785       12071 
0786       12071 
0787       12128 
0788       12128 
0789       12139 
0790       12140 
0791       14207 
0792       14211 
0793       14207 
0794       11875 
0795       11850 
0796       11802 
0797       11778 
0798       11751 
0799       11745 
0800       11689 
0801       11658 
0802       11613 
0803       11565 
0804       11556 
0805       11512 
0806       11461 
0807       11241 
0808       11191 
0809       11163 
0810       11134 
0811       11101 
0812       11077 
0813       11057 
0814       11009 
0815       10980 
0816       10970 
0817       10946 
0818       10916 
0819       10879 
0820       10850 
0821       10825 
0822       10810 
0823       10787 
0824       10761 
0825       10747 
0826       10703 
0827       10690 
0828       10664 
0829       10663 
0830       10618 
0831       10603 
0832       10570 
0833       10552 
0834       10544 
0835       10524 
0836       10497 
0837       10465 
0838       10462 
0839       10452 
0840       10416 
0841       10411 
0842       10411 
0843       10426 
0844       10446 
0845       10528 
0846       10546 
0847       10564 
0848       10583 
0849       12478 
0850       12478 
0851       12471 
0852       12455 
0853       12441 
0854       12404 
0855       12393 
0856       12387 
0857       12365 
0858       12365 
0859       12520 
0860       12520 
0861       12516 
0862       12478 
0863       12236 
0864       12236 
0865       10340 
0866       10289 
0867       10289 
0868       10272 
0869       10271 
0870       10252 
0871       10054 
0872       9980 
0873       9920 
0874       9917 
0875       9899 
0876       9883 
0877       9867 
0878       9861 
0879       9852 
0880       9840 
0881       9829 
0882       9807 
0883       9807 
0884       9836 
0885       10004 
0886       10004 
0887       10003 
0888       9982 
0889       9981 
0890       9978 
0891       9980 
0892       9976 
0893       9957 
0894       9956 
0895       9953 
0896       9933 
0897       9933 
0898       10655 
0899       10874 
0900       10874 
0901       10922 
0902       11088 
0903       11384 
0904       11753 
0905       11753 
0906       1 
0907       1 
0908       1 
0909       1 
0910       1 
0911       1 
0912       1 
0913       1 
0914       1 
0915       1 
0916       1 
0917       1 
0918       1 
0919       1 
0920       1 
0921       1 
0922       1 
0923       1 
0924       1 
0925       1 
0926       1 
0927       1 
0928       1 
0929       1 
0930       1 
0931       1 
0932       1 
0933       1 
0934       1 
0935       1 
0936       1 
0937       1 
0938       1 
0939       1 
0940       1 
0941       1 
0942       1 
0943       1 
0944       1 
0945       1 
0946       1 
0947       1 
0948       1 
0949       1 
0950       1 
0951       1 
0952       1 
0953       1 
0954       1 
0955       1 
0956       1 
0957       1 
0958       1 
0959       1 
0960       1 
0961       1 
0962       1 
0963       1 
0964       1 
0965       1 
0966       1 
0967       1 
0968       1 
0969       1 
0970       1 
0971       1 
0972       1 
0973       1 
0974       1 
0975       1 
0976       1 
0977       1 
0978       1 
0979       1 
0980       1 
0981       1 
0982       1 
0983       1 
0984       1 
0985       1 
0986       1 
0987       1 
0988       1 
0989       1 
0990       1 
0991       1 
0992       1 
0993       1 
0994       1 
0995       1 
0996       1 
0997       1 
0998       1 
0999       1 
1000       1 
1001       1 
1002       1 
1003       1 
1004       1 
1005       1 
1006       1 
1007       46 
1008       46 
1009       48 
1010       46 
1011       46 
1012       47 
1013       49 
1014       47 
1015       54 
1016       54 
1017       53 
1018       4 
1019       53 
1020       53 
1021       4 
1022       54 
1023       61 
1024       61 
1025       60 
1026       62 
1027       65 
1028       65 
1029       60 
1030       63 
1031       61 
1032       61 
1033       61 
1034       63 
1035       68 
1036       70 
1037       70 
1038       70 
1039       69 
1040       69 
1041       69 
1042       66 
1043       65 
1044       65 
1045       64 
1046       64 
1047       66 
1048       69 
1049       67 
1050       67 
1051       69 
1052       70 
1053       67 
1054       62 
1055       68 
1056       65 
1057       65 
1058       65 
1059       65 
1060       64 
1061       63 
1062       62 
1063       62 
1064       62 
1065       62 
1066       62 
1067       66 
1068       57 
1069       64 
1070       64 
1071       66 
1072       66 
1073       67 
1074       69 
1075       69 
1076       69 
1077       69 
1078       65 
1079       64 
1297966695.871887
