0000       1 
0001       1 
0002       1 
0003       1 
0004       1 
0005       1 
0006       1 
0007       1 
0008       1 
0009       1 
0010       1 
0011       1 
0012       1 
0013       1 
0014       1 
0015       1 
0016       1 
0017       1 
0018       1 
0019       1 
0020       1 
0021       1 
0022       1 
0023       1 
0024       1 
0025       1 
0026       1 
0027       1 
0028       1 
0029       1 
0030       1 
0031       1 
0032       1 
0033       1 
0034       1 
0035       1 
0036       1 
0037       1 
0038       1 
0039       1 
0040       1 
0041       1 
0042       1 
0043       1 
0044       1 
0045       1 
0046       1 
0047       1 
0048       1 
0049       1 
0050       1 
0051       1 
0052       1 
0053       1 
0054       1 
0055       1 
0056       1 
0057       1 
0058       1 
0059       1 
0060       1 
0061       1 
0062       1 
0063       1 
0064       1 
0065       1 
0066       1 
0067       1 
0068       1 
0069       1 
0070       1 
0071       1 
0072       1 
0073       1 
0074       1 
0075       1 
0076       1 
0077       1 
0078       1 
0079       1 
0080       1 
0081       1 
0082       1 
0083       1 
0084       1 
0085       1 
0086       1 
0087       1 
0088       1 
0089       1 
0090       1 
0091       1 
0092       1 
0093       1 
0094       1 
0095       1 
0096       1 
0097       1 
0098       1 
0099       1 
0100       1 
0101       1 
0102       1 
0103       1 
0104       1 
0105       1 
0106       1 
0107       1 
0108       1 
0109       1 
0110       1 
0111       1 
0112       1 
0113       1 
0114       1 
0115       1 
0116       1 
0117       1 
0118       1 
0119       1 
0120       1 
0121       1 
0122       1 
0123       1 
0124       1 
0125       1 
0126       1 
0127       1 
0128       1 
0129       1 
0130       1 
0131       1 
0132       1 
0133       1 
0134       1 
0135       1 
0136       1 
0137       1 
0138       1 
0139       1 
0140       1 
0141       1 
0142       1 
0143       1 
0144       1 
0145       1 
0146       1 
0147       1 
0148       1 
0149       1 
0150       1 
0151       1 
0152       1 
0153       1 
0154       1 
0155       1 
0156       1 
0157       1 
0158       1 
0159       1 
0160       1 
0161       1 
0162       1 
0163       1 
0164       1 
0165       1 
0166       1 
0167       1 
0168       1 
0169       1 
0170       1 
0171       1 
0172       1 
0173       1 
0174       1 
0175       1 
0176       1 
0177       1 
0178       1 
0179       1 
0180       1 
0181       1 
0182       1 
0183       1 
0184       1 
0185       1 
0186       1 
0187       1 
0188       1 
0189       1 
0190       1 
0191       1 
0192       1 
0193       1 
0194       1 
0195       1 
0196       1 
0197       1 
0198       1 
0199       1 
0200       1 
0201       1 
0202       1 
0203       1 
0204       1 
0205       1 
0206       1 
0207       1 
0208       1 
0209       1 
0210       1 
0211       1 
0212       1 
0213       1 
0214       1 
0215       1 
0216       1 
0217       1 
0218       1 
0219       1 
0220       1 
0221       1 
0222       1 
0223       1 
0224       1 
0225       1 
0226       1 
0227       1 
0228       1 
0229       1 
0230       1 
0231       1 
0232       1 
0233       1 
0234       1 
0235       1 
0236       1 
0237       1 
0238       1 
0239       1 
0240       1 
0241       1 
0242       1 
0243       1 
0244       1 
0245       1 
0246       1 
0247       1 
0248       19114 
0249       19206 
0250       19114 
0251       1 
0252       1 
0253       1 
0254       1 
0255       1 
0256       1 
0257       1 
0258       1 
0259       1 
0260       1 
0261       1 
0262       1 
0263       1 
0264       1 
0265       1 
0266       1 
0267       1 
0268       1 
0269       1 
0270       1 
0271       1 
0272       1 
0273       1 
0274       1 
0275       1 
0276       1 
0277       1 
0278       1 
0279       1 
0280       1 
0281       1 
0282       1 
0283       1 
0284       1 
0285       1 
0286       1 
0287       1 
0288       1 
0289       1 
0290       1 
0291       1 
0292       1 
0293       1 
0294       1 
0295       1 
0296       1 
0297       1 
0298       1 
0299       1 
0300       1 
0301       1 
0302       1 
0303       1 
0304       1 
0305       1 
0306       1 
0307       1 
0308       1 
0309       1 
0310       1 
0311       1 
0312       1 
0313       1 
0314       1 
0315       1 
0316       1 
0317       1 
0318       1 
0319       1 
0320       1 
0321       1 
0322       1 
0323       1 
0324       1 
0325       17941 
0326       17941 
0327       17779 
0328       17659 
0329       17531 
0330       17387 
0331       17289 
0332       17128 
0333       17004 
0334       16883 
0335       16752 
0336       16645 
0337       16506 
0338       16386 
0339       16260 
0340       16163 
0341       16044 
0342       15956 
0343       15856 
0344       15751 
0345       15586 
0346       15516 
0347       15406 
0348       15296 
0349       15181 
0350       15079 
0351       15002 
0352       14894 
0353       14834 
0354       14728 
0355       14651 
0356       14550 
0357       14432 
0358       14366 
0359       14271 
0360       14182 
0361       14120 
0362       14032 
0363       13919 
0364       13861 
0365       13775 
0366       13690 
0367       13628 
0368       13594 
0369       13481 
0370       13386 
0371       13336 
0372       13220 
0373       13186 
0374       13142 
0375       12992 
0376       12784 
0377       12653 
0378       12545 
0379       12521 
0380       12424 
0381       12405 
0382       12333 
0383       12278 
0384       12231 
0385       12168 
0386       12120 
0387       12047 
0388       11997 
0389       11943 
0390       11904 
0391       11851 
0392       11837 
0393       11837 
0394       11835 
0395       11835 
0396       11835 
0397       11791 
0398       11733 
0399       11695 
0400       11639 
0401       11606 
0402       11553 
0403       11531 
0404       11447 
0405       11418 
0406       11391 
0407       11347 
0408       11297 
0409       11258 
0410       11226 
0411       11164 
0412       11143 
0413       11060 
0414       11025 
0415       11016 
0416       10982 
0417       10957 
0418       10868 
0419       10864 
0420       10822 
0421       10764 
0422       10741 
0423       10684 
0424       10681 
0425       10645 
0426       10599 
0427       10572 
0428       10540 
0429       10520 
0430       10477 
0431       10434 
0432       10389 
0433       10377 
0434       10345 
0435       10296 
0436       10273 
0437       10272 
0438       10229 
0439       10171 
0440       10169 
0441       10124 
0442       10124 
0443       10120 
0444       10047 
0445       10012 
0446       10010 
0447       9950 
0448       9950 
0449       9900 
0450       9885 
0451       9860 
0452       9847 
0453       9807 
0454       9793 
0455       9774 
0456       9719 
0457       9715 
0458       9673 
0459       9653 
0460       9649 
0461       9607 
0462       9591 
0463       9580 
0464       9557 
0465       9534 
0466       9502 
0467       9481 
0468       9466 
0469       9465 
0470       9417 
0471       9414 
0472       9370 
0473       9360 
0474       9346 
0475       9332 
0476       9310 
0477       9300 
0478       9258 
0479       9236 
0480       9225 
0481       9216 
0482       9181 
0483       9181 
0484       9172 
0485       9138 
0486       9138 
0487       9111 
0488       9080 
0489       9077 
0490       9063 
0491       9057 
0492       9048 
0493       9018 
0494       9014 
0495       9006 
0496       8972 
0497       8968 
0498       8952 
0499       8947 
0500       8920 
0501       8909 
0502       8900 
0503       8891 
0504       8879 
0505       8879 
0506       8860 
0507       8856 
0508       8832 
0509       8828 
0510       8817 
0511       8816 
0512       8787 
0513       8783 
0514       8769 
0515       8764 
0516       8756 
0517       8741 
0518       8729 
0519       8732 
0520       8729 
0521       8716 
0522       8714 
0523       8688 
0524       8678 
0525       8666 
0526       8666 
0527       8666 
0528       8656 
0529       8634 
0530       8617 
0531       8617 
0532       8617 
0533       8615 
0534       8615 
0535       8612 
0536       8611 
0537       8607 
0538       8595 
0539       8588 
0540       8582 
0541       8582 
0542       8582 
0543       8560 
0544       8556 
0545       8554 
0546       8556 
0547       8552 
0548       8547 
0549       8547 
0550       8526 
0551       8527 
0552       8527 
0553       8527 
0554       8526 
0555       8526 
0556       8522 
0557       8530 
0558       8522 
0559       8517 
0560       8516 
0561       8516 
0562       8511 
0563       8510 
0564       8511 
0565       8508 
0566       8508 
0567       8508 
0568       8507 
0569       8527 
0570       8527 
0571       8527 
0572       8539 
0573       8537 
0574       8537 
0575       8515 
0576       8515 
0577       8524 
0578       8535 
0579       8524 
0580       8529 
0581       8522 
0582       8529 
0583       8522 
0584       8530 
0585       8537 
0586       8544 
0587       8562 
0588       8568 
0589       8562 
0590       8553 
0591       8553 
0592       8582 
0593       8582 
0594       8579 
0595       8579 
0596       8594 
0597       8594 
0598       8594 
0599       8607 
0600       8610 
0601       8616 
0602       8619 
0603       8619 
0604       8638 
0605       8638 
0606       8638 
0607       8632 
0608       8638 
0609       8643 
0610       8645 
0611       8667 
0612       8669 
0613       8669 
0614       8670 
0615       8674 
0616       8694 
0617       8702 
0618       8705 
0619       8712 
0620       8717 
0621       8732 
0622       8745 
0623       8770 
0624       8773 
0625       8778 
0626       8779 
0627       8781 
0628       8797 
0629       8809 
0630       8812 
0631       8849 
0632       8863 
0633       8864 
0634       8869 
0635       8879 
0636       8883 
0637       8899 
0638       8904 
0639       8909 
0640       8911 
0641       8949 
0642       8959 
0643       8976 
0644       8984 
0645       8986 
0646       8998 
0647       9025 
0648       9029 
0649       9035 
0650       9037 
0651       9050 
0652       9071 
0653       9097 
0654       9114 
0655       9116 
0656       9135 
0657       9140 
0658       9162 
0659       9197 
0660       9204 
0661       9217 
0662       9228 
0663       9244 
0664       9248 
0665       9300 
0666       9300 
0667       9308 
0668       9338 
0669       9346 
0670       9373 
0671       9390 
0672       9403 
0673       9423 
0674       9448 
0675       9452 
0676       9479 
0677       9502 
0678       9507 
0679       9541 
0680       9568 
0681       9592 
0682       9616 
0683       9638 
0684       9651 
0685       9698 
0686       9699 
0687       9718 
0688       9740 
0689       9782 
0690       9803 
0691       9828 
0692       9872 
0693       9874 
0694       9905 
0695       9951 
0696       9958 
0697       9995 
0698       10031 
0699       10063 
0700       10083 
0701       10103 
0702       10116 
0703       10167 
0704       10195 
0705       10198 
0706       10243 
0707       10243 
0708       10227 
0709       10227 
0710       10229 
0711       10236 
0712       10241 
0713       10263 
0714       10294 
0715       10317 
0716       10373 
0717       10375 
0718       10413 
0719       10454 
0720       10483 
0721       10524 
0722       10547 
0723       10578 
0724       10602 
0725       10617 
0726       10661 
0727       10690 
0728       10719 
0729       10719 
0730       7858 
0731       7858 
0732       7888 
0733       7928 
0734       7951 
0735       7978 
0736       7995 
0737       8017 
0738       8057 
0739       8117 
0740       8131 
0741       8158 
0742       8158 
0743       8173 
0744       8175 
0745       8182 
0746       8200 
0747       8200 
0748       8168 
0749       8149 
0750       8112 
0751       8046 
0752       8040 
0753       7996 
0754       7950 
0755       7911 
0756       7884 
0757       7849 
0758       7826 
0759       7791 
0760       7771 
0761       7744 
0762       5778 
0763       5733 
0764       5729 
0765       5712 
0766       5687 
0767       5671 
0768       5634 
0769       5596 
0770       5560 
0771       5519 
0772       5497 
0773       5463 
0774       5413 
0775       5389 
0776       5346 
0777       5322 
0778       5263 
0779       5243 
0780       5213 
0781       5170 
0782       5114 
0783       5077 
0784       5054 
0785       5008 
0786       4984 
0787       4961 
0788       4960 
0789       4957 
0790       4957 
0791       4957 
0792       4977 
0793       5020 
0794       5040 
0795       5071 
0796       5115 
0797       5144 
0798       5178 
0799       5208 
0800       5252 
0801       5302 
0802       5352 
0803       5384 
0804       5422 
0805       5473 
0806       5508 
0807       5531 
0808       5630 
0809       5733 
0810       5808 
0811       5857 
0812       5922 
0813       5973 
0814       6030 
0815       6104 
0816       6186 
0817       6215 
0818       6294 
0819       6351 
0820       6396 
0821       6430 
0822       6515 
0823       6570 
0824       6637 
0825       6679 
0826       6754 
0827       6815 
0828       6899 
0829       6967 
0830       7029 
0831       7086 
0832       7132 
0833       7197 
0834       7256 
0835       7353 
0836       7421 
0837       7463 
0838       7552 
0839       7585 
0840       7692 
0841       7754 
0842       7840 
0843       7857 
0844       7881 
0845       7907 
0846       8013 
0847       8171 
0848       8341 
0849       8553 
0850       8644 
0851       8644 
0852       8631 
0853       8625 
0854       8612 
0855       8588 
0856       8574 
0857       8565 
0858       8561 
0859       8557 
0860       8561 
0861       8564 
0862       10198 
0863       10315 
0864       10427 
0865       10600 
0866       10794 
0867       10967 
0868       11055 
0869       11218 
0870       11468 
0871       11655 
0872       11820 
0873       12042 
0874       12259 
0875       12535 
0876       12751 
0877       12982 
0878       13215 
0879       13456 
0880       13761 
0881       13761 
0882       1 
0883       1 
0884       1 
0885       15127 
0886       15127 
0887       15127 
0888       15127 
0889       22657 
0890       22657 
0891       22628 
0892       22626 
0893       22596 
0894       22572 
0895       22572 
0896       22565 
0897       22554 
0898       22516 
0899       22514 
0900       22510 
0901       22409 
0902       22409 
0903       1 
0904       1 
0905       1 
0906       1 
0907       1 
0908       1 
0909       1 
0910       22682 
0911       22682 
0912       22682 
0913       22708 
0914       22737 
0915       22737 
0916       22718 
0917       22715 
0918       22391 
0919       22387 
0920       22387 
0921       22391 
0922       22391 
0923       22391 
0924       22388 
0925       22388 
0926       22359 
0927       22394 
0928       22405 
0929       22405 
0930       22403 
0931       22403 
0932       22403 
0933       22410 
0934       26382 
0935       26388 
0936       26382 
0937       26382 
0938       26386 
0939       26386 
0940       26386 
0941       1 
0942       1 
0943       1 
0944       1 
0945       1 
0946       1 
0947       1 
0948       1 
0949       1 
0950       1 
0951       1 
0952       1 
0953       1 
0954       1 
0955       1 
0956       1 
0957       1 
0958       1 
0959       1 
0960       1 
0961       1 
0962       1 
0963       1 
0964       1 
0965       1 
0966       1 
0967       1 
0968       1 
0969       1 
0970       1 
0971       1 
0972       1 
0973       1 
0974       1 
0975       1 
0976       1 
0977       1 
0978       1 
0979       1 
0980       1 
0981       1 
0982       1 
0983       1 
0984       1 
0985       1 
0986       1 
0987       1 
0988       1 
0989       1 
0990       1 
0991       1 
0992       1 
0993       1 
0994       1 
0995       1 
0996       1 
0997       1 
0998       1 
0999       1 
1000       1 
1001       1 
1002       1 
1003       1 
1004       1 
1005       1 
1006       4 
1007       4 
1008       43 
1009       47 
1010       57 
1011       64 
1012       64 
1013       64 
1014       58 
1015       58 
1016       54 
1017       47 
1018       54 
1019       48 
1020       48 
1021       58 
1022       58 
1023       58 
1024       62 
1025       58 
1026       62 
1027       62 
1028       62 
1029       54 
1030       54 
1031       54 
1032       54 
1033       56 
1034       66 
1035       66 
1036       68 
1037       72 
1038       72 
1039       72 
1040       72 
1041       72 
1042       66 
1043       66 
1044       66 
1045       68 
1046       68 
1047       71 
1048       73 
1049       71 
1050       70 
1051       70 
1052       70 
1053       70 
1054       70 
1055       70 
1056       68 
1057       71 
1058       71 
1059       71 
1060       71 
1061       71 
1062       68 
1063       66 
1064       66 
1065       68 
1066       70 
1067       70 
1068       70 
1069       70 
1070       72 
1071       69 
1072       69 
1073       68 
1074       68 
1075       68 
1076       68 
1077       68 
1078       71 
1079       71 
1297966626.865459
