0000       1 
0001       1 
0002       1 
0003       1 
0004       1 
0005       1 
0006       1 
0007       1 
0008       1 
0009       1 
0010       1 
0011       1 
0012       1 
0013       1 
0014       1 
0015       1 
0016       1 
0017       1 
0018       1 
0019       1 
0020       1 
0021       1 
0022       1 
0023       1 
0024       1 
0025       1 
0026       1 
0027       1 
0028       1 
0029       1 
0030       1 
0031       1 
0032       1 
0033       1 
0034       1 
0035       1 
0036       1 
0037       1 
0038       1 
0039       1 
0040       1 
0041       1 
0042       1 
0043       1 
0044       1 
0045       1 
0046       1 
0047       1 
0048       1 
0049       1 
0050       1 
0051       1 
0052       1 
0053       1 
0054       1 
0055       1 
0056       1 
0057       1 
0058       1 
0059       1 
0060       1 
0061       1 
0062       1 
0063       1 
0064       1 
0065       1 
0066       1 
0067       1 
0068       1 
0069       1 
0070       1 
0071       1 
0072       1 
0073       1 
0074       1 
0075       1 
0076       1 
0077       1 
0078       1 
0079       1 
0080       1 
0081       1 
0082       1 
0083       1 
0084       1 
0085       1 
0086       1 
0087       1 
0088       1 
0089       1 
0090       1 
0091       1 
0092       1 
0093       1 
0094       1 
0095       1 
0096       1 
0097       1 
0098       1 
0099       1 
0100       1 
0101       1 
0102       1 
0103       1 
0104       1 
0105       1 
0106       1 
0107       1 
0108       1 
0109       1 
0110       1 
0111       1 
0112       1 
0113       1 
0114       1 
0115       1 
0116       1 
0117       1 
0118       1 
0119       1 
0120       1 
0121       1 
0122       1 
0123       1 
0124       1 
0125       1 
0126       1 
0127       1 
0128       1 
0129       1 
0130       1 
0131       1 
0132       1 
0133       1 
0134       1 
0135       1 
0136       1 
0137       1 
0138       1 
0139       1 
0140       1 
0141       1 
0142       1 
0143       1 
0144       1 
0145       1 
0146       1 
0147       1 
0148       1 
0149       1 
0150       1 
0151       1 
0152       1 
0153       1 
0154       1 
0155       1 
0156       1 
0157       1 
0158       1 
0159       1 
0160       1 
0161       1 
0162       1 
0163       1 
0164       1 
0165       1 
0166       1 
0167       1 
0168       1 
0169       1 
0170       1 
0171       1 
0172       1 
0173       1 
0174       1 
0175       1 
0176       1 
0177       1 
0178       1 
0179       1 
0180       1 
0181       1 
0182       1 
0183       1 
0184       1 
0185       1 
0186       1 
0187       1 
0188       1 
0189       1 
0190       1 
0191       1 
0192       1 
0193       1 
0194       1 
0195       1 
0196       1 
0197       1 
0198       1 
0199       1 
0200       1 
0201       1 
0202       1 
0203       1 
0204       1 
0205       1 
0206       1 
0207       1 
0208       1 
0209       1 
0210       1 
0211       1 
0212       1 
0213       1 
0214       1 
0215       1 
0216       1 
0217       1 
0218       1 
0219       1 
0220       1 
0221       1 
0222       1 
0223       1 
0224       1 
0225       1 
0226       1 
0227       1 
0228       1 
0229       1 
0230       1 
0231       1 
0232       1 
0233       1 
0234       1 
0235       1 
0236       1 
0237       1 
0238       1 
0239       1 
0240       1 
0241       1 
0242       1 
0243       1 
0244       1 
0245       1 
0246       1 
0247       1 
0248       1 
0249       1 
0250       1 
0251       1 
0252       1 
0253       1 
0254       1 
0255       1 
0256       1 
0257       1 
0258       1 
0259       1 
0260       1 
0261       1 
0262       1 
0263       1 
0264       1 
0265       1 
0266       1 
0267       1 
0268       1 
0269       1 
0270       1 
0271       1 
0272       1 
0273       1 
0274       1 
0275       1 
0276       1 
0277       1 
0278       1 
0279       1 
0280       1 
0281       1 
0282       1 
0283       1 
0284       1 
0285       1 
0286       1 
0287       1 
0288       13141 
0289       13141 
0290       13076 
0291       13041 
0292       12992 
0293       12917 
0294       12797 
0295       12664 
0296       12533 
0297       12476 
0298       12316 
0299       12220 
0300       12169 
0301       12084 
0302       12010 
0303       11901 
0304       11748 
0305       11695 
0306       11601 
0307       11525 
0308       11439 
0309       11357 
0310       11299 
0311       11203 
0312       11123 
0313       11012 
0314       10954 
0315       10845 
0316       10809 
0317       10721 
0318       10632 
0319       10577 
0320       10510 
0321       10442 
0322       10387 
0323       10338 
0324       10246 
0325       10195 
0326       10098 
0327       10066 
0328       10021 
0329       9900 
0330       9861 
0331       9776 
0332       9733 
0333       9716 
0334       9647 
0335       9589 
0336       9534 
0337       9499 
0338       9431 
0339       9363 
0340       9334 
0341       9275 
0342       9222 
0343       9146 
0344       9122 
0345       9075 
0346       9020 
0347       8957 
0348       8927 
0349       8906 
0350       8864 
0351       8830 
0352       8775 
0353       8742 
0354       8688 
0355       8633 
0356       8610 
0357       8546 
0358       8536 
0359       8465 
0360       8462 
0361       8405 
0362       8378 
0363       8333 
0364       8276 
0365       8251 
0366       8226 
0367       8197 
0368       8154 
0369       8138 
0370       8091 
0371       8026 
0372       8019 
0373       7977 
0374       7932 
0375       7907 
0376       7900 
0377       7864 
0378       7825 
0379       7814 
0380       7763 
0381       7692 
0382       7485 
0383       7421 
0384       7379 
0385       7334 
0386       7334 
0387       7341 
0388       7400 
0389       7442 
0390       7476 
0391       7514 
0392       7567 
0393       7601 
0394       7647 
0395       7690 
0396       7729 
0397       7776 
0398       7829 
0399       7875 
0400       7912 
0401       7977 
0402       8018 
0403       8073 
0404       8112 
0405       8169 
0406       8213 
0407       8275 
0408       8334 
0409       8380 
0410       8434 
0411       8495 
0412       8559 
0413       8614 
0414       8683 
0415       8724 
0416       8784 
0417       8843 
0418       8923 
0419       8976 
0420       9047 
0421       9115 
0422       9191 
0423       9243 
0424       9308 
0425       9396 
0426       9470 
0427       9526 
0428       9607 
0429       9656 
0430       9656 
0431       9654 
0432       9650 
0433       9621 
0434       9592 
0435       9575 
0436       9542 
0437       9523 
0438       9502 
0439       9494 
0440       9453 
0441       9449 
0442       9437 
0443       9417 
0444       9387 
0445       9352 
0446       9338 
0447       9329 
0448       9313 
0449       9285 
0450       9274 
0451       9239 
0452       9225 
0453       9205 
0454       9205 
0455       9207 
0456       9207 
0457       9267 
0458       9289 
0459       9285 
0460       9285 
0461       9275 
0462       9255 
0463       9249 
0464       9217 
0465       9200 
0466       9199 
0467       9171 
0468       9167 
0469       9158 
0470       9144 
0471       9127 
0472       9118 
0473       9111 
0474       9073 
0475       9062 
0476       9058 
0477       9050 
0478       9032 
0479       9032 
0480       9032 
0481       9009 
0482       8998 
0483       8981 
0484       8953 
0485       8951 
0486       8935 
0487       8935 
0488       8922 
0489       8921 
0490       8895 
0491       8895 
0492       8893 
0493       8863 
0494       8863 
0495       8856 
0496       8847 
0497       8845 
0498       8845 
0499       8837 
0500       8819 
0501       8817 
0502       8810 
0503       8810 
0504       8810 
0505       8798 
0506       8781 
0507       8771 
0508       8771 
0509       8771 
0510       8770 
0511       8765 
0512       8763 
0513       8760 
0514       8743 
0515       8743 
0516       8733 
0517       8722 
0518       8722 
0519       8722 
0520       8714 
0521       8709 
0522       8709 
0523       8691 
0524       8691 
0525       8681 
0526       8680 
0527       8670 
0528       8670 
0529       8660 
0530       8660 
0531       8660 
0532       8657 
0533       8657 
0534       8661 
0535       8661 
0536       8649 
0537       8649 
0538       8657 
0539       8658 
0540       8657 
0541       8656 
0542       8646 
0543       8642 
0544       8646 
0545       8638 
0546       8627 
0547       8627 
0548       8635 
0549       8635 
0550       8635 
0551       8636 
0552       8642 
0553       8642 
0554       8632 
0555       8631 
0556       8631 
0557       8637 
0558       8644 
0559       8644 
0560       8641 
0561       8641 
0562       8641 
0563       8638 
0564       8638 
0565       8646 
0566       8646 
0567       8654 
0568       8654 
0569       8669 
0570       8676 
0571       8676 
0572       8676 
0573       8676 
0574       8668 
0575       8676 
0576       8668 
0577       8685 
0578       8695 
0579       8709 
0580       8712 
0581       8721 
0582       8716 
0583       8721 
0584       8726 
0585       8739 
0586       8748 
0587       8748 
0588       8743 
0589       8743 
0590       8757 
0591       8759 
0592       8767 
0593       8781 
0594       8799 
0595       8799 
0596       8829 
0597       8833 
0598       8833 
0599       8832 
0600       8832 
0601       8867 
0602       8868 
0603       8868 
0604       8894 
0605       8894 
0606       8895 
0607       8937 
0608       8937 
0609       8943 
0610       8965 
0611       8973 
0612       8973 
0613       8998 
0614       9007 
0615       9017 
0616       9019 
0617       9027 
0618       9036 
0619       9073 
0620       9089 
0621       9100 
0622       9109 
0623       9113 
0624       9126 
0625       9165 
0626       9176 
0627       9193 
0628       9195 
0629       9229 
0630       9237 
0631       9244 
0632       9268 
0633       9269 
0634       9302 
0635       9313 
0636       9344 
0637       9370 
0638       9375 
0639       9401 
0640       9415 
0641       9424 
0642       9465 
0643       9485 
0644       9503 
0645       9527 
0646       9544 
0647       9569 
0648       9582 
0649       9603 
0650       9618 
0651       9645 
0652       9671 
0653       9716 
0654       9721 
0655       9721 
0656       9785 
0657       9787 
0658       9817 
0659       9839 
0660       9861 
0661       9897 
0662       9906 
0663       9943 
0664       9966 
0665       9977 
0666       10004 
0667       10045 
0668       10085 
0669       10096 
0670       10120 
0671       10132 
0672       10178 
0673       10227 
0674       10229 
0675       10280 
0676       10286 
0677       10320 
0678       10348 
0679       10372 
0680       10417 
0681       10426 
0682       10453 
0683       10489 
0684       10527 
0685       10544 
0686       10580 
0687       10618 
0688       10656 
0689       10657 
0690       10709 
0691       10739 
0692       10781 
0693       10814 
0694       10871 
0695       10906 
0696       10928 
0697       10966 
0698       11011 
0699       11046 
0700       11086 
0701       11114 
0702       11143 
0703       11202 
0704       11247 
0705       11255 
0706       11306 
0707       11359 
0708       11420 
0709       11447 
0710       11492 
0711       11548 
0712       11580 
0713       11648 
0714       11692 
0715       11718 
0716       11757 
0717       11801 
0718       11830 
0719       11866 
0720       11939 
0721       11980 
0722       12064 
0723       12092 
0724       12159 
0725       12183 
0726       12255 
0727       12312 
0728       12358 
0729       12427 
0730       12464 
0731       12538 
0732       12604 
0733       12656 
0734       12735 
0735       12763 
0736       12839 
0737       12922 
0738       12966 
0739       13032 
0740       13094 
0741       13160 
0742       13249 
0743       13301 
0744       13372 
0745       13438 
0746       13503 
0747       13589 
0748       13637 
0749       13717 
0750       13803 
0751       13870 
0752       13955 
0753       14010 
0754       14110 
0755       14198 
0756       14278 
0757       14344 
0758       14440 
0759       14502 
0760       14590 
0761       14700 
0762       14777 
0763       14879 
0764       14966 
0765       15046 
0766       15172 
0767       15306 
0768       15386 
0769       15489 
0770       15579 
0771       15710 
0772       15791 
0773       15939 
0774       16034 
0775       16123 
0776       16223 
0777       16327 
0778       16438 
0779       16536 
0780       16670 
0781       16837 
0782       16931 
0783       17053 
0784       17194 
0785       17285 
0786       17450 
0787       17576 
0788       17730 
0789       17824 
0790       17988 
0791       17988 
0792       1 
0793       1 
0794       1 
0795       1 
0796       1 
0797       1 
0798       1 
0799       1 
0800       1 
0801       1 
0802       1 
0803       1 
0804       1 
0805       1 
0806       1 
0807       20928 
0808       20928 
0809       21083 
0810       21494 
0811       21494 
0812       21494 
0813       21678 
0814       22368 
0815       22384 
0816       22384 
0817       22384 
0818       1 
0819       1 
0820       1 
0821       1 
0822       1 
0823       1 
0824       1 
0825       1 
0826       1 
0827       1 
0828       1 
0829       1 
0830       1 
0831       1 
0832       1 
0833       1 
0834       19044 
0835       19044 
0836       19010 
0837       19006 
0838       18983 
0839       18957 
0840       18923 
0841       18894 
0842       18867 
0843       18858 
0844       18839 
0845       18816 
0846       18773 
0847       18772 
0848       18716 
0849       18684 
0850       1 
0851       1 
0852       1 
0853       1 
0854       1 
0855       1 
0856       1 
0857       1 
0858       1 
0859       1 
0860       1 
0861       1 
0862       1 
0863       1 
0864       1 
0865       1 
0866       1 
0867       1 
0868       1 
0869       1 
0870       1 
0871       1 
0872       1 
0873       1 
0874       1 
0875       1 
0876       1 
0877       1 
0878       1 
0879       1 
0880       1 
0881       1 
0882       1 
0883       1 
0884       1 
0885       1 
0886       1 
0887       1 
0888       1 
0889       1 
0890       1 
0891       1 
0892       1 
0893       1 
0894       1 
0895       1 
0896       1 
0897       1 
0898       1 
0899       1 
0900       1 
0901       1 
0902       1 
0903       1 
0904       1 
0905       1 
0906       1 
0907       1 
0908       1 
0909       1 
0910       1 
0911       1 
0912       1 
0913       1 
0914       1 
0915       1 
0916       1 
0917       1 
0918       1 
0919       1 
0920       1 
0921       1 
0922       1 
0923       1 
0924       1 
0925       1 
0926       1 
0927       1 
0928       1 
0929       1 
0930       1 
0931       1 
0932       1 
0933       1 
0934       1 
0935       1 
0936       1 
0937       1 
0938       1 
0939       1 
0940       1 
0941       1 
0942       1 
0943       1 
0944       1 
0945       1 
0946       1 
0947       1 
0948       1 
0949       1 
0950       1 
0951       1 
0952       1 
0953       1 
0954       1 
0955       1 
0956       1 
0957       1 
0958       1 
0959       1 
0960       1 
0961       1 
0962       1 
0963       1 
0964       1 
0965       1 
0966       1 
0967       1 
0968       1 
0969       1 
0970       1 
0971       1 
0972       1 
0973       1 
0974       1 
0975       1 
0976       1 
0977       1 
0978       1 
0979       1 
0980       1 
0981       1 
0982       1 
0983       1 
0984       1 
0985       1 
0986       1 
0987       1 
0988       1 
0989       1 
0990       1 
0991       1 
0992       1 
0993       1 
0994       1 
0995       1 
0996       1 
0997       1 
0998       1 
0999       1 
1000       1 
1001       1 
1002       1 
1003       1 
1004       1 
1005       1 
1006       1 
1007       4 
1008       4 
1009       4 
1010       4 
1011       4 
1012       4 
1013       53 
1014       53 
1015       51 
1016       51 
1017       51 
1018       51 
1019       55 
1020       55 
1021       55 
1022       56 
1023       56 
1024       56 
1025       70 
1026       71 
1027       71 
1028       70 
1029       49 
1030       49 
1031       49 
1032       49 
1033       58 
1034       59 
1035       64 
1036       65 
1037       65 
1038       65 
1039       70 
1040       70 
1041       69 
1042       69 
1043       69 
1044       69 
1045       66 
1046       69 
1047       69 
1048       69 
1049       68 
1050       72 
1051       72 
1052       68 
1053       68 
1054       67 
1055       61 
1056       61 
1057       61 
1058       69 
1059       69 
1060       69 
1061       66 
1062       65 
1063       65 
1064       65 
1065       65 
1066       67 
1067       67 
1068       67 
1069       67 
1070       67 
1071       68 
1072       68 
1073       69 
1074       70 
1075       71 
1076       71 
1077       71 
1078       71 
1079       67 
1297966635.218818
