0000       1 
0001       1 
0002       1 
0003       1 
0004       1 
0005       1 
0006       1 
0007       1 
0008       1 
0009       1 
0010       1 
0011       1 
0012       1 
0013       1 
0014       1 
0015       1 
0016       1 
0017       1 
0018       1 
0019       1 
0020       1 
0021       1 
0022       1 
0023       1 
0024       1 
0025       1 
0026       1 
0027       1 
0028       1 
0029       1 
0030       1 
0031       1 
0032       1 
0033       1 
0034       1 
0035       1 
0036       1 
0037       1 
0038       1 
0039       1 
0040       1 
0041       1 
0042       1 
0043       1 
0044       1 
0045       1 
0046       1 
0047       1 
0048       1 
0049       1 
0050       1 
0051       1 
0052       1 
0053       1 
0054       1 
0055       1 
0056       1 
0057       1 
0058       1 
0059       1 
0060       1 
0061       1 
0062       1 
0063       1 
0064       1 
0065       1 
0066       1 
0067       1 
0068       1 
0069       1 
0070       1 
0071       1 
0072       1 
0073       1 
0074       1 
0075       1 
0076       1 
0077       1 
0078       1 
0079       1 
0080       1 
0081       1 
0082       1 
0083       1 
0084       1 
0085       1 
0086       1 
0087       1 
0088       1 
0089       1 
0090       1 
0091       1 
0092       1 
0093       1 
0094       1 
0095       1 
0096       1 
0097       1 
0098       1 
0099       1 
0100       1 
0101       1 
0102       1 
0103       1 
0104       1 
0105       1 
0106       1 
0107       1 
0108       1 
0109       1 
0110       1 
0111       1 
0112       1 
0113       1 
0114       1 
0115       1 
0116       1 
0117       1 
0118       1 
0119       1 
0120       1 
0121       1 
0122       1 
0123       1 
0124       1 
0125       1 
0126       1 
0127       1 
0128       1 
0129       1 
0130       1 
0131       1 
0132       1 
0133       1 
0134       1 
0135       1 
0136       1 
0137       1 
0138       1 
0139       1 
0140       1 
0141       1 
0142       1 
0143       1 
0144       1 
0145       1 
0146       1 
0147       1 
0148       1 
0149       1 
0150       1 
0151       1 
0152       1 
0153       1 
0154       1 
0155       1 
0156       1 
0157       1 
0158       1 
0159       1 
0160       1 
0161       1 
0162       1 
0163       1 
0164       1 
0165       1 
0166       1 
0167       1 
0168       1 
0169       1 
0170       1 
0171       1 
0172       1 
0173       1 
0174       1 
0175       1 
0176       1 
0177       1 
0178       1 
0179       1 
0180       1 
0181       1 
0182       1 
0183       1 
0184       1 
0185       1 
0186       1 
0187       1 
0188       1 
0189       1 
0190       1 
0191       1 
0192       1 
0193       1 
0194       1 
0195       1 
0196       1 
0197       1 
0198       1 
0199       1 
0200       1 
0201       1 
0202       1 
0203       1 
0204       1 
0205       1 
0206       1 
0207       1 
0208       1 
0209       1 
0210       1 
0211       1 
0212       1 
0213       1 
0214       1 
0215       1 
0216       1 
0217       1 
0218       1 
0219       1 
0220       1 
0221       1 
0222       1 
0223       1 
0224       1 
0225       1 
0226       1 
0227       1 
0228       1 
0229       1 
0230       1 
0231       1 
0232       1 
0233       1 
0234       1 
0235       1 
0236       1 
0237       1 
0238       1 
0239       1 
0240       1 
0241       1 
0242       1 
0243       1 
0244       1 
0245       1 
0246       1 
0247       1 
0248       1 
0249       1 
0250       1 
0251       1 
0252       1 
0253       1 
0254       21489 
0255       21514 
0256       21546 
0257       21584 
0258       21634 
0259       21649 
0260       21658 
0261       21668 
0262       21663 
0263       21684 
0264       21663 
0265       1 
0266       1 
0267       1 
0268       1 
0269       1 
0270       1 
0271       1 
0272       1 
0273       1 
0274       1 
0275       1 
0276       1 
0277       1 
0278       1 
0279       1 
0280       1 
0281       1 
0282       1 
0283       1 
0284       1 
0285       1 
0286       1 
0287       1 
0288       1 
0289       1 
0290       1 
0291       1 
0292       1 
0293       1 
0294       1 
0295       1 
0296       1 
0297       1 
0298       1 
0299       1 
0300       1 
0301       1 
0302       1 
0303       1 
0304       1 
0305       1 
0306       1 
0307       1 
0308       1 
0309       1 
0310       1 
0311       1 
0312       1 
0313       1 
0314       1 
0315       1 
0316       1 
0317       1 
0318       1 
0319       1 
0320       1 
0321       1 
0322       1 
0323       1 
0324       1 
0325       1 
0326       1 
0327       1 
0328       1 
0329       1 
0330       1 
0331       1 
0332       1 
0333       1 
0334       1 
0335       1 
0336       12249 
0337       12249 
0338       12176 
0339       12174 
0340       12121 
0341       12109 
0342       12109 
0343       12110 
0344       12110 
0345       12037 
0346       11970 
0347       11722 
0348       11716 
0349       11716 
0350       11640 
0351       11640 
0352       11670 
0353       11670 
0354       11642 
0355       11579 
0356       11564 
0357       11402 
0358       11366 
0359       11366 
0360       11363 
0361       11254 
0362       11250 
0363       11227 
0364       11250 
0365       11262 
0366       11309 
0367       11309 
0368       11277 
0369       11277 
0370       11293 
0371       11293 
0372       11289 
0373       11289 
0374       11311 
0375       11343 
0376       11368 
0377       11443 
0378       12305 
0379       12305 
0380       12283 
0381       12224 
0382       12174 
0383       12134 
0384       12100 
0385       12022 
0386       12000 
0387       11965 
0388       11898 
0389       11862 
0390       11830 
0391       11776 
0392       11746 
0393       11734 
0394       11680 
0395       11671 
0396       11608 
0397       11590 
0398       11550 
0399       11511 
0400       11482 
0401       11420 
0402       11394 
0403       11340 
0404       11298 
0405       11258 
0406       11219 
0407       11188 
0408       11147 
0409       11111 
0410       11076 
0411       11032 
0412       9490 
0413       9408 
0414       9393 
0415       9381 
0416       9345 
0417       9283 
0418       9236 
0419       9208 
0420       9155 
0421       9124 
0422       9121 
0423       9088 
0424       9060 
0425       9035 
0426       9023 
0427       8997 
0428       8972 
0429       8941 
0430       8916 
0431       8916 
0432       8892 
0433       8892 
0434       8926 
0435       8959 
0436       8960 
0437       8991 
0438       8991 
0439       9061 
0440       9118 
0441       9118 
0442       9118 
0443       9226 
0444       9300 
0445       9331 
0446       9352 
0447       9369 
0448       9369 
0449       9434 
0450       9535 
0451       9700 
0452       9773 
0453       9805 
0454       9805 
0455       9804 
0456       9796 
0457       9783 
0458       9754 
0459       9719 
0460       9693 
0461       9678 
0462       9652 
0463       9638 
0464       9622 
0465       9605 
0466       9589 
0467       9564 
0468       9553 
0469       9525 
0470       9479 
0471       8404 
0472       8403 
0473       8327 
0474       8327 
0475       8346 
0476       8346 
0477       8237 
0478       8038 
0479       7955 
0480       7865 
0481       7822 
0482       7777 
0483       7750 
0484       7737 
0485       7734 
0486       7734 
0487       7755 
0488       7796 
0489       7796 
0490       7796 
0491       7801 
0492       7804 
0493       7830 
0494       7875 
0495       7947 
0496       8060 
0497       8215 
0498       8533 
0499       8533 
0500       8217 
0501       7866 
0502       7866 
0503       7864 
0504       7851 
0505       7797 
0506       7728 
0507       7659 
0508       7655 
0509       7639 
0510       7645 
0511       7639 
0512       7593 
0513       7589 
0514       7579 
0515       7575 
0516       7570 
0517       7570 
0518       7553 
0519       7527 
0520       7512 
0521       7495 
0522       7484 
0523       7484 
0524       7487 
0525       7542 
0526       7629 
0527       7629 
0528       2030 
0529       2029 
0530       2029 
0531       2029 
0532       2029 
0533       2029 
0534       2031 
0535       2031 
0536       2031 
0537       2031 
0538       2025 
0539       2025 
0540       2024 
0541       2024 
0542       2024 
0543       2021 
0544       2020 
0545       2005 
0546       1627 
0547       1541 
0548       1497 
0549       1494 
0550       1485 
0551       1485 
0552       1485 
0553       1481 
0554       1481 
0555       1478 
0556       1484 
0557       1484 
0558       1488 
0559       1489 
0560       1491 
0561       1494 
0562       1496 
0563       1500 
0564       1499 
0565       1500 
0566       1499 
0567       1500 
0568       1499 
0569       1497 
0570       1497 
0571       1502 
0572       1504 
0573       1508 
0574       1508 
0575       1514 
0576       1514 
0577       1514 
0578       1529 
0579       1539 
0580       1549 
0581       1567 
0582       1660 
0583       1839 
0584       1855 
0585       1875 
0586       1875 
0587       1875 
0588       1875 
0589       1875 
0590       1885 
0591       1886 
0592       1893 
0593       1893 
0594       1897 
0595       1897 
0596       1910 
0597       1910 
0598       1910 
0599       1910 
0600       1910 
0601       1910 
0602       1910 
0603       1911 
0604       1915 
0605       1915 
0606       1917 
0607       1927 
0608       1927 
0609       1931 
0610       1944 
0611       1947 
0612       1947 
0613       1947 
0614       1948 
0615       1944 
0616       1944 
0617       1949 
0618       1949 
0619       1945 
0620       1946 
0621       1946 
0622       1946 
0623       1953 
0624       1953 
0625       1954 
0626       1962 
0627       1962 
0628       1962 
0629       1965 
0630       1965 
0631       1965 
0632       1965 
0633       1965 
0634       1975 
0635       1975 
0636       1975 
0637       1979 
0638       1979 
0639       1979 
0640       1979 
0641       1979 
0642       1986 
0643       1987 
0644       1995 
0645       1998 
0646       2001 
0647       2001 
0648       2001 
0649       2004 
0650       2009 
0651       2016 
0652       2016 
0653       2020 
0654       2020 
0655       2023 
0656       2034 
0657       2034 
0658       2040 
0659       2045 
0660       2045 
0661       2045 
0662       2046 
0663       2062 
0664       2069 
0665       2082 
0666       2084 
0667       2084 
0668       2095 
0669       2096 
0670       2103 
0671       2106 
0672       2108 
0673       2113 
0674       2114 
0675       2124 
0676       2124 
0677       2138 
0678       2145 
0679       2145 
0680       2145 
0681       2145 
0682       2158 
0683       2167 
0684       2168 
0685       2172 
0686       2173 
0687       2178 
0688       2190 
0689       2197 
0690       2198 
0691       2204 
0692       2214 
0693       2226 
0694       2230 
0695       2230 
0696       2243 
0697       2247 
0698       2255 
0699       2260 
0700       2265 
0701       2277 
0702       2278 
0703       2282 
0704       2301 
0705       2311 
0706       2324 
0707       2331 
0708       2333 
0709       2344 
0710       2357 
0711       2366 
0712       2371 
0713       2383 
0714       2400 
0715       2411 
0716       2411 
0717       2411 
0718       2425 
0719       2437 
0720       2439 
0721       2446 
0722       2463 
0723       2470 
0724       2474 
0725       2491 
0726       2495 
0727       2499 
0728       2505 
0729       2519 
0730       2533 
0731       2547 
0732       2551 
0733       2559 
0734       2566 
0735       2568 
0736       2576 
0737       2578 
0738       2585 
0739       2592 
0740       2602 
0741       2606 
0742       2616 
0743       2629 
0744       2647 
0745       2651 
0746       2651 
0747       2651 
0748       2639 
0749       2631 
0750       2618 
0751       2612 
0752       2611 
0753       2584 
0754       2573 
0755       2558 
0756       2551 
0757       2551 
0758       2531 
0759       2519 
0760       2518 
0761       2515 
0762       2513 
0763       2497 
0764       2485 
0765       2483 
0766       2482 
0767       2482 
0768       2483 
0769       2491 
0770       2497 
0771       2507 
0772       2518 
0773       2526 
0774       2533 
0775       2542 
0776       2565 
0777       2576 
0778       2579 
0779       2590 
0780       2590 
0781       2608 
0782       2656 
0783       3142 
0784       3142 
0785       3142 
0786       3130 
0787       3117 
0788       3085 
0789       3082 
0790       3070 
0791       3068 
0792       3067 
0793       3052 
0794       3052 
0795       3052 
0796       3053 
0797       3055 
0798       3059 
0799       3059 
0800       3059 
0801       3065 
0802       3076 
0803       3091 
0804       3110 
0805       3139 
0806       3139 
0807       3139 
0808       1 
0809       1 
0810       1 
0811       1 
0812       1 
0813       1 
0814       1 
0815       1 
0816       1 
0817       1 
0818       1 
0819       1 
0820       1 
0821       1 
0822       1 
0823       1 
0824       1 
0825       1 
0826       1 
0827       1 
0828       1 
0829       1 
0830       1 
0831       1 
0832       1 
0833       1 
0834       1 
0835       1 
0836       1 
0837       1 
0838       1 
0839       1 
0840       1 
0841       1 
0842       1 
0843       1 
0844       1 
0845       1 
0846       1 
0847       1 
0848       1 
0849       1 
0850       1 
0851       1 
0852       1 
0853       1 
0854       1 
0855       1 
0856       1 
0857       1 
0858       1 
0859       1 
0860       1 
0861       1 
0862       1 
0863       27550 
0864       27550 
0865       1 
0866       1 
0867       1 
0868       1 
0869       1 
0870       1 
0871       1 
0872       1 
0873       1 
0874       1 
0875       1 
0876       1 
0877       1 
0878       1 
0879       1 
0880       1 
0881       1 
0882       1 
0883       1 
0884       1 
0885       1 
0886       1 
0887       1 
0888       1 
0889       1 
0890       1 
0891       1 
0892       1 
0893       1 
0894       1 
0895       1 
0896       1 
0897       1 
0898       1 
0899       1 
0900       1 
0901       1 
0902       1 
0903       1 
0904       1 
0905       1 
0906       1 
0907       1 
0908       1 
0909       26689 
0910       26689 
0911       26903 
0912       26896 
0913       26896 
0914       1 
0915       1 
0916       1 
0917       1 
0918       1 
0919       1 
0920       1 
0921       1 
0922       1 
0923       1 
0924       1 
0925       1 
0926       1 
0927       1 
0928       1 
0929       1 
0930       1 
0931       1 
0932       1 
0933       1 
0934       1 
0935       1 
0936       1 
0937       1 
0938       1 
0939       1 
0940       1 
0941       1 
0942       1 
0943       1 
0944       1 
0945       1 
0946       1 
0947       1 
0948       1 
0949       1 
0950       1 
0951       1 
0952       1 
0953       1 
0954       1 
0955       1 
0956       1 
0957       1 
0958       1 
0959       1 
0960       1 
0961       1 
0962       1 
0963       1 
0964       1 
0965       1 
0966       1 
0967       1 
0968       1 
0969       1 
0970       1 
0971       1 
0972       1 
0973       1 
0974       1 
0975       1 
0976       1 
0977       1 
0978       1 
0979       1 
0980       1 
0981       1 
0982       1 
0983       1 
0984       1 
0985       1 
0986       1 
0987       1 
0988       1 
0989       1 
0990       1 
0991       1 
0992       1 
0993       1 
0994       1 
0995       1 
0996       1 
0997       1 
0998       1 
0999       1 
1000       1 
1001       1 
1002       1 
1003       1 
1004       1 
1005       1 
1006       1 
1007       1 
1008       4 
1009       4 
1010       4 
1011       4 
1012       4 
1013       49 
1014       49 
1015       53 
1016       49 
1017       53 
1018       62 
1019       53 
1020       55 
1021       55 
1022       55 
1023       46 
1024       55 
1025       58 
1026       60 
1027       60 
1028       60 
1029       60 
1030       55 
1031       55 
1032       55 
1033       56 
1034       56 
1035       66 
1036       66 
1037       71 
1038       72 
1039       73 
1040       73 
1041       72 
1042       66 
1043       66 
1044       65 
1045       65 
1046       65 
1047       65 
1048       65 
1049       64 
1050       65 
1051       66 
1052       64 
1053       64 
1054       58 
1055       58 
1056       58 
1057       63 
1058       70 
1059       70 
1060       70 
1061       66 
1062       66 
1063       66 
1064       66 
1065       66 
1066       70 
1067       70 
1068       70 
1069       67 
1070       67 
1071       66 
1072       67 
1073       66 
1074       68 
1075       64 
1076       68 
1077       70 
1078       74 
1079       74 
1297966685.612092
