0000       1 
0001       1 
0002       1 
0003       1 
0004       1 
0005       1 
0006       1 
0007       1 
0008       1 
0009       1 
0010       1 
0011       1 
0012       1 
0013       1 
0014       1 
0015       1 
0016       1 
0017       1 
0018       1 
0019       1 
0020       1 
0021       1 
0022       1 
0023       1 
0024       1 
0025       1 
0026       1 
0027       1 
0028       1 
0029       1 
0030       1 
0031       1 
0032       1 
0033       1 
0034       1 
0035       1 
0036       1 
0037       1 
0038       1 
0039       1 
0040       1 
0041       1 
0042       1 
0043       1 
0044       1 
0045       1 
0046       1 
0047       1 
0048       1 
0049       1 
0050       1 
0051       1 
0052       1 
0053       1 
0054       1 
0055       1 
0056       1 
0057       1 
0058       1 
0059       1 
0060       1 
0061       1 
0062       1 
0063       1 
0064       1 
0065       1 
0066       1 
0067       1 
0068       1 
0069       1 
0070       1 
0071       1 
0072       1 
0073       1 
0074       1 
0075       1 
0076       1 
0077       1 
0078       1 
0079       1 
0080       1 
0081       1 
0082       1 
0083       1 
0084       1 
0085       1 
0086       1 
0087       1 
0088       1 
0089       1 
0090       1 
0091       1 
0092       1 
0093       1 
0094       1 
0095       1 
0096       1 
0097       1 
0098       1 
0099       1 
0100       1 
0101       1 
0102       1 
0103       1 
0104       1 
0105       1 
0106       1 
0107       1 
0108       1 
0109       1 
0110       1 
0111       1 
0112       1 
0113       1 
0114       1 
0115       1 
0116       1 
0117       1 
0118       1 
0119       1 
0120       1 
0121       1 
0122       1 
0123       1 
0124       1 
0125       1 
0126       1 
0127       26101 
0128       26101 
0129       1 
0130       1 
0131       1 
0132       1 
0133       1 
0134       25979 
0135       25979 
0136       1 
0137       1 
0138       1 
0139       25884 
0140       25884 
0141       25884 
0142       25873 
0143       25837 
0144       25836 
0145       25820 
0146       25804 
0147       25796 
0148       20064 
0149       20060 
0150       20053 
0151       20029 
0152       20042 
0153       20029 
0154       20023 
0155       20003 
0156       20003 
0157       20003 
0158       20000 
0159       19991 
0160       19991 
0161       19991 
0162       19983 
0163       19782 
0164       19772 
0165       19761 
0166       19761 
0167       19761 
0168       19761 
0169       19788 
0170       19864 
0171       19910 
0172       19920 
0173       19920 
0174       19920 
0175       19914 
0176       19910 
0177       19904 
0178       19910 
0179       19904 
0180       19932 
0181       19906 
0182       19906 
0183       19883 
0184       19883 
0185       25687 
0186       25687 
0187       25687 
0188       19805 
0189       19799 
0190       19797 
0191       19793 
0192       19797 
0193       19813 
0194       19815 
0195       19813 
0196       1 
0197       1 
0198       1 
0199       1 
0200       19879 
0201       19879 
0202       19332 
0203       1 
0204       19332 
0205       19836 
0206       19948 
0207       19995 
0208       22252 
0209       22258 
0210       22252 
0211       1 
0212       1 
0213       1 
0214       1 
0215       1 
0216       1 
0217       1 
0218       1 
0219       1 
0220       1 
0221       1 
0222       1 
0223       1 
0224       1 
0225       1 
0226       20247 
0227       20277 
0228       20313 
0229       20318 
0230       20353 
0231       20357 
0232       20357 
0233       20357 
0234       20393 
0235       20520 
0236       20520 
0237       20501 
0238       20054 
0239       20045 
0240       20054 
0241       20640 
0242       20654 
0243       20654 
0244       1 
0245       1 
0246       1 
0247       23193 
0248       23193 
0249       17906 
0250       17905 
0251       17906 
0252       17920 
0253       17955 
0254       17995 
0255       17997 
0256       18027 
0257       18061 
0258       18104 
0259       18129 
0260       18150 
0261       18189 
0262       18203 
0263       18262 
0264       18271 
0265       18271 
0266       1 
0267       1 
0268       1 
0269       1 
0270       16619 
0271       16619 
0272       16323 
0273       16167 
0274       16167 
0275       15991 
0276       15810 
0277       1 
0278       1 
0279       1 
0280       1 
0281       1 
0282       1 
0283       1 
0284       14569 
0285       14569 
0286       14517 
0287       14517 
0288       14562 
0289       14588 
0290       14637 
0291       14684 
0292       14715 
0293       14751 
0294       14782 
0295       14827 
0296       14839 
0297       14891 
0298       14930 
0299       14965 
0300       15013 
0301       15047 
0302       15093 
0303       15132 
0304       15164 
0305       15211 
0306       15305 
0307       15325 
0308       15348 
0309       15411 
0310       15434 
0311       15501 
0312       15501 
0313       15450 
0314       15386 
0315       15340 
0316       15340 
0317       15288 
0318       15169 
0319       15110 
0320       15036 
0321       14915 
0322       14834 
0323       14750 
0324       14665 
0325       14571 
0326       14385 
0327       14316 
0328       14316 
0329       14260 
0330       14161 
0331       14075 
0332       13988 
0333       13903 
0334       13851 
0335       13761 
0336       13702 
0337       13612 
0338       13550 
0339       13477 
0340       13426 
0341       13379 
0342       13286 
0343       13247 
0344       13170 
0345       13129 
0346       13085 
0347       12995 
0348       12924 
0349       12881 
0350       12803 
0351       12755 
0352       12675 
0353       12647 
0354       12578 
0355       12500 
0356       1 
0357       1 
0358       1 
0359       1 
0360       1 
0361       1 
0362       1 
0363       1 
0364       1 
0365       10048 
0366       10048 
0367       10048 
0368       1 
0369       1 
0370       1 
0371       1 
0372       10450 
0373       10450 
0374       10519 
0375       11454 
0376       11454 
0377       11435 
0378       11405 
0379       11335 
0380       10810 
0381       10792 
0382       10792 
0383       10765 
0384       10705 
0385       10673 
0386       10623 
0387       10592 
0388       10558 
0389       10526 
0390       10491 
0391       10476 
0392       10418 
0393       10413 
0394       10368 
0395       10319 
0396       10281 
0397       10255 
0398       10251 
0399       10212 
0400       10180 
0401       10155 
0402       10111 
0403       10064 
0404       10028 
0405       10026 
0406       9985 
0407       9975 
0408       9947 
0409       9915 
0410       9850 
0411       9846 
0412       9824 
0413       7252 
0414       7246 
0415       7202 
0416       7166 
0417       7144 
0418       7127 
0419       7120 
0420       7120 
0421       7158 
0422       7171 
0423       7187 
0424       7262 
0425       7262 
0426       7246 
0427       7202 
0428       7194 
0429       7171 
0430       7111 
0431       7099 
0432       7054 
0433       7035 
0434       7027 
0435       6984 
0436       6978 
0437       6966 
0438       6966 
0439       6945 
0440       6926 
0441       6914 
0442       6893 
0443       6888 
0444       6878 
0445       6846 
0446       6829 
0447       6823 
0448       6823 
0449       6821 
0450       6802 
0451       6795 
0452       6774 
0453       6764 
0454       6748 
0455       6729 
0456       6705 
0457       6705 
0458       6702 
0459       6696 
0460       6689 
0461       6675 
0462       6665 
0463       6661 
0464       6644 
0465       6639 
0466       6610 
0467       6593 
0468       6593 
0469       6594 
0470       6594 
0471       6573 
0472       6567 
0473       6557 
0474       6556 
0475       6538 
0476       6538 
0477       6532 
0478       6492 
0479       6486 
0480       6486 
0481       6487 
0482       6488 
0483       6488 
0484       6476 
0485       6470 
0486       6463 
0487       6456 
0488       6447 
0489       6425 
0490       6402 
0491       6402 
0492       6415 
0493       6415 
0494       6400 
0495       6400 
0496       6399 
0497       6399 
0498       6388 
0499       6384 
0500       6368 
0501       6347 
0502       6337 
0503       6337 
0504       6343 
0505       6343 
0506       6340 
0507       6336 
0508       6340 
0509       6334 
0510       6334 
0511       6331 
0512       6327 
0513       6305 
0514       6293 
0515       6293 
0516       6309 
0517       6313 
0518       6313 
0519       6297 
0520       6297 
0521       6298 
0522       6302 
0523       6302 
0524       6297 
0525       6284 
0526       6267 
0527       6264 
0528       6264 
0529       6286 
0530       6286 
0531       6286 
0532       6282 
0533       6280 
0534       6280 
0535       6280 
0536       6278 
0537       6276 
0538       6255 
0539       6249 
0540       6249 
0541       6271 
0542       6278 
0543       6278 
0544       6284 
0545       6277 
0546       6277 
0547       6276 
0548       6276 
0549       6275 
0550       6270 
0551       6252 
0552       6252 
0553       6272 
0554       6280 
0555       6293 
0556       6293 
0557       6295 
0558       6290 
0559       6298 
0560       6298 
0561       6298 
0562       6289 
0563       6274 
0564       6274 
0565       6281 
0566       6301 
0567       6315 
0568       6319 
0569       6325 
0570       6325 
0571       6307 
0572       6307 
0573       6320 
0574       6330 
0575       6330 
0576       6304 
0577       6270 
0578       6260 
0579       6260 
0580       8555 
0581       8561 
0582       8586 
0583       8595 
0584       8636 
0585       8648 
0586       8654 
0587       8655 
0588       8664 
0589       8664 
0590       8668 
0591       8685 
0592       8694 
0593       8715 
0594       8724 
0595       8736 
0596       8743 
0597       8755 
0598       8755 
0599       8755 
0600       8771 
0601       8788 
0602       8812 
0603       8815 
0604       8828 
0605       8828 
0606       8832 
0607       8845 
0608       8856 
0609       8905 
0610       8905 
0611       8920 
0612       8909 
0613       8933 
0614       8933 
0615       8933 
0616       8954 
0617       8971 
0618       8975 
0619       9023 
0620       9023 
0621       9025 
0622       9035 
0623       9052 
0624       9081 
0625       9083 
0626       9100 
0627       9142 
0628       9164 
0629       9172 
0630       9187 
0631       9187 
0632       9216 
0633       9242 
0634       9246 
0635       9293 
0636       9298 
0637       9300 
0638       9333 
0639       9362 
0640       9382 
0641       9388 
0642       9405 
0643       9441 
0644       9449 
0645       9458 
0646       9500 
0647       9509 
0648       9551 
0649       9564 
0650       9564 
0651       9564 
0652       9635 
0653       9679 
0654       9679 
0655       9688 
0656       9699 
0657       9742 
0658       9763 
0659       9778 
0660       9828 
0661       9832 
0662       9873 
0663       9910 
0664       9911 
0665       9966 
0666       9975 
0667       9994 
0668       9998 
0669       10075 
0670       10094 
0671       10122 
0672       10136 
0673       10192 
0674       10212 
0675       10256 
0676       10278 
0677       10282 
0678       10314 
0679       10314 
0680       10298 
0681       10276 
0682       10255 
0683       10255 
0684       10243 
0685       10217 
0686       10212 
0687       10212 
0688       10296 
0689       10297 
0690       10297 
0691       10280 
0692       10086 
0693       10015 
0694       10015 
0695       10116 
0696       10116 
0697       10071 
0698       9809 
0699       9784 
0700       9784 
0701       9784 
0702       9784 
0703       9735 
0704       9729 
0705       9724 
0706       9675 
0707       9631 
0708       9590 
0709       9541 
0710       9508 
0711       9454 
0712       9423 
0713       9377 
0714       9333 
0715       9286 
0716       9249 
0717       9205 
0718       9181 
0719       9138 
0720       9096 
0721       9066 
0722       9025 
0723       8986 
0724       8942 
0725       8909 
0726       8874 
0727       8821 
0728       8807 
0729       8756 
0730       8708 
0731       8594 
0732       8564 
0733       8503 
0734       8452 
0735       8096 
0736       8084 
0737       8084 
0738       8084 
0739       8011 
0740       7965 
0741       7935 
0742       7924 
0743       7921 
0744       7900 
0745       7829 
0746       7817 
0747       7784 
0748       7773 
0749       7742 
0750       7742 
0751       7742 
0752       7698 
0753       7645 
0754       7613 
0755       7613 
0756       7593 
0757       7579 
0758       7537 
0759       3626 
0760       3626 
0761       3626 
0762       3674 
0763       3681 
0764       3681 
0765       3683 
0766       3699 
0767       3706 
0768       3738 
0769       3748 
0770       3758 
0771       3759 
0772       3765 
0773       3786 
0774       3817 
0775       3818 
0776       3861 
0777       3873 
0778       3873 
0779       3873 
0780       3798 
0781       3619 
0782       3501 
0783       3266 
0784       3247 
0785       3243 
0786       3247 
0787       3252 
0788       3252 
0789       3277 
0790       3293 
0791       3311 
0792       3315 
0793       3317 
0794       3333 
0795       3371 
0796       3397 
0797       3400 
0798       3404 
0799       3437 
0800       3460 
0801       3509 
0802       3526 
0803       3541 
0804       3586 
0805       3602 
0806       3636 
0807       3678 
0808       3709 
0809       3741 
0810       3773 
0811       3813 
0812       3851 
0813       3880 
0814       3928 
0815       3987 
0816       4044 
0817       4101 
0818       4136 
0819       4194 
0820       4266 
0821       4346 
0822       4403 
0823       4486 
0824       4585 
0825       6377 
0826       6377 
0827       6368 
0828       6337 
0829       6296 
0830       6287 
0831       6248 
0832       6206 
0833       6181 
0834       6159 
0835       6147 
0836       6110 
0837       6075 
0838       6074 
0839       6043 
0840       6015 
0841       6008 
0842       5957 
0843       5936 
0844       5914 
0845       5898 
0846       5862 
0847       5840 
0848       5737 
0849       5737 
0850       5736 
0851       5736 
0852       5736 
0853       5745 
0854       5801 
0855       5922 
0856       6028 
0857       6169 
0858       6344 
0859       6493 
0860       6740 
0861       7018 
0862       8209 
0863       8433 
0864       8685 
0865       8894 
0866       9122 
0867       9406 
0868       9746 
0869       9746 
0870       10075 
0871       10684 
0872       11160 
0873       11559 
0874       11725 
0875       12183 
0876       12183 
0877       12183 
0878       1 
0879       1 
0880       1 
0881       1 
0882       1 
0883       1 
0884       1 
0885       1 
0886       1 
0887       1 
0888       1 
0889       1 
0890       1 
0891       1 
0892       1 
0893       1 
0894       1 
0895       1 
0896       1 
0897       1 
0898       1 
0899       1 
0900       1 
0901       1 
0902       1 
0903       1 
0904       1 
0905       1 
0906       1 
0907       1 
0908       1 
0909       1 
0910       1 
0911       1 
0912       1 
0913       1 
0914       1 
0915       1 
0916       1 
0917       1 
0918       1 
0919       1 
0920       1 
0921       1 
0922       1 
0923       1 
0924       1 
0925       1 
0926       1 
0927       1 
0928       1 
0929       1 
0930       1 
0931       1 
0932       1 
0933       1 
0934       1 
0935       1 
0936       1 
0937       1 
0938       1 
0939       1 
0940       1 
0941       1 
0942       1 
0943       1 
0944       1 
0945       1 
0946       1 
0947       1 
0948       1 
0949       1 
0950       1 
0951       1 
0952       1 
0953       1 
0954       1 
0955       1 
0956       1 
0957       1 
0958       1 
0959       1 
0960       1 
0961       1 
0962       1 
0963       1 
0964       1 
0965       1 
0966       1 
0967       1 
0968       1 
0969       1 
0970       1 
0971       1 
0972       1 
0973       1 
0974       1 
0975       1 
0976       1 
0977       1 
0978       1 
0979       1 
0980       1 
0981       1 
0982       1 
0983       1 
0984       1 
0985       1 
0986       1 
0987       1 
0988       1 
0989       1 
0990       1 
0991       1 
0992       1 
0993       1 
0994       1 
0995       1 
0996       1 
0997       1 
0998       1 
0999       1 
1000       1 
1001       1 
1002       1 
1003       1 
1004       1 
1005       1 
1006       41 
1007       42 
1008       49 
1009       50 
1010       50 
1011       52 
1012       52 
1013       55 
1014       55 
1015       55 
1016       56 
1017       52 
1018       52 
1019       61 
1020       61 
1021       52 
1022       53 
1023       52 
1024       52 
1025       53 
1026       57 
1027       61 
1028       61 
1029       57 
1030       51 
1031       51 
1032       51 
1033       57 
1034       63 
1035       64 
1036       70 
1037       74 
1038       76 
1039       76 
1040       74 
1041       71 
1042       67 
1043       67 
1044       67 
1045       67 
1046       67 
1047       70 
1048       70 
1049       70 
1050       71 
1051       71 
1052       71 
1053       71 
1054       71 
1055       69 
1056       66 
1057       65 
1058       66 
1059       66 
1060       65 
1061       65 
1062       62 
1063       62 
1064       62 
1065       65 
1066       68 
1067       69 
1068       68 
1069       68 
1070       68 
1071       65 
1072       65 
1073       65 
1074       68 
1075       70 
1076       70 
1077       71 
1078       70 
1079       69 
1297966673.998675
