0000       1 
0001       1 
0002       1 
0003       1 
0004       1 
0005       1 
0006       1 
0007       1 
0008       1 
0009       1 
0010       1 
0011       1 
0012       1 
0013       1 
0014       1 
0015       1 
0016       1 
0017       1 
0018       1 
0019       1 
0020       1 
0021       1 
0022       1 
0023       1 
0024       1 
0025       1 
0026       1 
0027       1 
0028       1 
0029       1 
0030       1 
0031       1 
0032       1 
0033       1 
0034       1 
0035       1 
0036       1 
0037       1 
0038       1 
0039       1 
0040       1 
0041       1 
0042       1 
0043       1 
0044       1 
0045       1 
0046       1 
0047       1 
0048       1 
0049       1 
0050       1 
0051       1 
0052       1 
0053       1 
0054       1 
0055       1 
0056       1 
0057       1 
0058       1 
0059       1 
0060       1 
0061       1 
0062       1 
0063       1 
0064       1 
0065       1 
0066       1 
0067       1 
0068       1 
0069       1 
0070       1 
0071       1 
0072       1 
0073       1 
0074       1 
0075       1 
0076       1 
0077       1 
0078       1 
0079       1 
0080       1 
0081       1 
0082       1 
0083       1 
0084       1 
0085       1 
0086       1 
0087       1 
0088       1 
0089       1 
0090       1 
0091       1 
0092       1 
0093       1 
0094       1 
0095       1 
0096       1 
0097       1 
0098       1 
0099       1 
0100       1 
0101       1 
0102       1 
0103       1 
0104       1 
0105       1 
0106       1 
0107       1 
0108       1 
0109       1 
0110       1 
0111       1 
0112       1 
0113       1 
0114       1 
0115       1 
0116       1 
0117       1 
0118       1 
0119       1 
0120       1 
0121       1 
0122       1 
0123       1 
0124       1 
0125       1 
0126       1 
0127       1 
0128       1 
0129       1 
0130       1 
0131       1 
0132       1 
0133       1 
0134       1 
0135       1 
0136       1 
0137       1 
0138       1 
0139       1 
0140       1 
0141       1 
0142       1 
0143       1 
0144       1 
0145       1 
0146       1 
0147       33787 
0148       33787 
0149       28081 
0150       28052 
0151       28052 
0152       28050 
0153       28024 
0154       28006 
0155       28006 
0156       28004 
0157       27999 
0158       27999 
0159       27990 
0160       27783 
0161       27781 
0162       27767 
0163       27762 
0164       27762 
0165       27762 
0166       1 
0167       1 
0168       1 
0169       27979 
0170       27997 
0171       27997 
0172       27991 
0173       27991 
0174       27983 
0175       27920 
0176       27771 
0177       27750 
0178       27749 
0179       27749 
0180       27749 
0181       27755 
0182       27755 
0183       27217 
0184       1 
0185       1 
0186       1 
0187       1 
0188       1 
0189       1 
0190       27836 
0191       27860 
0192       27860 
0193       28009 
0194       28061 
0195       28061 
0196       1 
0197       1 
0198       1 
0199       1 
0200       1 
0201       28077 
0202       28077 
0203       28001 
0204       28001 
0205       28036 
0206       28061 
0207       28062 
0208       28089 
0209       28089 
0210       28110 
0211       28145 
0212       28150 
0213       28212 
0214       28212 
0215       28212 
0216       28260 
0217       28260 
0218       1 
0219       1 
0220       1 
0221       1 
0222       1 
0223       1 
0224       1 
0225       1 
0226       1 
0227       28665 
0228       28665 
0229       28634 
0230       28634 
0231       28673 
0232       28725 
0233       28750 
0234       28761 
0235       28824 
0236       28854 
0237       28901 
0238       28901 
0239       1 
0240       1 
0241       1 
0242       1 
0243       1 
0244       1 
0245       1 
0246       1 
0247       1 
0248       1 
0249       1 
0250       1 
0251       1 
0252       1 
0253       1 
0254       1 
0255       1 
0256       1 
0257       1 
0258       1 
0259       1 
0260       16213 
0261       16213 
0262       16042 
0263       15877 
0264       15731 
0265       15534 
0266       15396 
0267       15164 
0268       15104 
0269       14972 
0270       14816 
0271       14702 
0272       14524 
0273       14437 
0274       14246 
0275       14188 
0276       13975 
0277       13903 
0278       13807 
0279       13622 
0280       13575 
0281       13372 
0282       13331 
0283       13225 
0284       13069 
0285       13030 
0286       12924 
0287       12749 
0288       12693 
0289       12619 
0290       12459 
0291       12423 
0292       12327 
0293       12196 
0294       12159 
0295       12049 
0296       11921 
0297       11884 
0298       11818 
0299       11703 
0300       11591 
0301       11583 
0302       11499 
0303       11362 
0304       11323 
0305       11264 
0306       11182 
0307       11046 
0308       11041 
0309       10957 
0310       10895 
0311       10781 
0312       10769 
0313       10708 
0314       10637 
0315       10509 
0316       10482 
0317       10448 
0318       10384 
0319       10284 
0320       10239 
0321       10213 
0322       10148 
0323       10082 
0324       9969 
0325       9961 
0326       9925 
0327       9873 
0328       9799 
0329       9723 
0330       9696 
0331       9647 
0332       9587 
0333       9403 
0334       9403 
0335       9420 
0336       9476 
0337       9526 
0338       9593 
0339       9622 
0340       9646 
0341       9694 
0342       9731 
0343       9774 
0344       9806 
0345       9852 
0346       9894 
0347       9925 
0348       9981 
0349       10030 
0350       10059 
0351       10067 
0352       10099 
0353       10133 
0354       10156 
0355       10171 
0356       10172 
0357       10183 
0358       10204 
0359       10213 
0360       10229 
0361       10263 
0362       10264 
0363       10297 
0364       10315 
0365       10336 
0366       10359 
0367       10390 
0368       10415 
0369       10436 
0370       10463 
0371       10493 
0372       10527 
0373       10540 
0374       10587 
0375       10618 
0376       10642 
0377       10644 
0378       10642 
0379       10629 
0380       10619 
0381       10554 
0382       10549 
0383       10502 
0384       10464 
0385       10420 
0386       10413 
0387       10374 
0388       10352 
0389       10321 
0390       10321 
0391       10260 
0392       10208 
0393       10208 
0394       10164 
0395       10137 
0396       10136 
0397       10077 
0398       10032 
0399       10025 
0400       9991 
0401       9953 
0402       9928 
0403       9924 
0404       9924 
0405       9858 
0406       9845 
0407       9830 
0408       9799 
0409       9766 
0410       9757 
0411       9693 
0412       9690 
0413       9666 
0414       9663 
0415       9586 
0416       9585 
0417       9552 
0418       9511 
0419       9510 
0420       9504 
0421       9503 
0422       9458 
0423       9421 
0424       9411 
0425       9385 
0426       9368 
0427       9336 
0428       9330 
0429       9315 
0430       9300 
0431       9287 
0432       9264 
0433       9224 
0434       9218 
0435       9200 
0436       9182 
0437       9180 
0438       9162 
0439       9130 
0440       9105 
0441       9093 
0442       9091 
0443       9073 
0444       9069 
0445       9042 
0446       9036 
0447       9016 
0448       8997 
0449       8994 
0450       8945 
0451       8940 
0452       8934 
0453       5734 
0454       5726 
0455       5731 
0456       5716 
0457       5711 
0458       5706 
0459       5705 
0460       5685 
0461       5678 
0462       5661 
0463       5655 
0464       5634 
0465       5634 
0466       5634 
0467       5634 
0468       5629 
0469       5620 
0470       5619 
0471       5610 
0472       5595 
0473       5583 
0474       5568 
0475       5560 
0476       5559 
0477       5554 
0478       5554 
0479       5550 
0480       5550 
0481       5550 
0482       5540 
0483       5536 
0484       5535 
0485       5523 
0486       5523 
0487       5512 
0488       5505 
0489       5499 
0490       5491 
0491       5471 
0492       5471 
0493       5477 
0494       5477 
0495       5492 
0496       5470 
0497       5470 
0498       5468 
0499       5470 
0500       5475 
0501       5475 
0502       5457 
0503       5456 
0504       5446 
0505       5430 
0506       5430 
0507       5440 
0508       5448 
0509       5448 
0510       5448 
0511       5441 
0512       5433 
0513       5433 
0514       5437 
0515       5438 
0516       5438 
0517       5430 
0518       5404 
0519       5386 
0520       5386 
0521       5400 
0522       5426 
0523       5426 
0524       5409 
0525       5409 
0526       5419 
0527       5419 
0528       5415 
0529       5406 
0530       5404 
0531       5402 
0532       5399 
0533       5380 
0534       5380 
0535       5405 
0536       5409 
0537       5409 
0538       5409 
0539       5412 
0540       5412 
0541       5412 
0542       5414 
0543       5420 
0544       5433 
0545       5433 
0546       5432 
0547       5422 
0548       5422 
0549       5428 
0550       5440 
0551       5451 
0552       5440 
0553       5447 
0554       5447 
0555       5447 
0556       5458 
0557       5450 
0558       5463 
0559       5457 
0560       5457 
0561       5434 
0562       5434 
0563       5443 
0564       5456 
0565       5473 
0566       5479 
0567       5479 
0568       5479 
0569       5483 
0570       5486 
0571       5496 
0572       5506 
0573       5506 
0574       5489 
0575       5479 
0576       5479 
0577       5521 
0578       5524 
0579       5531 
0580       5531 
0581       5545 
0582       5548 
0583       5554 
0584       5557 
0585       5563 
0586       5563 
0587       5560 
0588       5560 
0589       5570 
0590       5589 
0591       5606 
0592       5614 
0593       5620 
0594       5628 
0595       5633 
0596       5633 
0597       5633 
0598       5646 
0599       5654 
0600       5656 
0601       5654 
0602       5656 
0603       5656 
0604       5675 
0605       5697 
0606       5698 
0607       5710 
0608       5714 
0609       5724 
0610       5742 
0611       5766 
0612       5766 
0613       5763 
0614       5762 
0615       5763 
0616       5766 
0617       5798 
0618       5816 
0619       5822 
0620       5830 
0621       5837 
0622       5851 
0623       5876 
0624       5876 
0625       5883 
0626       5882 
0627       5886 
0628       5912 
0629       5944 
0630       5944 
0631       5953 
0632       5954 
0633       5980 
0634       5993 
0635       6004 
0636       6013 
0637       6019 
0638       6023 
0639       6026 
0640       6050 
0641       6074 
0642       6086 
0643       6093 
0644       6131 
0645       6134 
0646       6148 
0647       6163 
0648       6177 
0649       6179 
0650       6183 
0651       6215 
0652       6218 
0653       6252 
0654       6261 
0655       6300 
0656       6306 
0657       6331 
0658       6346 
0659       6351 
0660       6351 
0661       6374 
0662       6412 
0663       6434 
0664       6442 
0665       6444 
0666       6459 
0667       6500 
0668       6512 
0669       6532 
0670       6532 
0671       6555 
0672       6576 
0673       6611 
0674       6621 
0675       6659 
0676       6687 
0677       6695 
0678       6722 
0679       6722 
0680       6726 
0681       6767 
0682       6791 
0683       6818 
0684       6852 
0685       6864 
0686       6893 
0687       6927 
0688       6935 
0689       6955 
0690       6992 
0691       7020 
0692       7042 
0693       7069 
0694       7107 
0695       7125 
0696       7126 
0697       7134 
0698       7172 
0699       7220 
0700       7260 
0701       7281 
0702       7313 
0703       7316 
0704       7367 
0705       7370 
0706       7417 
0707       7472 
0708       7495 
0709       7555 
0710       7563 
0711       7578 
0712       7593 
0713       7593 
0714       8433 
0715       8465 
0716       8522 
0717       8543 
0718       8616 
0719       8712 
0720       12750 
0721       12842 
0722       12884 
0723       12925 
0724       13073 
0725       13105 
0726       13179 
0727       13235 
0728       13311 
0729       13385 
0730       13451 
0731       13511 
0732       13628 
0733       13697 
0734       13769 
0735       13864 
0736       13959 
0737       14008 
0738       14113 
0739       14174 
0740       14278 
0741       14385 
0742       14486 
0743       14583 
0744       14663 
0745       14759 
0746       14848 
0747       14949 
0748       15061 
0749       15117 
0750       15257 
0751       15314 
0752       15424 
0753       15567 
0754       15681 
0755       15792 
0756       15887 
0757       15975 
0758       16078 
0759       16175 
0760       16202 
0761       16236 
0762       16322 
0763       16414 
0764       16546 
0765       16627 
0766       16641 
0767       16641 
0768       16632 
0769       16545 
0770       16521 
0771       16470 
0772       16417 
0773       16396 
0774       16329 
0775       16316 
0776       16277 
0777       16236 
0778       16223 
0779       16176 
0780       16102 
0781       16054 
0782       16052 
0783       16020 
0784       15995 
0785       15955 
0786       15890 
0787       15857 
0788       15851 
0789       15791 
0790       15773 
0791       15724 
0792       15704 
0793       15679 
0794       15639 
0795       15593 
0796       15561 
0797       15561 
0798       15536 
0799       1 
0800       1 
0801       1 
0802       1 
0803       1 
0804       1 
0805       1 
0806       1 
0807       1 
0808       1 
0809       1 
0810       1 
0811       1 
0812       1 
0813       1 
0814       1 
0815       1 
0816       1 
0817       1 
0818       1 
0819       1 
0820       18952 
0821       19067 
0822       19166 
0823       19166 
0824       1 
0825       1 
0826       1 
0827       18657 
0828       18657 
0829       18526 
0830       1 
0831       1 
0832       1 
0833       1 
0834       1 
0835       1 
0836       1 
0837       1 
0838       1 
0839       1 
0840       1 
0841       1 
0842       1 
0843       1 
0844       1 
0845       1 
0846       1 
0847       1 
0848       1 
0849       1 
0850       1 
0851       1 
0852       1 
0853       1 
0854       1 
0855       1 
0856       1 
0857       1 
0858       1 
0859       1 
0860       1 
0861       1 
0862       1 
0863       1 
0864       1 
0865       1 
0866       1 
0867       1 
0868       1 
0869       1 
0870       1 
0871       1 
0872       1 
0873       1 
0874       1 
0875       1 
0876       1 
0877       1 
0878       1 
0879       1 
0880       1 
0881       1 
0882       1 
0883       1 
0884       1 
0885       1 
0886       1 
0887       1 
0888       1 
0889       1 
0890       1 
0891       1 
0892       1 
0893       1 
0894       1 
0895       1 
0896       1 
0897       1 
0898       1 
0899       1 
0900       1 
0901       1 
0902       1 
0903       1 
0904       1 
0905       1 
0906       1 
0907       1 
0908       1 
0909       1 
0910       1 
0911       1 
0912       1 
0913       1 
0914       1 
0915       1 
0916       1 
0917       1 
0918       1 
0919       1 
0920       1 
0921       1 
0922       1 
0923       1 
0924       1 
0925       1 
0926       1 
0927       1 
0928       1 
0929       1 
0930       1 
0931       1 
0932       1 
0933       1 
0934       1 
0935       1 
0936       1 
0937       1 
0938       1 
0939       1 
0940       1 
0941       1 
0942       1 
0943       1 
0944       1 
0945       1 
0946       1 
0947       1 
0948       1 
0949       1 
0950       1 
0951       1 
0952       1 
0953       1 
0954       1 
0955       1 
0956       1 
0957       1 
0958       1 
0959       1 
0960       1 
0961       1 
0962       1 
0963       1 
0964       1 
0965       1 
0966       1 
0967       1 
0968       1 
0969       1 
0970       1 
0971       1 
0972       1 
0973       1 
0974       1 
0975       1 
0976       1 
0977       1 
0978       1 
0979       1 
0980       1 
0981       1 
0982       1 
0983       1 
0984       1 
0985       1 
0986       1 
0987       1 
0988       1 
0989       1 
0990       1 
0991       1 
0992       1 
0993       1 
0994       1 
0995       1 
0996       1 
0997       1 
0998       1 
0999       1 
1000       1 
1001       1 
1002       1 
1003       1 
1004       1 
1005       1 
1006       4 
1007       4 
1008       48 
1009       52 
1010       52 
1011       52 
1012       52 
1013       52 
1014       41 
1015       58 
1016       43 
1017       43 
1018       48 
1019       54 
1020       54 
1021       54 
1022       51 
1023       56 
1024       51 
1025       51 
1026       60 
1027       60 
1028       57 
1029       57 
1030       56 
1031       56 
1032       47 
1033       56 
1034       59 
1035       63 
1036       65 
1037       69 
1038       65 
1039       70 
1040       74 
1041       75 
1042       74 
1043       74 
1044       72 
1045       64 
1046       64 
1047       65 
1048       65 
1049       64 
1050       65 
1051       63 
1052       63 
1053       63 
1054       63 
1055       63 
1056       68 
1057       63 
1058       68 
1059       69 
1060       69 
1061       69 
1062       69 
1063       67 
1064       67 
1065       67 
1066       64 
1067       64 
1068       70 
1069       66 
1070       68 
1071       68 
1072       68 
1073       68 
1074       68 
1075       66 
1076       69 
1077       69 
1078       69 
1079       69 
1297966665.703998
