0000       1 
0001       1 
0002       1 
0003       1 
0004       1 
0005       1 
0006       1 
0007       1 
0008       1 
0009       1 
0010       1 
0011       1 
0012       1 
0013       1 
0014       1 
0015       1 
0016       1 
0017       1 
0018       1 
0019       1 
0020       1 
0021       1 
0022       1 
0023       1 
0024       1 
0025       1 
0026       1 
0027       1 
0028       1 
0029       1 
0030       1 
0031       1 
0032       1 
0033       1 
0034       1 
0035       1 
0036       1 
0037       1 
0038       1 
0039       1 
0040       1 
0041       1 
0042       1 
0043       1 
0044       1 
0045       1 
0046       1 
0047       1 
0048       1 
0049       1 
0050       1 
0051       1 
0052       1 
0053       1 
0054       1 
0055       1 
0056       1 
0057       1 
0058       1 
0059       1 
0060       1 
0061       1 
0062       1 
0063       1 
0064       1 
0065       1 
0066       1 
0067       1 
0068       1 
0069       1 
0070       1 
0071       1 
0072       1 
0073       1 
0074       1 
0075       1 
0076       1 
0077       1 
0078       1 
0079       1 
0080       1 
0081       1 
0082       1 
0083       1 
0084       1 
0085       1 
0086       1 
0087       1 
0088       1 
0089       1 
0090       1 
0091       1 
0092       1 
0093       1 
0094       1 
0095       1 
0096       1 
0097       1 
0098       1 
0099       1 
0100       1 
0101       1 
0102       1 
0103       1 
0104       1 
0105       1 
0106       1 
0107       1 
0108       1 
0109       1 
0110       1 
0111       1 
0112       1 
0113       1 
0114       1 
0115       1 
0116       1 
0117       1 
0118       1 
0119       1 
0120       1 
0121       1 
0122       1 
0123       1 
0124       1 
0125       1 
0126       1 
0127       1 
0128       1 
0129       1 
0130       1 
0131       1 
0132       1 
0133       1 
0134       1 
0135       1 
0136       1 
0137       1 
0138       1 
0139       1 
0140       1 
0141       1 
0142       1 
0143       1 
0144       1 
0145       1 
0146       1 
0147       1 
0148       1 
0149       1 
0150       1 
0151       1 
0152       1 
0153       1 
0154       1 
0155       1 
0156       1 
0157       1 
0158       1 
0159       1 
0160       1 
0161       1 
0162       1 
0163       1 
0164       1 
0165       1 
0166       1 
0167       1 
0168       1 
0169       1 
0170       1 
0171       1 
0172       1 
0173       1 
0174       1 
0175       1 
0176       1 
0177       1 
0178       1 
0179       1 
0180       1 
0181       1 
0182       1 
0183       1 
0184       1 
0185       1 
0186       1 
0187       1 
0188       1 
0189       1 
0190       1 
0191       1 
0192       1 
0193       1 
0194       1 
0195       1 
0196       1 
0197       1 
0198       1 
0199       1 
0200       1 
0201       1 
0202       1 
0203       1 
0204       1 
0205       1 
0206       1 
0207       1 
0208       1 
0209       1 
0210       1 
0211       1 
0212       1 
0213       1 
0214       1 
0215       1 
0216       1 
0217       1 
0218       1 
0219       1 
0220       1 
0221       1 
0222       1 
0223       1 
0224       1 
0225       1 
0226       1 
0227       1 
0228       1 
0229       1 
0230       1 
0231       1 
0232       1 
0233       1 
0234       1 
0235       1 
0236       1 
0237       1 
0238       1 
0239       1 
0240       1 
0241       19965 
0242       19966 
0243       19966 
0244       19516 
0245       1 
0246       1 
0247       1 
0248       1 
0249       1 
0250       16779 
0251       16779 
0252       16791 
0253       16851 
0254       16884 
0255       16906 
0256       16951 
0257       16962 
0258       16977 
0259       17010 
0260       17042 
0261       17042 
0262       17023 
0263       17023 
0264       17166 
0265       17166 
0266       1 
0267       1 
0268       1 
0269       1 
0270       1 
0271       1 
0272       1 
0273       1 
0274       1 
0275       1 
0276       1 
0277       1 
0278       1 
0279       1 
0280       1 
0281       1 
0282       1 
0283       1 
0284       1 
0285       1 
0286       1 
0287       1 
0288       1 
0289       1 
0290       1 
0291       1 
0292       18237 
0293       18255 
0294       18255 
0295       17793 
0296       1 
0297       1 
0298       17290 
0299       17290 
0300       17290 
0301       17048 
0302       1 
0303       16924 
0304       16924 
0305       16924 
0306       16867 
0307       16726 
0308       16624 
0309       16517 
0310       16452 
0311       16324 
0312       16171 
0313       16131 
0314       16131 
0315       15991 
0316       15904 
0317       15818 
0318       15781 
0319       15655 
0320       1 
0321       1 
0322       1 
0323       1 
0324       1 
0325       1 
0326       1 
0327       1 
0328       1 
0329       1 
0330       1 
0331       1 
0332       1 
0333       1 
0334       1 
0335       1 
0336       1 
0337       1 
0338       1 
0339       1 
0340       1 
0341       1 
0342       1 
0343       1 
0344       1 
0345       1 
0346       1 
0347       1 
0348       1 
0349       1 
0350       1 
0351       1 
0352       1 
0353       1 
0354       12829 
0355       12829 
0356       12818 
0357       12684 
0358       12600 
0359       12600 
0360       12448 
0361       12388 
0362       12388 
0363       12388 
0364       12358 
0365       12155 
0366       12030 
0367       12152 
0368       12152 
0369       12028 
0370       12024 
0371       11958 
0372       11902 
0373       11883 
0374       11843 
0375       11772 
0376       11738 
0377       11667 
0378       11646 
0379       11613 
0380       11580 
0381       11551 
0382       11460 
0383       11411 
0384       11407 
0385       11335 
0386       11305 
0387       11299 
0388       11214 
0389       11187 
0390       11145 
0391       11098 
0392       11091 
0393       8806 
0394       8759 
0395       8732 
0396       8642 
0397       8551 
0398       8527 
0399       8527 
0400       8515 
0401       8525 
0402       8515 
0403       8525 
0404       8544 
0405       8563 
0406       8563 
0407       8558 
0408       8536 
0409       8535 
0410       8535 
0411       8524 
0412       8448 
0413       8371 
0414       8285 
0415       8285 
0416       8285 
0417       8237 
0418       8217 
0419       8217 
0420       8217 
0421       8272 
0422       8283 
0423       8272 
0424       8269 
0425       8269 
0426       8282 
0427       8330 
0428       8330 
0429       8270 
0430       8270 
0431       8211 
0432       8262 
0433       8211 
0434       8215 
0435       8210 
0436       8137 
0437       8137 
0438       8141 
0439       8141 
0440       8141 
0441       8143 
0442       8147 
0443       8163 
0444       8204 
0445       8240 
0446       8292 
0447       8316 
0448       8354 
0449       9293 
0450       9313 
0451       9313 
0452       9361 
0453       9361 
0454       9355 
0455       9337 
0456       9318 
0457       9318 
0458       9298 
0459       9291 
0460       9272 
0461       9267 
0462       9264 
0463       9261 
0464       9234 
0465       9226 
0466       9223 
0467       9196 
0468       9192 
0469       9160 
0470       9160 
0471       9160 
0472       9156 
0473       9153 
0474       9145 
0475       9142 
0476       9117 
0477       9117 
0478       9103 
0479       9103 
0480       9098 
0481       9098 
0482       9078 
0483       9065 
0484       9055 
0485       9043 
0486       9022 
0487       9020 
0488       9011 
0489       8999 
0490       8993 
0491       8985 
0492       8970 
0493       8959 
0494       8942 
0495       8941 
0496       8937 
0497       8926 
0498       8922 
0499       8914 
0500       8897 
0501       8889 
0502       8873 
0503       8873 
0504       8866 
0505       8857 
0506       8866 
0507       8857 
0508       8853 
0509       8850 
0510       8837 
0511       8826 
0512       8826 
0513       8814 
0514       8814 
0515       8809 
0516       8789 
0517       8789 
0518       8789 
0519       8781 
0520       8008 
0521       7655 
0522       7588 
0523       7528 
0524       7522 
0525       7515 
0526       7505 
0527       7493 
0528       7460 
0529       7419 
0530       7419 
0531       7430 
0532       7437 
0533       7437 
0534       7412 
0535       7408 
0536       7397 
0537       7393 
0538       7390 
0539       7386 
0540       7367 
0541       7366 
0542       7362 
0543       7355 
0544       7362 
0545       7374 
0546       7442 
0547       7481 
0548       7481 
0549       7413 
0550       7378 
0551       7378 
0552       7409 
0553       7448 
0554       7500 
0555       7500 
0556       7451 
0557       7451 
0558       7452 
0559       7512 
0560       7557 
0561       7588 
0562       7664 
0563       7702 
0564       7741 
0565       7823 
0566       8370 
0567       8575 
0568       8584 
0569       8584 
0570       8584 
0571       8592 
0572       8609 
0573       8609 
0574       8582 
0575       8536 
0576       8497 
0577       8478 
0578       8476 
0579       8322 
0580       7988 
0581       7958 
0582       7958 
0583       7923 
0584       7801 
0585       7689 
0586       7633 
0587       7572 
0588       7531 
0589       7488 
0590       7446 
0591       7410 
0592       7370 
0593       7333 
0594       7333 
0595       7339 
0596       7339 
0597       7300 
0598       7272 
0599       7272 
0600       7270 
0601       7266 
0602       7266 
0603       7268 
0604       7287 
0605       7316 
0606       7326 
0607       7333 
0608       7340 
0609       7361 
0610       7385 
0611       7385 
0612       7378 
0613       7378 
0614       7409 
0615       7436 
0616       7460 
0617       7482 
0618       7501 
0619       7505 
0620       7545 
0621       7593 
0622       7612 
0623       7647 
0624       7674 
0625       7737 
0626       7787 
0627       7821 
0628       7852 
0629       7867 
0630       8650 
0631       8650 
0632       8477 
0633       8410 
0634       8410 
0635       8415 
0636       8415 
0637       8416 
0638       8397 
0639       8379 
0640       8379 
0641       8397 
0642       8397 
0643       8380 
0644       8357 
0645       8357 
0646       8372 
0647       8379 
0648       8382 
0649       8418 
0650       8450 
0651       8475 
0652       8582 
0653       8627 
0654       9856 
0655       9871 
0656       9922 
0657       9927 
0658       9949 
0659       9965 
0660       9965 
0661       9919 
0662       9756 
0663       9680 
0664       9598 
0665       9541 
0666       9466 
0667       9397 
0668       9331 
0669       9282 
0670       9206 
0671       9151 
0672       9070 
0673       8995 
0674       8958 
0675       8887 
0676       8839 
0677       8780 
0678       8706 
0679       8679 
0680       8661 
0681       8654 
0682       8654 
0683       8664 
0684       8683 
0685       8690 
0686       8690 
0687       8690 
0688       8726 
0689       8738 
0690       8738 
0691       8361 
0692       8330 
0693       8284 
0694       8245 
0695       8183 
0696       8147 
0697       8088 
0698       8065 
0699       8020 
0700       7984 
0701       7932 
0702       7883 
0703       7564 
0704       7480 
0705       7440 
0706       7400 
0707       7366 
0708       7334 
0709       7287 
0710       7260 
0711       7225 
0712       7190 
0713       7147 
0714       7125 
0715       7082 
0716       7050 
0717       7030 
0718       7005 
0719       6973 
0720       6936 
0721       6903 
0722       6869 
0723       6832 
0724       6819 
0725       6798 
0726       6765 
0727       6728 
0728       6702 
0729       6676 
0730       6658 
0731       6628 
0732       6599 
0733       6569 
0734       6542 
0735       6517 
0736       6498 
0737       6470 
0738       6447 
0739       6429 
0740       6405 
0741       6370 
0742       6355 
0743       6334 
0744       6301 
0745       6283 
0746       6261 
0747       6261 
0748       6261 
0749       6261 
0750       6264 
0751       6264 
0752       6269 
0753       6289 
0754       6327 
0755       6329 
0756       6329 
0757       6316 
0758       6316 
0759       6316 
0760       6319 
0761       8540 
0762       8540 
0763       8527 
0764       8480 
0765       8461 
0766       8432 
0767       8407 
0768       8380 
0769       8357 
0770       8324 
0771       8302 
0772       8277 
0773       8261 
0774       8238 
0775       8214 
0776       8182 
0777       8173 
0778       8150 
0779       8133 
0780       8101 
0781       8090 
0782       8078 
0783       8037 
0784       8033 
0785       8002 
0786       7985 
0787       7959 
0788       7951 
0789       7942 
0790       7916 
0791       7903 
0792       5592 
0793       5522 
0794       5454 
0795       5444 
0796       5438 
0797       5434 
0798       5418 
0799       5414 
0800       5394 
0801       5381 
0802       5374 
0803       5359 
0804       5353 
0805       5339 
0806       5322 
0807       5321 
0808       5300 
0809       5300 
0810       5295 
0811       5286 
0812       5259 
0813       5242 
0814       5242 
0815       5285 
0816       5325 
0817       5385 
0818       5398 
0819       5398 
0820       5394 
0821       5389 
0822       5387 
0823       5377 
0824       5372 
0825       5360 
0826       5354 
0827       5348 
0828       5348 
0829       5343 
0830       5331 
0831       5309 
0832       5306 
0833       5304 
0834       5304 
0835       5294 
0836       5288 
0837       5280 
0838       5252 
0839       5252 
0840       5434 
0841       5800 
0842       5800 
0843       5800 
0844       5828 
0845       5882 
0846       5928 
0847       5970 
0848       5986 
0849       5991 
0850       6039 
0851       6108 
0852       6197 
0853       6307 
0854       6432 
0855       6464 
0856       6464 
0857       6413 
0858       6400 
0859       6354 
0860       6354 
0861       6424 
0862       6491 
0863       6652 
0864       6852 
0865       7079 
0866       7271 
0867       7532 
0868       7941 
0869       8082 
0870       8182 
0871       8182 
0872       1 
0873       1 
0874       1 
0875       1 
0876       1 
0877       1 
0878       1 
0879       1 
0880       1 
0881       6590 
0882       6590 
0883       6582 
0884       6582 
0885       6582 
0886       6562 
0887       6547 
0888       6562 
0889       6571 
0890       6571 
0891       6564 
0892       6550 
0893       6550 
0894       6543 
0895       6543 
0896       1 
0897       1 
0898       1 
0899       1 
0900       1 
0901       1 
0902       1 
0903       1 
0904       1 
0905       1 
0906       1 
0907       1 
0908       1 
0909       1 
0910       1 
0911       1 
0912       1 
0913       1 
0914       1 
0915       1 
0916       1 
0917       1 
0918       1 
0919       1 
0920       1 
0921       1 
0922       1 
0923       1 
0924       1 
0925       1 
0926       1 
0927       1 
0928       1 
0929       1 
0930       1 
0931       1 
0932       1 
0933       1 
0934       1 
0935       1 
0936       1 
0937       1 
0938       1 
0939       1 
0940       1 
0941       1 
0942       1 
0943       1 
0944       1 
0945       1 
0946       1 
0947       1 
0948       1 
0949       1 
0950       1 
0951       1 
0952       1 
0953       1 
0954       1 
0955       1 
0956       1 
0957       1 
0958       1 
0959       1 
0960       1 
0961       1 
0962       1 
0963       1 
0964       1 
0965       1 
0966       1 
0967       1 
0968       1 
0969       1 
0970       1 
0971       1 
0972       1 
0973       1 
0974       1 
0975       1 
0976       1 
0977       1 
0978       1 
0979       1 
0980       1 
0981       1 
0982       1 
0983       1 
0984       1 
0985       1 
0986       1 
0987       1 
0988       1 
0989       1 
0990       1 
0991       1 
0992       1 
0993       1 
0994       1 
0995       1 
0996       1 
0997       1 
0998       1 
0999       1 
1000       1 
1001       1 
1002       1 
1003       1 
1004       1 
1005       1 
1006       1 
1007       4 
1008       4 
1009       4 
1010       4 
1011       50 
1012       54 
1013       50 
1014       4 
1015       50 
1016       44 
1017       4 
1018       41 
1019       44 
1020       41 
1021       41 
1022       60 
1023       66 
1024       66 
1025       66 
1026       66 
1027       66 
1028       56 
1029       56 
1030       56 
1031       51 
1032       51 
1033       51 
1034       53 
1035       75 
1036       75 
1037       75 
1038       73 
1039       73 
1040       68 
1041       70 
1042       70 
1043       67 
1044       63 
1045       63 
1046       63 
1047       63 
1048       64 
1049       64 
1050       63 
1051       63 
1052       64 
1053       71 
1054       71 
1055       71 
1056       68 
1057       65 
1058       65 
1059       65 
1060       65 
1061       64 
1062       64 
1063       63 
1064       64 
1065       64 
1066       67 
1067       70 
1068       70 
1069       70 
1070       63 
1071       63 
1072       63 
1073       65 
1074       65 
1075       65 
1076       65 
1077       65 
1078       65 
1079       62 
1297966690.907137
