0000       1 
0001       1 
0002       1 
0003       1 
0004       1 
0005       1 
0006       1 
0007       1 
0008       1 
0009       1 
0010       1 
0011       1 
0012       1 
0013       1 
0014       1 
0015       1 
0016       1 
0017       1 
0018       1 
0019       1 
0020       1 
0021       1 
0022       1 
0023       1 
0024       1 
0025       1 
0026       1 
0027       1 
0028       1 
0029       1 
0030       1 
0031       1 
0032       1 
0033       1 
0034       1 
0035       1 
0036       1 
0037       1 
0038       1 
0039       1 
0040       1 
0041       1 
0042       1 
0043       1 
0044       1 
0045       1 
0046       1 
0047       1 
0048       1 
0049       1 
0050       1 
0051       1 
0052       1 
0053       1 
0054       1 
0055       1 
0056       1 
0057       1 
0058       1 
0059       1 
0060       1 
0061       1 
0062       1 
0063       1 
0064       1 
0065       1 
0066       1 
0067       1 
0068       1 
0069       1 
0070       1 
0071       1 
0072       1 
0073       1 
0074       1 
0075       1 
0076       1 
0077       1 
0078       1 
0079       1 
0080       1 
0081       1 
0082       1 
0083       1 
0084       1 
0085       1 
0086       1 
0087       1 
0088       1 
0089       1 
0090       1 
0091       1 
0092       1 
0093       1 
0094       1 
0095       1 
0096       1 
0097       1 
0098       1 
0099       1 
0100       1 
0101       1 
0102       1 
0103       1 
0104       1 
0105       1 
0106       1 
0107       1 
0108       1 
0109       1 
0110       1 
0111       1 
0112       1 
0113       1 
0114       1 
0115       1 
0116       1 
0117       1 
0118       1 
0119       1 
0120       1 
0121       1 
0122       1 
0123       1 
0124       1 
0125       1 
0126       1 
0127       1 
0128       1 
0129       1 
0130       1 
0131       1 
0132       1 
0133       1 
0134       1 
0135       1 
0136       1 
0137       1 
0138       1 
0139       1 
0140       1 
0141       1 
0142       1 
0143       1 
0144       1 
0145       1 
0146       1 
0147       1 
0148       1 
0149       1 
0150       1 
0151       1 
0152       1 
0153       1 
0154       1 
0155       1 
0156       1 
0157       1 
0158       1 
0159       1 
0160       1 
0161       1 
0162       1 
0163       1 
0164       1 
0165       1 
0166       1 
0167       1 
0168       1 
0169       1 
0170       1 
0171       1 
0172       1 
0173       1 
0174       1 
0175       1 
0176       1 
0177       1 
0178       1 
0179       1 
0180       1 
0181       1 
0182       1 
0183       1 
0184       1 
0185       1 
0186       1 
0187       1 
0188       1 
0189       1 
0190       1 
0191       1 
0192       1 
0193       1 
0194       1 
0195       1 
0196       1 
0197       1 
0198       1 
0199       1 
0200       1 
0201       1 
0202       1 
0203       1 
0204       1 
0205       1 
0206       1 
0207       1 
0208       1 
0209       1 
0210       1 
0211       1 
0212       1 
0213       1 
0214       1 
0215       1 
0216       1 
0217       1 
0218       1 
0219       1 
0220       1 
0221       1 
0222       1 
0223       1 
0224       1 
0225       1 
0226       1 
0227       1 
0228       1 
0229       1 
0230       1 
0231       1 
0232       1 
0233       1 
0234       1 
0235       1 
0236       1 
0237       1 
0238       1 
0239       1 
0240       1 
0241       1 
0242       1 
0243       1 
0244       1 
0245       1 
0246       1 
0247       19563 
0248       19581 
0249       19581 
0250       19348 
0251       18772 
0252       1 
0253       1 
0254       1 
0255       1 
0256       1 
0257       16376 
0258       16406 
0259       16441 
0260       16496 
0261       16517 
0262       16520 
0263       16544 
0264       16575 
0265       16631 
0266       16653 
0267       16653 
0268       16653 
0269       16663 
0270       16735 
0271       16833 
0272       20384 
0273       20396 
0274       20405 
0275       20426 
0276       20511 
0277       20548 
0278       20569 
0279       20592 
0280       20624 
0281       20672 
0282       20708 
0283       20708 
0284       1 
0285       1 
0286       1 
0287       1 
0288       1 
0289       1 
0290       1 
0291       1 
0292       1 
0293       1 
0294       1 
0295       1 
0296       1 
0297       1 
0298       1 
0299       1 
0300       17826 
0301       17826 
0302       17742 
0303       17087 
0304       1 
0305       1 
0306       1 
0307       16787 
0308       16787 
0309       16787 
0310       16540 
0311       1 
0312       1 
0313       16261 
0314       16261 
0315       16261 
0316       16202 
0317       16130 
0318       15994 
0319       15908 
0320       15821 
0321       15756 
0322       15662 
0323       15596 
0324       15469 
0325       15418 
0326       15308 
0327       15270 
0328       1 
0329       1 
0330       1 
0331       1 
0332       1 
0333       1 
0334       1 
0335       1 
0336       1 
0337       1 
0338       1 
0339       13976 
0340       13976 
0341       13695 
0342       1 
0343       1 
0344       1 
0345       1 
0346       1 
0347       1 
0348       1 
0349       13199 
0350       13199 
0351       13199 
0352       13070 
0353       13088 
0354       13088 
0355       13088 
0356       13015 
0357       12949 
0358       12897 
0359       12583 
0360       1 
0361       1 
0362       1 
0363       1 
0364       1 
0365       12197 
0366       12378 
0367       12197 
0368       12016 
0369       11936 
0370       11936 
0371       11936 
0372       12005 
0373       12005 
0374       11960 
0375       11920 
0376       11862 
0377       11854 
0378       11746 
0379       11744 
0380       11671 
0381       11654 
0382       11621 
0383       11531 
0384       11526 
0385       11496 
0386       11436 
0387       11373 
0388       11328 
0389       11260 
0390       11221 
0391       11215 
0392       11167 
0393       11110 
0394       11107 
0395       11066 
0396       10997 
0397       10951 
0398       10939 
0399       10895 
0400       10875 
0401       10799 
0402       10776 
0403       10733 
0404       10707 
0405       8454 
0406       8440 
0407       8428 
0408       8431 
0409       8428 
0410       8356 
0411       8328 
0412       8323 
0413       8234 
0414       8184 
0415       8180 
0416       8180 
0417       8183 
0418       8240 
0419       8240 
0420       8240 
0421       8239 
0422       8176 
0423       8168 
0424       8168 
0425       8168 
0426       8126 
0427       8102 
0428       8020 
0429       7984 
0430       7953 
0431       7938 
0432       7878 
0433       7875 
0434       7871 
0435       7871 
0436       7922 
0437       7948 
0438       7962 
0439       7977 
0440       7977 
0441       7977 
0442       8011 
0443       8069 
0444       8069 
0445       7948 
0446       7943 
0447       7943 
0448       8011 
0449       8011 
0450       7952 
0451       7908 
0452       7870 
0453       7860 
0454       7851 
0455       7838 
0456       7813 
0457       7804 
0458       7804 
0459       7861 
0460       7920 
0461       7950 
0462       7950 
0463       7935 
0464       7935 
0465       7947 
0466       7969 
0467       8001 
0468       8015 
0469       8015 
0470       8053 
0471       8053 
0472       8057 
0473       8057 
0474       8080 
0475       8141 
0476       8654 
0477       8924 
0478       8982 
0479       9009 
0480       9014 
0481       9009 
0482       8983 
0483       8977 
0484       8960 
0485       8952 
0486       8949 
0487       8944 
0488       8934 
0489       8933 
0490       8933 
0491       8929 
0492       8927 
0493       8924 
0494       8924 
0495       8897 
0496       8897 
0497       8897 
0498       8868 
0499       8864 
0500       8861 
0501       8854 
0502       8844 
0503       8828 
0504       8824 
0505       8824 
0506       8802 
0507       8802 
0508       8802 
0509       8779 
0510       8775 
0511       8774 
0512       8770 
0513       8759 
0514       8759 
0515       8759 
0516       8740 
0517       8734 
0518       8730 
0519       8734 
0520       8729 
0521       8729 
0522       8721 
0523       8718 
0524       8718 
0525       8719 
0526       8719 
0527       8723 
0528       8723 
0529       8694 
0530       8694 
0531       8695 
0532       8695 
0533       8690 
0534       8680 
0535       8669 
0536       8669 
0537       8669 
0538       8655 
0539       8649 
0540       8172 
0541       7628 
0542       7558 
0543       7461 
0544       7436 
0545       7410 
0546       7403 
0547       7387 
0548       7380 
0549       7374 
0550       7352 
0551       7335 
0552       7330 
0553       7322 
0554       7314 
0555       7311 
0556       7303 
0557       7303 
0558       7306 
0559       7308 
0560       7306 
0561       7312 
0562       7348 
0563       7348 
0564       7330 
0565       7330 
0566       7336 
0567       7372 
0568       7398 
0569       7401 
0570       7409 
0571       7423 
0572       7466 
0573       7466 
0574       7455 
0575       7422 
0576       7408 
0577       7394 
0578       7394 
0579       7425 
0580       7494 
0581       7589 
0582       7649 
0583       7655 
0584       7659 
0585       7995 
0586       8648 
0587       8656 
0588       8676 
0589       8676 
0590       8629 
0591       8614 
0592       8614 
0593       8618 
0594       8618 
0595       8617 
0596       8611 
0597       8611 
0598       8611 
0599       8582 
0600       8526 
0601       8180 
0602       8038 
0603       8034 
0604       7964 
0605       7900 
0606       7900 
0607       7900 
0608       7725 
0609       7515 
0610       7511 
0611       7495 
0612       7481 
0613       7473 
0614       7461 
0615       7436 
0616       7418 
0617       7417 
0618       7418 
0619       7426 
0620       7434 
0621       7437 
0622       7444 
0623       7444 
0624       7444 
0625       7434 
0626       7445 
0627       7456 
0628       7474 
0629       7495 
0630       7538 
0631       7567 
0632       7570 
0633       7610 
0634       7646 
0635       7686 
0636       7698 
0637       7753 
0638       7783 
0639       7802 
0640       7862 
0641       7988 
0642       8149 
0643       8178 
0644       8184 
0645       9435 
0646       9447 
0647       9459 
0648       9459 
0649       9429 
0650       9397 
0651       9391 
0652       9214 
0653       9061 
0654       8898 
0655       8897 
0656       8898 
0657       8914 
0658       8923 
0659       8914 
0660       8933 
0661       8974 
0662       8975 
0663       8975 
0664       9188 
0665       9377 
0666       9771 
0667       9877 
0668       9915 
0669       9952 
0670       9999 
0671       10041 
0672       10067 
0673       10096 
0674       10104 
0675       10129 
0676       10150 
0677       10150 
0678       10007 
0679       9912 
0680       9847 
0681       9782 
0682       9717 
0683       9657 
0684       9601 
0685       9529 
0686       9473 
0687       9401 
0688       9359 
0689       9304 
0690       9226 
0691       9171 
0692       9134 
0693       9079 
0694       9012 
0695       8969 
0696       8911 
0697       8894 
0698       8892 
0699       8892 
0700       8906 
0701       8935 
0702       8960 
0703       8960 
0704       8922 
0705       8922 
0706       8916 
0707       8779 
0708       8632 
0709       8597 
0710       8573 
0711       8523 
0712       8464 
0713       8427 
0714       8376 
0715       8354 
0716       8324 
0717       8271 
0718       8226 
0719       8168 
0720       8137 
0721       7856 
0722       7760 
0723       7729 
0724       7694 
0725       7663 
0726       7641 
0727       7598 
0728       7556 
0729       7528 
0730       7505 
0731       7476 
0732       7429 
0733       7413 
0734       7373 
0735       7353 
0736       7324 
0737       7290 
0738       7264 
0739       7249 
0740       7201 
0741       7187 
0742       7150 
0743       7132 
0744       7094 
0745       7072 
0746       7046 
0747       7022 
0748       7007 
0749       6992 
0750       6946 
0751       6927 
0752       6900 
0753       6870 
0754       6851 
0755       6828 
0756       6812 
0757       6790 
0758       6765 
0759       6739 
0760       6723 
0761       6709 
0762       6678 
0763       6654 
0764       6640 
0765       6640 
0766       6634 
0767       6642 
0768       6643 
0769       6656 
0770       6658 
0771       6664 
0772       6675 
0773       6675 
0774       6640 
0775       6630 
0776       6604 
0777       6595 
0778       6566 
0779       6551 
0780       6524 
0781       6514 
0782       6511 
0783       6489 
0784       6469 
0785       6449 
0786       6427 
0787       6422 
0788       6404 
0789       6397 
0790       6372 
0791       6356 
0792       6349 
0793       6338 
0794       6321 
0795       6309 
0796       6283 
0797       6266 
0798       6254 
0799       6245 
0800       6235 
0801       6209 
0802       6188 
0803       6163 
0804       6157 
0805       6146 
0806       6119 
0807       6104 
0808       6082 
0809       5974 
0810       5923 
0811       5896 
0812       5862 
0813       5861 
0814       5839 
0815       5823 
0816       5819 
0817       5811 
0818       5802 
0819       5784 
0820       5781 
0821       5766 
0822       5747 
0823       5727 
0824       5723 
0825       5704 
0826       5701 
0827       5666 
0828       5655 
0829       5646 
0830       5637 
0831       5628 
0832       5613 
0833       5587 
0834       5580 
0835       5537 
0836       5528 
0837       5495 
0838       5481 
0839       5452 
0840       5445 
0841       5421 
0842       5406 
0843       5390 
0844       5380 
0845       5350 
0846       5338 
0847       5299 
0848       5286 
0849       5257 
0850       5239 
0851       5236 
0852       5234 
0853       5206 
0854       5183 
0855       5174 
0856       5154 
0857       5151 
0858       5151 
0859       5220 
0860       5319 
0861       5430 
0862       5566 
0863       5653 
0864       5697 
0865       5697 
0866       5685 
0867       5670 
0868       5668 
0869       5645 
0870       5613 
0871       5613 
0872       5628 
0873       5631 
0874       5631 
0875       5631 
0876       5605 
0877       5598 
0878       5598 
0879       5597 
0880       5597 
0881       5590 
0882       5590 
0883       5584 
0884       5576 
0885       5584 
0886       5578 
0887       5579 
0888       5579 
0889       5579 
0890       5580 
0891       5579 
0892       5562 
0893       5562 
0894       5563 
0895       5572 
0896       5566 
0897       5572 
0898       5566 
0899       5560 
0900       5441 
0901       5341 
0902       5441 
0903       8476 
0904       8476 
0905       1 
0906       1 
0907       1 
0908       1 
0909       1 
0910       1 
0911       1 
0912       1 
0913       1 
0914       1 
0915       1 
0916       1 
0917       1 
0918       1 
0919       1 
0920       1 
0921       1 
0922       1 
0923       1 
0924       1 
0925       1 
0926       1 
0927       1 
0928       1 
0929       1 
0930       1 
0931       1 
0932       1 
0933       1 
0934       1 
0935       1 
0936       1 
0937       1 
0938       1 
0939       1 
0940       1 
0941       1 
0942       1 
0943       1 
0944       1 
0945       1 
0946       1 
0947       1 
0948       1 
0949       1 
0950       1 
0951       1 
0952       1 
0953       1 
0954       1 
0955       1 
0956       1 
0957       1 
0958       1 
0959       1 
0960       1 
0961       1 
0962       1 
0963       1 
0964       1 
0965       1 
0966       1 
0967       1 
0968       1 
0969       1 
0970       1 
0971       1 
0972       1 
0973       1 
0974       1 
0975       1 
0976       1 
0977       1 
0978       1 
0979       1 
0980       1 
0981       1 
0982       1 
0983       1 
0984       1 
0985       1 
0986       1 
0987       1 
0988       1 
0989       1 
0990       1 
0991       1 
0992       1 
0993       1 
0994       1 
0995       1 
0996       1 
0997       1 
0998       1 
0999       1 
1000       1 
1001       1 
1002       1 
1003       1 
1004       1 
1005       1 
1006       1 
1007       4 
1008       4 
1009       4 
1010       4 
1011       4 
1012       4 
1013       41 
1014       43 
1015       43 
1016       47 
1017       47 
1018       47 
1019       51 
1020       51 
1021       60 
1022       66 
1023       66 
1024       65 
1025       60 
1026       62 
1027       57 
1028       57 
1029       49 
1030       51 
1031       51 
1032       51 
1033       53 
1034       55 
1035       58 
1036       65 
1037       69 
1038       69 
1039       69 
1040       69 
1041       69 
1042       70 
1043       67 
1044       67 
1045       75 
1046       75 
1047       73 
1048       73 
1049       66 
1050       66 
1051       66 
1052       66 
1053       66 
1054       65 
1055       65 
1056       65 
1057       67 
1058       67 
1059       68 
1060       68 
1061       68 
1062       66 
1063       66 
1064       65 
1065       64 
1066       64 
1067       64 
1068       67 
1069       70 
1070       70 
1071       67 
1072       70 
1073       64 
1074       64 
1075       71 
1076       71 
1077       69 
1078       69 
1079       64 
1297966691.502648
