0000       1 
0001       1 
0002       1 
0003       1 
0004       1 
0005       1 
0006       1 
0007       1 
0008       1 
0009       1 
0010       1 
0011       1 
0012       1 
0013       1 
0014       1 
0015       1 
0016       1 
0017       1 
0018       1 
0019       1 
0020       1 
0021       1 
0022       1 
0023       1 
0024       1 
0025       1 
0026       1 
0027       1 
0028       1 
0029       1 
0030       1 
0031       1 
0032       1 
0033       1 
0034       1 
0035       1 
0036       1 
0037       1 
0038       1 
0039       1 
0040       1 
0041       1 
0042       1 
0043       1 
0044       1 
0045       1 
0046       1 
0047       1 
0048       1 
0049       1 
0050       1 
0051       1 
0052       1 
0053       1 
0054       1 
0055       1 
0056       1 
0057       1 
0058       1 
0059       1 
0060       1 
0061       1 
0062       1 
0063       1 
0064       1 
0065       1 
0066       1 
0067       1 
0068       1 
0069       1 
0070       1 
0071       1 
0072       1 
0073       1 
0074       1 
0075       1 
0076       1 
0077       1 
0078       1 
0079       1 
0080       1 
0081       1 
0082       1 
0083       1 
0084       1 
0085       1 
0086       1 
0087       1 
0088       1 
0089       1 
0090       1 
0091       1 
0092       1 
0093       1 
0094       1 
0095       1 
0096       1 
0097       1 
0098       1 
0099       1 
0100       1 
0101       1 
0102       1 
0103       1 
0104       1 
0105       1 
0106       1 
0107       1 
0108       1 
0109       1 
0110       1 
0111       1 
0112       1 
0113       1 
0114       1 
0115       1 
0116       1 
0117       1 
0118       1 
0119       1 
0120       1 
0121       1 
0122       1 
0123       1 
0124       1 
0125       1 
0126       1 
0127       1 
0128       1 
0129       1 
0130       1 
0131       1 
0132       1 
0133       1 
0134       1 
0135       1 
0136       1 
0137       1 
0138       1 
0139       1 
0140       1 
0141       1 
0142       1 
0143       1 
0144       1 
0145       1 
0146       1 
0147       1 
0148       1 
0149       1 
0150       1 
0151       1 
0152       1 
0153       1 
0154       1 
0155       1 
0156       1 
0157       1 
0158       1 
0159       1 
0160       1 
0161       1 
0162       1 
0163       1 
0164       1 
0165       1 
0166       1 
0167       1 
0168       1 
0169       1 
0170       1 
0171       1 
0172       1 
0173       1 
0174       1 
0175       1 
0176       1 
0177       1 
0178       1 
0179       1 
0180       1 
0181       1 
0182       1 
0183       1 
0184       1 
0185       1 
0186       1 
0187       1 
0188       1 
0189       1 
0190       1 
0191       1 
0192       1 
0193       1 
0194       1 
0195       1 
0196       18789 
0197       18789 
0198       1 
0199       1 
0200       1 
0201       1 
0202       1 
0203       1 
0204       1 
0205       1 
0206       1 
0207       1 
0208       1 
0209       1 
0210       1 
0211       1 
0212       1 
0213       1 
0214       1 
0215       1 
0216       1 
0217       1 
0218       1 
0219       1 
0220       1 
0221       1 
0222       1 
0223       1 
0224       1 
0225       1 
0226       1 
0227       1 
0228       1 
0229       1 
0230       1 
0231       1 
0232       1 
0233       1 
0234       1 
0235       1 
0236       1 
0237       19013 
0238       19013 
0239       1 
0240       1 
0241       1 
0242       1 
0243       1 
0244       1 
0245       1 
0246       1 
0247       1 
0248       1 
0249       1 
0250       1 
0251       1 
0252       1 
0253       21803 
0254       21803 
0255       21816 
0256       21816 
0257       21845 
0258       21845 
0259       21866 
0260       21864 
0261       21895 
0262       21897 
0263       21910 
0264       21938 
0265       21981 
0266       21996 
0267       22030 
0268       22102 
0269       22102 
0270       22122 
0271       22232 
0272       22232 
0273       1 
0274       1 
0275       1 
0276       1 
0277       1 
0278       1 
0279       1 
0280       1 
0281       1 
0282       1 
0283       1 
0284       1 
0285       1 
0286       1 
0287       1 
0288       1 
0289       1 
0290       1 
0291       1 
0292       1 
0293       1 
0294       1 
0295       1 
0296       1 
0297       1 
0298       1 
0299       18367 
0300       18367 
0301       18174 
0302       17893 
0303       17718 
0304       17718 
0305       17644 
0306       17539 
0307       17357 
0308       17194 
0309       17101 
0310       16956 
0311       16811 
0312       16720 
0313       16581 
0314       16496 
0315       16371 
0316       16254 
0317       16181 
0318       16071 
0319       15940 
0320       15830 
0321       15724 
0322       15595 
0323       15528 
0324       15385 
0325       15323 
0326       15202 
0327       15124 
0328       15012 
0329       14929 
0330       14816 
0331       14740 
0332       14684 
0333       14573 
0334       14473 
0335       14400 
0336       14293 
0337       14216 
0338       14131 
0339       14011 
0340       13999 
0341       13902 
0342       13825 
0343       13749 
0344       13682 
0345       13582 
0346       13520 
0347       13451 
0348       13378 
0349       13303 
0350       13249 
0351       13193 
0352       13104 
0353       13054 
0354       12965 
0355       12909 
0356       12848 
0357       12776 
0358       12740 
0359       12679 
0360       12589 
0361       12548 
0362       12482 
0363       12398 
0364       12377 
0365       12310 
0366       12244 
0367       12200 
0368       12138 
0369       12097 
0370       12056 
0371       12011 
0372       11944 
0373       11892 
0374       11858 
0375       11808 
0376       11755 
0377       11673 
0378       11657 
0379       11604 
0380       11555 
0381       11511 
0382       11463 
0383       11430 
0384       11382 
0385       11354 
0386       11306 
0387       11237 
0388       11202 
0389       11159 
0390       11141 
0391       11094 
0392       11062 
0393       11036 
0394       10987 
0395       10931 
0396       10887 
0397       10839 
0398       10829 
0399       10795 
0400       10748 
0401       10724 
0402       10699 
0403       10626 
0404       10617 
0405       10572 
0406       10543 
0407       10534 
0408       10476 
0409       10444 
0410       10413 
0411       10411 
0412       10349 
0413       10338 
0414       10309 
0415       10280 
0416       10272 
0417       10100 
0418       9998 
0419       9969 
0420       9946 
0421       9915 
0422       9910 
0423       9859 
0424       9833 
0425       9818 
0426       9789 
0427       9753 
0428       9715 
0429       9691 
0430       9680 
0431       9660 
0432       9636 
0433       6235 
0434       6219 
0435       6218 
0436       6207 
0437       6207 
0438       6201 
0439       6178 
0440       6178 
0441       6226 
0442       6274 
0443       6303 
0444       6303 
0445       6302 
0446       6292 
0447       6287 
0448       6285 
0449       6285 
0450       6285 
0451       6259 
0452       6247 
0453       6246 
0454       6231 
0455       6216 
0456       6204 
0457       6191 
0458       6189 
0459       6164 
0460       6164 
0461       6161 
0462       6143 
0463       6131 
0464       6122 
0465       6122 
0466       6116 
0467       6108 
0468       6087 
0469       6087 
0470       6089 
0471       6089 
0472       6086 
0473       6079 
0474       6049 
0475       6045 
0476       6028 
0477       6026 
0478       6024 
0479       6017 
0480       6018 
0481       6017 
0482       6008 
0483       6000 
0484       5990 
0485       5975 
0486       5968 
0487       5967 
0488       5967 
0489       5964 
0490       5935 
0491       5934 
0492       5935 
0493       5929 
0494       5917 
0495       5915 
0496       5910 
0497       5903 
0498       5903 
0499       5903 
0500       5903 
0501       5866 
0502       5863 
0503       5862 
0504       5859 
0505       5846 
0506       5846 
0507       5847 
0508       5847 
0509       5851 
0510       5845 
0511       5840 
0512       5838 
0513       5820 
0514       5820 
0515       5827 
0516       5841 
0517       5841 
0518       5824 
0519       5821 
0520       5816 
0521       5814 
0522       5814 
0523       5814 
0524       5817 
0525       5809 
0526       5803 
0527       5803 
0528       5803 
0529       5804 
0530       5802 
0531       5808 
0532       5799 
0533       5802 
0534       5792 
0535       5792 
0536       5792 
0537       5794 
0538       5800 
0539       5800 
0540       5803 
0541       5790 
0542       5777 
0543       5777 
0544       5779 
0545       5793 
0546       5794 
0547       5794 
0548       5798 
0549       5798 
0550       5798 
0551       5799 
0552       5795 
0553       5797 
0554       5797 
0555       5800 
0556       5806 
0557       5806 
0558       5805 
0559       5805 
0560       5805 
0561       5807 
0562       5821 
0563       5821 
0564       5818 
0565       5818 
0566       5822 
0567       5822 
0568       5821 
0569       5821 
0570       5836 
0571       5838 
0572       5840 
0573       5840 
0574       5840 
0575       5841 
0576       5851 
0577       5854 
0578       5856 
0579       5856 
0580       5856 
0581       5871 
0582       5878 
0583       5883 
0584       5886 
0585       5895 
0586       5897 
0587       5897 
0588       5908 
0589       5910 
0590       5924 
0591       5924 
0592       5924 
0593       5923 
0594       5923 
0595       5944 
0596       5952 
0597       5952 
0598       5949 
0599       5949 
0600       5962 
0601       5985 
0602       6000 
0603       6001 
0604       6008 
0605       6015 
0606       6015 
0607       6015 
0608       6036 
0609       6049 
0610       6050 
0611       6059 
0612       6068 
0613       6076 
0614       6095 
0615       6114 
0616       6115 
0617       6114 
0618       6119 
0619       6129 
0620       6141 
0621       6146 
0622       6151 
0623       6173 
0624       6186 
0625       6187 
0626       6213 
0627       6217 
0628       6225 
0629       6225 
0630       6249 
0631       6251 
0632       6265 
0633       6270 
0634       6289 
0635       6310 
0636       6317 
0637       6317 
0638       6320 
0639       6331 
0640       6354 
0641       6361 
0642       6361 
0643       6377 
0644       6379 
0645       6406 
0646       6438 
0647       6445 
0648       6565 
0649       6798 
0650       6848 
0651       7000 
0652       7030 
0653       7060 
0654       7093 
0655       7096 
0656       7127 
0657       7130 
0658       7165 
0659       7191 
0660       7199 
0661       7228 
0662       7240 
0663       7246 
0664       7276 
0665       7308 
0666       7309 
0667       7326 
0668       7337 
0669       7344 
0670       7359 
0671       7368 
0672       7402 
0673       7428 
0674       7429 
0675       7447 
0676       7480 
0677       7499 
0678       7499 
0679       7469 
0680       7412 
0681       7388 
0682       7330 
0683       7274 
0684       7226 
0685       7180 
0686       7147 
0687       7136 
0688       7070 
0689       7042 
0690       6989 
0691       6945 
0692       6902 
0693       6878 
0694       6847 
0695       6773 
0696       6724 
0697       6721 
0698       6680 
0699       6658 
0700       6575 
0701       6523 
0702       6387 
0703       6330 
0704       6310 
0705       6310 
0706       6320 
0707       6333 
0708       6332 
0709       6332 
0710       1 
0711       1 
0712       1 
0713       1 
0714       1 
0715       1 
0716       1 
0717       1 
0718       1 
0719       1 
0720       1 
0721       1 
0722       1 
0723       1 
0724       1 
0725       1 
0726       1 
0727       1 
0728       1 
0729       1 
0730       1 
0731       5154 
0732       5172 
0733       5177 
0734       5205 
0735       5205 
0736       1 
0737       1 
0738       1 
0739       1 
0740       1 
0741       1 
0742       1 
0743       1 
0744       1 
0745       1 
0746       1 
0747       1 
0748       1 
0749       1 
0750       1 
0751       1 
0752       3506 
0753       3536 
0754       3540 
0755       3547 
0756       3540 
0757       3536 
0758       3531 
0759       3508 
0760       3492 
0761       3487 
0762       3463 
0763       3448 
0764       3444 
0765       3424 
0766       3408 
0767       3395 
0768       3381 
0769       3371 
0770       3346 
0771       3342 
0772       3322 
0773       3314 
0774       3312 
0775       3297 
0776       3280 
0777       3264 
0778       3254 
0779       3250 
0780       3233 
0781       3220 
0782       3214 
0783       3195 
0784       3186 
0785       3181 
0786       3173 
0787       3157 
0788       3144 
0789       3134 
0790       3120 
0791       3114 
0792       3111 
0793       3100 
0794       3083 
0795       3066 
0796       3062 
0797       3052 
0798       3050 
0799       3035 
0800       3034 
0801       3023 
0802       3014 
0803       2981 
0804       2947 
0805       2947 
0806       2947 
0807       2947 
0808       2947 
0809       2939 
0810       2935 
0811       2931 
0812       2931 
0813       2931 
0814       2941 
0815       2950 
0816       2986 
0817       3009 
0818       3054 
0819       3104 
0820       3148 
0821       3180 
0822       3243 
0823       3282 
0824       3325 
0825       3389 
0826       3435 
0827       3482 
0828       3679 
0829       3845 
0830       3845 
0831       3845 
0832       3809 
0833       3270 
0834       3270 
0835       3270 
0836       4290 
0837       4345 
0838       4406 
0839       4485 
0840       4552 
0841       4634 
0842       4694 
0843       4694 
0844       4694 
0845       3022 
0846       3022 
0847       3022 
0848       5224 
0849       5291 
0850       5447 
0851       5561 
0852       5653 
0853       5764 
0854       5909 
0855       6031 
0856       6154 
0857       6154 
0858       2947 
0859       2947 
0860       2947 
0861       6353 
0862       6573 
0863       7162 
0864       7398 
0865       7522 
0866       7690 
0867       7958 
0868       8282 
0869       8487 
0870       8748 
0871       8748 
0872       2914 
0873       2914 
0874       2914 
0875       10531 
0876       10866 
0877       11252 
0878       11715 
0879       12571 
0880       12571 
0881       1 
0882       1 
0883       1 
0884       1 
0885       1 
0886       17088 
0887       17088 
0888       2806 
0889       2780 
0890       2779 
0891       1 
0892       1 
0893       1 
0894       1 
0895       1 
0896       1 
0897       1 
0898       1 
0899       1 
0900       1 
0901       1 
0902       1 
0903       1 
0904       1 
0905       1 
0906       1 
0907       1 
0908       1 
0909       1 
0910       1 
0911       1 
0912       1 
0913       1 
0914       1 
0915       1 
0916       1 
0917       1 
0918       1 
0919       1 
0920       1 
0921       1 
0922       1 
0923       1 
0924       1 
0925       1 
0926       1 
0927       1 
0928       1 
0929       1 
0930       1 
0931       1 
0932       1 
0933       1 
0934       1 
0935       1 
0936       1 
0937       1 
0938       1 
0939       1 
0940       1 
0941       1 
0942       1 
0943       1 
0944       1 
0945       1 
0946       1 
0947       1 
0948       1 
0949       1 
0950       1 
0951       1 
0952       1 
0953       1 
0954       1 
0955       1 
0956       1 
0957       1 
0958       1 
0959       1 
0960       1 
0961       1 
0962       1 
0963       1 
0964       1 
0965       1 
0966       1 
0967       1 
0968       1 
0969       1 
0970       1 
0971       1 
0972       1 
0973       1 
0974       1 
0975       1 
0976       1 
0977       1 
0978       1 
0979       1 
0980       1 
0981       1 
0982       1 
0983       1 
0984       1 
0985       1 
0986       1 
0987       1 
0988       1 
0989       1 
0990       1 
0991       1 
0992       1 
0993       1 
0994       1 
0995       1 
0996       1 
0997       1 
0998       1 
0999       1 
1000       1 
1001       1 
1002       1 
1003       1 
1004       1 
1005       1 
1006       1 
1007       1 
1008       1 
1009       4 
1010       4 
1011       4 
1012       4 
1013       46 
1014       4 
1015       41 
1016       41 
1017       41 
1018       41 
1019       51 
1020       65 
1021       65 
1022       65 
1023       61 
1024       65 
1025       66 
1026       69 
1027       69 
1028       69 
1029       62 
1030       44 
1031       44 
1032       44 
1033       54 
1034       62 
1035       62 
1036       63 
1037       64 
1038       74 
1039       74 
1040       74 
1041       68 
1042       68 
1043       68 
1044       68 
1045       67 
1046       62 
1047       62 
1048       61 
1049       58 
1050       58 
1051       62 
1052       64 
1053       64 
1054       66 
1055       67 
1056       67 
1057       70 
1058       73 
1059       73 
1060       73 
1061       73 
1062       71 
1063       66 
1064       66 
1065       66 
1066       66 
1067       66 
1068       70 
1069       66 
1070       69 
1071       67 
1072       69 
1073       69 
1074       69 
1075       69 
1076       69 
1077       72 
1078       72 
1079       67 
1297966656.670501
