0000       1 
0001       1 
0002       1 
0003       1 
0004       1 
0005       1 
0006       1 
0007       1 
0008       1 
0009       1 
0010       1 
0011       1 
0012       1 
0013       1 
0014       1 
0015       1 
0016       1 
0017       1 
0018       1 
0019       1 
0020       1 
0021       1 
0022       1 
0023       1 
0024       1 
0025       1 
0026       1 
0027       1 
0028       1 
0029       1 
0030       1 
0031       1 
0032       1 
0033       1 
0034       1 
0035       1 
0036       1 
0037       1 
0038       1 
0039       1 
0040       1 
0041       1 
0042       1 
0043       1 
0044       1 
0045       1 
0046       1 
0047       1 
0048       1 
0049       1 
0050       1 
0051       1 
0052       1 
0053       1 
0054       1 
0055       1 
0056       1 
0057       1 
0058       1 
0059       1 
0060       1 
0061       1 
0062       1 
0063       1 
0064       1 
0065       1 
0066       1 
0067       1 
0068       1 
0069       1 
0070       1 
0071       1 
0072       1 
0073       1 
0074       1 
0075       1 
0076       1 
0077       1 
0078       1 
0079       1 
0080       1 
0081       1 
0082       1 
0083       1 
0084       1 
0085       1 
0086       1 
0087       1 
0088       1 
0089       1 
0090       1 
0091       1 
0092       1 
0093       1 
0094       1 
0095       1 
0096       1 
0097       1 
0098       1 
0099       1 
0100       1 
0101       1 
0102       1 
0103       1 
0104       1 
0105       1 
0106       1 
0107       1 
0108       1 
0109       1 
0110       1 
0111       1 
0112       1 
0113       1 
0114       1 
0115       1 
0116       1 
0117       1 
0118       1 
0119       1 
0120       1 
0121       1 
0122       1 
0123       1 
0124       1 
0125       1 
0126       1 
0127       1 
0128       1 
0129       1 
0130       1 
0131       1 
0132       1 
0133       1 
0134       1 
0135       1 
0136       1 
0137       1 
0138       1 
0139       1 
0140       1 
0141       1 
0142       1 
0143       1 
0144       1 
0145       1 
0146       1 
0147       1 
0148       1 
0149       1 
0150       1 
0151       1 
0152       1 
0153       1 
0154       1 
0155       1 
0156       1 
0157       1 
0158       1 
0159       1 
0160       1 
0161       1 
0162       1 
0163       1 
0164       1 
0165       1 
0166       1 
0167       1 
0168       1 
0169       1 
0170       20199 
0171       20199 
0172       20243 
0173       20272 
0174       20309 
0175       20399 
0176       20399 
0177       1 
0178       1 
0179       1 
0180       1 
0181       1 
0182       1 
0183       1 
0184       1 
0185       1 
0186       1 
0187       1 
0188       1 
0189       1 
0190       1 
0191       1 
0192       1 
0193       1 
0194       1 
0195       1 
0196       1 
0197       1 
0198       1 
0199       1 
0200       1 
0201       1 
0202       1 
0203       1 
0204       1 
0205       1 
0206       1 
0207       1 
0208       1 
0209       1 
0210       1 
0211       1 
0212       1 
0213       1 
0214       1 
0215       1 
0216       1 
0217       1 
0218       1 
0219       1 
0220       1 
0221       1 
0222       1 
0223       1 
0224       1 
0225       18981 
0226       19117 
0227       19117 
0228       1 
0229       1 
0230       1 
0231       1 
0232       1 
0233       19399 
0234       19399 
0235       1 
0236       1 
0237       1 
0238       1 
0239       1 
0240       1 
0241       1 
0242       1 
0243       1 
0244       1 
0245       1 
0246       1 
0247       1 
0248       1 
0249       1 
0250       1 
0251       1 
0252       1 
0253       1 
0254       1 
0255       1 
0256       1 
0257       1 
0258       1 
0259       1 
0260       1 
0261       1 
0262       1 
0263       1 
0264       1 
0265       1 
0266       1 
0267       1 
0268       1 
0269       1 
0270       1 
0271       1 
0272       1 
0273       1 
0274       1 
0275       1 
0276       1 
0277       1 
0278       1 
0279       1 
0280       1 
0281       1 
0282       1 
0283       1 
0284       1 
0285       1 
0286       1 
0287       1 
0288       1 
0289       1 
0290       1 
0291       1 
0292       1 
0293       1 
0294       1 
0295       1 
0296       19058 
0297       19058 
0298       19074 
0299       19058 
0300       18712 
0301       18377 
0302       1 
0303       1 
0304       17952 
0305       17952 
0306       17952 
0307       17830 
0308       17677 
0309       17573 
0310       17401 
0311       17281 
0312       17127 
0313       17007 
0314       16864 
0315       16754 
0316       16615 
0317       16477 
0318       16396 
0319       16296 
0320       16205 
0321       16074 
0322       15954 
0323       15826 
0324       15731 
0325       15611 
0326       15565 
0327       15420 
0328       15303 
0329       15190 
0330       15101 
0331       15022 
0332       14957 
0333       14845 
0334       14735 
0335       14634 
0336       14564 
0337       14459 
0338       14420 
0339       14296 
0340       14220 
0341       14148 
0342       14019 
0343       13946 
0344       13893 
0345       13814 
0346       13754 
0347       13680 
0348       13644 
0349       13549 
0350       13457 
0351       13388 
0352       13319 
0353       13271 
0354       13181 
0355       13158 
0356       13090 
0357       13000 
0358       12958 
0359       12854 
0360       12816 
0361       12745 
0362       12681 
0363       12645 
0364       12598 
0365       12511 
0366       12446 
0367       12415 
0368       12340 
0369       12290 
0370       12227 
0371       12160 
0372       12145 
0373       12083 
0374       12031 
0375       11977 
0376       11942 
0377       11887 
0378       11828 
0379       11768 
0380       11757 
0381       11717 
0382       11668 
0383       11596 
0384       11561 
0385       11510 
0386       11465 
0387       11439 
0388       11364 
0389       11359 
0390       11299 
0391       11270 
0392       11249 
0393       11169 
0394       11139 
0395       11083 
0396       11041 
0397       11040 
0398       10981 
0399       10925 
0400       10913 
0401       10873 
0402       10840 
0403       10792 
0404       10782 
0405       10727 
0406       10685 
0407       10668 
0408       10628 
0409       10582 
0410       10560 
0411       10550 
0412       10487 
0413       10455 
0414       10431 
0415       10390 
0416       10383 
0417       10357 
0418       10333 
0419       10285 
0420       10254 
0421       10243 
0422       10197 
0423       10169 
0424       10151 
0425       10089 
0426       10075 
0427       10062 
0428       10052 
0429       10019 
0430       9986 
0431       9952 
0432       9918 
0433       9891 
0434       9885 
0435       9853 
0436       9844 
0437       9815 
0438       9780 
0439       9759 
0440       9710 
0441       9709 
0442       9686 
0443       9655 
0444       9615 
0445       9614 
0446       9595 
0447       9566 
0448       9554 
0449       9542 
0450       9510 
0451       9508 
0452       9481 
0453       9433 
0454       9415 
0455       9410 
0456       9396 
0457       9391 
0458       9353 
0459       9342 
0460       9314 
0461       9306 
0462       9286 
0463       9278 
0464       9255 
0465       9217 
0466       9212 
0467       9205 
0468       9200 
0469       9197 
0470       9162 
0471       9144 
0472       9129 
0473       9109 
0474       9103 
0475       9080 
0476       9077 
0477       9059 
0478       9051 
0479       9041 
0480       9026 
0481       9016 
0482       8984 
0483       8983 
0484       8978 
0485       8965 
0486       8952 
0487       8940 
0488       8934 
0489       8928 
0490       8915 
0491       8887 
0492       8885 
0493       8881 
0494       8845 
0495       8840 
0496       8844 
0497       8840 
0498       8840 
0499       8825 
0500       8800 
0501       8790 
0502       8785 
0503       8783 
0504       8782 
0505       8770 
0506       8756 
0507       8747 
0508       8747 
0509       8739 
0510       8736 
0511       8725 
0512       8725 
0513       8713 
0514       8713 
0515       8709 
0516       8700 
0517       8700 
0518       8690 
0519       8686 
0520       8680 
0521       8680 
0522       8680 
0523       8674 
0524       8674 
0525       8666 
0526       8655 
0527       8655 
0528       8654 
0529       8650 
0530       8649 
0531       8649 
0532       8629 
0533       8629 
0534       8628 
0535       8636 
0536       8639 
0537       8639 
0538       8630 
0539       8622 
0540       8630 
0541       8632 
0542       8632 
0543       8635 
0544       8628 
0545       8628 
0546       8628 
0547       8624 
0548       8632 
0549       8623 
0550       8632 
0551       8632 
0552       8639 
0553       8632 
0554       8620 
0555       8610 
0556       8616 
0557       8616 
0558       8618 
0559       8620 
0560       8631 
0561       8648 
0562       8648 
0563       8642 
0564       8630 
0565       8642 
0566       8648 
0567       8648 
0568       8652 
0569       8659 
0570       8661 
0571       8672 
0572       8679 
0573       8681 
0574       8681 
0575       8681 
0576       8688 
0577       8691 
0578       8697 
0579       8706 
0580       8706 
0581       8703 
0582       8703 
0583       8708 
0584       8712 
0585       8716 
0586       8719 
0587       8725 
0588       8733 
0589       8737 
0590       8742 
0591       8743 
0592       8752 
0593       8760 
0594       8761 
0595       8799 
0596       8801 
0597       8815 
0598       8837 
0599       8839 
0600       8839 
0601       8843 
0602       8843 
0603       8855 
0604       8869 
0605       8891 
0606       8895 
0607       8909 
0608       8927 
0609       8928 
0610       8937 
0611       8943 
0612       8946 
0613       8964 
0614       8971 
0615       8988 
0616       9001 
0617       9004 
0618       9008 
0619       9027 
0620       9046 
0621       9058 
0622       9059 
0623       9079 
0624       9079 
0625       9083 
0626       9095 
0627       9110 
0628       9135 
0629       9168 
0630       9169 
0631       9186 
0632       9187 
0633       9200 
0634       9215 
0635       9236 
0636       9253 
0637       9257 
0638       9288 
0639       9298 
0640       9309 
0641       9310 
0642       9366 
0643       9375 
0644       9401 
0645       9410 
0646       9429 
0647       9434 
0648       9460 
0649       9486 
0650       9498 
0651       9524 
0652       9531 
0653       9568 
0654       9580 
0655       9595 
0656       9625 
0657       9643 
0658       9676 
0659       9695 
0660       9700 
0661       9739 
0662       9752 
0663       9779 
0664       9800 
0665       9818 
0666       9838 
0667       9890 
0668       9890 
0669       9881 
0670       9846 
0671       9846 
0672       9861 
0673       9861 
0674       9871 
0675       9878 
0676       9898 
0677       9937 
0678       9956 
0679       9960 
0680       10002 
0681       10021 
0682       10058 
0683       10058 
0684       10034 
0685       7419 
0686       7419 
0687       7419 
0688       7434 
0689       7446 
0690       7461 
0691       7466 
0692       7485 
0693       7525 
0694       7547 
0695       7550 
0696       7603 
0697       7604 
0698       7604 
0699       7604 
0700       7595 
0701       7595 
0702       7597 
0703       7606 
0704       7627 
0705       7641 
0706       7675 
0707       7691 
0708       7694 
0709       7706 
0710       7694 
0711       5215 
0712       5197 
0713       5197 
0714       5197 
0715       5156 
0716       5150 
0717       5107 
0718       5052 
0719       5006 
0720       4953 
0721       4929 
0722       4890 
0723       4832 
0724       4785 
0725       4747 
0726       4710 
0727       4697 
0728       4645 
0729       4592 
0730       4545 
0731       4482 
0732       4431 
0733       4393 
0734       4372 
0735       4358 
0736       4326 
0737       4295 
0738       4294 
0739       4294 
0740       4295 
0741       4303 
0742       4350 
0743       4385 
0744       4395 
0745       4416 
0746       4444 
0747       4468 
0748       4500 
0749       4508 
0750       4556 
0751       4573 
0752       4615 
0753       4649 
0754       4652 
0755       4689 
0756       4718 
0757       4752 
0758       4774 
0759       4814 
0760       4935 
0761       4965 
0762       5012 
0763       5045 
0764       5086 
0765       5129 
0766       5181 
0767       5215 
0768       5267 
0769       5297 
0770       5315 
0771       5348 
0772       5400 
0773       5426 
0774       5484 
0775       5522 
0776       5566 
0777       5595 
0778       5646 
0779       5668 
0780       5697 
0781       5762 
0782       5808 
0783       5863 
0784       5921 
0785       5933 
0786       5957 
0787       5970 
0788       6048 
0789       6100 
0790       6137 
0791       6148 
0792       6206 
0793       6288 
0794       6314 
0795       6387 
0796       6459 
0797       6474 
0798       6566 
0799       6604 
0800       6656 
0801       6717 
0802       6776 
0803       6818 
0804       6886 
0805       6958 
0806       7004 
0807       7086 
0808       7140 
0809       7182 
0810       7263 
0811       7318 
0812       7382 
0813       7451 
0814       7557 
0815       7614 
0816       7679 
0817       7822 
0818       7887 
0819       7974 
0820       7974 
0821       7974 
0822       7979 
0823       8074 
0824       8223 
0825       8274 
0826       8578 
0827       8698 
0828       8777 
0829       8947 
0830       9108 
0831       9216 
0832       9301 
0833       9436 
0834       9566 
0835       9722 
0836       9845 
0837       9995 
0838       10113 
0839       10200 
0840       10359 
0841       10504 
0842       10652 
0843       10786 
0844       10946 
0845       11045 
0846       11231 
0847       11466 
0848       11613 
0849       11824 
0850       12021 
0851       12155 
0852       12342 
0853       12604 
0854       12861 
0855       13117 
0856       13395 
0857       13664 
0858       13664 
0859       1 
0860       1 
0861       1 
0862       1 
0863       15379 
0864       15379 
0865       15323 
0866       15379 
0867       23074 
0868       23090 
0869       23074 
0870       23065 
0871       23064 
0872       23064 
0873       23031 
0874       23017 
0875       22997 
0876       22999 
0877       22999 
0878       23000 
0879       22999 
0880       22885 
0881       22885 
0882       1 
0883       1 
0884       23193 
0885       23193 
0886       23241 
0887       23241 
0888       23230 
0889       23229 
0890       23229 
0891       23229 
0892       23226 
0893       23231 
0894       23226 
0895       23226 
0896       23226 
0897       22882 
0898       22876 
0899       22876 
0900       22878 
0901       22893 
0902       22897 
0903       22897 
0904       22888 
0905       22888 
0906       22889 
0907       22889 
0908       22917 
0909       22876 
0910       22876 
0911       1 
0912       1 
0913       1 
0914       1 
0915       1 
0916       1 
0917       1 
0918       1 
0919       1 
0920       1 
0921       1 
0922       1 
0923       1 
0924       1 
0925       1 
0926       1 
0927       1 
0928       1 
0929       1 
0930       1 
0931       1 
0932       1 
0933       1 
0934       1 
0935       1 
0936       1 
0937       1 
0938       1 
0939       1 
0940       1 
0941       1 
0942       1 
0943       1 
0944       1 
0945       1 
0946       1 
0947       1 
0948       1 
0949       1 
0950       1 
0951       1 
0952       1 
0953       1 
0954       1 
0955       1 
0956       1 
0957       1 
0958       1 
0959       1 
0960       1 
0961       1 
0962       1 
0963       1 
0964       1 
0965       1 
0966       1 
0967       1 
0968       1 
0969       1 
0970       1 
0971       1 
0972       1 
0973       1 
0974       1 
0975       1 
0976       1 
0977       1 
0978       1 
0979       1 
0980       1 
0981       1 
0982       1 
0983       1 
0984       1 
0985       1 
0986       1 
0987       1 
0988       1 
0989       1 
0990       1 
0991       1 
0992       1 
0993       1 
0994       1 
0995       1 
0996       1 
0997       1 
0998       1 
0999       1 
1000       1 
1001       1 
1002       1 
1003       1 
1004       1 
1005       1 
1006       1 
1007       1 
1008       4 
1009       4 
1010       4 
1011       4 
1012       48 
1013       45 
1014       66 
1015       66 
1016       57 
1017       57 
1018       57 
1019       54 
1020       57 
1021       54 
1022       54 
1023       58 
1024       60 
1025       60 
1026       67 
1027       67 
1028       67 
1029       67 
1030       57 
1031       56 
1032       52 
1033       52 
1034       56 
1035       70 
1036       71 
1037       71 
1038       71 
1039       71 
1040       68 
1041       68 
1042       72 
1043       72 
1044       71 
1045       71 
1046       70 
1047       67 
1048       70 
1049       67 
1050       63 
1051       63 
1052       68 
1053       67 
1054       67 
1055       67 
1056       66 
1057       61 
1058       61 
1059       62 
1060       63 
1061       63 
1062       66 
1063       66 
1064       67 
1065       70 
1066       70 
1067       66 
1068       66 
1069       59 
1070       59 
1071       59 
1072       69 
1073       69 
1074       69 
1075       65 
1076       62 
1077       62 
1078       62 
1079       62 
1297966621.959677
