0000       1 
0001       1 
0002       1 
0003       1 
0004       1 
0005       1 
0006       1 
0007       1 
0008       1 
0009       1 
0010       1 
0011       1 
0012       1 
0013       1 
0014       1 
0015       1 
0016       1 
0017       1 
0018       1 
0019       1 
0020       1 
0021       1 
0022       1 
0023       1 
0024       1 
0025       1 
0026       1 
0027       1 
0028       1 
0029       1 
0030       1 
0031       1 
0032       1 
0033       1 
0034       1 
0035       1 
0036       1 
0037       1 
0038       1 
0039       1 
0040       1 
0041       1 
0042       1 
0043       1 
0044       1 
0045       1 
0046       1 
0047       1 
0048       1 
0049       1 
0050       1 
0051       1 
0052       1 
0053       1 
0054       1 
0055       1 
0056       1 
0057       1 
0058       1 
0059       1 
0060       1 
0061       1 
0062       1 
0063       1 
0064       1 
0065       1 
0066       1 
0067       1 
0068       1 
0069       1 
0070       1 
0071       1 
0072       1 
0073       1 
0074       1 
0075       1 
0076       1 
0077       1 
0078       1 
0079       1 
0080       1 
0081       1 
0082       1 
0083       1 
0084       1 
0085       1 
0086       1 
0087       1 
0088       1 
0089       1 
0090       1 
0091       1 
0092       1 
0093       1 
0094       1 
0095       1 
0096       1 
0097       1 
0098       1 
0099       1 
0100       1 
0101       1 
0102       1 
0103       1 
0104       1 
0105       1 
0106       1 
0107       1 
0108       1 
0109       1 
0110       1 
0111       1 
0112       1 
0113       1 
0114       1 
0115       1 
0116       1 
0117       1 
0118       1 
0119       1 
0120       1 
0121       1 
0122       1 
0123       1 
0124       1 
0125       1 
0126       1 
0127       1 
0128       1 
0129       1 
0130       1 
0131       1 
0132       1 
0133       1 
0134       1 
0135       1 
0136       1 
0137       1 
0138       1 
0139       1 
0140       1 
0141       1 
0142       1 
0143       1 
0144       1 
0145       1 
0146       1 
0147       1 
0148       1 
0149       1 
0150       1 
0151       1 
0152       1 
0153       1 
0154       1 
0155       1 
0156       1 
0157       1 
0158       1 
0159       1 
0160       1 
0161       1 
0162       1 
0163       1 
0164       1 
0165       1 
0166       1 
0167       6372 
0168       6372 
0169       6367 
0170       6367 
0171       6375 
0172       6375 
0173       6372 
0174       6366 
0175       6366 
0176       6354 
0177       6354 
0178       6368 
0179       6368 
0180       6366 
0181       6357 
0182       6355 
0183       6357 
0184       6355 
0185       6348 
0186       6344 
0187       6348 
0188       6366 
0189       6366 
0190       6361 
0191       6361 
0192       6361 
0193       6360 
0194       6354 
0195       6354 
0196       6352 
0197       6348 
0198       6350 
0199       6350 
0200       6359 
0201       6361 
0202       6360 
0203       6361 
0204       6360 
0205       6369 
0206       6352 
0207       6365 
0208       6357 
0209       6365 
0210       6370 
0211       6374 
0212       6376 
0213       6376 
0214       6375 
0215       6375 
0216       6381 
0217       6386 
0218       6394 
0219       6394 
0220       6399 
0221       6401 
0222       6406 
0223       6408 
0224       6408 
0225       6417 
0226       6425 
0227       6426 
0228       6432 
0229       6432 
0230       6434 
0231       6437 
0232       6440 
0233       6440 
0234       6451 
0235       6453 
0236       6460 
0237       6471 
0238       6474 
0239       6477 
0240       6488 
0241       6497 
0242       6499 
0243       6507 
0244       6507 
0245       6519 
0246       6526 
0247       6530 
0248       6543 
0249       6549 
0250       6554 
0251       6557 
0252       6560 
0253       6572 
0254       6588 
0255       6597 
0256       6597 
0257       6597 
0258       6615 
0259       6654 
0260       6660 
0261       6661 
0262       6669 
0263       6675 
0264       6703 
0265       6706 
0266       6720 
0267       6731 
0268       6731 
0269       1 
0270       1 
0271       1 
0272       1 
0273       1 
0274       1 
0275       1 
0276       1 
0277       1 
0278       1 
0279       1 
0280       1 
0281       22136 
0282       22136 
0283       22061 
0284       21870 
0285       21799 
0286       21799 
0287       21576 
0288       13518 
0289       13517 
0290       13518 
0291       13563 
0292       13568 
0293       13568 
0294       13547 
0295       13444 
0296       13391 
0297       13284 
0298       13189 
0299       13074 
0300       12922 
0301       12820 
0302       12693 
0303       12586 
0304       12489 
0305       12356 
0306       12240 
0307       12164 
0308       12080 
0309       11968 
0310       11884 
0311       11757 
0312       11737 
0313       11601 
0314       11525 
0315       11458 
0316       11207 
0317       10740 
0318       10648 
0319       10648 
0320       10668 
0321       10702 
0322       10782 
0323       10786 
0324       10841 
0325       10871 
0326       10873 
0327       10939 
0328       10958 
0329       10997 
0330       11025 
0331       11038 
0332       11038 
0333       11087 
0334       11093 
0335       11201 
0336       11201 
0337       1 
0338       1 
0339       1 
0340       1 
0341       1 
0342       1 
0343       1 
0344       1 
0345       1 
0346       1 
0347       1 
0348       1 
0349       1 
0350       1 
0351       1 
0352       1 
0353       1 
0354       1 
0355       1 
0356       1 
0357       1 
0358       1 
0359       1 
0360       1 
0361       1 
0362       1 
0363       1 
0364       11199 
0365       11264 
0366       11264 
0367       11192 
0368       11024 
0369       10983 
0370       10923 
0371       10878 
0372       10850 
0373       10734 
0374       10668 
0375       10589 
0376       10493 
0377       10448 
0378       10414 
0379       10357 
0380       10331 
0381       10298 
0382       10245 
0383       10245 
0384       10226 
0385       10155 
0386       10152 
0387       10133 
0388       10130 
0389       10067 
0390       10063 
0391       10053 
0392       10032 
0393       10022 
0394       10022 
0395       9989 
0396       9969 
0397       9959 
0398       9959 
0399       9951 
0400       9951 
0401       9920 
0402       9920 
0403       9968 
0404       10016 
0405       10109 
0406       10128 
0407       10141 
0408       10161 
0409       10229 
0410       10256 
0411       10373 
0412       10385 
0413       11295 
0414       11295 
0415       11279 
0416       11211 
0417       11192 
0418       11178 
0419       11167 
0420       11157 
0421       11113 
0422       11087 
0423       11085 
0424       11040 
0425       10988 
0426       10956 
0427       10937 
0428       10912 
0429       10900 
0430       10815 
0431       9341 
0432       9249 
0433       9247 
0434       9207 
0435       9205 
0436       9115 
0437       9094 
0438       9094 
0439       9094 
0440       9078 
0441       9052 
0442       9034 
0443       9031 
0444       8990 
0445       8982 
0446       8900 
0447       8900 
0448       8911 
0449       8917 
0450       8917 
0451       8917 
0452       8923 
0453       8948 
0454       8963 
0455       8990 
0456       10200 
0457       10200 
0458       10174 
0459       10149 
0460       10129 
0461       10126 
0462       10094 
0463       10080 
0464       10064 
0465       10056 
0466       10055 
0467       10005 
0468       9998 
0469       9984 
0470       9973 
0471       9958 
0472       9925 
0473       9920 
0474       9889 
0475       9881 
0476       9868 
0477       9851 
0478       9850 
0479       9807 
0480       9784 
0481       9778 
0482       9773 
0483       9758 
0484       9743 
0485       9741 
0486       9736 
0487       9712 
0488       9683 
0489       9680 
0490       9651 
0491       9643 
0492       9641 
0493       9626 
0494       9623 
0495       9614 
0496       9596 
0497       9571 
0498       9562 
0499       9561 
0500       9553 
0501       9538 
0502       9532 
0503       9532 
0504       9510 
0505       9507 
0506       9486 
0507       9482 
0508       9478 
0509       9458 
0510       9447 
0511       9447 
0512       9447 
0513       9430 
0514       9403 
0515       9403 
0516       9405 
0517       9405 
0518       9393 
0519       9383 
0520       9383 
0521       9372 
0522       9361 
0523       9348 
0524       9343 
0525       9343 
0526       9336 
0527       9336 
0528       9336 
0529       9331 
0530       9330 
0531       9326 
0532       9321 
0533       9321 
0534       9312 
0535       9305 
0536       9294 
0537       9294 
0538       9294 
0539       9296 
0540       9294 
0541       9285 
0542       9273 
0543       9266 
0544       9266 
0545       9268 
0546       9268 
0547       9259 
0548       9259 
0549       9272 
0550       9272 
0551       9263 
0552       9258 
0553       9246 
0554       9240 
0555       9240 
0556       9243 
0557       9243 
0558       9216 
0559       9215 
0560       8198 
0561       8164 
0562       8036 
0563       7943 
0564       7908 
0565       7882 
0566       7880 
0567       7869 
0568       7864 
0569       7833 
0570       7816 
0571       7816 
0572       7816 
0573       7805 
0574       7805 
0575       7812 
0576       7816 
0577       7812 
0578       7816 
0579       7821 
0580       7833 
0581       7854 
0582       7857 
0583       7876 
0584       7894 
0585       7920 
0586       7978 
0587       8031 
0588       8082 
0589       8082 
0590       8052 
0591       8052 
0592       8045 
0593       8045 
0594       8027 
0595       8016 
0596       8013 
0597       8013 
0598       8013 
0599       9277 
0600       9277 
0601       9243 
0602       7653 
0603       7653 
0604       7653 
0605       7576 
0606       7532 
0607       7532 
0608       7544 
0609       7578 
0610       7578 
0611       7573 
0612       7533 
0613       7510 
0614       7510 
0615       7557 
0616       7621 
0617       7735 
0618       8062 
0619       8062 
0620       7898 
0621       7854 
0622       7854 
0623       7859 
0624       7868 
0625       7873 
0626       7878 
0627       7879 
0628       7890 
0629       7893 
0630       7946 
0631       7946 
0632       7879 
0633       7797 
0634       7785 
0635       7785 
0636       7810 
0637       7915 
0638       7922 
0639       7953 
0640       7977 
0641       8076 
0642       8722 
0643       8722 
0644       8571 
0645       8545 
0646       8522 
0647       8522 
0648       8421 
0649       8416 
0650       8416 
0651       8529 
0652       8555 
0653       8624 
0654       8830 
0655       10256 
0656       10274 
0657       10302 
0658       10303 
0659       10317 
0660       10340 
0661       10364 
0662       10385 
0663       10409 
0664       10434 
0665       10448 
0666       10483 
0667       10510 
0668       10539 
0669       10560 
0670       10568 
0671       10602 
0672       10636 
0673       10674 
0674       10706 
0675       10707 
0676       10736 
0677       10755 
0678       10819 
0679       10828 
0680       10869 
0681       10872 
0682       10891 
0683       10930 
0684       10969 
0685       10991 
0686       11030 
0687       11050 
0688       11055 
0689       11050 
0690       10994 
0691       10814 
0692       10741 
0693       10684 
0694       10633 
0695       10506 
0696       10486 
0697       10378 
0698       10356 
0699       10319 
0700       10260 
0701       10203 
0702       10185 
0703       10185 
0704       10148 
0705       10143 
0706       10148 
0707       10148 
0708       10159 
0709       10172 
0710       10197 
0711       10220 
0712       10255 
0713       10260 
0714       10307 
0715       10331 
0716       10358 
0717       10398 
0718       10424 
0719       10506 
0720       10549 
0721       10636 
0722       10682 
0723       10694 
0724       10748 
0725       10801 
0726       11932 
0727       11968 
0728       11932 
0729       11792 
0730       11679 
0731       11679 
0732       11681 
0733       11681 
0734       11638 
0735       11568 
0736       11485 
0737       11453 
0738       11421 
0739       11408 
0740       11400 
0741       11400 
0742       11398 
0743       11398 
0744       11369 
0745       11363 
0746       11369 
0747       11384 
0748       11417 
0749       11457 
0750       11522 
0751       11554 
0752       11603 
0753       11672 
0754       11769 
0755       11877 
0756       11970 
0757       12086 
0758       12315 
0759       12789 
0760       12877 
0761       12893 
0762       12947 
0763       13021 
0764       13076 
0765       13103 
0766       13193 
0767       13249 
0768       14332 
0769       14332 
0770       14288 
0771       14223 
0772       14156 
0773       14129 
0774       14102 
0775       14042 
0776       14006 
0777       13960 
0778       13917 
0779       13897 
0780       13896 
0781       13897 
0782       13954 
0783       13954 
0784       13992 
0785       16040 
0786       16040 
0787       15993 
0788       13765 
0789       13722 
0790       13683 
0791       13646 
0792       13631 
0793       13572 
0794       13533 
0795       13525 
0796       13476 
0797       13452 
0798       13400 
0799       13368 
0800       13130 
0801       13094 
0802       13053 
0803       13030 
0804       12990 
0805       12973 
0806       12945 
0807       12902 
0808       12874 
0809       12850 
0810       12841 
0811       12803 
0812       12780 
0813       12737 
0814       12712 
0815       12686 
0816       12668 
0817       12644 
0818       12632 
0819       12604 
0820       12563 
0821       12558 
0822       12524 
0823       12491 
0824       12479 
0825       12454 
0826       12434 
0827       12414 
0828       12388 
0829       12370 
0830       12362 
0831       12362 
0832       12370 
0833       12402 
0834       12480 
0835       12481 
0836       12513 
0837       14398 
0838       14398 
0839       14377 
0840       14366 
0841       14345 
0842       14312 
0843       14302 
0844       14298 
0845       12353 
0846       12311 
0847       12302 
0848       12286 
0849       12239 
0850       12235 
0851       12198 
0852       12181 
0853       12158 
0854       12147 
0855       12143 
0856       11980 
0857       11897 
0858       11880 
0859       11848 
0860       11840 
0861       11838 
0862       11822 
0863       11813 
0864       11788 
0865       11776 
0866       11776 
0867       11824 
0868       11912 
0869       11937 
0870       11912 
0871       11912 
0872       11910 
0873       11889 
0874       11873 
0875       11871 
0876       11845 
0877       11819 
0878       11793 
0879       11773 
0880       1 
0881       1 
0882       1 
0883       1 
0884       1 
0885       1 
0886       1 
0887       1 
0888       1 
0889       1 
0890       1 
0891       1 
0892       1 
0893       1 
0894       1 
0895       1 
0896       1 
0897       1 
0898       1 
0899       1 
0900       1 
0901       1 
0902       1 
0903       1 
0904       1 
0905       1 
0906       1 
0907       1 
0908       1 
0909       1 
0910       1 
0911       1 
0912       1 
0913       1 
0914       1 
0915       1 
0916       1 
0917       1 
0918       1 
0919       1 
0920       1 
0921       1 
0922       1 
0923       1 
0924       1 
0925       1 
0926       1 
0927       1 
0928       1 
0929       1 
0930       1 
0931       1 
0932       1 
0933       1 
0934       1 
0935       1 
0936       1 
0937       1 
0938       1 
0939       1 
0940       1 
0941       1 
0942       1 
0943       1 
0944       1 
0945       1 
0946       1 
0947       1 
0948       1 
0949       1 
0950       1 
0951       1 
0952       1 
0953       1 
0954       1 
0955       1 
0956       1 
0957       1 
0958       1 
0959       1 
0960       1 
0961       1 
0962       1 
0963       1 
0964       1 
0965       1 
0966       1 
0967       1 
0968       1 
0969       1 
0970       1 
0971       1 
0972       1 
0973       1 
0974       1 
0975       1 
0976       1 
0977       1 
0978       1 
0979       1 
0980       1 
0981       1 
0982       1 
0983       1 
0984       1 
0985       1 
0986       1 
0987       1 
0988       1 
0989       1 
0990       1 
0991       1 
0992       1 
0993       1 
0994       1 
0995       1 
0996       1 
0997       1 
0998       1 
0999       1 
1000       1 
1001       1 
1002       1 
1003       1 
1004       1 
1005       1 
1006       1 
1007       4 
1008       54 
1009       54 
1010       54 
1011       54 
1012       50 
1013       50 
1014       4 
1015       4 
1016       4 
1017       48 
1018       48 
1019       48 
1020       54 
1021       57 
1022       54 
1023       53 
1024       57 
1025       59 
1026       59 
1027       68 
1028       68 
1029       68 
1030       46 
1031       46 
1032       46 
1033       53 
1034       59 
1035       60 
1036       61 
1037       69 
1038       69 
1039       69 
1040       65 
1041       64 
1042       64 
1043       65 
1044       68 
1045       68 
1046       68 
1047       68 
1048       69 
1049       59 
1050       62 
1051       62 
1052       59 
1053       59 
1054       62 
1055       62 
1056       64 
1057       65 
1058       65 
1059       65 
1060       64 
1061       61 
1062       59 
1063       61 
1064       60 
1065       61 
1066       63 
1067       64 
1068       63 
1069       64 
1070       67 
1071       67 
1072       67 
1073       67 
1074       59 
1075       59 
1076       59 
1077       64 
1078       65 
1079       65 
1297966698.722219
