0000       1 
0001       1 
0002       1 
0003       1 
0004       1 
0005       1 
0006       1 
0007       1 
0008       1 
0009       1 
0010       1 
0011       1 
0012       1 
0013       1 
0014       1 
0015       1 
0016       1 
0017       1 
0018       1 
0019       1 
0020       1 
0021       1 
0022       1 
0023       1 
0024       1 
0025       1 
0026       1 
0027       1 
0028       1 
0029       1 
0030       1 
0031       1 
0032       1 
0033       1 
0034       1 
0035       1 
0036       1 
0037       1 
0038       1 
0039       1 
0040       1 
0041       1 
0042       1 
0043       1 
0044       1 
0045       1 
0046       1 
0047       1 
0048       1 
0049       1 
0050       1 
0051       1 
0052       1 
0053       1 
0054       1 
0055       1 
0056       1 
0057       1 
0058       1 
0059       1 
0060       1 
0061       1 
0062       1 
0063       1 
0064       1 
0065       1 
0066       1 
0067       1 
0068       1 
0069       1 
0070       1 
0071       1 
0072       1 
0073       1 
0074       1 
0075       1 
0076       1 
0077       1 
0078       1 
0079       1 
0080       1 
0081       1 
0082       1 
0083       1 
0084       1 
0085       1 
0086       1 
0087       1 
0088       1 
0089       1 
0090       1 
0091       1 
0092       1 
0093       1 
0094       1 
0095       1 
0096       1 
0097       1 
0098       4526 
0099       4527 
0100       4530 
0101       4527 
0102       4526 
0103       4518 
0104       4517 
0105       4515 
0106       4511 
0107       4511 
0108       4499 
0109       4492 
0110       4491 
0111       4491 
0112       4487 
0113       4484 
0114       4481 
0115       4470 
0116       4470 
0117       4469 
0118       4468 
0119       4460 
0120       4458 
0121       4455 
0122       4455 
0123       4455 
0124       4455 
0125       4448 
0126       4444 
0127       4444 
0128       4444 
0129       4445 
0130       4445 
0131       4445 
0132       4444 
0133       4442 
0134       4441 
0135       4435 
0136       4435 
0137       4435 
0138       4434 
0139       4435 
0140       4434 
0141       4431 
0142       4431 
0143       4430 
0144       4425 
0145       4425 
0146       4425 
0147       4428 
0148       4428 
0149       4430 
0150       4428 
0151       4429 
0152       4423 
0153       4429 
0154       4429 
0155       4433 
0156       4433 
0157       4433 
0158       4433 
0159       4435 
0160       4437 
0161       4437 
0162       4437 
0163       4437 
0164       4437 
0165       4437 
0166       4437 
0167       4445 
0168       4449 
0169       4449 
0170       4445 
0171       4441 
0172       4441 
0173       4441 
0174       4455 
0175       4461 
0176       4467 
0177       4468 
0178       4467 
0179       4469 
0180       4473 
0181       4473 
0182       4473 
0183       4473 
0184       4475 
0185       4476 
0186       4484 
0187       4489 
0188       4493 
0189       4494 
0190       4494 
0191       4501 
0192       4503 
0193       4503 
0194       4514 
0195       4520 
0196       4520 
0197       4524 
0198       4524 
0199       4520 
0200       4514 
0201       1 
0202       1 
0203       1 
0204       1 
0205       1 
0206       1 
0207       1 
0208       1 
0209       1 
0210       1 
0211       1 
0212       1 
0213       1 
0214       1 
0215       1 
0216       1 
0217       1 
0218       1 
0219       1 
0220       1 
0221       1 
0222       1 
0223       1 
0224       23113 
0225       23113 
0226       1 
0227       1 
0228       1 
0229       23447 
0230       23447 
0231       23380 
0232       23375 
0233       1 
0234       1 
0235       1 
0236       1 
0237       1 
0238       1 
0239       1 
0240       1 
0241       1 
0242       1 
0243       1 
0244       1 
0245       24031 
0246       24031 
0247       24211 
0248       24229 
0249       24296 
0250       24296 
0251       1 
0252       1 
0253       1 
0254       1 
0255       1 
0256       1 
0257       1 
0258       1 
0259       1 
0260       1 
0261       1 
0262       1 
0263       17885 
0264       17894 
0265       17930 
0266       17941 
0267       17930 
0268       1 
0269       1 
0270       1 
0271       1 
0272       1 
0273       1 
0274       1 
0275       1 
0276       1 
0277       1 
0278       1 
0279       1 
0280       15944 
0281       15991 
0282       16038 
0283       16085 
0284       16131 
0285       16131 
0286       16087 
0287       16042 
0288       15973 
0289       15930 
0290       15877 
0291       15821 
0292       15747 
0293       15689 
0294       15547 
0295       15472 
0296       15440 
0297       15397 
0298       1 
0299       1 
0300       1 
0301       1 
0302       1 
0303       14864 
0304       14864 
0305       14736 
0306       14679 
0307       14614 
0308       14586 
0309       14457 
0310       14429 
0311       14314 
0312       14183 
0313       14183 
0314       14169 
0315       14069 
0316       13988 
0317       13951 
0318       13835 
0319       13780 
0320       13780 
0321       13721 
0322       13612 
0323       13603 
0324       13445 
0325       1 
0326       13286 
0327       13286 
0328       13286 
0329       13276 
0330       13194 
0331       13127 
0332       13078 
0333       13061 
0334       12996 
0335       12936 
0336       12886 
0337       12845 
0338       12779 
0339       12654 
0340       12585 
0341       12585 
0342       12585 
0343       12543 
0344       12522 
0345       12447 
0346       12403 
0347       12356 
0348       12340 
0349       12276 
0350       12259 
0351       12190 
0352       12179 
0353       12130 
0354       12122 
0355       12086 
0356       12038 
0357       12038 
0358       11946 
0359       11917 
0360       11875 
0361       11854 
0362       11825 
0363       11814 
0364       11760 
0365       11698 
0366       11657 
0367       11657 
0368       11623 
0369       11574 
0370       11566 
0371       11537 
0372       11533 
0373       11478 
0374       11447 
0375       11395 
0376       11393 
0377       11345 
0378       11316 
0379       11298 
0380       11249 
0381       11241 
0382       11223 
0383       11177 
0384       11161 
0385       11116 
0386       11081 
0387       11048 
0388       11003 
0389       10976 
0390       10957 
0391       10944 
0392       10909 
0393       10901 
0394       10880 
0395       10859 
0396       10849 
0397       10832 
0398       10783 
0399       10776 
0400       10742 
0401       10725 
0402       10698 
0403       10667 
0404       10644 
0405       10625 
0406       10593 
0407       10582 
0408       10537 
0409       9851 
0410       9779 
0411       9774 
0412       9779 
0413       9833 
0414       9889 
0415       9995 
0416       10157 
0417       10290 
0418       10394 
0419       10504 
0420       10578 
0421       10711 
0422       10840 
0423       10970 
0424       10995 
0425       11068 
0426       11068 
0427       11182 
0428       11916 
0429       11920 
0430       11957 
0431       11995 
0432       12056 
0433       12201 
0434       12346 
0435       12346 
0436       1 
0437       1 
0438       1 
0439       1 
0440       1 
0441       1 
0442       1 
0443       1 
0444       14447 
0445       14453 
0446       14447 
0447       14568 
0448       15116 
0449       15116 
0450       15229 
0451       15920 
0452       15920 
0453       15909 
0454       15870 
0455       15843 
0456       15662 
0457       15662 
0458       15758 
0459       15758 
0460       15731 
0461       15729 
0462       15666 
0463       14716 
0464       14667 
0465       14667 
0466       14667 
0467       1 
0468       1 
0469       1 
0470       1 
0471       1 
0472       9225 
0473       13274 
0474       13274 
0475       13230 
0476       13201 
0477       13194 
0478       9302 
0479       9302 
0480       13023 
0481       13023 
0482       12989 
0483       12989 
0484       12989 
0485       9657 
0486       9657 
0487       12979 
0488       12993 
0489       13008 
0490       13013 
0491       13044 
0492       13142 
0493       13192 
0494       13192 
0495       8383 
0496       8375 
0497       1 
0498       1 
0499       1 
0500       1 
0501       1 
0502       14078 
0503       14099 
0504       14156 
0505       14240 
0506       14247 
0507       14247 
0508       14238 
0509       14174 
0510       14143 
0511       1 
0512       1 
0513       1 
0514       1 
0515       1 
0516       1 
0517       1 
0518       1 
0519       10089 
0520       11065 
0521       11224 
0522       11342 
0523       11400 
0524       11449 
0525       12231 
0526       12231 
0527       12205 
0528       11475 
0529       11425 
0530       11425 
0531       11439 
0532       11439 
0533       1 
0534       1 
0535       1 
0536       1 
0537       1 
0538       1 
0539       1 
0540       1 
0541       1 
0542       1 
0543       1 
0544       8832 
0545       8832 
0546       8832 
0547       11758 
0548       11758 
0549       1 
0550       1 
0551       1 
0552       7824 
0553       7824 
0554       7824 
0555       8004 
0556       8391 
0557       8423 
0558       8423 
0559       8370 
0560       8360 
0561       8360 
0562       8284 
0563       8213 
0564       8213 
0565       8287 
0566       8434 
0567       8469 
0568       8434 
0569       1 
0570       1 
0571       1 
0572       1 
0573       1 
0574       1 
0575       1 
0576       1 
0577       1 
0578       1 
0579       1 
0580       1 
0581       8341 
0582       8341 
0583       8445 
0584       8445 
0585       8655 
0586       10661 
0587       13819 
0588       13837 
0589       13837 
0590       13777 
0591       13662 
0592       13662 
0593       13677 
0594       13730 
0595       13730 
0596       13727 
0597       13727 
0598       13752 
0599       13788 
0600       13827 
0601       13883 
0602       13936 
0603       13936 
0604       13998 
0605       13889 
0606       14109 
0607       14189 
0608       14251 
0609       14251 
0610       1 
0611       1 
0612       1 
0613       1 
0614       1 
0615       1 
0616       1 
0617       1 
0618       1 
0619       1 
0620       1 
0621       1 
0622       1 
0623       1 
0624       1 
0625       1 
0626       1 
0627       1 
0628       1 
0629       1 
0630       1 
0631       1 
0632       1 
0633       1 
0634       1 
0635       1 
0636       1 
0637       1 
0638       1 
0639       1 
0640       1 
0641       1 
0642       1 
0643       1 
0644       16361 
0645       16387 
0646       16534 
0647       16534 
0648       1 
0649       1 
0650       1 
0651       1 
0652       16672 
0653       16672 
0654       1 
0655       1 
0656       1 
0657       1 
0658       1 
0659       17237 
0660       17237 
0661       1 
0662       1 
0663       1 
0664       1 
0665       1 
0666       1 
0667       1 
0668       1 
0669       1 
0670       1 
0671       1 
0672       1 
0673       1 
0674       20540 
0675       20540 
0676       20442 
0677       20287 
0678       20214 
0679       20132 
0680       20000 
0681       19915 
0682       19792 
0683       19721 
0684       19628 
0685       19548 
0686       19460 
0687       19386 
0688       19308 
0689       19198 
0690       19152 
0691       19137 
0692       19137 
0693       19137 
0694       1 
0695       1 
0696       1 
0697       1 
0698       1 
0699       1 
0700       1 
0701       1 
0702       1 
0703       20771 
0704       20771 
0705       20746 
0706       1 
0707       1 
0708       1 
0709       1 
0710       1 
0711       17537 
0712       17537 
0713       17462 
0714       17390 
0715       17323 
0716       17263 
0717       17183 
0718       17160 
0719       17071 
0720       17021 
0721       16982 
0722       16904 
0723       16878 
0724       16783 
0725       16756 
0726       16700 
0727       16646 
0728       16585 
0729       16534 
0730       16480 
0731       16445 
0732       16382 
0733       16338 
0734       16281 
0735       16233 
0736       16187 
0737       16157 
0738       16082 
0739       16063 
0740       16017 
0741       15970 
0742       15934 
0743       15864 
0744       15843 
0745       15805 
0746       15805 
0747       15818 
0748       15826 
0749       15826 
0750       15780 
0751       15780 
0752       15780 
0753       15807 
0754       17758 
0755       17758 
0756       17731 
0757       17674 
0758       17623 
0759       17600 
0760       17573 
0761       17515 
0762       17511 
0763       1 
0764       1 
0765       1 
0766       1 
0767       1 
0768       1 
0769       1 
0770       1 
0771       1 
0772       1 
0773       1 
0774       14787 
0775       14787 
0776       14691 
0777       14668 
0778       14663 
0779       14623 
0780       14606 
0781       14559 
0782       14549 
0783       14510 
0784       14503 
0785       14457 
0786       14440 
0787       14406 
0788       14406 
0789       14498 
0790       14524 
0791       14524 
0792       14483 
0793       14482 
0794       14442 
0795       14439 
0796       14439 
0797       14395 
0798       14392 
0799       14359 
0800       14334 
0801       14304 
0802       14304 
0803       16315 
0804       16315 
0805       16299 
0806       16293 
0807       16246 
0808       16237 
0809       1 
0810       1 
0811       1 
0812       1 
0813       1 
0814       1 
0815       1 
0816       1 
0817       1 
0818       1 
0819       1 
0820       1 
0821       1 
0822       1 
0823       1 
0824       1 
0825       1 
0826       1 
0827       1 
0828       1 
0829       1 
0830       1 
0831       1 
0832       1 
0833       1 
0834       1 
0835       1 
0836       1 
0837       1 
0838       1 
0839       1 
0840       1 
0841       1 
0842       1 
0843       1 
0844       1 
0845       1 
0846       1 
0847       1 
0848       1 
0849       1 
0850       1 
0851       1 
0852       1 
0853       1 
0854       1 
0855       1 
0856       1 
0857       1 
0858       1 
0859       1 
0860       1 
0861       1 
0862       1 
0863       1 
0864       1 
0865       1 
0866       1 
0867       1 
0868       1 
0869       1 
0870       1 
0871       1 
0872       1 
0873       1 
0874       1 
0875       1 
0876       1 
0877       1 
0878       1 
0879       1 
0880       1 
0881       1 
0882       1 
0883       1 
0884       1 
0885       1 
0886       1 
0887       1 
0888       1 
0889       1 
0890       1 
0891       1 
0892       1 
0893       1 
0894       1 
0895       1 
0896       1 
0897       1 
0898       1 
0899       1 
0900       1 
0901       1 
0902       1 
0903       1 
0904       1 
0905       1 
0906       1 
0907       1 
0908       1 
0909       1 
0910       1 
0911       1 
0912       1 
0913       1 
0914       1 
0915       1 
0916       1 
0917       1 
0918       1 
0919       1 
0920       1 
0921       1 
0922       1 
0923       1 
0924       1 
0925       1 
0926       1 
0927       1 
0928       1 
0929       1 
0930       1 
0931       1 
0932       1 
0933       1 
0934       1 
0935       1 
0936       1 
0937       1 
0938       1 
0939       1 
0940       1 
0941       1 
0942       1 
0943       1 
0944       1 
0945       1 
0946       1 
0947       1 
0948       1 
0949       1 
0950       1 
0951       1 
0952       1 
0953       1 
0954       1 
0955       1 
0956       1 
0957       1 
0958       1 
0959       1 
0960       1 
0961       1 
0962       1 
0963       1 
0964       1 
0965       1 
0966       1 
0967       1 
0968       1 
0969       1 
0970       1 
0971       1 
0972       1 
0973       1 
0974       1 
0975       1 
0976       1 
0977       1 
0978       1 
0979       1 
0980       1 
0981       1 
0982       1 
0983       1 
0984       1 
0985       1 
0986       1 
0987       1 
0988       1 
0989       1 
0990       1 
0991       1 
0992       1 
0993       1 
0994       1 
0995       1 
0996       1 
0997       1 
0998       1 
0999       1 
1000       1 
1001       1 
1002       1 
1003       1 
1004       1 
1005       1 
1006       4 
1007       4 
1008       49 
1009       49 
1010       56 
1011       49 
1012       49 
1013       49 
1014       64 
1015       63 
1016       73 
1017       73 
1018       63 
1019       55 
1020       54 
1021       52 
1022       52 
1023       52 
1024       54 
1025       55 
1026       62 
1027       62 
1028       62 
1029       59 
1030       53 
1031       53 
1032       53 
1033       58 
1034       59 
1035       77 
1036       77 
1037       77 
1038       77 
1039       76 
1040       76 
1041       70 
1042       70 
1043       70 
1044       75 
1045       70 
1046       66 
1047       66 
1048       66 
1049       66 
1050       66 
1051       68 
1052       68 
1053       67 
1054       67 
1055       67 
1056       66 
1057       66 
1058       66 
1059       64 
1060       66 
1061       67 
1062       71 
1063       72 
1064       72 
1065       72 
1066       72 
1067       72 
1068       65 
1069       67 
1070       67 
1071       72 
1072       72 
1073       72 
1074       72 
1075       69 
1076       69 
1077       65 
1078       65 
1079       65 
1297966704.548774
