0000       1 
0001       1 
0002       1 
0003       1 
0004       1 
0005       1 
0006       1 
0007       1 
0008       1 
0009       1 
0010       1 
0011       1 
0012       1 
0013       1 
0014       1 
0015       1 
0016       1 
0017       1 
0018       1 
0019       1 
0020       1 
0021       1 
0022       1 
0023       1 
0024       1 
0025       1 
0026       1 
0027       1 
0028       1 
0029       1 
0030       1 
0031       1 
0032       1 
0033       1 
0034       1 
0035       1 
0036       1 
0037       1 
0038       1 
0039       1 
0040       1 
0041       1 
0042       1 
0043       1 
0044       1 
0045       1 
0046       1 
0047       1 
0048       1 
0049       1 
0050       1 
0051       1 
0052       1 
0053       1 
0054       1 
0055       1 
0056       1 
0057       1 
0058       1 
0059       1 
0060       1 
0061       1 
0062       1 
0063       1 
0064       1 
0065       1 
0066       1 
0067       1 
0068       1 
0069       1 
0070       1 
0071       1 
0072       1 
0073       1 
0074       1 
0075       1 
0076       1 
0077       1 
0078       1 
0079       1 
0080       1 
0081       1 
0082       1 
0083       1 
0084       1 
0085       1 
0086       1 
0087       1 
0088       1 
0089       1 
0090       1 
0091       1 
0092       1 
0093       1 
0094       1 
0095       1 
0096       1 
0097       1 
0098       1 
0099       1 
0100       1 
0101       1 
0102       1 
0103       1 
0104       1 
0105       1 
0106       1 
0107       1 
0108       1 
0109       1 
0110       1 
0111       1 
0112       1 
0113       1 
0114       1 
0115       1 
0116       1 
0117       1 
0118       1 
0119       1 
0120       1 
0121       1 
0122       1 
0123       1 
0124       1 
0125       1 
0126       1 
0127       1 
0128       1 
0129       1 
0130       1 
0131       1 
0132       1 
0133       1 
0134       1 
0135       1 
0136       1 
0137       1 
0138       1 
0139       1 
0140       1 
0141       1 
0142       1 
0143       1 
0144       1 
0145       1 
0146       1 
0147       1 
0148       1 
0149       1 
0150       1 
0151       1 
0152       1 
0153       1 
0154       1 
0155       1 
0156       1 
0157       1 
0158       1 
0159       1 
0160       1 
0161       1 
0162       1 
0163       1 
0164       6209 
0165       6209 
0166       6207 
0167       6205 
0168       6202 
0169       6197 
0170       6197 
0171       6197 
0172       6207 
0173       6207 
0174       6199 
0175       6199 
0176       6197 
0177       6188 
0178       6188 
0179       6188 
0180       6180 
0181       6180 
0182       6180 
0183       6179 
0184       6179 
0185       6182 
0186       6182 
0187       6182 
0188       6180 
0189       6185 
0190       6183 
0191       6183 
0192       6183 
0193       6177 
0194       6176 
0195       6174 
0196       6174 
0197       6174 
0198       6178 
0199       6182 
0200       6185 
0201       6186 
0202       6189 
0203       6189 
0204       6186 
0205       6186 
0206       6186 
0207       6181 
0208       6181 
0209       6196 
0210       6196 
0211       6196 
0212       6211 
0213       6207 
0214       6207 
0215       6207 
0216       6208 
0217       6214 
0218       6217 
0219       6223 
0220       6225 
0221       6231 
0222       6231 
0223       6230 
0224       6228 
0225       6230 
0226       6233 
0227       6241 
0228       6251 
0229       6253 
0230       6255 
0231       6256 
0232       6257 
0233       6269 
0234       6274 
0235       6280 
0236       6280 
0237       6292 
0238       6294 
0239       6294 
0240       6301 
0241       6308 
0242       6310 
0243       6330 
0244       6332 
0245       6341 
0246       6342 
0247       6348 
0248       6367 
0249       6367 
0250       6367 
0251       6383 
0252       6394 
0253       6405 
0254       6414 
0255       6422 
0256       6433 
0257       6448 
0258       6455 
0259       6474 
0260       6479 
0261       6490 
0262       6496 
0263       6519 
0264       6523 
0265       6523 
0266       1 
0267       1 
0268       1 
0269       1 
0270       1 
0271       1 
0272       1 
0273       1 
0274       1 
0275       1 
0276       1 
0277       1 
0278       1 
0279       1 
0280       22127 
0281       22127 
0282       21957 
0283       21875 
0284       21739 
0285       21594 
0286       21594 
0287       13365 
0288       13321 
0289       13321 
0290       13339 
0291       13339 
0292       13361 
0293       13368 
0294       13368 
0295       13275 
0296       13193 
0297       13138 
0298       13023 
0299       12884 
0300       12736 
0301       12606 
0302       12528 
0303       12448 
0304       12321 
0305       12237 
0306       12143 
0307       12019 
0308       11926 
0309       11807 
0310       11728 
0311       11671 
0312       11562 
0313       11479 
0314       11413 
0315       11314 
0316       11175 
0317       10500 
0318       10463 
0319       10463 
0320       10463 
0321       10488 
0322       10519 
0323       10590 
0324       10659 
0325       10661 
0326       10662 
0327       10729 
0328       10742 
0329       10808 
0330       10822 
0331       10851 
0332       10851 
0333       10851 
0334       10870 
0335       10911 
0336       11030 
0337       11030 
0338       1 
0339       1 
0340       1 
0341       1 
0342       1 
0343       1 
0344       1 
0345       1 
0346       1 
0347       1 
0348       1 
0349       1 
0350       1 
0351       1 
0352       1 
0353       1 
0354       1 
0355       1 
0356       1 
0357       1 
0358       1 
0359       1 
0360       1 
0361       1 
0362       1 
0363       1 
0364       1 
0365       1 
0366       11109 
0367       11109 
0368       11046 
0369       10903 
0370       10819 
0371       10771 
0372       10736 
0373       10714 
0374       10617 
0375       10529 
0376       10464 
0377       10388 
0378       10303 
0379       10284 
0380       10236 
0381       10159 
0382       10126 
0383       10124 
0384       10080 
0385       10063 
0386       10059 
0387       9983 
0388       9977 
0389       9977 
0390       9943 
0391       9887 
0392       9884 
0393       9862 
0394       9827 
0395       9827 
0396       9838 
0397       9838 
0398       9797 
0399       9767 
0400       9767 
0401       9767 
0402       9756 
0403       9734 
0404       9734 
0405       9739 
0406       9826 
0407       9865 
0408       9886 
0409       9902 
0410       9937 
0411       9973 
0412       10001 
0413       10074 
0414       10094 
0415       11045 
0416       11116 
0417       11106 
0418       11106 
0419       11063 
0420       11038 
0421       11021 
0422       10995 
0423       10980 
0424       10955 
0425       10928 
0426       10901 
0427       10859 
0428       10827 
0429       10800 
0430       10762 
0431       10745 
0432       10740 
0433       9235 
0434       9148 
0435       9105 
0436       9105 
0437       9061 
0438       9053 
0439       8961 
0440       8957 
0441       8930 
0442       8930 
0443       8930 
0444       8922 
0445       8932 
0446       8920 
0447       8895 
0448       8779 
0449       8752 
0450       8752 
0451       8752 
0452       8737 
0453       8703 
0454       8703 
0455       8729 
0456       8761 
0457       8761 
0458       8761 
0459       8921 
0460       9111 
0461       9986 
0462       9986 
0463       9988 
0464       9981 
0465       9962 
0466       9940 
0467       9935 
0468       9932 
0469       9913 
0470       9887 
0471       9867 
0472       9851 
0473       9841 
0474       9825 
0475       9801 
0476       9773 
0477       9769 
0478       9765 
0479       9751 
0480       9730 
0481       9723 
0482       9713 
0483       9680 
0484       9654 
0485       9637 
0486       9626 
0487       9626 
0488       9627 
0489       9627 
0490       9610 
0491       9587 
0492       9570 
0493       9558 
0494       9543 
0495       9538 
0496       9534 
0497       9531 
0498       9505 
0499       9499 
0500       9486 
0501       9461 
0502       9453 
0503       9437 
0504       9435 
0505       9429 
0506       9428 
0507       9422 
0508       9416 
0509       9386 
0510       9369 
0511       9368 
0512       9360 
0513       9350 
0514       9345 
0515       9343 
0516       9336 
0517       9323 
0518       9320 
0519       9318 
0520       9318 
0521       9305 
0522       9291 
0523       9291 
0524       9274 
0525       9273 
0526       9258 
0527       9258 
0528       9267 
0529       9267 
0530       9250 
0531       9250 
0532       9235 
0533       9235 
0534       9236 
0535       9236 
0536       9220 
0537       9220 
0538       9219 
0539       9219 
0540       9219 
0541       9212 
0542       9212 
0543       9201 
0544       9201 
0545       9203 
0546       9203 
0547       9203 
0548       9200 
0549       9198 
0550       9198 
0551       9188 
0552       9203 
0553       9188 
0554       9179 
0555       9179 
0556       9178 
0557       9181 
0558       9181 
0559       9181 
0560       9178 
0561       9178 
0562       9172 
0563       9123 
0564       8123 
0565       8115 
0566       8047 
0567       8004 
0568       7918 
0569       7859 
0570       7836 
0571       7810 
0572       7810 
0573       7785 
0574       7779 
0575       7768 
0576       7751 
0577       7751 
0578       7755 
0579       7755 
0580       7745 
0581       7737 
0582       7736 
0583       7736 
0584       7762 
0585       7792 
0586       7793 
0587       7797 
0588       7801 
0589       7797 
0590       7801 
0591       7839 
0592       7865 
0593       7909 
0594       7940 
0595       7995 
0596       7995 
0597       7994 
0598       7994 
0599       8002 
0600       8002 
0601       8018 
0602       9060 
0603       9098 
0604       9098 
0605       9174 
0606       9174 
0607       7622 
0608       7622 
0609       7690 
0610       7698 
0611       7698 
0612       7656 
0613       7656 
0614       7621 
0615       7621 
0616       7531 
0617       7525 
0618       7490 
0619       7472 
0620       7472 
0621       7477 
0622       7622 
0623       7641 
0624       7770 
0625       7805 
0626       7825 
0627       7825 
0628       7825 
0629       7844 
0630       7907 
0631       7926 
0632       7926 
0633       7888 
0634       7888 
0635       7893 
0636       7938 
0637       7893 
0638       7882 
0639       7852 
0640       7852 
0641       7875 
0642       7908 
0643       7909 
0644       7926 
0645       7938 
0646       8071 
0647       8682 
0648       8682 
0649       8630 
0650       8525 
0651       8485 
0652       8460 
0653       8460 
0654       8476 
0655       8476 
0656       8484 
0657       8624 
0658       8666 
0659       8759 
0660       8856 
0661       10304 
0662       10305 
0663       10347 
0664       10365 
0665       10381 
0666       10410 
0667       10427 
0668       10434 
0669       10452 
0670       10492 
0671       10518 
0672       10533 
0673       10581 
0674       10590 
0675       10602 
0676       10627 
0677       10667 
0678       10691 
0679       10730 
0680       10766 
0681       10786 
0682       10816 
0683       10849 
0684       10854 
0685       10903 
0686       10923 
0687       10952 
0688       11003 
0689       11015 
0690       11017 
0691       11057 
0692       11098 
0693       11100 
0694       11100 
0695       11004 
0696       10805 
0697       10801 
0698       10768 
0699       10615 
0700       10523 
0701       10490 
0702       10408 
0703       10405 
0704       10377 
0705       10361 
0706       10302 
0707       10236 
0708       10224 
0709       10177 
0710       10177 
0711       10216 
0712       10222 
0713       10231 
0714       10235 
0715       10251 
0716       10317 
0717       10322 
0718       10353 
0719       10388 
0720       10412 
0721       10481 
0722       10494 
0723       10562 
0724       10638 
0725       10682 
0726       10743 
0727       10763 
0728       10788 
0729       10861 
0730       11996 
0731       11996 
0732       11938 
0733       11902 
0734       11867 
0735       11799 
0736       11747 
0737       11746 
0738       11746 
0739       11746 
0740       11701 
0741       11656 
0742       11520 
0743       11484 
0744       11484 
0745       11477 
0746       11476 
0747       11469 
0748       11469 
0749       11469 
0750       11500 
0751       11519 
0752       11559 
0753       11588 
0754       11619 
0755       11653 
0756       11734 
0757       11796 
0758       11879 
0759       12047 
0760       12188 
0761       12260 
0762       12849 
0763       13050 
0764       13084 
0765       13084 
0766       13084 
0767       13183 
0768       13218 
0769       13261 
0770       13337 
0771       14393 
0772       14393 
0773       14390 
0774       14359 
0775       14330 
0776       14272 
0777       14210 
0778       14157 
0779       14129 
0780       14087 
0781       14061 
0782       14027 
0783       14009 
0784       14009 
0785       14039 
0786       14077 
0787       14077 
0788       14084 
0789       16097 
0790       16097 
0791       13861 
0792       13820 
0793       13818 
0794       13781 
0795       13745 
0796       13711 
0797       13678 
0798       13642 
0799       13617 
0800       13588 
0801       13530 
0802       13501 
0803       13359 
0804       13244 
0805       13191 
0806       13166 
0807       13131 
0808       13099 
0809       13078 
0810       13062 
0811       13024 
0812       12998 
0813       12966 
0814       12932 
0815       12903 
0816       12886 
0817       12880 
0818       12849 
0819       12817 
0820       12790 
0821       12757 
0822       12734 
0823       12722 
0824       12700 
0825       12678 
0826       12649 
0827       12622 
0828       12615 
0829       12577 
0830       12561 
0831       12544 
0832       12518 
0833       12508 
0834       12508 
0835       12522 
0836       12565 
0837       12626 
0838       12640 
0839       12650 
0840       14544 
0841       14544 
0842       14534 
0843       14527 
0844       14493 
0845       14484 
0846       12514 
0847       12504 
0848       12486 
0849       12483 
0850       12412 
0851       12403 
0852       12378 
0853       12363 
0854       12348 
0855       12333 
0856       12293 
0857       12287 
0858       12272 
0859       12122 
0860       12045 
0861       12025 
0862       12022 
0863       12006 
0864       11993 
0865       11981 
0866       11974 
0867       11960 
0868       11943 
0869       11943 
0870       12048 
0871       12110 
0872       12110 
0873       12090 
0874       12068 
0875       12055 
0876       12018 
0877       12010 
0878       12001 
0879       11999 
0880       11962 
0881       11945 
0882       1 
0883       1 
0884       1 
0885       1 
0886       1 
0887       1 
0888       1 
0889       1 
0890       1 
0891       1 
0892       1 
0893       1 
0894       1 
0895       1 
0896       1 
0897       1 
0898       1 
0899       1 
0900       1 
0901       1 
0902       1 
0903       1 
0904       1 
0905       1 
0906       1 
0907       1 
0908       1 
0909       1 
0910       1 
0911       1 
0912       1 
0913       1 
0914       1 
0915       1 
0916       1 
0917       1 
0918       1 
0919       1 
0920       1 
0921       1 
0922       1 
0923       1 
0924       1 
0925       1 
0926       1 
0927       1 
0928       1 
0929       1 
0930       1 
0931       1 
0932       1 
0933       1 
0934       1 
0935       1 
0936       1 
0937       1 
0938       1 
0939       1 
0940       1 
0941       1 
0942       1 
0943       1 
0944       1 
0945       1 
0946       1 
0947       1 
0948       1 
0949       1 
0950       1 
0951       1 
0952       1 
0953       1 
0954       1 
0955       1 
0956       1 
0957       1 
0958       1 
0959       1 
0960       1 
0961       1 
0962       1 
0963       1 
0964       1 
0965       1 
0966       1 
0967       1 
0968       1 
0969       1 
0970       1 
0971       1 
0972       1 
0973       1 
0974       1 
0975       1 
0976       1 
0977       1 
0978       1 
0979       1 
0980       1 
0981       1 
0982       1 
0983       1 
0984       1 
0985       1 
0986       1 
0987       1 
0988       1 
0989       1 
0990       1 
0991       1 
0992       1 
0993       1 
0994       1 
0995       1 
0996       1 
0997       1 
0998       1 
0999       1 
1000       1 
1001       1 
1002       1 
1003       1 
1004       1 
1005       1 
1006       4 
1007       4 
1008       4 
1009       43 
1010       43 
1011       4 
1012       4 
1013       4 
1014       4 
1015       42 
1016       46 
1017       49 
1018       49 
1019       49 
1020       56 
1021       56 
1022       53 
1023       53 
1024       53 
1025       53 
1026       64 
1027       64 
1028       64 
1029       62 
1030       48 
1031       48 
1032       48 
1033       57 
1034       62 
1035       64 
1036       66 
1037       71 
1038       71 
1039       71 
1040       71 
1041       71 
1042       69 
1043       69 
1044       71 
1045       72 
1046       72 
1047       72 
1048       72 
1049       61 
1050       61 
1051       57 
1052       57 
1053       60 
1054       62 
1055       62 
1056       68 
1057       68 
1058       68 
1059       68 
1060       68 
1061       68 
1062       64 
1063       64 
1064       64 
1065       64 
1066       69 
1067       69 
1068       66 
1069       66 
1070       65 
1071       65 
1072       66 
1073       69 
1074       69 
1075       70 
1076       71 
1077       70 
1078       69 
1079       69 
1297966699.057400
