0000       1 
0001       1 
0002       1 
0003       1 
0004       1 
0005       1 
0006       1 
0007       1 
0008       1 
0009       1 
0010       1 
0011       1 
0012       1 
0013       1 
0014       1 
0015       1 
0016       1 
0017       1 
0018       1 
0019       1 
0020       1 
0021       1 
0022       1 
0023       1 
0024       1 
0025       1 
0026       1 
0027       1 
0028       1 
0029       1 
0030       1 
0031       1 
0032       1 
0033       1 
0034       1 
0035       1 
0036       1 
0037       1 
0038       1 
0039       1 
0040       1 
0041       1 
0042       1 
0043       1 
0044       1 
0045       1 
0046       1 
0047       1 
0048       1 
0049       1 
0050       1 
0051       1 
0052       1 
0053       1 
0054       1 
0055       1 
0056       1 
0057       1 
0058       1 
0059       1 
0060       1 
0061       1 
0062       1 
0063       1 
0064       1 
0065       1 
0066       1 
0067       1 
0068       1 
0069       1 
0070       1 
0071       1 
0072       1 
0073       1 
0074       1 
0075       1 
0076       1 
0077       1 
0078       1 
0079       1 
0080       1 
0081       1 
0082       1 
0083       1 
0084       1 
0085       1 
0086       1 
0087       1 
0088       1 
0089       1 
0090       1 
0091       1 
0092       1 
0093       1 
0094       1 
0095       1 
0096       1 
0097       1 
0098       1 
0099       1 
0100       1 
0101       1 
0102       1 
0103       1 
0104       1 
0105       1 
0106       1 
0107       1 
0108       1 
0109       1 
0110       1 
0111       1 
0112       1 
0113       1 
0114       1 
0115       1 
0116       1 
0117       1 
0118       1 
0119       1 
0120       1 
0121       1 
0122       1 
0123       1 
0124       1 
0125       1 
0126       1 
0127       1 
0128       1 
0129       1 
0130       1 
0131       1 
0132       1 
0133       1 
0134       1 
0135       1 
0136       1 
0137       1 
0138       1 
0139       1 
0140       1 
0141       1 
0142       1 
0143       1 
0144       1 
0145       1 
0146       1 
0147       1 
0148       1 
0149       1 
0150       1 
0151       1 
0152       1 
0153       1 
0154       1 
0155       1 
0156       1 
0157       1 
0158       1 
0159       1 
0160       1 
0161       1 
0162       1 
0163       1 
0164       1 
0165       1 
0166       1 
0167       1 
0168       1 
0169       1 
0170       1 
0171       1 
0172       1 
0173       1 
0174       1 
0175       1 
0176       1 
0177       1 
0178       1 
0179       1 
0180       1 
0181       1 
0182       1 
0183       1 
0184       1 
0185       1 
0186       1 
0187       1 
0188       1 
0189       1 
0190       1 
0191       1 
0192       1 
0193       1 
0194       1 
0195       1 
0196       1 
0197       1 
0198       1 
0199       1 
0200       1 
0201       1 
0202       1 
0203       1 
0204       1 
0205       1 
0206       1 
0207       1 
0208       1 
0209       1 
0210       1 
0211       1 
0212       1 
0213       1 
0214       1 
0215       1 
0216       1 
0217       1 
0218       1 
0219       1 
0220       1 
0221       1 
0222       1 
0223       1 
0224       1 
0225       1 
0226       1 
0227       1 
0228       1 
0229       1 
0230       1 
0231       1 
0232       1 
0233       1 
0234       1 
0235       1 
0236       1 
0237       1 
0238       1 
0239       1 
0240       1 
0241       1 
0242       1 
0243       1 
0244       1 
0245       1 
0246       1 
0247       1 
0248       1 
0249       1 
0250       1 
0251       1 
0252       1 
0253       1 
0254       1 
0255       1 
0256       1 
0257       1 
0258       1 
0259       1 
0260       1 
0261       1 
0262       1 
0263       1 
0264       1 
0265       1 
0266       1 
0267       1 
0268       1 
0269       1 
0270       1 
0271       1 
0272       1 
0273       1 
0274       1 
0275       1 
0276       1 
0277       1 
0278       1 
0279       1 
0280       1 
0281       1 
0282       1 
0283       1 
0284       1 
0285       1 
0286       1 
0287       1 
0288       1 
0289       19325 
0290       19325 
0291       1 
0292       1 
0293       1 
0294       1 
0295       1 
0296       1 
0297       1 
0298       1 
0299       1 
0300       1 
0301       1 
0302       1 
0303       1 
0304       16837 
0305       16938 
0306       16837 
0307       16828 
0308       16648 
0309       16594 
0310       16438 
0311       16199 
0312       16152 
0313       16152 
0314       15980 
0315       15881 
0316       15756 
0317       15670 
0318       15560 
0319       15496 
0320       15361 
0321       15268 
0322       15141 
0323       15021 
0324       14958 
0325       14854 
0326       14812 
0327       14714 
0328       14599 
0329       14553 
0330       14444 
0331       14368 
0332       14285 
0333       14200 
0334       14099 
0335       14001 
0336       13963 
0337       13863 
0338       13777 
0339       13703 
0340       13634 
0341       13608 
0342       13526 
0343       13441 
0344       13364 
0345       13297 
0346       13234 
0347       13190 
0348       13108 
0349       13037 
0350       12970 
0351       12916 
0352       12863 
0353       12782 
0354       12736 
0355       12665 
0356       12566 
0357       12543 
0358       12494 
0359       12408 
0360       12366 
0361       12280 
0362       12244 
0363       12191 
0364       12148 
0365       12105 
0366       12058 
0367       11986 
0368       11958 
0369       11911 
0370       11853 
0371       11809 
0372       7492 
0373       7490 
0374       7475 
0375       7450 
0376       7440 
0377       7440 
0378       7497 
0379       7561 
0380       7561 
0381       7541 
0382       7510 
0383       7487 
0384       7468 
0385       7449 
0386       7410 
0387       7406 
0388       7353 
0389       7341 
0390       7316 
0391       7312 
0392       7268 
0393       7232 
0394       7214 
0395       7198 
0396       7178 
0397       7167 
0398       7138 
0399       7121 
0400       7090 
0401       7088 
0402       7051 
0403       7039 
0404       7034 
0405       6990 
0406       6978 
0407       6959 
0408       6935 
0409       6929 
0410       6896 
0411       6883 
0412       6873 
0413       6846 
0414       6832 
0415       6808 
0416       6769 
0417       6761 
0418       6740 
0419       6730 
0420       6702 
0421       6696 
0422       6677 
0423       6663 
0424       6648 
0425       6642 
0426       6625 
0427       6594 
0428       6571 
0429       6556 
0430       6555 
0431       6539 
0432       6537 
0433       6501 
0434       6495 
0435       6485 
0436       6483 
0437       6466 
0438       6435 
0439       6416 
0440       6412 
0441       6397 
0442       6389 
0443       6375 
0444       6371 
0445       6371 
0446       6334 
0447       6326 
0448       6315 
0449       6314 
0450       6308 
0451       6299 
0452       6276 
0453       6274 
0454       6264 
0455       6242 
0456       6218 
0457       6211 
0458       6205 
0459       6192 
0460       6191 
0461       6179 
0462       6166 
0463       6148 
0464       6137 
0465       6134 
0466       6131 
0467       6117 
0468       6107 
0469       6107 
0470       6096 
0471       6092 
0472       6092 
0473       6078 
0474       6073 
0475       6062 
0476       6056 
0477       6053 
0478       6051 
0479       6028 
0480       6025 
0481       6015 
0482       6015 
0483       6005 
0484       6005 
0485       6003 
0486       5977 
0487       5975 
0488       5975 
0489       5969 
0490       5967 
0491       5965 
0492       5947 
0493       5939 
0494       5938 
0495       5928 
0496       5928 
0497       5918 
0498       5913 
0499       5908 
0500       5908 
0501       5908 
0502       5915 
0503       5903 
0504       5903 
0505       5897 
0506       5896 
0507       5888 
0508       5880 
0509       5877 
0510       5876 
0511       5876 
0512       5874 
0513       5870 
0514       5847 
0515       5847 
0516       5854 
0517       5860 
0518       5858 
0519       5858 
0520       5851 
0521       5848 
0522       5848 
0523       5848 
0524       5847 
0525       5847 
0526       5843 
0527       5843 
0528       5837 
0529       5837 
0530       5839 
0531       5839 
0532       5839 
0533       5831 
0534       5830 
0535       5830 
0536       5836 
0537       5836 
0538       5823 
0539       5823 
0540       5840 
0541       5841 
0542       5840 
0543       5837 
0544       5837 
0545       5837 
0546       5837 
0547       5837 
0548       5842 
0549       5842 
0550       5840 
0551       5834 
0552       5836 
0553       5836 
0554       5839 
0555       5839 
0556       5839 
0557       5838 
0558       5854 
0559       5854 
0560       5854 
0561       5858 
0562       5858 
0563       5861 
0564       5864 
0565       5870 
0566       5870 
0567       5854 
0568       5854 
0569       5871 
0570       5876 
0571       5876 
0572       5882 
0573       5884 
0574       5892 
0575       5893 
0576       5897 
0577       5911 
0578       5912 
0579       5912 
0580       5918 
0581       5923 
0582       5930 
0583       5935 
0584       5940 
0585       5946 
0586       5950 
0587       5952 
0588       5966 
0589       5971 
0590       5971 
0591       5971 
0592       5973 
0593       5979 
0594       5987 
0595       5996 
0596       6020 
0597       6020 
0598       6022 
0599       6015 
0600       6022 
0601       6047 
0602       6048 
0603       6060 
0604       6060 
0605       6060 
0606       6074 
0607       6077 
0608       6083 
0609       6087 
0610       6090 
0611       6118 
0612       6120 
0613       6127 
0614       6127 
0615       6137 
0616       6163 
0617       6168 
0618       6183 
0619       6191 
0620       6194 
0621       6195 
0622       6216 
0623       6224 
0624       6226 
0625       6231 
0626       6234 
0627       6261 
0628       6268 
0629       6286 
0630       6295 
0631       6308 
0632       6322 
0633       6333 
0634       6333 
0635       6353 
0636       6363 
0637       6382 
0638       6392 
0639       6398 
0640       6408 
0641       6443 
0642       6448 
0643       6452 
0644       6476 
0645       6477 
0646       6500 
0647       6516 
0648       6543 
0649       6555 
0650       6572 
0651       6575 
0652       6578 
0653       6601 
0654       6637 
0655       6653 
0656       6669 
0657       6681 
0658       6688 
0659       6694 
0660       6718 
0661       6731 
0662       6747 
0663       6776 
0664       6797 
0665       6807 
0666       6829 
0667       6859 
0668       6864 
0669       6886 
0670       6903 
0671       6927 
0672       6945 
0673       6950 
0674       6985 
0675       6998 
0676       7029 
0677       7077 
0678       7084 
0679       7106 
0680       7106 
0681       7134 
0682       7145 
0683       7177 
0684       7194 
0685       7234 
0686       7260 
0687       7273 
0688       7299 
0689       7334 
0690       7342 
0691       7369 
0692       7389 
0693       7402 
0694       7416 
0695       7458 
0696       7498 
0697       7508 
0698       7536 
0699       7574 
0700       7576 
0701       7615 
0702       7651 
0703       7658 
0704       7689 
0705       7743 
0706       7773 
0707       7786 
0708       7845 
0709       7876 
0710       7886 
0711       7920 
0712       7968 
0713       7988 
0714       8037 
0715       8066 
0716       8098 
0717       8151 
0718       8165 
0719       8209 
0720       8236 
0721       8275 
0722       8313 
0723       8385 
0724       8386 
0725       8448 
0726       8487 
0727       8498 
0728       8558 
0729       8590 
0730       8612 
0731       8663 
0732       8724 
0733       8770 
0734       8827 
0735       8848 
0736       8869 
0737       8934 
0738       8974 
0739       9012 
0740       9060 
0741       9098 
0742       9134 
0743       9180 
0744       9237 
0745       9326 
0746       9373 
0747       9400 
0748       9470 
0749       9526 
0750       9543 
0751       9632 
0752       9655 
0753       9748 
0754       9814 
0755       9864 
0756       9936 
0757       9981 
0758       10050 
0759       10107 
0760       10188 
0761       10232 
0762       10283 
0763       10339 
0764       10433 
0765       10451 
0766       10548 
0767       10613 
0768       10709 
0769       10760 
0770       10878 
0771       10930 
0772       10942 
0773       11072 
0774       11134 
0775       11222 
0776       11316 
0777       11395 
0778       11479 
0779       11613 
0780       11627 
0781       11627 
0782       1 
0783       1 
0784       1 
0785       1 
0786       1 
0787       13287 
0788       13460 
0789       13556 
0790       13621 
0791       13754 
0792       13836 
0793       13946 
0794       14131 
0795       14307 
0796       14346 
0797       14346 
0798       14230 
0799       14184 
0800       14184 
0801       14179 
0802       14138 
0803       14044 
0804       13980 
0805       13884 
0806       13777 
0807       13762 
0808       13707 
0809       13699 
0810       13654 
0811       13616 
0812       13596 
0813       13575 
0814       13559 
0815       13555 
0816       13534 
0817       13509 
0818       13489 
0819       13466 
0820       13436 
0821       13435 
0822       13401 
0823       13394 
0824       13360 
0825       13356 
0826       13325 
0827       13324 
0828       13285 
0829       13273 
0830       13265 
0831       13241 
0832       13233 
0833       13205 
0834       13188 
0835       13167 
0836       13160 
0837       13153 
0838       13121 
0839       13104 
0840       13091 
0841       13069 
0842       13058 
0843       13055 
0844       13027 
0845       13020 
0846       12983 
0847       12980 
0848       12964 
0849       12971 
0850       12959 
0851       12953 
0852       12793 
0853       1 
0854       1 
0855       1 
0856       1 
0857       1 
0858       1 
0859       1 
0860       1 
0861       1 
0862       1 
0863       1 
0864       1 
0865       1 
0866       1 
0867       1 
0868       1 
0869       1 
0870       1 
0871       1 
0872       1 
0873       1 
0874       9182 
0875       10240 
0876       10267 
0877       10240 
0878       10240 
0879       1 
0880       1 
0881       1 
0882       1 
0883       1 
0884       1 
0885       1 
0886       1 
0887       1 
0888       1 
0889       1 
0890       1 
0891       1 
0892       1 
0893       1 
0894       1 
0895       1 
0896       1 
0897       1 
0898       1 
0899       1 
0900       1 
0901       1 
0902       1 
0903       1 
0904       1 
0905       1 
0906       1 
0907       1 
0908       1 
0909       1 
0910       1 
0911       1 
0912       1 
0913       1 
0914       1 
0915       1 
0916       1 
0917       1 
0918       1 
0919       1 
0920       1 
0921       1 
0922       1 
0923       1 
0924       1 
0925       1 
0926       1 
0927       1 
0928       1 
0929       1 
0930       1 
0931       1 
0932       1 
0933       1 
0934       1 
0935       1 
0936       1 
0937       1 
0938       1 
0939       1 
0940       1 
0941       1 
0942       1 
0943       1 
0944       1 
0945       1 
0946       1 
0947       1 
0948       1 
0949       1 
0950       1 
0951       1 
0952       1 
0953       1 
0954       1 
0955       1 
0956       1 
0957       1 
0958       1 
0959       1 
0960       1 
0961       1 
0962       1 
0963       1 
0964       1 
0965       1 
0966       1 
0967       1 
0968       1 
0969       1 
0970       1 
0971       1 
0972       1 
0973       1 
0974       1 
0975       1 
0976       1 
0977       1 
0978       1 
0979       1 
0980       1 
0981       1 
0982       1 
0983       1 
0984       1 
0985       1 
0986       1 
0987       1 
0988       1 
0989       1 
0990       1 
0991       1 
0992       1 
0993       1 
0994       1 
0995       1 
0996       1 
0997       1 
0998       1 
0999       1 
1000       1 
1001       1 
1002       1 
1003       1 
1004       1 
1005       1 
1006       1 
1007       1 
1008       47 
1009       50 
1010       47 
1011       49 
1012       50 
1013       49 
1014       42 
1015       49 
1016       51 
1017       46 
1018       49 
1019       49 
1020       49 
1021       48 
1022       49 
1023       54 
1024       54 
1025       56 
1026       56 
1027       56 
1028       50 
1029       53 
1030       50 
1031       45 
1032       45 
1033       53 
1034       55 
1035       63 
1036       67 
1037       68 
1038       73 
1039       74 
1040       75 
1041       75 
1042       73 
1043       75 
1044       72 
1045       72 
1046       72 
1047       72 
1048       72 
1049       72 
1050       68 
1051       68 
1052       68 
1053       68 
1054       68 
1055       68 
1056       69 
1057       69 
1058       69 
1059       69 
1060       69 
1061       68 
1062       66 
1063       66 
1064       66 
1065       67 
1066       67 
1067       67 
1068       67 
1069       66 
1070       66 
1071       66 
1072       68 
1073       68 
1074       68 
1075       68 
1076       68 
1077       66 
1078       66 
1079       66 
1297966653.847407
