0000       1 
0001       1 
0002       1 
0003       1 
0004       1 
0005       1 
0006       1 
0007       1 
0008       1 
0009       1 
0010       1 
0011       1 
0012       1 
0013       1 
0014       1 
0015       1 
0016       1 
0017       1 
0018       1 
0019       1 
0020       1 
0021       1 
0022       1 
0023       1 
0024       1 
0025       1 
0026       1 
0027       1 
0028       1 
0029       1 
0030       1 
0031       1 
0032       1 
0033       1 
0034       1 
0035       1 
0036       1 
0037       1 
0038       1 
0039       1 
0040       1 
0041       1 
0042       1 
0043       1 
0044       1 
0045       1 
0046       1 
0047       1 
0048       1 
0049       1 
0050       1 
0051       1 
0052       1 
0053       1 
0054       1 
0055       1 
0056       1 
0057       1 
0058       1 
0059       1 
0060       1 
0061       1 
0062       1 
0063       1 
0064       1 
0065       1 
0066       1 
0067       1 
0068       1 
0069       1 
0070       1 
0071       1 
0072       1 
0073       1 
0074       1 
0075       1 
0076       1 
0077       1 
0078       1 
0079       1 
0080       1 
0081       1 
0082       1 
0083       1 
0084       1 
0085       1 
0086       1 
0087       1 
0088       1 
0089       1 
0090       1 
0091       1 
0092       1 
0093       1 
0094       1 
0095       1 
0096       1 
0097       1 
0098       1 
0099       1 
0100       1 
0101       1 
0102       1 
0103       1 
0104       1 
0105       1 
0106       1 
0107       1 
0108       1 
0109       1 
0110       1 
0111       1 
0112       1 
0113       1 
0114       1 
0115       1 
0116       1 
0117       1 
0118       1 
0119       1 
0120       1 
0121       1 
0122       1 
0123       1 
0124       1 
0125       1 
0126       1 
0127       1 
0128       1 
0129       1 
0130       1 
0131       1 
0132       1 
0133       1 
0134       1 
0135       1 
0136       1 
0137       1 
0138       1 
0139       1 
0140       1 
0141       1 
0142       1 
0143       1 
0144       1 
0145       1 
0146       1 
0147       1 
0148       1 
0149       1 
0150       1 
0151       1 
0152       1 
0153       1 
0154       1 
0155       1 
0156       1 
0157       1 
0158       1 
0159       1 
0160       1 
0161       1 
0162       1 
0163       1 
0164       1 
0165       1 
0166       1 
0167       1 
0168       1 
0169       1 
0170       1 
0171       1 
0172       1 
0173       1 
0174       1 
0175       1 
0176       1 
0177       1 
0178       1 
0179       1 
0180       1 
0181       1 
0182       1 
0183       1 
0184       1 
0185       1 
0186       1 
0187       1 
0188       1 
0189       1 
0190       1 
0191       1 
0192       1 
0193       1 
0194       1 
0195       1 
0196       1 
0197       1 
0198       1 
0199       1 
0200       1 
0201       1 
0202       1 
0203       1 
0204       1 
0205       1 
0206       1 
0207       1 
0208       1 
0209       1 
0210       1 
0211       1 
0212       1 
0213       1 
0214       1 
0215       1 
0216       1 
0217       1 
0218       1 
0219       1 
0220       1 
0221       1 
0222       1 
0223       1 
0224       1 
0225       1 
0226       1 
0227       1 
0228       1 
0229       1 
0230       1 
0231       1 
0232       1 
0233       1 
0234       1 
0235       1 
0236       1 
0237       1 
0238       1 
0239       1 
0240       1 
0241       1 
0242       1 
0243       1 
0244       1 
0245       19424 
0246       19424 
0247       19144 
0248       19144 
0249       19144 
0250       19144 
0251       1 
0252       1 
0253       1 
0254       1 
0255       1 
0256       1 
0257       1 
0258       1 
0259       1 
0260       1 
0261       1 
0262       1 
0263       19997 
0264       19997 
0265       1 
0266       1 
0267       1 
0268       1 
0269       1 
0270       1 
0271       1 
0272       1 
0273       1 
0274       1 
0275       1 
0276       1 
0277       1 
0278       1 
0279       1 
0280       1 
0281       1 
0282       1 
0283       1 
0284       1 
0285       1 
0286       1 
0287       1 
0288       1 
0289       1 
0290       1 
0291       1 
0292       1 
0293       1 
0294       1 
0295       1 
0296       1 
0297       1 
0298       1 
0299       1 
0300       1 
0301       1 
0302       1 
0303       1 
0304       1 
0305       1 
0306       1 
0307       1 
0308       1 
0309       1 
0310       1 
0311       1 
0312       1 
0313       1 
0314       1 
0315       1 
0316       1 
0317       1 
0318       1 
0319       1 
0320       1 
0321       1 
0322       1 
0323       1 
0324       1 
0325       1 
0326       18023 
0327       18023 
0328       18023 
0329       17794 
0330       17673 
0331       17546 
0332       17400 
0333       17271 
0334       17149 
0335       17034 
0336       16894 
0337       16754 
0338       16644 
0339       16537 
0340       16420 
0341       16293 
0342       16182 
0343       16042 
0344       15928 
0345       15871 
0346       15754 
0347       15621 
0348       15503 
0349       15401 
0350       15284 
0351       15214 
0352       15098 
0353       14994 
0354       14885 
0355       14793 
0356       14719 
0357       14649 
0358       14542 
0359       14481 
0360       14381 
0361       14309 
0362       14218 
0363       14122 
0364       14051 
0365       13968 
0366       13868 
0367       13762 
0368       13677 
0369       13602 
0370       13553 
0371       13466 
0372       13409 
0373       13335 
0374       13261 
0375       13162 
0376       12983 
0377       12767 
0378       12692 
0379       12643 
0380       12556 
0381       12550 
0382       12450 
0383       12393 
0384       12344 
0385       12301 
0386       12220 
0387       12156 
0388       12125 
0389       12051 
0390       11966 
0391       11940 
0392       11915 
0393       11842 
0394       11797 
0395       11758 
0396       11750 
0397       11750 
0398       11770 
0399       11770 
0400       11713 
0401       11682 
0402       11636 
0403       11610 
0404       11555 
0405       11517 
0406       11462 
0407       11415 
0408       11346 
0409       11320 
0410       11259 
0411       11250 
0412       11194 
0413       11176 
0414       11098 
0415       11081 
0416       11033 
0417       11006 
0418       10953 
0419       10913 
0420       10877 
0421       10847 
0422       10811 
0423       10744 
0424       10725 
0425       10675 
0426       10668 
0427       10636 
0428       10594 
0429       10541 
0430       10523 
0431       10507 
0432       10447 
0433       10419 
0434       10405 
0435       10343 
0436       10341 
0437       10316 
0438       10264 
0439       10232 
0440       10222 
0441       10203 
0442       10149 
0443       10139 
0444       10089 
0445       10061 
0446       10043 
0447       9994 
0448       9981 
0449       9929 
0450       9921 
0451       9879 
0452       9866 
0453       9852 
0454       9831 
0455       9812 
0456       9774 
0457       9739 
0458       9730 
0459       9671 
0460       9656 
0461       9650 
0462       9635 
0463       9582 
0464       9581 
0465       9548 
0466       9522 
0467       9513 
0468       9502 
0469       9463 
0470       9457 
0471       9415 
0472       9391 
0473       9385 
0474       9369 
0475       9357 
0476       9330 
0477       9311 
0478       9296 
0479       9261 
0480       9252 
0481       9248 
0482       9213 
0483       9206 
0484       9178 
0485       9157 
0486       9140 
0487       9128 
0488       9128 
0489       9089 
0490       9064 
0491       9041 
0492       9041 
0493       9029 
0494       9010 
0495       8991 
0496       8990 
0497       8971 
0498       8965 
0499       8956 
0500       8935 
0501       8925 
0502       8893 
0503       8876 
0504       8866 
0505       8866 
0506       8858 
0507       8843 
0508       8834 
0509       8810 
0510       8800 
0511       8786 
0512       8786 
0513       8786 
0514       8769 
0515       8762 
0516       8750 
0517       8746 
0518       8738 
0519       8719 
0520       8716 
0521       8716 
0522       8694 
0523       8678 
0524       8678 
0525       8678 
0526       8647 
0527       8647 
0528       8642 
0529       8638 
0530       8632 
0531       8613 
0532       8599 
0533       8599 
0534       8589 
0535       8586 
0536       8582 
0537       8580 
0538       8567 
0539       8567 
0540       8555 
0541       8555 
0542       8555 
0543       8552 
0544       8551 
0545       8544 
0546       8529 
0547       8528 
0548       8525 
0549       8525 
0550       8523 
0551       8515 
0552       8509 
0553       8509 
0554       8509 
0555       8506 
0556       8503 
0557       8500 
0558       8499 
0559       8489 
0560       8489 
0561       8489 
0562       8491 
0563       8483 
0564       8483 
0565       8479 
0566       8479 
0567       8482 
0568       8482 
0569       8477 
0570       8477 
0571       8477 
0572       8482 
0573       8482 
0574       8477 
0575       8477 
0576       8477 
0577       8481 
0578       8481 
0579       8492 
0580       8501 
0581       8502 
0582       8502 
0583       8507 
0584       8498 
0585       8498 
0586       8498 
0587       8525 
0588       8525 
0589       8514 
0590       8514 
0591       8518 
0592       8549 
0593       8549 
0594       8549 
0595       8549 
0596       8551 
0597       8556 
0598       8559 
0599       8560 
0600       8569 
0601       8578 
0602       8578 
0603       8578 
0604       8599 
0605       8599 
0606       8604 
0607       8624 
0608       8627 
0609       8627 
0610       8632 
0611       8636 
0612       8640 
0613       8649 
0614       8653 
0615       8649 
0616       8648 
0617       8642 
0618       8642 
0619       8666 
0620       8685 
0621       8693 
0622       8699 
0623       8712 
0624       8705 
0625       8717 
0626       8728 
0627       8736 
0628       8748 
0629       8771 
0630       8776 
0631       8782 
0632       8783 
0633       8787 
0634       8809 
0635       8827 
0636       8835 
0637       8835 
0638       8838 
0639       8855 
0640       8868 
0641       8875 
0642       8895 
0643       8902 
0644       8908 
0645       8913 
0646       8913 
0647       8937 
0648       8953 
0649       8976 
0650       8984 
0651       8992 
0652       8994 
0653       9007 
0654       9031 
0655       9034 
0656       9069 
0657       9073 
0658       9088 
0659       9113 
0660       9136 
0661       9151 
0662       9159 
0663       9180 
0664       9180 
0665       9216 
0666       9237 
0667       9249 
0668       9252 
0669       9293 
0670       9298 
0671       9317 
0672       9326 
0673       9350 
0674       9382 
0675       9395 
0676       9420 
0677       9436 
0678       9441 
0679       9460 
0680       9499 
0681       9506 
0682       9518 
0683       9568 
0684       9582 
0685       9598 
0686       9638 
0687       9667 
0688       9678 
0689       9692 
0690       9722 
0691       9743 
0692       9770 
0693       9784 
0694       9824 
0695       9842 
0696       9864 
0697       9884 
0698       9912 
0699       9915 
0700       9920 
0701       9932 
0702       9920 
0703       9927 
0704       9920 
0705       9927 
0706       9951 
0707       9969 
0708       9982 
0709       10030 
0710       10038 
0711       10068 
0712       10083 
0713       10099 
0714       10161 
0715       10177 
0716       10189 
0717       10189 
0718       10235 
0719       10251 
0720       10305 
0721       10342 
0722       10342 
0723       10226 
0724       7614 
0725       7614 
0726       7630 
0727       7643 
0728       7690 
0729       7695 
0730       7730 
0731       7761 
0732       7762 
0733       7819 
0734       7838 
0735       7860 
0736       7883 
0737       7883 
0738       7882 
0739       7881 
0740       7881 
0741       7896 
0742       7939 
0743       7958 
0744       7968 
0745       7991 
0746       8009 
0747       8031 
0748       8075 
0749       8091 
0750       8129 
0751       8129 
0752       1 
0753       1 
0754       1 
0755       1 
0756       1 
0757       5516 
0758       5525 
0759       5525 
0760       5506 
0761       5491 
0762       5446 
0763       5443 
0764       5422 
0765       5375 
0766       5342 
0767       5300 
0768       5247 
0769       5207 
0770       5187 
0771       5147 
0772       5138 
0773       5076 
0774       5063 
0775       5030 
0776       5003 
0777       4957 
0778       4939 
0779       4877 
0780       4857 
0781       4794 
0782       4790 
0783       4767 
0784       4749 
0785       4735 
0786       4735 
0787       4735 
0788       4760 
0789       4783 
0790       4811 
0791       4836 
0792       4866 
0793       4908 
0794       4959 
0795       4980 
0796       5000 
0797       5029 
0798       5086 
0799       5109 
0800       5141 
0801       5193 
0802       5215 
0803       5280 
0804       5309 
0805       5347 
0806       5391 
0807       5529 
0808       5581 
0809       5662 
0810       5711 
0811       5752 
0812       5812 
0813       5867 
0814       5892 
0815       5945 
0816       6004 
0817       6051 
0818       6126 
0819       6169 
0820       6213 
0821       6292 
0822       6335 
0823       6396 
0824       6431 
0825       6489 
0826       6551 
0827       6590 
0828       6690 
0829       6745 
0830       6807 
0831       6876 
0832       6929 
0833       6991 
0834       7055 
0835       7121 
0836       7178 
0837       7253 
0838       7349 
0839       7397 
0840       7446 
0841       7519 
0842       7579 
0843       7665 
0844       7738 
0845       7813 
0846       7883 
0847       7888 
0848       7888 
0849       8022 
0850       8101 
0851       8233 
0852       8555 
0853       8618 
0854       8703 
0855       8825 
0856       8921 
0857       9022 
0858       9176 
0859       9330 
0860       9462 
0861       9619 
0862       9787 
0863       9787 
0864       9979 
0865       10163 
0866       10309 
0867       10462 
0868       10597 
0869       10761 
0870       10930 
0871       11048 
0872       11184 
0873       11436 
0874       11660 
0875       11825 
0876       12063 
0877       12269 
0878       12512 
0879       12711 
0880       12976 
0881       13270 
0882       13542 
0883       13782 
0884       13782 
0885       1 
0886       1 
0887       1 
0888       15127 
0889       15127 
0890       15127 
0891       15127 
0892       22677 
0893       22678 
0894       22677 
0895       22665 
0896       22636 
0897       22632 
0898       22635 
0899       22614 
0900       22585 
0901       22579 
0902       22557 
0903       22500 
0904       1 
0905       1 
0906       1 
0907       1 
0908       1 
0909       1 
0910       1 
0911       1 
0912       1 
0913       22771 
0914       22771 
0915       22781 
0916       22783 
0917       22795 
0918       22795 
0919       22777 
0920       22728 
0921       22452 
0922       22435 
0923       22430 
0924       22430 
0925       22424 
0926       22424 
0927       22425 
0928       22443 
0929       22443 
0930       22434 
0931       22428 
0932       22428 
0933       22439 
0934       22439 
0935       22439 
0936       1 
0937       1 
0938       1 
0939       1 
0940       1 
0941       1 
0942       1 
0943       1 
0944       1 
0945       1 
0946       1 
0947       1 
0948       1 
0949       1 
0950       1 
0951       1 
0952       1 
0953       1 
0954       1 
0955       1 
0956       1 
0957       1 
0958       1 
0959       1 
0960       1 
0961       1 
0962       1 
0963       1 
0964       1 
0965       1 
0966       1 
0967       1 
0968       1 
0969       1 
0970       1 
0971       1 
0972       1 
0973       1 
0974       1 
0975       1 
0976       1 
0977       1 
0978       1 
0979       1 
0980       1 
0981       1 
0982       1 
0983       1 
0984       1 
0985       1 
0986       1 
0987       1 
0988       1 
0989       1 
0990       1 
0991       1 
0992       1 
0993       1 
0994       1 
0995       1 
0996       1 
0997       1 
0998       1 
0999       1 
1000       1 
1001       1 
1002       1 
1003       1 
1004       1 
1005       1 
1006       1 
1007       4 
1008       47 
1009       57 
1010       57 
1011       57 
1012       57 
1013       54 
1014       45 
1015       45 
1016       45 
1017       47 
1018       47 
1019       56 
1020       56 
1021       56 
1022       59 
1023       59 
1024       60 
1025       65 
1026       64 
1027       65 
1028       64 
1029       64 
1030       59 
1031       58 
1032       58 
1033       59 
1034       64 
1035       65 
1036       68 
1037       70 
1038       70 
1039       73 
1040       73 
1041       73 
1042       65 
1043       63 
1044       63 
1045       63 
1046       63 
1047       65 
1048       65 
1049       65 
1050       67 
1051       72 
1052       72 
1053       72 
1054       64 
1055       64 
1056       64 
1057       73 
1058       73 
1059       73 
1060       73 
1061       74 
1062       67 
1063       72 
1064       67 
1065       66 
1066       65 
1067       65 
1068       65 
1069       64 
1070       64 
1071       63 
1072       63 
1073       61 
1074       63 
1075       63 
1076       71 
1077       71 
1078       71 
1079       68 
1297966624.449149
