0000       1 
0001       1 
0002       1 
0003       1 
0004       1 
0005       1 
0006       1 
0007       1 
0008       1 
0009       1 
0010       1 
0011       1 
0012       1 
0013       1 
0014       1 
0015       1 
0016       1 
0017       1 
0018       1 
0019       1 
0020       1 
0021       1 
0022       1 
0023       1 
0024       1 
0025       1 
0026       1 
0027       1 
0028       1 
0029       1 
0030       1 
0031       1 
0032       1 
0033       1 
0034       1 
0035       1 
0036       1 
0037       1 
0038       1 
0039       1 
0040       1 
0041       1 
0042       1 
0043       1 
0044       1 
0045       1 
0046       1 
0047       1 
0048       1 
0049       1 
0050       1 
0051       1 
0052       1 
0053       1 
0054       1 
0055       1 
0056       1 
0057       1 
0058       1 
0059       1 
0060       1 
0061       1 
0062       1 
0063       1 
0064       1 
0065       1 
0066       1 
0067       1 
0068       1 
0069       1 
0070       1 
0071       1 
0072       1 
0073       1 
0074       1 
0075       1 
0076       1 
0077       1 
0078       1 
0079       1 
0080       1 
0081       1 
0082       1 
0083       1 
0084       1 
0085       1 
0086       1 
0087       1 
0088       1 
0089       1 
0090       1 
0091       1 
0092       1 
0093       1 
0094       1 
0095       1 
0096       1 
0097       1 
0098       1 
0099       1 
0100       1 
0101       1 
0102       1 
0103       1 
0104       1 
0105       1 
0106       1 
0107       1 
0108       1 
0109       1 
0110       1 
0111       1 
0112       1 
0113       1 
0114       1 
0115       1 
0116       1 
0117       1 
0118       1 
0119       1 
0120       1 
0121       1 
0122       1 
0123       1 
0124       1 
0125       1 
0126       1 
0127       1 
0128       1 
0129       1 
0130       1 
0131       1 
0132       1 
0133       1 
0134       1 
0135       1 
0136       1 
0137       1 
0138       1 
0139       1 
0140       1 
0141       1 
0142       1 
0143       1 
0144       1 
0145       1 
0146       1 
0147       1 
0148       1 
0149       1 
0150       1 
0151       1 
0152       1 
0153       1 
0154       1 
0155       1 
0156       1 
0157       1 
0158       1 
0159       1 
0160       1 
0161       1 
0162       1 
0163       1 
0164       1 
0165       1 
0166       1 
0167       1 
0168       1 
0169       1 
0170       1 
0171       1 
0172       1 
0173       1 
0174       1 
0175       1 
0176       1 
0177       1 
0178       1 
0179       1 
0180       1 
0181       1 
0182       1 
0183       1 
0184       1 
0185       1 
0186       1 
0187       1 
0188       1 
0189       1 
0190       1 
0191       1 
0192       1 
0193       1 
0194       1 
0195       1 
0196       1 
0197       1 
0198       1 
0199       1 
0200       1 
0201       1 
0202       1 
0203       1 
0204       1 
0205       1 
0206       1 
0207       1 
0208       1 
0209       1 
0210       1 
0211       1 
0212       1 
0213       1 
0214       1 
0215       1 
0216       1 
0217       1 
0218       1 
0219       1 
0220       1 
0221       1 
0222       1 
0223       1 
0224       1 
0225       1 
0226       20341 
0227       20341 
0228       20341 
0229       1 
0230       1 
0231       1 
0232       1 
0233       1 
0234       1 
0235       1 
0236       1 
0237       1 
0238       1 
0239       1 
0240       1 
0241       1 
0242       1 
0243       1 
0244       1 
0245       1 
0246       1 
0247       1 
0248       1 
0249       1 
0250       19350 
0251       19350 
0252       1 
0253       1 
0254       1 
0255       1 
0256       1 
0257       1 
0258       20128 
0259       20128 
0260       1 
0261       1 
0262       1 
0263       1 
0264       1 
0265       1 
0266       1 
0267       1 
0268       1 
0269       1 
0270       1 
0271       1 
0272       1 
0273       1 
0274       1 
0275       1 
0276       1 
0277       1 
0278       1 
0279       1 
0280       1 
0281       1 
0282       1 
0283       1 
0284       1 
0285       1 
0286       1 
0287       1 
0288       1 
0289       1 
0290       1 
0291       1 
0292       1 
0293       1 
0294       1 
0295       1 
0296       1 
0297       1 
0298       1 
0299       1 
0300       1 
0301       1 
0302       1 
0303       1 
0304       1 
0305       1 
0306       1 
0307       1 
0308       1 
0309       1 
0310       1 
0311       1 
0312       1 
0313       1 
0314       1 
0315       1 
0316       1 
0317       1 
0318       1 
0319       1 
0320       1 
0321       1 
0322       17938 
0323       17938 
0324       17938 
0325       17521 
0326       17375 
0327       17375 
0328       17375 
0329       17216 
0330       16946 
0331       16846 
0332       16846 
0333       16729 
0334       16594 
0335       16491 
0336       16373 
0337       16255 
0338       16158 
0339       16022 
0340       15942 
0341       15828 
0342       15698 
0343       15596 
0344       15477 
0345       15391 
0346       15260 
0347       15171 
0348       15051 
0349       15013 
0350       14869 
0351       14818 
0352       14695 
0353       14605 
0354       14541 
0355       14450 
0356       14350 
0357       14248 
0358       14188 
0359       14102 
0360       13999 
0361       13927 
0362       13838 
0363       13781 
0364       13667 
0365       13599 
0366       13501 
0367       13473 
0368       13347 
0369       13258 
0370       13120 
0371       12898 
0372       12829 
0373       12753 
0374       12706 
0375       12619 
0376       12591 
0377       12493 
0378       12431 
0379       12366 
0380       12298 
0381       12280 
0382       12196 
0383       12132 
0384       12069 
0385       12065 
0386       11989 
0387       11948 
0388       11905 
0389       11809 
0390       11777 
0391       11753 
0392       11724 
0393       11724 
0394       11726 
0395       11726 
0396       11723 
0397       11662 
0398       11651 
0399       11589 
0400       11532 
0401       11514 
0402       11476 
0403       11406 
0404       11355 
0405       11336 
0406       11266 
0407       11236 
0408       11177 
0409       11148 
0410       11113 
0411       11048 
0412       11017 
0413       11009 
0414       10926 
0415       10924 
0416       10873 
0417       10807 
0418       10791 
0419       10773 
0420       10732 
0421       10693 
0422       10653 
0423       10630 
0424       10591 
0425       10549 
0426       10531 
0427       10486 
0428       10452 
0429       10401 
0430       10391 
0431       10377 
0432       10347 
0433       10309 
0434       10259 
0435       10250 
0436       10207 
0437       10205 
0438       10164 
0439       10125 
0440       10097 
0441       10062 
0442       10040 
0443       10016 
0444       9975 
0445       9959 
0446       9907 
0447       9891 
0448       9874 
0449       9851 
0450       9826 
0451       9785 
0452       9776 
0453       9765 
0454       9742 
0455       9692 
0456       9681 
0457       9672 
0458       9612 
0459       9602 
0460       9602 
0461       9558 
0462       9548 
0463       9491 
0464       9488 
0465       9468 
0466       9456 
0467       9411 
0468       9383 
0469       9383 
0470       9381 
0471       9350 
0472       9311 
0473       9310 
0474       9283 
0475       9269 
0476       9257 
0477       9245 
0478       9204 
0479       9191 
0480       9183 
0481       9165 
0482       9161 
0483       9136 
0484       9111 
0485       9108 
0486       9071 
0487       9048 
0488       9042 
0489       9037 
0490       9029 
0491       9002 
0492       8980 
0493       8949 
0494       8949 
0495       8946 
0496       8930 
0497       8930 
0498       8930 
0499       8894 
0500       8883 
0501       8878 
0502       8854 
0503       8843 
0504       8841 
0505       8829 
0506       8824 
0507       8801 
0508       8799 
0509       8788 
0510       8778 
0511       8762 
0512       8760 
0513       8751 
0514       8732 
0515       8721 
0516       8716 
0517       8713 
0518       8699 
0519       8699 
0520       8674 
0521       8668 
0522       8668 
0523       8668 
0524       8642 
0525       8636 
0526       8636 
0527       8636 
0528       8636 
0529       8629 
0530       8608 
0531       8600 
0532       8595 
0533       8593 
0534       8590 
0535       8584 
0536       8581 
0537       8562 
0538       8562 
0539       8562 
0540       8559 
0541       8553 
0542       8549 
0543       8541 
0544       8531 
0545       8530 
0546       8530 
0547       8538 
0548       8538 
0549       8541 
0550       8529 
0551       8529 
0552       8500 
0553       8500 
0554       8499 
0555       8499 
0556       8499 
0557       8508 
0558       8519 
0559       8519 
0560       8511 
0561       8509 
0562       8504 
0563       8504 
0564       8507 
0565       8510 
0566       8507 
0567       8493 
0568       8491 
0569       8491 
0570       8491 
0571       8493 
0572       8517 
0573       8517 
0574       8517 
0575       8520 
0576       8523 
0577       8523 
0578       8532 
0579       8527 
0580       8527 
0581       8527 
0582       8528 
0583       8531 
0584       8533 
0585       8534 
0586       8551 
0587       8553 
0588       8557 
0589       8562 
0590       8570 
0591       8571 
0592       8571 
0593       8570 
0594       8565 
0595       8565 
0596       8582 
0597       8611 
0598       8611 
0599       8607 
0600       8603 
0601       8603 
0602       8621 
0603       8622 
0604       8622 
0605       8629 
0606       8629 
0607       8647 
0608       8654 
0609       8654 
0610       8661 
0611       8667 
0612       8665 
0613       8665 
0614       8665 
0615       8697 
0616       8707 
0617       8719 
0618       8719 
0619       8719 
0620       8728 
0621       8744 
0622       8760 
0623       8766 
0624       8776 
0625       8784 
0626       8784 
0627       8801 
0628       8813 
0629       8815 
0630       8830 
0631       8854 
0632       8858 
0633       8884 
0634       8884 
0635       8888 
0636       8908 
0637       8917 
0638       8925 
0639       8940 
0640       8940 
0641       8940 
0642       8955 
0643       8990 
0644       9006 
0645       9008 
0646       9026 
0647       9030 
0648       9035 
0649       9056 
0650       9072 
0651       9083 
0652       9117 
0653       9118 
0654       9121 
0655       9126 
0656       9133 
0657       9168 
0658       9197 
0659       9200 
0660       9233 
0661       9233 
0662       9246 
0663       9268 
0664       9296 
0665       9303 
0666       9328 
0667       9329 
0668       9373 
0669       9388 
0670       9416 
0671       9419 
0672       9428 
0673       9471 
0674       9482 
0675       9490 
0676       9513 
0677       9549 
0678       9577 
0679       9601 
0680       9615 
0681       9621 
0682       9629 
0683       9669 
0684       9700 
0685       9719 
0686       9764 
0687       9771 
0688       9803 
0689       9832 
0690       9848 
0691       9859 
0692       9894 
0693       9908 
0694       9969 
0695       9977 
0696       10023 
0697       10048 
0698       10064 
0699       10097 
0700       10118 
0701       10169 
0702       10190 
0703       10202 
0704       10202 
0705       10185 
0706       10185 
0707       10190 
0708       10193 
0709       10218 
0710       10232 
0711       10240 
0712       10281 
0713       10300 
0714       10341 
0715       10378 
0716       10416 
0717       10435 
0718       10481 
0719       10505 
0720       10532 
0721       10554 
0722       10590 
0723       10626 
0724       10627 
0725       10694 
0726       10694 
0727       7851 
0728       7816 
0729       7851 
0730       7873 
0731       7913 
0732       7939 
0733       7987 
0734       7996 
0735       8011 
0736       8069 
0737       8109 
0738       8109 
0739       8142 
0740       8147 
0741       8156 
0742       8156 
0743       8164 
0744       8188 
0745       8189 
0746       8189 
0747       8163 
0748       8091 
0749       8062 
0750       8026 
0751       7999 
0752       7936 
0753       7933 
0754       7909 
0755       7882 
0756       7823 
0757       7809 
0758       7762 
0759       7760 
0760       5748 
0761       5748 
0762       5731 
0763       5731 
0764       5715 
0765       5667 
0766       5634 
0767       5621 
0768       5588 
0769       5519 
0770       5505 
0771       5462 
0772       5438 
0773       5425 
0774       5403 
0775       5332 
0776       5275 
0777       5257 
0778       5248 
0779       5213 
0780       5180 
0781       5109 
0782       5061 
0783       5043 
0784       5020 
0785       5005 
0786       4992 
0787       4978 
0788       4978 
0789       4978 
0790       4989 
0791       5009 
0792       5029 
0793       5059 
0794       5108 
0795       5127 
0796       5177 
0797       5216 
0798       5262 
0799       5300 
0800       5343 
0801       5383 
0802       5414 
0803       5468 
0804       5494 
0805       5533 
0806       5590 
0807       5667 
0808       5754 
0809       5841 
0810       5907 
0811       5950 
0812       6020 
0813       6091 
0814       6171 
0815       6216 
0816       6297 
0817       6340 
0818       6373 
0819       6425 
0820       6493 
0821       6548 
0822       6615 
0823       6665 
0824       6715 
0825       6805 
0826       6866 
0827       6941 
0828       7005 
0829       7099 
0830       7140 
0831       7186 
0832       7266 
0833       7341 
0834       7409 
0835       7453 
0836       7528 
0837       7587 
0838       7674 
0839       7738 
0840       7824 
0841       7861 
0842       7895 
0843       7929 
0844       8030 
0845       8146 
0846       8327 
0847       8544 
0848       8667 
0849       8667 
0850       8644 
0851       8639 
0852       8622 
0853       8576 
0854       8576 
0855       8575 
0856       8563 
0857       8557 
0858       8557 
0859       8573 
0860       10196 
0861       10300 
0862       10456 
0863       10599 
0864       10739 
0865       10923 
0866       11085 
0867       11245 
0868       11482 
0869       11671 
0870       11835 
0871       12076 
0872       12263 
0873       12531 
0874       12790 
0875       13009 
0876       13211 
0877       13481 
0878       13793 
0879       13793 
0880       13793 
0881       1 
0882       14460 
0883       15103 
0884       15103 
0885       15124 
0886       22591 
0887       22591 
0888       22591 
0889       22595 
0890       22595 
0891       22586 
0892       22581 
0893       22527 
0894       22527 
0895       22505 
0896       22505 
0897       22505 
0898       22471 
0899       22420 
0900       22420 
0901       1 
0902       1 
0903       1 
0904       1 
0905       1 
0906       1 
0907       1 
0908       22674 
0909       22684 
0910       22684 
0911       22684 
0912       22671 
0913       22671 
0914       22652 
0915       22635 
0916       22353 
0917       22339 
0918       22339 
0919       22339 
0920       22356 
0921       22356 
0922       22356 
0923       22355 
0924       22355 
0925       22360 
0926       22363 
0927       22360 
0928       22363 
0929       22348 
0930       22348 
0931       1 
0932       1 
0933       1 
0934       1 
0935       1 
0936       1 
0937       1 
0938       1 
0939       1 
0940       1 
0941       1 
0942       26198 
0943       26198 
0944       26198 
0945       1 
0946       1 
0947       1 
0948       1 
0949       1 
0950       1 
0951       1 
0952       1 
0953       1 
0954       1 
0955       1 
0956       1 
0957       1 
0958       1 
0959       1 
0960       1 
0961       1 
0962       1 
0963       1 
0964       1 
0965       1 
0966       1 
0967       1 
0968       1 
0969       1 
0970       1 
0971       1 
0972       1 
0973       1 
0974       1 
0975       1 
0976       1 
0977       1 
0978       1 
0979       1 
0980       1 
0981       1 
0982       1 
0983       1 
0984       1 
0985       1 
0986       1 
0987       1 
0988       1 
0989       1 
0990       1 
0991       1 
0992       1 
0993       1 
0994       1 
0995       1 
0996       1 
0997       1 
0998       1 
0999       1 
1000       1 
1001       1 
1002       1 
1003       1 
1004       1 
1005       1 
1006       1 
1007       1 
1008       4 
1009       4 
1010       4 
1011       4 
1012       4 
1013       4 
1014       52 
1015       58 
1016       52 
1017       50 
1018       53 
1019       53 
1020       50 
1021       53 
1022       56 
1023       66 
1024       56 
1025       66 
1026       62 
1027       62 
1028       52 
1029       52 
1030       44 
1031       44 
1032       44 
1033       59 
1034       61 
1035       63 
1036       66 
1037       66 
1038       70 
1039       70 
1040       70 
1041       68 
1042       67 
1043       65 
1044       65 
1045       61 
1046       61 
1047       65 
1048       68 
1049       69 
1050       77 
1051       77 
1052       77 
1053       68 
1054       67 
1055       67 
1056       67 
1057       67 
1058       65 
1059       65 
1060       63 
1061       63 
1062       63 
1063       65 
1064       65 
1065       65 
1066       65 
1067       65 
1068       68 
1069       76 
1070       76 
1071       76 
1072       72 
1073       70 
1074       70 
1075       66 
1076       66 
1077       66 
1078       66 
1079       61 
1297966627.384846
