0000       1 
0001       1 
0002       1 
0003       1 
0004       1 
0005       1 
0006       1 
0007       1 
0008       1 
0009       1 
0010       1 
0011       1 
0012       1 
0013       1 
0014       1 
0015       1 
0016       1 
0017       1 
0018       1 
0019       1 
0020       1 
0021       1 
0022       1 
0023       1 
0024       1 
0025       1 
0026       1 
0027       1 
0028       1 
0029       1 
0030       1 
0031       1 
0032       1 
0033       1 
0034       1 
0035       1 
0036       1 
0037       1 
0038       1 
0039       1 
0040       1 
0041       1 
0042       1 
0043       1 
0044       1 
0045       1 
0046       1 
0047       1 
0048       1 
0049       1 
0050       1 
0051       1 
0052       1 
0053       1 
0054       1 
0055       1 
0056       1 
0057       1 
0058       1 
0059       1 
0060       1 
0061       1 
0062       1 
0063       1 
0064       1 
0065       1 
0066       1 
0067       1 
0068       1 
0069       1 
0070       1 
0071       1 
0072       1 
0073       1 
0074       1 
0075       1 
0076       1 
0077       1 
0078       1 
0079       1 
0080       1 
0081       1 
0082       1 
0083       1 
0084       1 
0085       1 
0086       1 
0087       1 
0088       1 
0089       1 
0090       1 
0091       1 
0092       1 
0093       1 
0094       1 
0095       1 
0096       1 
0097       1 
0098       1 
0099       1 
0100       1 
0101       1 
0102       1 
0103       1 
0104       1 
0105       1 
0106       1 
0107       1 
0108       1 
0109       1 
0110       1 
0111       1 
0112       1 
0113       1 
0114       1 
0115       1 
0116       1 
0117       1 
0118       1 
0119       1 
0120       1 
0121       1 
0122       1 
0123       1 
0124       1 
0125       1 
0126       1 
0127       1 
0128       1 
0129       20802 
0130       20838 
0131       20802 
0132       20770 
0133       20764 
0134       20742 
0135       20713 
0136       20687 
0137       20683 
0138       20660 
0139       20645 
0140       1 
0141       1 
0142       1 
0143       1 
0144       20525 
0145       20530 
0146       20525 
0147       20483 
0148       20478 
0149       20470 
0150       20442 
0151       20418 
0152       20403 
0153       14645 
0154       14638 
0155       14621 
0156       14610 
0157       14590 
0158       14587 
0159       14574 
0160       14574 
0161       14574 
0162       14556 
0163       14544 
0164       14536 
0165       14529 
0166       14519 
0167       14516 
0168       14518 
0169       14509 
0170       14509 
0171       14503 
0172       14490 
0173       14480 
0174       14283 
0175       14270 
0176       14267 
0177       14261 
0178       14261 
0179       14269 
0180       14270 
0181       14270 
0182       14270 
0183       14325 
0184       14436 
0185       14722 
0186       14830 
0187       14860 
0188       14871 
0189       14871 
0190       14847 
0191       14847 
0192       14846 
0193       14810 
0194       1 
0195       1 
0196       1 
0197       1 
0198       1 
0199       1 
0200       1 
0201       1 
0202       14470 
0203       14470 
0204       14319 
0205       14287 
0206       14268 
0207       14268 
0208       14283 
0209       14287 
0210       14295 
0211       14303 
0212       14305 
0213       14313 
0214       14313 
0215       14332 
0216       14342 
0217       14360 
0218       14360 
0219       13770 
0220       13737 
0221       13737 
0222       13737 
0223       13770 
0224       14360 
0225       14412 
0226       14412 
0227       14130 
0228       13845 
0229       13835 
0230       13835 
0231       13845 
0232       14422 
0233       14489 
0234       14500 
0235       14596 
0236       14716 
0237       14731 
0238       14749 
0239       14752 
0240       14765 
0241       14798 
0242       14801 
0243       14816 
0244       14816 
0245       14841 
0246       14843 
0247       14873 
0248       14904 
0249       14909 
0250       14913 
0251       14936 
0252       14968 
0253       14968 
0254       14918 
0255       14869 
0256       14865 
0257       14865 
0258       14894 
0259       14899 
0260       14916 
0261       14918 
0262       14947 
0263       14970 
0264       14988 
0265       15024 
0266       15038 
0267       15046 
0268       15046 
0269       14934 
0270       14934 
0271       15013 
0272       15162 
0273       15190 
0274       15199 
0275       15237 
0276       15268 
0277       15282 
0278       15282 
0279       15305 
0280       15362 
0281       15368 
0282       15442 
0283       15600 
0284       15607 
0285       15713 
0286       15715 
0287       15739 
0288       15804 
0289       15849 
0290       15863 
0291       15867 
0292       15927 
0293       15951 
0294       15951 
0295       12947 
0296       12851 
0297       12753 
0298       12753 
0299       12771 
0300       12815 
0301       12838 
0302       12878 
0303       12891 
0304       12917 
0305       12960 
0306       12993 
0307       13013 
0308       13060 
0309       13074 
0310       13105 
0311       13142 
0312       13177 
0313       13207 
0314       13241 
0315       13271 
0316       13313 
0317       13346 
0318       13370 
0319       13370 
0320       1 
0321       1 
0322       1 
0323       1 
0324       1 
0325       1 
0326       1 
0327       11720 
0328       11832 
0329       11832 
0330       11742 
0331       11674 
0332       11600 
0333       11530 
0334       11453 
0335       11375 
0336       11307 
0337       11231 
0338       11166 
0339       11112 
0340       11047 
0341       10995 
0342       10923 
0343       10919 
0344       10919 
0345       10918 
0346       10918 
0347       1 
0348       1 
0349       1 
0350       1 
0351       1 
0352       1 
0353       1 
0354       1 
0355       11148 
0356       11189 
0357       11189 
0358       11200 
0359       11200 
0360       11243 
0361       11249 
0362       11289 
0363       11289 
0364       11301 
0365       11315 
0366       11360 
0367       11376 
0368       11388 
0369       11406 
0370       11461 
0371       11476 
0372       11477 
0373       11503 
0374       11552 
0375       11566 
0376       11594 
0377       11693 
0378       11759 
0379       11759 
0380       11738 
0381       11732 
0382       11699 
0383       11670 
0384       11631 
0385       11583 
0386       11552 
0387       11472 
0388       11431 
0389       11391 
0390       11374 
0391       11329 
0392       11273 
0393       11214 
0394       11208 
0395       11183 
0396       11183 
0397       11183 
0398       11142 
0399       11127 
0400       11068 
0401       11064 
0402       10984 
0403       10979 
0404       10915 
0405       10869 
0406       10833 
0407       10833 
0408       10772 
0409       10714 
0410       10705 
0411       10671 
0412       10632 
0413       10624 
0414       10552 
0415       10540 
0416       10498 
0417       10463 
0418       10446 
0419       10430 
0420       10408 
0421       10365 
0422       10342 
0423       10293 
0424       10281 
0425       10232 
0426       10227 
0427       10210 
0428       10164 
0429       10130 
0430       10118 
0431       10083 
0432       10074 
0433       10049 
0434       10022 
0435       9974 
0436       9963 
0437       9929 
0438       9897 
0439       9879 
0440       9864 
0441       9838 
0442       9816 
0443       9801 
0444       9769 
0445       9755 
0446       9755 
0447       9745 
0448       9745 
0449       9729 
0450       9713 
0451       9672 
0452       9672 
0453       9649 
0454       9637 
0455       9597 
0456       9574 
0457       9560 
0458       9545 
0459       9527 
0460       9512 
0461       9493 
0462       9478 
0463       9477 
0464       9438 
0465       9435 
0466       9422 
0467       9406 
0468       9402 
0469       9385 
0470       9380 
0471       9334 
0472       9312 
0473       9300 
0474       9296 
0475       9274 
0476       9271 
0477       9247 
0478       9246 
0479       9221 
0480       9208 
0481       9193 
0482       9190 
0483       9177 
0484       9157 
0485       9137 
0486       9130 
0487       9102 
0488       9096 
0489       9089 
0490       9087 
0491       9078 
0492       9062 
0493       9053 
0494       9045 
0495       9028 
0496       9016 
0497       9016 
0498       9006 
0499       6367 
0500       6367 
0501       6406 
0502       6454 
0503       6454 
0504       6454 
0505       6447 
0506       6442 
0507       6421 
0508       6421 
0509       6421 
0510       6419 
0511       6393 
0512       6388 
0513       6388 
0514       6393 
0515       6393 
0516       6393 
0517       6395 
0518       6395 
0519       6387 
0520       6374 
0521       6366 
0522       6363 
0523       6330 
0524       6326 
0525       6326 
0526       6332 
0527       6335 
0528       6337 
0529       6337 
0530       6333 
0531       6329 
0532       6329 
0533       6329 
0534       6325 
0535       6310 
0536       6287 
0537       6287 
0538       6291 
0539       6310 
0540       6310 
0541       6306 
0542       6303 
0543       6290 
0544       6296 
0545       6296 
0546       6296 
0547       6282 
0548       6256 
0549       6256 
0550       6269 
0551       6287 
0552       6287 
0553       6287 
0554       6286 
0555       6281 
0556       6281 
0557       6287 
0558       6290 
0559       6290 
0560       6273 
0561       6259 
0562       6259 
0563       6278 
0564       6288 
0565       6288 
0566       6292 
0567       6292 
0568       6296 
0569       6296 
0570       6284 
0571       6283 
0572       6272 
0573       6272 
0574       6275 
0575       6288 
0576       6296 
0577       6300 
0578       6300 
0579       6305 
0580       6326 
0581       6326 
0582       6324 
0583       6321 
0584       6305 
0585       6305 
0586       6312 
0587       6323 
0588       6347 
0589       6348 
0590       6349 
0591       6353 
0592       6370 
0593       6370 
0594       6370 
0595       6360 
0596       6357 
0597       6341 
0598       6341 
0599       6392 
0600       6393 
0601       6397 
0602       6400 
0603       6407 
0604       6411 
0605       6425 
0606       6425 
0607       6426 
0608       6426 
0609       6422 
0610       6422 
0611       6462 
0612       6464 
0613       6476 
0614       6480 
0615       6482 
0616       6489 
0617       6497 
0618       6512 
0619       6515 
0620       6515 
0621       6501 
0622       6501 
0623       6536 
0624       6560 
0625       6569 
0626       6584 
0627       6586 
0628       6595 
0629       6604 
0630       6619 
0631       6619 
0632       6616 
0633       6616 
0634       6649 
0635       6663 
0636       6669 
0637       6681 
0638       6701 
0639       6707 
0640       6708 
0641       6717 
0642       6717 
0643       6716 
0644       6716 
0645       6744 
0646       6779 
0647       6784 
0648       6804 
0649       6815 
0650       6830 
0651       6835 
0652       6843 
0653       6847 
0654       6847 
0655       6878 
0656       6920 
0657       6929 
0658       6949 
0659       6951 
0660       6969 
0661       6985 
0662       7004 
0663       7004 
0664       7004 
0665       7026 
0666       7061 
0667       7084 
0668       7088 
0669       7108 
0670       7119 
0671       7143 
0672       7151 
0673       7160 
0674       7176 
0675       7202 
0676       7222 
0677       7241 
0678       7264 
0679       7295 
0680       7296 
0681       7316 
0682       7322 
0683       7328 
0684       7356 
0685       7406 
0686       7417 
0687       7452 
0688       7468 
0689       7484 
0690       7514 
0691       7514 
0692       7514 
0693       7562 
0694       7605 
0695       7616 
0696       7629 
0697       7647 
0698       7671 
0699       7685 
0700       7692 
0701       7722 
0702       7764 
0703       7810 
0704       7836 
0705       7873 
0706       7895 
0707       7895 
0708       7895 
0709       7949 
0710       8004 
0711       8041 
0712       8063 
0713       8091 
0714       8091 
0715       8115 
0716       8115 
0717       8199 
0718       8245 
0719       8279 
0720       8295 
0721       8309 
0722       8336 
0723       8336 
0724       8425 
0725       8449 
0726       8489 
0727       8533 
0728       8558 
0729       8564 
0730       8569 
0731       8662 
0732       8689 
0733       8737 
0734       8742 
0735       8792 
0736       8803 
0737       8806 
0738       8844 
0739       8904 
0740       8933 
0741       8952 
0742       8952 
0743       6994 
0744       6994 
0745       7040 
0746       7055 
0747       7112 
0748       7136 
0749       7146 
0750       7211 
0751       7214 
0752       7251 
0753       7324 
0754       7368 
0755       7390 
0756       7450 
0757       7450 
0758       7524 
0759       7549 
0760       7562 
0761       7615 
0762       7615 
0763       7615 
0764       1 
0765       1 
0766       1 
0767       1 
0768       1 
0769       1 
0770       3557 
0771       3557 
0772       3572 
0773       3572 
0774       3572 
0775       3576 
0776       3590 
0777       3605 
0778       3613 
0779       3616 
0780       3635 
0781       3638 
0782       3663 
0783       3684 
0784       3696 
0785       3710 
0786       3730 
0787       3734 
0788       3763 
0789       3763 
0790       3763 
0791       3733 
0792       3657 
0793       3548 
0794       3257 
0795       3200 
0796       3200 
0797       3198 
0798       3200 
0799       3204 
0800       3227 
0801       3233 
0802       3244 
0803       3269 
0804       3276 
0805       3297 
0806       3309 
0807       3326 
0808       3350 
0809       3354 
0810       3385 
0811       3405 
0812       3420 
0813       3438 
0814       3460 
0815       3507 
0816       3516 
0817       3559 
0818       3570 
0819       3601 
0820       3608 
0821       3658 
0822       3704 
0823       3740 
0824       3758 
0825       3798 
0826       3841 
0827       3888 
0828       3948 
0829       3988 
0830       4052 
0831       4087 
0832       4159 
0833       4233 
0834       4304 
0835       4380 
0836       4428 
0837       6041 
0838       6041 
0839       6023 
0840       6007 
0841       5968 
0842       5963 
0843       5930 
0844       5910 
0845       5885 
0846       5880 
0847       5845 
0848       5826 
0849       5812 
0850       5799 
0851       5760 
0852       5746 
0853       5714 
0854       5700 
0855       5677 
0856       5671 
0857       5630 
0858       5626 
0859       5613 
0860       5596 
0861       5520 
0862       5497 
0863       5497 
0864       5495 
0865       5511 
0866       5511 
0867       5574 
0868       5695 
0869       5817 
0870       5934 
0871       6117 
0872       6282 
0873       6456 
0874       6599 
0875       8027 
0876       8180 
0877       8433 
0878       8735 
0879       8868 
0880       9143 
0881       9471 
0882       9684 
0883       9684 
0884       9684 
0885       9958 
0886       11037 
0887       11380 
0888       11380 
0889       11380 
0890       5742 
0891       5742 
0892       1 
0893       1 
0894       1 
0895       1 
0896       1 
0897       5653 
0898       5653 
0899       19068 
0900       19068 
0901       1 
0902       1 
0903       1 
0904       1 
0905       1 
0906       1 
0907       1 
0908       1 
0909       1 
0910       1 
0911       1 
0912       1 
0913       1 
0914       1 
0915       1 
0916       1 
0917       1 
0918       1 
0919       1 
0920       1 
0921       1 
0922       1 
0923       1 
0924       1 
0925       1 
0926       1 
0927       1 
0928       1 
0929       1 
0930       1 
0931       1 
0932       1 
0933       1 
0934       1 
0935       1 
0936       1 
0937       1 
0938       1 
0939       1 
0940       1 
0941       1 
0942       1 
0943       1 
0944       1 
0945       1 
0946       1 
0947       1 
0948       1 
0949       1 
0950       1 
0951       1 
0952       1 
0953       1 
0954       1 
0955       1 
0956       1 
0957       1 
0958       1 
0959       1 
0960       1 
0961       1 
0962       1 
0963       1 
0964       1 
0965       1 
0966       1 
0967       1 
0968       1 
0969       1 
0970       1 
0971       1 
0972       1 
0973       1 
0974       1 
0975       1 
0976       1 
0977       1 
0978       1 
0979       1 
0980       1 
0981       1 
0982       1 
0983       1 
0984       1 
0985       1 
0986       1 
0987       1 
0988       1 
0989       1 
0990       1 
0991       1 
0992       1 
0993       1 
0994       1 
0995       1 
0996       1 
0997       1 
0998       1 
0999       1 
1000       1 
1001       1 
1002       1 
1003       1 
1004       1 
1005       1 
1006       1 
1007       4 
1008       43 
1009       52 
1010       52 
1011       52 
1012       52 
1013       50 
1014       44 
1015       4 
1016       43 
1017       43 
1018       43 
1019       51 
1020       51 
1021       51 
1022       51 
1023       51 
1024       66 
1025       66 
1026       67 
1027       68 
1028       68 
1029       62 
1030       56 
1031       56 
1032       56 
1033       58 
1034       60 
1035       63 
1036       65 
1037       67 
1038       71 
1039       70 
1040       69 
1041       70 
1042       70 
1043       70 
1044       70 
1045       70 
1046       70 
1047       70 
1048       70 
1049       70 
1050       64 
1051       64 
1052       64 
1053       64 
1054       65 
1055       65 
1056       65 
1057       65 
1058       65 
1059       65 
1060       65 
1061       64 
1062       64 
1063       64 
1064       63 
1065       63 
1066       63 
1067       63 
1068       63 
1069       64 
1070       65 
1071       66 
1072       66 
1073       67 
1074       66 
1075       67 
1076       67 
1077       68 
1078       69 
1079       69 
1297966680.238953
