0000       1 
0001       1 
0002       1 
0003       1 
0004       1 
0005       1 
0006       1 
0007       1 
0008       1 
0009       1 
0010       1 
0011       1 
0012       1 
0013       1 
0014       1 
0015       1 
0016       1 
0017       1 
0018       1 
0019       1 
0020       1 
0021       1 
0022       1 
0023       1 
0024       1 
0025       1 
0026       1 
0027       1 
0028       1 
0029       1 
0030       1 
0031       1 
0032       1 
0033       1 
0034       1 
0035       1 
0036       1 
0037       1 
0038       1 
0039       1 
0040       1 
0041       1 
0042       1 
0043       1 
0044       1 
0045       1 
0046       1 
0047       1 
0048       1 
0049       1 
0050       1 
0051       1 
0052       1 
0053       1 
0054       1 
0055       1 
0056       1 
0057       1 
0058       1 
0059       1 
0060       1 
0061       1 
0062       1 
0063       1 
0064       1 
0065       1 
0066       1 
0067       1 
0068       1 
0069       1 
0070       1 
0071       1 
0072       1 
0073       1 
0074       1 
0075       1 
0076       1 
0077       1 
0078       1 
0079       1 
0080       1 
0081       1 
0082       1 
0083       1 
0084       1 
0085       1 
0086       1 
0087       1 
0088       1 
0089       1 
0090       1 
0091       1 
0092       1 
0093       1 
0094       1 
0095       1 
0096       1 
0097       1 
0098       1 
0099       1 
0100       1 
0101       1 
0102       1 
0103       1 
0104       1 
0105       1 
0106       1 
0107       1 
0108       1 
0109       1 
0110       1 
0111       1 
0112       1 
0113       1 
0114       1 
0115       1 
0116       1 
0117       1 
0118       1 
0119       1 
0120       1 
0121       1 
0122       1 
0123       1 
0124       1 
0125       1 
0126       1 
0127       1 
0128       1 
0129       1 
0130       1 
0131       1 
0132       1 
0133       1 
0134       1 
0135       1 
0136       1 
0137       1 
0138       1 
0139       1 
0140       1 
0141       1 
0142       1 
0143       1 
0144       1 
0145       1 
0146       1 
0147       1 
0148       1 
0149       1 
0150       1 
0151       1 
0152       1 
0153       1 
0154       1 
0155       1 
0156       1 
0157       1 
0158       1 
0159       1 
0160       1 
0161       1 
0162       1 
0163       1 
0164       1 
0165       1 
0166       1 
0167       1 
0168       1 
0169       1 
0170       1 
0171       1 
0172       1 
0173       1 
0174       1 
0175       1 
0176       1 
0177       1 
0178       1 
0179       1 
0180       1 
0181       1 
0182       1 
0183       1 
0184       1 
0185       1 
0186       1 
0187       1 
0188       1 
0189       1 
0190       1 
0191       1 
0192       1 
0193       1 
0194       1 
0195       1 
0196       1 
0197       1 
0198       1 
0199       1 
0200       1 
0201       1 
0202       1 
0203       1 
0204       1 
0205       1 
0206       1 
0207       1 
0208       1 
0209       1 
0210       20186 
0211       20186 
0212       20186 
0213       1 
0214       1 
0215       1 
0216       1 
0217       1 
0218       1 
0219       1 
0220       1 
0221       1 
0222       1 
0223       1 
0224       1 
0225       1 
0226       1 
0227       1 
0228       1 
0229       1 
0230       1 
0231       1 
0232       1 
0233       1 
0234       1 
0235       1 
0236       1 
0237       1 
0238       1 
0239       1 
0240       1 
0241       19102 
0242       19102 
0243       19102 
0244       1 
0245       1 
0246       1 
0247       1 
0248       1 
0249       1 
0250       1 
0251       1 
0252       1 
0253       1 
0254       1 
0255       1 
0256       1 
0257       1 
0258       1 
0259       1 
0260       1 
0261       1 
0262       1 
0263       1 
0264       1 
0265       1 
0266       1 
0267       1 
0268       1 
0269       1 
0270       1 
0271       1 
0272       1 
0273       1 
0274       1 
0275       1 
0276       1 
0277       1 
0278       1 
0279       1 
0280       1 
0281       1 
0282       1 
0283       1 
0284       1 
0285       1 
0286       1 
0287       1 
0288       1 
0289       1 
0290       1 
0291       1 
0292       1 
0293       1 
0294       1 
0295       1 
0296       1 
0297       1 
0298       1 
0299       1 
0300       1 
0301       1 
0302       1 
0303       1 
0304       1 
0305       1 
0306       1 
0307       1 
0308       1 
0309       1 
0310       1 
0311       1 
0312       1 
0313       1 
0314       1 
0315       1 
0316       1 
0317       1 
0318       1 
0319       1 
0320       1 
0321       17284 
0322       17284 
0323       17284 
0324       17133 
0325       16986 
0326       16892 
0327       16694 
0328       16601 
0329       16521 
0330       16419 
0331       16264 
0332       16200 
0333       16064 
0334       15963 
0335       15862 
0336       15732 
0337       15583 
0338       15492 
0339       15404 
0340       15284 
0341       15203 
0342       15104 
0343       15008 
0344       14902 
0345       14804 
0346       14722 
0347       14656 
0348       14560 
0349       14478 
0350       14383 
0351       14286 
0352       14187 
0353       14109 
0354       14043 
0355       13945 
0356       13847 
0357       13779 
0358       13709 
0359       13618 
0360       13538 
0361       13453 
0362       13342 
0363       13157 
0364       13020 
0365       12898 
0366       12831 
0367       12753 
0368       12714 
0369       12644 
0370       12603 
0371       12514 
0372       12480 
0373       12419 
0374       12330 
0375       12270 
0376       12221 
0377       12145 
0378       12118 
0379       12064 
0380       11988 
0381       11925 
0382       11911 
0383       11853 
0384       11804 
0385       11747 
0386       11696 
0387       11660 
0388       11651 
0389       11660 
0390       11692 
0391       11692 
0392       11632 
0393       11593 
0394       11552 
0395       11491 
0396       11472 
0397       11410 
0398       11377 
0399       11340 
0400       11281 
0401       11210 
0402       11194 
0403       11176 
0404       11105 
0405       11076 
0406       11022 
0407       11020 
0408       10933 
0409       10921 
0410       10903 
0411       10851 
0412       10794 
0413       10732 
0414       10730 
0415       10691 
0416       10638 
0417       10625 
0418       10584 
0419       10544 
0420       10523 
0421       10504 
0422       10463 
0423       10415 
0424       10379 
0425       10349 
0426       10327 
0427       10304 
0428       10257 
0429       10251 
0430       10234 
0431       10181 
0432       10159 
0433       10123 
0434       10089 
0435       10072 
0436       10044 
0437       10010 
0438       9945 
0439       9944 
0440       9942 
0441       9887 
0442       9868 
0443       9844 
0444       9826 
0445       9791 
0446       9771 
0447       9734 
0448       9730 
0449       9679 
0450       9672 
0451       9642 
0452       9607 
0453       9583 
0454       9565 
0455       9550 
0456       9517 
0457       9500 
0458       9486 
0459       9455 
0460       9453 
0461       9425 
0462       9403 
0463       9384 
0464       9352 
0465       9337 
0466       9324 
0467       9295 
0468       9266 
0469       9250 
0470       9249 
0471       9222 
0472       9219 
0473       9209 
0474       9180 
0475       9166 
0476       9129 
0477       9123 
0478       9110 
0479       9097 
0480       9071 
0481       9062 
0482       9042 
0483       9023 
0484       9013 
0485       8996 
0486       8991 
0487       8963 
0488       8949 
0489       8935 
0490       8932 
0491       8918 
0492       8890 
0493       8887 
0494       8882 
0495       8880 
0496       8852 
0497       8828 
0498       8825 
0499       8822 
0500       8813 
0501       8799 
0502       8784 
0503       8766 
0504       8761 
0505       8756 
0506       8752 
0507       8752 
0508       8736 
0509       8726 
0510       8708 
0511       8706 
0512       8693 
0513       8684 
0514       8668 
0515       8660 
0516       8660 
0517       8656 
0518       8647 
0519       8647 
0520       8624 
0521       8602 
0522       8601 
0523       8601 
0524       8594 
0525       8574 
0526       8590 
0527       8572 
0528       8572 
0529       8560 
0530       8569 
0531       8551 
0532       8543 
0533       8537 
0534       8531 
0535       8531 
0536       8531 
0537       8532 
0538       8527 
0539       8530 
0540       8527 
0541       8517 
0542       8506 
0543       8500 
0544       8497 
0545       8497 
0546       8503 
0547       8503 
0548       8492 
0549       8492 
0550       8492 
0551       8482 
0552       8477 
0553       8477 
0554       8477 
0555       8477 
0556       8486 
0557       8486 
0558       8500 
0559       8483 
0560       8491 
0561       8490 
0562       8490 
0563       8490 
0564       8493 
0565       8495 
0566       8495 
0567       8491 
0568       8491 
0569       8491 
0570       8491 
0571       8491 
0572       8487 
0573       8499 
0574       8505 
0575       8505 
0576       8505 
0577       8502 
0578       8507 
0579       8510 
0580       8520 
0581       8520 
0582       8520 
0583       8538 
0584       8538 
0585       8556 
0586       8545 
0587       8551 
0588       8551 
0589       8560 
0590       8563 
0591       8573 
0592       8583 
0593       8597 
0594       8597 
0595       8597 
0596       8597 
0597       8624 
0598       8625 
0599       8634 
0600       8639 
0601       8641 
0602       8641 
0603       8637 
0604       8637 
0605       8638 
0606       8646 
0607       8646 
0608       8656 
0609       8657 
0610       8667 
0611       8689 
0612       8697 
0613       8703 
0614       8703 
0615       8703 
0616       8721 
0617       8728 
0618       8749 
0619       8757 
0620       8777 
0621       8778 
0622       8786 
0623       8788 
0624       8801 
0625       8813 
0626       8830 
0627       8834 
0628       8850 
0629       8857 
0630       8864 
0631       8880 
0632       8880 
0633       8895 
0634       8906 
0635       8910 
0636       8924 
0637       8954 
0638       8954 
0639       8954 
0640       8976 
0641       8978 
0642       9003 
0643       9007 
0644       9034 
0645       9047 
0646       9050 
0647       9065 
0648       9099 
0649       9122 
0650       9122 
0651       9135 
0652       9158 
0653       9177 
0654       9201 
0655       9210 
0656       9210 
0657       9231 
0658       9250 
0659       9272 
0660       9303 
0661       9310 
0662       9331 
0663       9344 
0664       9350 
0665       9379 
0666       9411 
0667       9414 
0668       9458 
0669       9468 
0670       9491 
0671       9503 
0672       9532 
0673       9554 
0674       9562 
0675       9580 
0676       9627 
0677       9634 
0678       9661 
0679       9690 
0680       9706 
0681       9752 
0682       9756 
0683       9806 
0684       9814 
0685       9836 
0686       9852 
0687       9888 
0688       9914 
0689       9956 
0690       9971 
0691       9978 
0692       9978 
0693       9971 
0694       9966 
0695       9971 
0696       9972 
0697       9983 
0698       10013 
0699       10030 
0700       10036 
0701       10077 
0702       10093 
0703       10136 
0704       10165 
0705       10196 
0706       10225 
0707       10245 
0708       10293 
0709       10310 
0710       10322 
0711       10373 
0712       10399 
0713       10422 
0714       10422 
0715       7639 
0716       7638 
0717       7639 
0718       7674 
0719       7706 
0720       7735 
0721       7752 
0722       7778 
0723       7794 
0724       7821 
0725       7856 
0726       7888 
0727       7916 
0728       7916 
0729       7933 
0730       7933 
0731       7937 
0732       7947 
0733       7973 
0734       7987 
0735       8031 
0736       8034 
0737       8063 
0738       8091 
0739       8112 
0740       8151 
0741       8151 
0742       8134 
0743       8103 
0744       1 
0745       1 
0746       1 
0747       1 
0748       1 
0749       5600 
0750       5600 
0751       5573 
0752       5563 
0753       5549 
0754       5537 
0755       5500 
0756       5452 
0757       5434 
0758       5425 
0759       5362 
0760       5321 
0761       5301 
0762       5246 
0763       5246 
0764       5197 
0765       5171 
0766       5142 
0767       5082 
0768       5059 
0769       5012 
0770       5005 
0771       4961 
0772       4924 
0773       4872 
0774       4851 
0775       4824 
0776       4800 
0777       4800 
0778       4800 
0779       4811 
0780       4818 
0781       4833 
0782       4859 
0783       4900 
0784       4927 
0785       4949 
0786       4995 
0787       5021 
0788       5074 
0789       5096 
0790       5150 
0791       5183 
0792       5208 
0793       5250 
0794       5298 
0795       5343 
0796       5380 
0797       5425 
0798       5485 
0799       5591 
0800       5677 
0801       5721 
0802       5796 
0803       5826 
0804       5866 
0805       5936 
0806       5976 
0807       6017 
0808       6094 
0809       6156 
0810       6233 
0811       6283 
0812       6346 
0813       6373 
0814       6445 
0815       6476 
0816       6532 
0817       6602 
0818       6664 
0819       6712 
0820       6797 
0821       6869 
0822       6936 
0823       6993 
0824       7062 
0825       7121 
0826       7171 
0827       7239 
0828       7336 
0829       7366 
0830       7454 
0831       7510 
0832       7583 
0833       7680 
0834       7745 
0835       7827 
0836       7884 
0837       7890 
0838       7897 
0839       7982 
0840       8113 
0841       8263 
0842       8536 
0843       8617 
0844       8692 
0845       8692 
0846       8701 
0847       8746 
0848       8746 
0849       8916 
0850       9258 
0851       9521 
0852       9521 
0853       8574 
0854       8574 
0855       10186 
0856       10292 
0857       10447 
0858       10593 
0859       10764 
0860       10927 
0861       11053 
0862       11200 
0863       11451 
0864       11683 
0865       11838 
0866       12076 
0867       12254 
0868       12539 
0869       12777 
0870       12980 
0871       13250 
0872       13506 
0873       13789 
0874       13789 
0875       1 
0876       1 
0877       1 
0878       15125 
0879       15125 
0880       15167 
0881       22678 
0882       22680 
0883       22680 
0884       22649 
0885       22599 
0886       22590 
0887       22590 
0888       22563 
0889       22563 
0890       22554 
0891       22540 
0892       22523 
0893       22523 
0894       22427 
0895       22582 
0896       22582 
0897       1 
0898       1 
0899       1 
0900       1 
0901       1 
0902       1 
0903       22701 
0904       22709 
0905       22725 
0906       22725 
0907       22721 
0908       22721 
0909       22721 
0910       22708 
0911       22402 
0912       22397 
0913       22396 
0914       22377 
0915       22375 
0916       22375 
0917       22371 
0918       22353 
0919       22353 
0920       22381 
0921       22383 
0922       22405 
0923       22405 
0924       22399 
0925       22399 
0926       26168 
0927       26186 
0928       26168 
0929       26168 
0930       1 
0931       1 
0932       1 
0933       1 
0934       1 
0935       26295 
0936       26295 
0937       1 
0938       1 
0939       1 
0940       1 
0941       1 
0942       1 
0943       1 
0944       1 
0945       1 
0946       1 
0947       1 
0948       1 
0949       1 
0950       1 
0951       1 
0952       1 
0953       1 
0954       1 
0955       1 
0956       1 
0957       1 
0958       1 
0959       1 
0960       1 
0961       1 
0962       1 
0963       1 
0964       1 
0965       1 
0966       1 
0967       1 
0968       1 
0969       1 
0970       1 
0971       1 
0972       1 
0973       1 
0974       1 
0975       1 
0976       1 
0977       1 
0978       1 
0979       1 
0980       1 
0981       1 
0982       1 
0983       1 
0984       1 
0985       1 
0986       1 
0987       1 
0988       1 
0989       1 
0990       1 
0991       1 
0992       1 
0993       1 
0994       1 
0995       1 
0996       1 
0997       1 
0998       1 
0999       1 
1000       1 
1001       1 
1002       1 
1003       1 
1004       1 
1005       1 
1006       1 
1007       4 
1008       4 
1009       49 
1010       49 
1011       49 
1012       49 
1013       50 
1014       50 
1015       55 
1016       55 
1017       57 
1018       57 
1019       57 
1020       42 
1021       56 
1022       56 
1023       56 
1024       57 
1025       58 
1026       58 
1027       59 
1028       58 
1029       55 
1030       55 
1031       55 
1032       55 
1033       61 
1034       68 
1035       68 
1036       64 
1037       64 
1038       64 
1039       64 
1040       67 
1041       67 
1042       67 
1043       67 
1044       67 
1045       67 
1046       66 
1047       67 
1048       67 
1049       64 
1050       64 
1051       64 
1052       64 
1053       69 
1054       69 
1055       65 
1056       69 
1057       69 
1058       65 
1059       66 
1060       67 
1061       66 
1062       66 
1063       66 
1064       67 
1065       74 
1066       74 
1067       69 
1068       74 
1069       69 
1070       68 
1071       66 
1072       63 
1073       63 
1074       63 
1075       66 
1076       69 
1077       70 
1078       71 
1079       71 
1297966623.463438
