0000       1 
0001       1 
0002       1 
0003       1 
0004       1 
0005       1 
0006       1 
0007       1 
0008       1 
0009       1 
0010       1 
0011       1 
0012       1 
0013       1 
0014       1 
0015       1 
0016       1 
0017       1 
0018       1 
0019       1 
0020       1 
0021       1 
0022       1 
0023       1 
0024       1 
0025       1 
0026       1 
0027       1 
0028       1 
0029       1 
0030       1 
0031       1 
0032       1 
0033       1 
0034       1 
0035       1 
0036       1 
0037       1 
0038       1 
0039       1 
0040       1 
0041       1 
0042       1 
0043       1 
0044       1 
0045       1 
0046       1 
0047       1 
0048       1 
0049       1 
0050       1 
0051       1 
0052       1 
0053       1 
0054       1 
0055       1 
0056       1 
0057       1 
0058       1 
0059       1 
0060       1 
0061       1 
0062       1 
0063       1 
0064       1 
0065       1 
0066       1 
0067       1 
0068       1 
0069       1 
0070       1 
0071       1 
0072       1 
0073       1 
0074       1 
0075       1 
0076       1 
0077       1 
0078       1 
0079       1 
0080       1 
0081       1 
0082       1 
0083       1 
0084       1 
0085       1 
0086       1 
0087       1 
0088       1 
0089       1 
0090       1 
0091       1 
0092       1 
0093       1 
0094       1 
0095       1 
0096       1 
0097       1 
0098       1 
0099       1 
0100       1 
0101       1 
0102       1 
0103       1 
0104       1 
0105       1 
0106       1 
0107       1 
0108       1 
0109       1 
0110       1 
0111       1 
0112       1 
0113       1 
0114       1 
0115       1 
0116       1 
0117       1 
0118       1 
0119       1 
0120       1 
0121       1 
0122       1 
0123       1 
0124       1 
0125       1 
0126       1 
0127       1 
0128       1 
0129       1 
0130       1 
0131       1 
0132       1 
0133       1 
0134       1 
0135       1 
0136       1 
0137       1 
0138       1 
0139       1 
0140       1 
0141       1 
0142       1 
0143       1 
0144       1 
0145       1 
0146       1 
0147       1 
0148       1 
0149       1 
0150       1 
0151       1 
0152       1 
0153       1 
0154       1 
0155       1 
0156       1 
0157       1 
0158       21280 
0159       21280 
0160       21280 
0161       1 
0162       1 
0163       1 
0164       1 
0165       1 
0166       1 
0167       1 
0168       1 
0169       1 
0170       1 
0171       1 
0172       1 
0173       1 
0174       1 
0175       1 
0176       1 
0177       1 
0178       1 
0179       1 
0180       1 
0181       1 
0182       1 
0183       1 
0184       1 
0185       1 
0186       1 
0187       1 
0188       1 
0189       1 
0190       1 
0191       1 
0192       1 
0193       1 
0194       1 
0195       1 
0196       1 
0197       1 
0198       1 
0199       1 
0200       1 
0201       1 
0202       1 
0203       1 
0204       1 
0205       1 
0206       1 
0207       1 
0208       19095 
0209       19095 
0210       1 
0211       1 
0212       1 
0213       1 
0214       1 
0215       1 
0216       1 
0217       1 
0218       1 
0219       1 
0220       1 
0221       1 
0222       1 
0223       1 
0224       1 
0225       1 
0226       1 
0227       1 
0228       1 
0229       1 
0230       1 
0231       1 
0232       1 
0233       1 
0234       1 
0235       1 
0236       1 
0237       1 
0238       1 
0239       18633 
0240       18633 
0241       1 
0242       1 
0243       1 
0244       1 
0245       1 
0246       1 
0247       1 
0248       1 
0249       1 
0250       1 
0251       1 
0252       1 
0253       1 
0254       1 
0255       1 
0256       1 
0257       1 
0258       1 
0259       1 
0260       1 
0261       1 
0262       1 
0263       1 
0264       1 
0265       1 
0266       1 
0267       1 
0268       1 
0269       1 
0270       19772 
0271       19772 
0272       19713 
0273       1 
0274       1 
0275       1 
0276       1 
0277       1 
0278       1 
0279       1 
0280       1 
0281       1 
0282       1 
0283       1 
0284       1 
0285       1 
0286       1 
0287       1 
0288       1 
0289       1 
0290       1 
0291       1 
0292       1 
0293       1 
0294       1 
0295       1 
0296       1 
0297       20253 
0298       20253 
0299       1 
0300       1 
0301       1 
0302       1 
0303       1 
0304       1 
0305       18773 
0306       18773 
0307       18773 
0308       18563 
0309       18273 
0310       18231 
0311       18184 
0312       18026 
0313       17872 
0314       17758 
0315       17478 
0316       17299 
0317       17299 
0318       17165 
0319       1 
0320       1 
0321       1 
0322       16719 
0323       16719 
0324       16615 
0325       16511 
0326       16395 
0327       16238 
0328       16132 
0329       16003 
0330       15922 
0331       15795 
0332       15725 
0333       15611 
0334       15525 
0335       15471 
0336       15372 
0337       15273 
0338       15203 
0339       15076 
0340       14972 
0341       14875 
0342       14811 
0343       14715 
0344       14633 
0345       14538 
0346       14431 
0347       14353 
0348       14279 
0349       14195 
0350       14101 
0351       14031 
0352       13968 
0353       13892 
0354       13832 
0355       13770 
0356       13666 
0357       13613 
0358       13518 
0359       13492 
0360       13434 
0361       13360 
0362       13289 
0363       13220 
0364       13168 
0365       13092 
0366       13040 
0367       12976 
0368       12919 
0369       12848 
0370       12807 
0371       12723 
0372       12683 
0373       12610 
0374       12558 
0375       12510 
0376       12482 
0377       12420 
0378       12392 
0379       12324 
0380       12277 
0381       12201 
0382       12159 
0383       12109 
0384       12063 
0385       12012 
0386       11952 
0387       11924 
0388       11867 
0389       11848 
0390       11793 
0391       11763 
0392       11686 
0393       11659 
0394       11631 
0395       11581 
0396       11539 
0397       11490 
0398       11448 
0399       11435 
0400       11355 
0401       11353 
0402       11295 
0403       11245 
0404       11225 
0405       11182 
0406       11162 
0407       11099 
0408       11098 
0409       11053 
0410       11001 
0411       10948 
0412       10920 
0413       10892 
0414       10851 
0415       10821 
0416       10775 
0417       10735 
0418       10718 
0419       10695 
0420       10662 
0421       10641 
0422       10592 
0423       10539 
0424       10532 
0425       10496 
0426       10492 
0427       10464 
0428       10441 
0429       10380 
0430       10371 
0431       10335 
0432       10302 
0433       10275 
0434       10253 
0435       10249 
0436       10210 
0437       10183 
0438       10178 
0439       10107 
0440       10100 
0441       10098 
0442       10081 
0443       10044 
0444       10042 
0445       9996 
0446       9961 
0447       9958 
0448       9904 
0449       9882 
0450       9849 
0451       9848 
0452       9829 
0453       9796 
0454       9781 
0455       9776 
0456       9743 
0457       9730 
0458       9711 
0459       9702 
0460       9665 
0461       9647 
0462       9644 
0463       9630 
0464       9588 
0465       9585 
0466       9549 
0467       9533 
0468       9519 
0469       9503 
0470       9500 
0471       9474 
0472       9460 
0473       9445 
0474       9439 
0475       9402 
0476       9390 
0477       9364 
0478       9359 
0479       9339 
0480       9329 
0481       9324 
0482       9310 
0483       9289 
0484       9285 
0485       9260 
0486       9255 
0487       9249 
0488       9231 
0489       9206 
0490       9205 
0491       9198 
0492       9196 
0493       9184 
0494       9173 
0495       9161 
0496       9148 
0497       9144 
0498       9118 
0499       9116 
0500       9112 
0501       9091 
0502       9082 
0503       9059 
0504       9055 
0505       9052 
0506       9044 
0507       9034 
0508       9009 
0509       9003 
0510       8998 
0511       9001 
0512       8996 
0513       8968 
0514       8966 
0515       8966 
0516       8966 
0517       8954 
0518       8947 
0519       8947 
0520       8945 
0521       8931 
0522       8926 
0523       8921 
0524       8921 
0525       8916 
0526       8912 
0527       8900 
0528       8896 
0529       8896 
0530       8885 
0531       8885 
0532       8889 
0533       8889 
0534       8882 
0535       8882 
0536       8882 
0537       8877 
0538       8873 
0539       8868 
0540       8862 
0541       8861 
0542       8856 
0543       8855 
0544       8856 
0545       8847 
0546       8847 
0547       8844 
0548       8844 
0549       8835 
0550       8816 
0551       8809 
0552       8816 
0553       8809 
0554       8820 
0555       8821 
0556       8833 
0557       8833 
0558       8840 
0559       8839 
0560       8839 
0561       8839 
0562       8850 
0563       8852 
0564       8866 
0565       8866 
0566       8852 
0567       8852 
0568       8852 
0569       8867 
0570       8868 
0571       8868 
0572       8852 
0573       8852 
0574       8870 
0575       8887 
0576       8887 
0577       8884 
0578       8884 
0579       8886 
0580       8891 
0581       8904 
0582       8905 
0583       8905 
0584       8923 
0585       8924 
0586       8930 
0587       8931 
0588       8932 
0589       8946 
0590       8946 
0591       8948 
0592       8952 
0593       8962 
0594       8976 
0595       8983 
0596       8993 
0597       8999 
0598       9013 
0599       9014 
0600       9029 
0601       9031 
0602       9037 
0603       9037 
0604       9041 
0605       9060 
0606       9074 
0607       9085 
0608       9096 
0609       9114 
0610       9119 
0611       9129 
0612       9145 
0613       9145 
0614       9144 
0615       9144 
0616       9168 
0617       9184 
0618       9191 
0619       9203 
0620       9215 
0621       9223 
0622       9224 
0623       9240 
0624       9266 
0625       9271 
0626       9292 
0627       9293 
0628       9322 
0629       9322 
0630       9337 
0631       9366 
0632       9394 
0633       9403 
0634       9413 
0635       9418 
0636       9432 
0637       9458 
0638       9464 
0639       9480 
0640       9486 
0641       9513 
0642       9515 
0643       9527 
0644       9547 
0645       9572 
0646       9586 
0647       9595 
0648       9614 
0649       9631 
0650       9658 
0651       9686 
0652       9700 
0653       9715 
0654       9727 
0655       9752 
0656       9772 
0657       9792 
0658       9805 
0659       9869 
0660       9875 
0661       9882 
0662       9901 
0663       9923 
0664       9972 
0665       9973 
0666       10003 
0667       10046 
0668       10051 
0669       10062 
0670       10114 
0671       10137 
0672       10167 
0673       10180 
0674       10196 
0675       10246 
0676       10254 
0677       10264 
0678       10314 
0679       10314 
0680       10301 
0681       10274 
0682       10261 
0683       10261 
0684       10273 
0685       10300 
0686       10326 
0687       10338 
0688       10395 
0689       10415 
0690       10432 
0691       10446 
0692       10446 
0693       7704 
0694       7689 
0695       7704 
0696       7718 
0697       7743 
0698       7784 
0699       7816 
0700       7821 
0701       7821 
0702       7803 
0703       7803 
0704       7803 
0705       7815 
0706       7822 
0707       7842 
0708       7847 
0709       7903 
0710       7916 
0711       7916 
0712       5276 
0713       5263 
0714       5237 
0715       5168 
0716       5108 
0717       5049 
0718       4998 
0719       4924 
0720       4852 
0721       4807 
0722       4743 
0723       4702 
0724       4634 
0725       4555 
0726       4465 
0727       4423 
0728       4402 
0729       4342 
0730       4329 
0731       4290 
0732       4290 
0733       4290 
0734       4325 
0735       4344 
0736       4349 
0737       4385 
0738       4407 
0739       4435 
0740       4442 
0741       4467 
0742       4495 
0743       4524 
0744       4545 
0745       4588 
0746       4609 
0747       4633 
0748       4662 
0749       4681 
0750       4725 
0751       4799 
0752       4818 
0753       4864 
0754       4945 
0755       4982 
0756       5017 
0757       5060 
0758       5068 
0759       5111 
0760       5149 
0761       5192 
0762       5208 
0763       5208 
0764       5255 
0765       5305 
0766       5348 
0767       5367 
0768       5430 
0769       5431 
0770       5485 
0771       5505 
0772       5541 
0773       5582 
0774       5623 
0775       5666 
0776       5679 
0777       5733 
0778       5778 
0779       5803 
0780       5846 
0781       5895 
0782       5914 
0783       5951 
0784       6005 
0785       6057 
0786       6102 
0787       6153 
0788       6210 
0789       6241 
0790       6286 
0791       6321 
0792       6373 
0793       6417 
0794       6471 
0795       6532 
0796       6580 
0797       6646 
0798       6689 
0799       6750 
0800       6794 
0801       6872 
0802       6889 
0803       6971 
0804       7027 
0805       7078 
0806       7133 
0807       7187 
0808       7252 
0809       7299 
0810       7363 
0811       7454 
0812       7527 
0813       7590 
0814       7658 
0815       7770 
0816       7832 
0817       7916 
0818       8006 
0819       8049 
0820       8057 
0821       8061 
0822       8132 
0823       8255 
0824       8363 
0825       8482 
0826       8657 
0827       8828 
0828       8928 
0829       9020 
0830       9222 
0831       9339 
0832       9462 
0833       9561 
0834       9670 
0835       9829 
0836       9956 
0837       9956 
0838       10096 
0839       10324 
0840       10443 
0841       10575 
0842       10661 
0843       10818 
0844       10946 
0845       11085 
0846       11284 
0847       11487 
0848       11684 
0849       11875 
0850       12031 
0851       12278 
0852       12448 
0853       12646 
0854       12840 
0855       13056 
0856       13056 
0857       13056 
0858       1 
0859       1 
0860       1 
0861       1 
0862       1 
0863       1 
0864       1 
0865       15655 
0866       15655 
0867       15655 
0868       15655 
0869       23549 
0870       23549 
0871       23546 
0872       23500 
0873       23530 
0874       23530 
0875       23502 
0876       23497 
0877       23468 
0878       23468 
0879       23475 
0880       23493 
0881       23493 
0882       23379 
0883       23379 
0884       1 
0885       1 
0886       1 
0887       1 
0888       1 
0889       1 
0890       1 
0891       1 
0892       1 
0893       1 
0894       1 
0895       1 
0896       1 
0897       1 
0898       1 
0899       23451 
0900       23451 
0901       23480 
0902       23454 
0903       23486 
0904       23460 
0905       23502 
0906       23499 
0907       23499 
0908       23499 
0909       23496 
0910       23515 
0911       23496 
0912       1 
0913       1 
0914       1 
0915       1 
0916       1 
0917       1 
0918       1 
0919       1 
0920       1 
0921       1 
0922       1 
0923       1 
0924       1 
0925       1 
0926       1 
0927       1 
0928       1 
0929       1 
0930       1 
0931       1 
0932       1 
0933       1 
0934       1 
0935       1 
0936       1 
0937       1 
0938       1 
0939       1 
0940       1 
0941       1 
0942       1 
0943       1 
0944       1 
0945       1 
0946       1 
0947       1 
0948       1 
0949       1 
0950       1 
0951       1 
0952       1 
0953       1 
0954       1 
0955       1 
0956       1 
0957       1 
0958       1 
0959       1 
0960       1 
0961       1 
0962       1 
0963       1 
0964       1 
0965       1 
0966       1 
0967       1 
0968       1 
0969       1 
0970       1 
0971       1 
0972       1 
0973       1 
0974       1 
0975       1 
0976       1 
0977       1 
0978       1 
0979       1 
0980       1 
0981       1 
0982       1 
0983       1 
0984       1 
0985       1 
0986       1 
0987       1 
0988       1 
0989       1 
0990       1 
0991       1 
0992       1 
0993       1 
0994       1 
0995       1 
0996       1 
0997       1 
0998       1 
0999       1 
1000       1 
1001       1 
1002       1 
1003       1 
1004       1 
1005       1 
1006       1 
1007       4 
1008       4 
1009       43 
1010       4 
1011       4 
1012       4 
1013       43 
1014       47 
1015       50 
1016       50 
1017       50 
1018       57 
1019       60 
1020       61 
1021       61 
1022       62 
1023       62 
1024       62 
1025       62 
1026       62 
1027       62 
1028       62 
1029       55 
1030       43 
1031       43 
1032       43 
1033       55 
1034       58 
1035       73 
1036       73 
1037       75 
1038       73 
1039       70 
1040       70 
1041       69 
1042       68 
1043       68 
1044       67 
1045       67 
1046       68 
1047       67 
1048       67 
1049       63 
1050       63 
1051       63 
1052       64 
1053       64 
1054       64 
1055       64 
1056       64 
1057       64 
1058       59 
1059       59 
1060       57 
1061       57 
1062       57 
1063       66 
1064       66 
1065       71 
1066       66 
1067       65 
1068       64 
1069       65 
1070       64 
1071       62 
1072       60 
1073       60 
1074       60 
1075       64 
1076       64 
1077       64 
1078       64 
1079       64 
1297966621.429592
