0000       1 
0001       1 
0002       1 
0003       1 
0004       1 
0005       1 
0006       1 
0007       1 
0008       1 
0009       1 
0010       1 
0011       1 
0012       1 
0013       1 
0014       1 
0015       1 
0016       1 
0017       1 
0018       1 
0019       1 
0020       1 
0021       1 
0022       1 
0023       1 
0024       1 
0025       1 
0026       1 
0027       1 
0028       1 
0029       1 
0030       1 
0031       1 
0032       1 
0033       1 
0034       1 
0035       1 
0036       1 
0037       1 
0038       1 
0039       1 
0040       1 
0041       1 
0042       1 
0043       1 
0044       1 
0045       1 
0046       1 
0047       1 
0048       1 
0049       1 
0050       1 
0051       1 
0052       1 
0053       1 
0054       1 
0055       1 
0056       1 
0057       1 
0058       1 
0059       1 
0060       1 
0061       1 
0062       1 
0063       1 
0064       1 
0065       1 
0066       1 
0067       1 
0068       1 
0069       1 
0070       1 
0071       1 
0072       1 
0073       1 
0074       1 
0075       1 
0076       1 
0077       1 
0078       1 
0079       1 
0080       1 
0081       1 
0082       1 
0083       1 
0084       1 
0085       1 
0086       1 
0087       1 
0088       1 
0089       1 
0090       1 
0091       1 
0092       1 
0093       1 
0094       1 
0095       1 
0096       1 
0097       1 
0098       1 
0099       1 
0100       1 
0101       1 
0102       1 
0103       1 
0104       1 
0105       1 
0106       1 
0107       1 
0108       1 
0109       1 
0110       1 
0111       1 
0112       1 
0113       1 
0114       1 
0115       1 
0116       1 
0117       1 
0118       1 
0119       1 
0120       1 
0121       1 
0122       1 
0123       1 
0124       1 
0125       1 
0126       1 
0127       1 
0128       1 
0129       1 
0130       1 
0131       1 
0132       1 
0133       1 
0134       1 
0135       1 
0136       1 
0137       1 
0138       1 
0139       1 
0140       1 
0141       1 
0142       1 
0143       1 
0144       1 
0145       1 
0146       1 
0147       1 
0148       1 
0149       1 
0150       1 
0151       1 
0152       1 
0153       1 
0154       1 
0155       1 
0156       1 
0157       1 
0158       1 
0159       1 
0160       1 
0161       1 
0162       1 
0163       1 
0164       1 
0165       1 
0166       1 
0167       1 
0168       1 
0169       1 
0170       1 
0171       1 
0172       1 
0173       1 
0174       1 
0175       1 
0176       1 
0177       1 
0178       1 
0179       1 
0180       1 
0181       1 
0182       1 
0183       1 
0184       1 
0185       1 
0186       1 
0187       1 
0188       1 
0189       1 
0190       1 
0191       1 
0192       1 
0193       1 
0194       1 
0195       1 
0196       1 
0197       1 
0198       1 
0199       1 
0200       1 
0201       1 
0202       1 
0203       1 
0204       1 
0205       1 
0206       1 
0207       1 
0208       1 
0209       1 
0210       1 
0211       1 
0212       1 
0213       1 
0214       1 
0215       1 
0216       1 
0217       1 
0218       1 
0219       1 
0220       1 
0221       1 
0222       1 
0223       1 
0224       1 
0225       1 
0226       1 
0227       1 
0228       1 
0229       1 
0230       1 
0231       1 
0232       1 
0233       1 
0234       1 
0235       1 
0236       1 
0237       1 
0238       1 
0239       1 
0240       1 
0241       1 
0242       1 
0243       1 
0244       1 
0245       1 
0246       1 
0247       1 
0248       1 
0249       1 
0250       1 
0251       1 
0252       1 
0253       1 
0254       1 
0255       1 
0256       1 
0257       1 
0258       1 
0259       1 
0260       1 
0261       1 
0262       1 
0263       1 
0264       1 
0265       1 
0266       1 
0267       1 
0268       1 
0269       1 
0270       1 
0271       1 
0272       1 
0273       1 
0274       1 
0275       1 
0276       1 
0277       1 
0278       1 
0279       1 
0280       1 
0281       1 
0282       1 
0283       1 
0284       1 
0285       1 
0286       1 
0287       1 
0288       1 
0289       1 
0290       1 
0291       1 
0292       1 
0293       1 
0294       1 
0295       1 
0296       1 
0297       1 
0298       1 
0299       1 
0300       1 
0301       1 
0302       1 
0303       1 
0304       1 
0305       1 
0306       1 
0307       1 
0308       1 
0309       1 
0310       1 
0311       1 
0312       1 
0313       1 
0314       1 
0315       1 
0316       1 
0317       1 
0318       1 
0319       1 
0320       1 
0321       1 
0322       1 
0323       1 
0324       1 
0325       1 
0326       1 
0327       1 
0328       1 
0329       1 
0330       1 
0331       1 
0332       1 
0333       1 
0334       1 
0335       1 
0336       1 
0337       1 
0338       1 
0339       1 
0340       1 
0341       1 
0342       1 
0343       1 
0344       1 
0345       1 
0346       1 
0347       1 
0348       1 
0349       1 
0350       1 
0351       1 
0352       1 
0353       1 
0354       1 
0355       1 
0356       1 
0357       1 
0358       1 
0359       1 
0360       1 
0361       17037 
0362       17037 
0363       16946 
0364       16854 
0365       16821 
0366       16817 
0367       16809 
0368       16817 
0369       16844 
0370       16844 
0371       16844 
0372       16844 
0373       16844 
0374       1 
0375       1 
0376       1 
0377       1 
0378       1 
0379       1 
0380       1 
0381       1 
0382       1 
0383       16525 
0384       16525 
0385       16525 
0386       16436 
0387       16420 
0388       16436 
0389       16436 
0390       1 
0391       1 
0392       1 
0393       15890 
0394       15936 
0395       15972 
0396       15972 
0397       15885 
0398       15810 
0399       1 
0400       1 
0401       1 
0402       1 
0403       1 
0404       1 
0405       1 
0406       1 
0407       1 
0408       15804 
0409       15804 
0410       15595 
0411       15278 
0412       15248 
0413       15230 
0414       1 
0415       1 
0416       1 
0417       1 
0418       1 
0419       16836 
0420       16836 
0421       16426 
0422       1 
0423       1 
0424       1 
0425       1 
0426       1 
0427       1 
0428       1 
0429       1 
0430       1 
0431       1 
0432       1 
0433       1 
0434       1 
0435       1 
0436       1 
0437       1 
0438       1 
0439       1 
0440       1 
0441       1 
0442       1 
0443       1 
0444       1 
0445       1 
0446       1 
0447       1 
0448       1 
0449       1 
0450       1 
0451       1 
0452       1 
0453       1 
0454       1 
0455       1 
0456       17395 
0457       17615 
0458       17615 
0459       1 
0460       1 
0461       1 
0462       1 
0463       1 
0464       1 
0465       1 
0466       1 
0467       1 
0468       1 
0469       1 
0470       1 
0471       1 
0472       1 
0473       1 
0474       1 
0475       1 
0476       1 
0477       1 
0478       1 
0479       1 
0480       1 
0481       1 
0482       1 
0483       1 
0484       1 
0485       1 
0486       1 
0487       1 
0488       1 
0489       1 
0490       1 
0491       1 
0492       1 
0493       1 
0494       1 
0495       1 
0496       1 
0497       1 
0498       1 
0499       1 
0500       1 
0501       1 
0502       1 
0503       1 
0504       1 
0505       1 
0506       1 
0507       1 
0508       1 
0509       1 
0510       1 
0511       1 
0512       1 
0513       1 
0514       1 
0515       1 
0516       1 
0517       1 
0518       1 
0519       1 
0520       1 
0521       1 
0522       1 
0523       1 
0524       1 
0525       1 
0526       1 
0527       1 
0528       1 
0529       1 
0530       1 
0531       1 
0532       1 
0533       1 
0534       1 
0535       1 
0536       1 
0537       1 
0538       1 
0539       1 
0540       1 
0541       1 
0542       1 
0543       1 
0544       1 
0545       1 
0546       1 
0547       1 
0548       1 
0549       1 
0550       1 
0551       1 
0552       1 
0553       1 
0554       1 
0555       18193 
0556       18193 
0557       18153 
0558       1 
0559       1 
0560       1 
0561       1 
0562       1 
0563       1 
0564       1 
0565       1 
0566       1 
0567       1 
0568       1 
0569       1 
0570       1 
0571       1 
0572       1 
0573       1 
0574       1 
0575       1 
0576       1 
0577       1 
0578       1 
0579       1 
0580       1 
0581       1 
0582       1 
0583       1 
0584       15290 
0585       15290 
0586       15246 
0587       15232 
0588       15172 
0589       15067 
0590       15034 
0591       14980 
0592       14960 
0593       14851 
0594       14778 
0595       14727 
0596       14678 
0597       14645 
0598       14574 
0599       14526 
0600       14457 
0601       14368 
0602       14349 
0603       14289 
0604       14235 
0605       14139 
0606       14124 
0607       14048 
0608       13974 
0609       13928 
0610       13869 
0611       13855 
0612       13869 
0613       13838 
0614       13820 
0615       13768 
0616       13730 
0617       13633 
0618       13581 
0619       13525 
0620       13491 
0621       13427 
0622       13362 
0623       13325 
0624       13224 
0625       13208 
0626       13136 
0627       13106 
0628       13062 
0629       12984 
0630       12962 
0631       12861 
0632       12844 
0633       12841 
0634       12791 
0635       12732 
0636       12690 
0637       12636 
0638       12581 
0639       12581 
0640       12538 
0641       12488 
0642       12486 
0643       12411 
0644       12403 
0645       12343 
0646       12294 
0647       12286 
0648       12236 
0649       12184 
0650       12182 
0651       12136 
0652       12119 
0653       12083 
0654       12051 
0655       12009 
0656       11990 
0657       11941 
0658       11926 
0659       11896 
0660       11889 
0661       11818 
0662       11813 
0663       11775 
0664       11731 
0665       11697 
0666       11663 
0667       11659 
0668       11636 
0669       11602 
0670       11563 
0671       11507 
0672       11502 
0673       11476 
0674       11451 
0675       11441 
0676       11396 
0677       11390 
0678       11362 
0679       11342 
0680       11331 
0681       11290 
0682       11268 
0683       11254 
0684       11250 
0685       11208 
0686       11207 
0687       11200 
0688       11169 
0689       11149 
0690       11128 
0691       11085 
0692       11062 
0693       11053 
0694       11047 
0695       11025 
0696       11020 
0697       10993 
0698       10960 
0699       10960 
0700       10953 
0701       10915 
0702       10910 
0703       10894 
0704       10860 
0705       10858 
0706       10848 
0707       10837 
0708       10814 
0709       10812 
0710       10794 
0711       10761 
0712       10755 
0713       10748 
0714       10722 
0715       10715 
0716       10710 
0717       10670 
0718       10670 
0719       10665 
0720       10644 
0721       10624 
0722       10615 
0723       10609 
0724       10601 
0725       10601 
0726       10576 
0727       10553 
0728       10553 
0729       10546 
0730       10525 
0731       10525 
0732       10522 
0733       10512 
0734       10509 
0735       10495 
0736       10465 
0737       10462 
0738       10459 
0739       10458 
0740       10452 
0741       10442 
0742       10437 
0743       10428 
0744       10424 
0745       10415 
0746       10407 
0747       10405 
0748       10405 
0749       10387 
0750       10379 
0751       10367 
0752       10353 
0753       10353 
0754       10352 
0755       10354 
0756       10351 
0757       10337 
0758       10325 
0759       10321 
0760       10315 
0761       10321 
0762       10315 
0763       10308 
0764       10308 
0765       10309 
0766       10309 
0767       10308 
0768       10287 
0769       10280 
0770       10279 
0771       10276 
0772       10276 
0773       10276 
0774       10286 
0775       10273 
0776       10286 
0777       10271 
0778       10271 
0779       10262 
0780       10271 
0781       10263 
0782       10278 
0783       10265 
0784       10278 
0785       10271 
0786       10278 
0787       10276 
0788       10280 
0789       10276 
0790       10280 
0791       10291 
0792       10291 
0793       10281 
0794       10281 
0795       10293 
0796       10294 
0797       10293 
0798       10287 
0799       509 
0800       509 
0801       509 
0802       521 
0803       521 
0804       524 
0805       521 
0806       521 
0807       518 
0808       518 
0809       512 
0810       507 
0811       507 
0812       511 
0813       508 
0814       508 
0815       511 
0816       513 
0817       515 
0818       515 
0819       521 
0820       521 
0821       521 
0822       521 
0823       527 
0824       531 
0825       531 
0826       533 
0827       533 
0828       536 
0829       539 
0830       545 
0831       553 
0832       571 
0833       10538 
0834       10544 
0835       10538 
0836       785 
0837       780 
0838       778 
0839       778 
0840       774 
0841       774 
0842       774 
0843       774 
0844       781 
0845       782 
0846       819 
0847       886 
0848       1095 
0849       1104 
0850       1104 
0851       1104 
0852       1050 
0853       1034 
0854       1033 
0855       1033 
0856       1033 
0857       1073 
0858       1117 
0859       1208 
0860       1258 
0861       1273 
0862       1277 
0863       1277 
0864       1287 
0865       1335 
0866       1435 
0867       1491 
0868       1514 
0869       1561 
0870       1628 
0871       1744 
0872       1788 
0873       1792 
0874       1803 
0875       1806 
0876       1815 
0877       1815 
0878       1815 
0879       1815 
0880       1816 
0881       1825 
0882       1829 
0883       1832 
0884       1842 
0885       1846 
0886       1853 
0887       1862 
0888       1863 
0889       1864 
0890       1877 
0891       1879 
0892       1885 
0893       1891 
0894       1908 
0895       1958 
0896       1996 
0897       2012 
0898       2015 
0899       2035 
0900       2042 
0901       2042 
0902       2049 
0903       2054 
0904       2066 
0905       2067 
0906       2077 
0907       2089 
0908       2103 
0909       2103 
0910       2103 
0911       2103 
0912       2107 
0913       2111 
0914       2126 
0915       2135 
0916       2145 
0917       2145 
0918       2145 
0919       2145 
0920       2154 
0921       2156 
0922       2165 
0923       2169 
0924       2187 
0925       2201 
0926       2203 
0927       2207 
0928       2223 
0929       2233 
0930       2236 
0931       2237 
0932       2248 
0933       2248 
0934       2257 
0935       2276 
0936       2279 
0937       2287 
0938       2290 
0939       2299 
0940       2301 
0941       2323 
0942       2344 
0943       2347 
0944       2357 
0945       2369 
0946       2372 
0947       2385 
0948       2390 
0949       2393 
0950       2400 
0951       2418 
0952       2430 
0953       2443 
0954       2448 
0955       2450 
0956       2458 
0957       2469 
0958       2485 
0959       2503 
0960       2516 
0961       2518 
0962       2529 
0963       2543 
0964       2548 
0965       2549 
0966       2570 
0967       2574 
0968       2590 
0969       2602 
0970       2627 
0971       2646 
0972       2660 
0973       2667 
0974       2681 
0975       2700 
0976       2700 
0977       2705 
0978       2707 
0979       2731 
0980       2748 
0981       2779 
0982       2812 
0983       2814 
0984       2831 
0985       2851 
0986       2858 
0987       2863 
0988       2870 
0989       2886 
0990       2903 
0991       2919 
0992       2938 
0993       2960 
0994       2979 
0995       3000 
0996       3024 
0997       3039 
0998       3066 
0999       3072 
1000       3103 
1001       3119 
1002       3134 
1003       3150 
1004       3150 
1005       3150 
1006       42 
1007       42 
1008       42 
1009       46 
1010       46 
1011       49 
1012       46 
1013       45 
1014       45 
1015       45 
1016       45 
1017       58 
1018       59 
1019       58 
1020       58 
1021       51 
1022       51 
1023       51 
1024       58 
1025       58 
1026       61 
1027       66 
1028       61 
1029       53 
1030       58 
1031       52 
1032       52 
1033       57 
1034       58 
1035       60 
1036       66 
1037       66 
1038       68 
1039       68 
1040       70 
1041       70 
1042       71 
1043       71 
1044       71 
1045       71 
1046       71 
1047       69 
1048       64 
1049       64 
1050       66 
1051       66 
1052       66 
1053       68 
1054       66 
1055       65 
1056       63 
1057       65 
1058       65 
1059       62 
1060       62 
1061       65 
1062       65 
1063       62 
1064       62 
1065       65 
1066       59 
1067       59 
1068       65 
1069       66 
1070       68 
1071       68 
1072       68 
1073       71 
1074       70 
1075       68 
1076       67 
1077       63 
1078       63 
1079       62 
1297966610.656737
