0000       1 
0001       1 
0002       1 
0003       1 
0004       1 
0005       1 
0006       1 
0007       1 
0008       1 
0009       1 
0010       1 
0011       1 
0012       1 
0013       1 
0014       1 
0015       1 
0016       1 
0017       1 
0018       1 
0019       1 
0020       1 
0021       1 
0022       1 
0023       1 
0024       1 
0025       1 
0026       1 
0027       1 
0028       1 
0029       1 
0030       1 
0031       1 
0032       1 
0033       1 
0034       1 
0035       1 
0036       1 
0037       1 
0038       1 
0039       1 
0040       1 
0041       1 
0042       1 
0043       1 
0044       1 
0045       1 
0046       1 
0047       1 
0048       1 
0049       1 
0050       1 
0051       1 
0052       1 
0053       1 
0054       1 
0055       1 
0056       1 
0057       1 
0058       1 
0059       1 
0060       1 
0061       1 
0062       1 
0063       1 
0064       1 
0065       1 
0066       1 
0067       1 
0068       1 
0069       1 
0070       1 
0071       1 
0072       1 
0073       1 
0074       1 
0075       1 
0076       1 
0077       1 
0078       1 
0079       1 
0080       1 
0081       1 
0082       1 
0083       1 
0084       1 
0085       1 
0086       1 
0087       1 
0088       1 
0089       1 
0090       1 
0091       1 
0092       1 
0093       1 
0094       1 
0095       1 
0096       1 
0097       1 
0098       1 
0099       1 
0100       1 
0101       1 
0102       1 
0103       1 
0104       1 
0105       1 
0106       1 
0107       1 
0108       1 
0109       1 
0110       1 
0111       1 
0112       1 
0113       1 
0114       1 
0115       1 
0116       1 
0117       1 
0118       1 
0119       1 
0120       1 
0121       1 
0122       1 
0123       1 
0124       1 
0125       1 
0126       1 
0127       1 
0128       1 
0129       1 
0130       22380 
0131       22380 
0132       22061 
0133       1 
0134       1 
0135       1 
0136       1 
0137       1 
0138       1 
0139       1 
0140       1 
0141       1 
0142       1 
0143       1 
0144       1 
0145       1 
0146       1 
0147       1 
0148       1 
0149       1 
0150       1 
0151       1 
0152       1 
0153       1 
0154       1 
0155       1 
0156       1 
0157       1 
0158       1 
0159       1 
0160       1 
0161       1 
0162       1 
0163       1 
0164       1 
0165       1 
0166       1 
0167       20326 
0168       20326 
0169       1 
0170       1 
0171       1 
0172       1 
0173       1 
0174       1 
0175       1 
0176       1 
0177       1 
0178       1 
0179       1 
0180       1 
0181       1 
0182       1 
0183       1 
0184       1 
0185       1 
0186       20331 
0187       20331 
0188       1 
0189       1 
0190       1 
0191       1 
0192       1 
0193       1 
0194       1 
0195       1 
0196       1 
0197       1 
0198       1 
0199       1 
0200       1 
0201       1 
0202       1 
0203       1 
0204       1 
0205       1 
0206       1 
0207       1 
0208       1 
0209       1 
0210       1 
0211       1 
0212       1 
0213       1 
0214       1 
0215       1 
0216       1 
0217       1 
0218       1 
0219       1 
0220       1 
0221       1 
0222       1 
0223       1 
0224       1 
0225       1 
0226       1 
0227       1 
0228       1 
0229       1 
0230       1 
0231       1 
0232       1 
0233       1 
0234       1 
0235       1 
0236       1 
0237       1 
0238       1 
0239       1 
0240       1 
0241       1 
0242       1 
0243       1 
0244       1 
0245       1 
0246       1 
0247       1 
0248       1 
0249       1 
0250       1 
0251       1 
0252       1 
0253       1 
0254       1 
0255       1 
0256       1 
0257       1 
0258       1 
0259       1 
0260       1 
0261       1 
0262       1 
0263       1 
0264       1 
0265       1 
0266       1 
0267       1 
0268       1 
0269       1 
0270       1 
0271       1 
0272       1 
0273       1 
0274       1 
0275       1 
0276       1 
0277       1 
0278       1 
0279       1 
0280       1 
0281       1 
0282       1 
0283       1 
0284       1 
0285       21500 
0286       21500 
0287       20993 
0288       20955 
0289       20955 
0290       20734 
0291       20435 
0292       20258 
0293       20258 
0294       20014 
0295       19634 
0296       19456 
0297       19456 
0298       19287 
0299       19105 
0300       18750 
0301       18609 
0302       18609 
0303       18235 
0304       18132 
0305       18132 
0306       1 
0307       1 
0308       1 
0309       1 
0310       1 
0311       1 
0312       1 
0313       1 
0314       1 
0315       16832 
0316       16832 
0317       16654 
0318       16357 
0319       16046 
0320       16046 
0321       16174 
0322       16072 
0323       16072 
0324       15889 
0325       15842 
0326       15842 
0327       15768 
0328       15509 
0329       15509 
0330       15509 
0331       15440 
0332       15361 
0333       15262 
0334       15181 
0335       15069 
0336       14965 
0337       14902 
0338       14794 
0339       14719 
0340       14675 
0341       14527 
0342       14476 
0343       14400 
0344       14327 
0345       14225 
0346       14194 
0347       14057 
0348       14009 
0349       13954 
0350       13875 
0351       13776 
0352       13760 
0353       13674 
0354       13635 
0355       13521 
0356       13489 
0357       13426 
0358       13361 
0359       13296 
0360       13230 
0361       13188 
0362       13114 
0363       13041 
0364       13006 
0365       12928 
0366       12890 
0367       12788 
0368       12781 
0369       12676 
0370       12601 
0371       12563 
0372       12557 
0373       12463 
0374       12418 
0375       12368 
0376       12325 
0377       12279 
0378       12200 
0379       12185 
0380       12141 
0381       12129 
0382       12049 
0383       12026 
0384       11951 
0385       11912 
0386       11890 
0387       11840 
0388       11778 
0389       11770 
0390       11735 
0391       11671 
0392       11640 
0393       11607 
0394       11562 
0395       11532 
0396       11479 
0397       11471 
0398       11432 
0399       11374 
0400       11331 
0401       11290 
0402       11248 
0403       11221 
0404       11189 
0405       11159 
0406       11137 
0407       11113 
0408       11041 
0409       11015 
0410       10985 
0411       10960 
0412       10935 
0413       10887 
0414       10886 
0415       10838 
0416       10796 
0417       10788 
0418       10744 
0419       10706 
0420       10701 
0421       10646 
0422       10639 
0423       10610 
0424       10602 
0425       10559 
0426       10520 
0427       10494 
0428       10457 
0429       10432 
0430       10414 
0431       10404 
0432       10371 
0433       10366 
0434       10317 
0435       10307 
0436       10283 
0437       10250 
0438       10245 
0439       10224 
0440       10206 
0441       10167 
0442       10140 
0443       10120 
0444       10094 
0445       10079 
0446       10064 
0447       10025 
0448       10005 
0449       9993 
0450       9979 
0451       9955 
0452       9939 
0453       9910 
0454       9900 
0455       9876 
0456       9858 
0457       9848 
0458       9825 
0459       9796 
0460       9791 
0461       9778 
0462       9747 
0463       9746 
0464       9732 
0465       9707 
0466       9700 
0467       9666 
0468       9647 
0469       9628 
0470       9613 
0471       9604 
0472       9602 
0473       9584 
0474       9562 
0475       9562 
0476       9536 
0477       9524 
0478       9518 
0479       9504 
0480       9488 
0481       9485 
0482       9455 
0483       9453 
0484       9453 
0485       9433 
0486       9419 
0487       9401 
0488       9396 
0489       9392 
0490       9380 
0491       9376 
0492       9347 
0493       9342 
0494       9324 
0495       9317 
0496       9317 
0497       9291 
0498       9291 
0499       9286 
0500       9286 
0501       9261 
0502       9257 
0503       9253 
0504       9253 
0505       9242 
0506       9240 
0507       9239 
0508       9229 
0509       9218 
0510       9207 
0511       9188 
0512       9188 
0513       9196 
0514       9200 
0515       9200 
0516       9199 
0517       9196 
0518       9174 
0519       9163 
0520       9163 
0521       9151 
0522       9161 
0523       9151 
0524       9145 
0525       9141 
0526       9130 
0527       9131 
0528       9131 
0529       9131 
0530       9130 
0531       9128 
0532       9111 
0533       9111 
0534       9111 
0535       9106 
0536       9100 
0537       9090 
0538       9048 
0539       9048 
0540       9048 
0541       9068 
0542       9080 
0543       9089 
0544       9089 
0545       9089 
0546       9093 
0547       9112 
0548       9118 
0549       9112 
0550       9113 
0551       9113 
0552       9125 
0553       9125 
0554       9120 
0555       9113 
0556       9106 
0557       9106 
0558       9111 
0559       9112 
0560       9115 
0561       9115 
0562       9115 
0563       9114 
0564       9114 
0565       9114 
0566       9127 
0567       9141 
0568       9127 
0569       9136 
0570       9136 
0571       9136 
0572       9150 
0573       9150 
0574       9151 
0575       9164 
0576       9164 
0577       9164 
0578       9183 
0579       9198 
0580       9204 
0581       9204 
0582       9206 
0583       9206 
0584       9213 
0585       9217 
0586       9229 
0587       9241 
0588       9244 
0589       9261 
0590       9261 
0591       9264 
0592       9277 
0593       9287 
0594       9291 
0595       9301 
0596       9313 
0597       9321 
0598       9324 
0599       9324 
0600       9337 
0601       9324 
0602       9337 
0603       9358 
0604       9380 
0605       9390 
0606       9401 
0607       9404 
0608       9433 
0609       9444 
0610       9445 
0611       9462 
0612       9473 
0613       9483 
0614       9509 
0615       9527 
0616       9538 
0617       9547 
0618       9568 
0619       9577 
0620       9602 
0621       9611 
0622       9624 
0623       9634 
0624       9636 
0625       9639 
0626       9664 
0627       9680 
0628       9696 
0629       9697 
0630       9717 
0631       9729 
0632       9752 
0633       9762 
0634       9792 
0635       9811 
0636       9828 
0637       9851 
0638       9861 
0639       9871 
0640       9884 
0641       9935 
0642       9956 
0643       9987 
0644       10003 
0645       10016 
0646       10035 
0647       10055 
0648       10078 
0649       10097 
0650       10135 
0651       10164 
0652       10167 
0653       10183 
0654       10205 
0655       10263 
0656       10264 
0657       10269 
0658       10267 
0659       10267 
0660       10219 
0661       10207 
0662       10207 
0663       10221 
0664       10221 
0665       7504 
0666       7504 
0667       7543 
0668       7545 
0669       7554 
0670       7557 
0671       7602 
0672       7602 
0673       7615 
0674       7600 
0675       4893 
0676       4763 
0677       4700 
0678       4573 
0679       4397 
0680       4178 
0681       4044 
0682       4028 
0683       4009 
0684       3940 
0685       3895 
0686       3887 
0687       3887 
0688       3895 
0689       3905 
0690       3908 
0691       3934 
0692       3964 
0693       3966 
0694       3972 
0695       3982 
0696       4008 
0697       4032 
0698       4044 
0699       4048 
0700       4084 
0701       4093 
0702       4107 
0703       4140 
0704       4157 
0705       4179 
0706       4203 
0707       4253 
0708       4324 
0709       4344 
0710       4367 
0711       4395 
0712       4402 
0713       4438 
0714       4472 
0715       4474 
0716       4503 
0717       4506 
0718       4535 
0719       4566 
0720       4592 
0721       4613 
0722       4631 
0723       4687 
0724       4696 
0725       4727 
0726       4755 
0727       4793 
0728       4816 
0729       4839 
0730       4843 
0731       4854 
0732       4894 
0733       4899 
0734       4955 
0735       4955 
0736       4983 
0737       5012 
0738       5036 
0739       5063 
0740       5100 
0741       5104 
0742       5142 
0743       5149 
0744       5181 
0745       5188 
0746       5226 
0747       5246 
0748       5259 
0749       5308 
0750       5343 
0751       5372 
0752       5378 
0753       5415 
0754       5444 
0755       5481 
0756       5503 
0757       5534 
0758       5552 
0759       5607 
0760       5633 
0761       5687 
0762       5726 
0763       5760 
0764       5782 
0765       5801 
0766       5870 
0767       5898 
0768       5927 
0769       5993 
0770       6051 
0771       6075 
0772       6129 
0773       6182 
0774       6225 
0775       6250 
0776       6342 
0777       6369 
0778       6407 
0779       6453 
0780       6514 
0781       6549 
0782       6591 
0783       6639 
0784       6711 
0785       6745 
0786       6812 
0787       6877 
0788       6942 
0789       6964 
0790       7041 
0791       7101 
0792       7169 
0793       7217 
0794       7271 
0795       7336 
0796       7389 
0797       7448 
0798       7529 
0799       7565 
0800       7628 
0801       7716 
0802       7802 
0803       7871 
0804       7958 
0805       8006 
0806       8071 
0807       8187 
0808       8237 
0809       8304 
0810       8403 
0811       8412 
0812       8414 
0813       8502 
0814       8606 
0815       8746 
0816       8855 
0817       9075 
0818       9207 
0819       9325 
0820       9474 
0821       9554 
0822       9703 
0823       9835 
0824       9981 
0825       10133 
0826       10215 
0827       10318 
0828       10399 
0829       10589 
0830       10709 
0831       10816 
0832       10960 
0833       11055 
0834       11261 
0835       11433 
0836       11659 
0837       11814 
0838       11972 
0839       12124 
0840       12293 
0841       12544 
0842       12688 
0843       12899 
0844       13152 
0845       13335 
0846       13637 
0847       13854 
0848       13854 
0849       1 
0850       1 
0851       1 
0852       1 
0853       1 
0854       1 
0855       1 
0856       16427 
0857       16427 
0858       16422 
0859       1 
0860       1 
0861       1 
0862       1 
0863       1 
0864       1 
0865       1 
0866       1 
0867       1 
0868       1 
0869       1 
0870       1 
0871       1 
0872       1 
0873       1 
0874       1 
0875       1 
0876       1 
0877       1 
0878       1 
0879       1 
0880       1 
0881       1 
0882       1 
0883       1 
0884       1 
0885       1 
0886       1 
0887       1 
0888       1 
0889       1 
0890       1 
0891       1 
0892       1 
0893       1 
0894       1 
0895       1 
0896       1 
0897       24663 
0898       24891 
0899       24891 
0900       24891 
0901       1 
0902       1 
0903       1 
0904       1 
0905       1 
0906       1 
0907       1 
0908       1 
0909       1 
0910       1 
0911       1 
0912       1 
0913       1 
0914       1 
0915       1 
0916       1 
0917       1 
0918       1 
0919       1 
0920       1 
0921       1 
0922       1 
0923       1 
0924       1 
0925       1 
0926       1 
0927       1 
0928       1 
0929       1 
0930       1 
0931       1 
0932       1 
0933       1 
0934       1 
0935       1 
0936       1 
0937       1 
0938       1 
0939       1 
0940       1 
0941       1 
0942       1 
0943       1 
0944       1 
0945       1 
0946       1 
0947       1 
0948       1 
0949       1 
0950       1 
0951       1 
0952       1 
0953       1 
0954       1 
0955       1 
0956       1 
0957       1 
0958       1 
0959       1 
0960       1 
0961       1 
0962       1 
0963       1 
0964       1 
0965       1 
0966       1 
0967       1 
0968       1 
0969       1 
0970       1 
0971       1 
0972       1 
0973       1 
0974       1 
0975       1 
0976       1 
0977       1 
0978       1 
0979       1 
0980       1 
0981       1 
0982       1 
0983       1 
0984       1 
0985       1 
0986       1 
0987       1 
0988       1 
0989       1 
0990       1 
0991       1 
0992       1 
0993       1 
0994       1 
0995       1 
0996       1 
0997       1 
0998       1 
0999       1 
1000       1 
1001       1 
1002       1 
1003       1 
1004       1 
1005       1 
1006       1 
1007       4 
1008       4 
1009       51 
1010       51 
1011       51 
1012       41 
1013       41 
1014       41 
1015       42 
1016       42 
1017       48 
1018       42 
1019       48 
1020       47 
1021       58 
1022       53 
1023       57 
1024       57 
1025       58 
1026       58 
1027       60 
1028       60 
1029       60 
1030       55 
1031       55 
1032       55 
1033       58 
1034       65 
1035       70 
1036       72 
1037       71 
1038       71 
1039       71 
1040       71 
1041       71 
1042       71 
1043       71 
1044       74 
1045       74 
1046       71 
1047       67 
1048       64 
1049       64 
1050       65 
1051       65 
1052       65 
1053       65 
1054       65 
1055       69 
1056       69 
1057       68 
1058       69 
1059       68 
1060       67 
1061       65 
1062       65 
1063       65 
1064       70 
1065       70 
1066       70 
1067       66 
1068       66 
1069       64 
1070       64 
1071       64 
1072       64 
1073       68 
1074       68 
1075       68 
1076       60 
1077       60 
1078       60 
1079       56 
1297966618.822875
