0000       1 
0001       1 
0002       1 
0003       1 
0004       1 
0005       1 
0006       1 
0007       1 
0008       1 
0009       1 
0010       1 
0011       1 
0012       1 
0013       1 
0014       1 
0015       1 
0016       1 
0017       1 
0018       1 
0019       1 
0020       1 
0021       1 
0022       1 
0023       1 
0024       1 
0025       1 
0026       1 
0027       1 
0028       1 
0029       1 
0030       1 
0031       1 
0032       1 
0033       1 
0034       1 
0035       1 
0036       1 
0037       1 
0038       1 
0039       1 
0040       1 
0041       1 
0042       1 
0043       1 
0044       1 
0045       1 
0046       1 
0047       1 
0048       1 
0049       1 
0050       1 
0051       1 
0052       1 
0053       1 
0054       1 
0055       1 
0056       1 
0057       1 
0058       1 
0059       1 
0060       1 
0061       1 
0062       1 
0063       1 
0064       1 
0065       1 
0066       1 
0067       1 
0068       1 
0069       1 
0070       1 
0071       1 
0072       1 
0073       1 
0074       1 
0075       1 
0076       1 
0077       1 
0078       1 
0079       1 
0080       1 
0081       1 
0082       1 
0083       1 
0084       1 
0085       1 
0086       1 
0087       1 
0088       1 
0089       1 
0090       1 
0091       1 
0092       1 
0093       1 
0094       1 
0095       1 
0096       1 
0097       1 
0098       1 
0099       1 
0100       1 
0101       1 
0102       1 
0103       1 
0104       1 
0105       1 
0106       1 
0107       1 
0108       1 
0109       1 
0110       1 
0111       1 
0112       1 
0113       1 
0114       1 
0115       1 
0116       1 
0117       1 
0118       1 
0119       1 
0120       1 
0121       1 
0122       1 
0123       1 
0124       1 
0125       1 
0126       1 
0127       1 
0128       1 
0129       1 
0130       1 
0131       1 
0132       1 
0133       1 
0134       1 
0135       1 
0136       1 
0137       1 
0138       1 
0139       1 
0140       1 
0141       1 
0142       1 
0143       1 
0144       1 
0145       1 
0146       1 
0147       1 
0148       1 
0149       1 
0150       1 
0151       1 
0152       1 
0153       1 
0154       1 
0155       1 
0156       1 
0157       1 
0158       1 
0159       1 
0160       1 
0161       1 
0162       1 
0163       1 
0164       1 
0165       1 
0166       1 
0167       1 
0168       1 
0169       1 
0170       1 
0171       1 
0172       1 
0173       1 
0174       1 
0175       1 
0176       1 
0177       1 
0178       1 
0179       1 
0180       1 
0181       1 
0182       1 
0183       1 
0184       1 
0185       1 
0186       1 
0187       1 
0188       1 
0189       1 
0190       1 
0191       1 
0192       1 
0193       1 
0194       1 
0195       1 
0196       1 
0197       1 
0198       1 
0199       1 
0200       1 
0201       1 
0202       1 
0203       1 
0204       1 
0205       1 
0206       1 
0207       1 
0208       1 
0209       1 
0210       1 
0211       1 
0212       1 
0213       1 
0214       1 
0215       1 
0216       1 
0217       1 
0218       1 
0219       1 
0220       1 
0221       1 
0222       1 
0223       1 
0224       1 
0225       1 
0226       1 
0227       1 
0228       1 
0229       1 
0230       1 
0231       1 
0232       1 
0233       1 
0234       1 
0235       1 
0236       1 
0237       1 
0238       1 
0239       1 
0240       1 
0241       1 
0242       1 
0243       1 
0244       1 
0245       1 
0246       1 
0247       1 
0248       1 
0249       1 
0250       1 
0251       1 
0252       1 
0253       1 
0254       1 
0255       1 
0256       1 
0257       1 
0258       1 
0259       1 
0260       1 
0261       1 
0262       1 
0263       1 
0264       1 
0265       1 
0266       1 
0267       1 
0268       17570 
0269       17601 
0270       17609 
0271       17609 
0272       17545 
0273       17339 
0274       1 
0275       1 
0276       1 
0277       1 
0278       15618 
0279       15618 
0280       15618 
0281       14451 
0282       14446 
0283       14451 
0284       14524 
0285       14572 
0286       14597 
0287       14607 
0288       14628 
0289       14691 
0290       14712 
0291       14721 
0292       14730 
0293       14770 
0294       14783 
0295       14791 
0296       14798 
0297       14911 
0298       14911 
0299       1 
0300       1 
0301       1 
0302       1 
0303       1 
0304       1 
0305       1 
0306       1 
0307       1 
0308       1 
0309       1 
0310       1 
0311       1 
0312       1 
0313       1 
0314       1 
0315       1 
0316       1 
0317       1 
0318       1 
0319       1 
0320       1 
0321       1 
0322       1 
0323       1 
0324       1 
0325       1 
0326       1 
0327       1 
0328       1 
0329       16128 
0330       16128 
0331       1 
0332       1 
0333       1 
0334       15613 
0335       15613 
0336       15510 
0337       15423 
0338       15321 
0339       15243 
0340       15179 
0341       15117 
0342       15010 
0343       14893 
0344       14879 
0345       14813 
0346       14710 
0347       14644 
0348       14600 
0349       14478 
0350       14441 
0351       14375 
0352       14306 
0353       14247 
0354       14183 
0355       14107 
0356       14047 
0357       13937 
0358       13921 
0359       13845 
0360       13819 
0361       13759 
0362       13653 
0363       13601 
0364       13286 
0365       1 
0366       1 
0367       12974 
0368       12974 
0369       13086 
0370       12974 
0371       1 
0372       1 
0373       1 
0374       1 
0375       1 
0376       1 
0377       1 
0378       12413 
0379       12413 
0380       12279 
0381       12195 
0382       12195 
0383       12195 
0384       1 
0385       12123 
0386       12123 
0387       12123 
0388       12080 
0389       12068 
0390       12046 
0391       11936 
0392       11934 
0393       11891 
0394       11818 
0395       11788 
0396       11726 
0397       11699 
0398       11653 
0399       11587 
0400       11564 
0401       11516 
0402       11453 
0403       11439 
0404       11381 
0405       11327 
0406       11309 
0407       11228 
0408       11204 
0409       11157 
0410       11152 
0411       11075 
0412       11041 
0413       11000 
0414       10962 
0415       10918 
0416       10882 
0417       10866 
0418       10837 
0419       10798 
0420       10756 
0421       10698 
0422       10672 
0423       10639 
0424       10627 
0425       10625 
0426       10561 
0427       10543 
0428       10499 
0429       10463 
0430       10419 
0431       10411 
0432       10391 
0433       10372 
0434       10328 
0435       10293 
0436       10273 
0437       10232 
0438       10224 
0439       10176 
0440       10154 
0441       10140 
0442       10092 
0443       10084 
0444       10067 
0445       10039 
0446       9996 
0447       9970 
0448       9946 
0449       9913 
0450       9893 
0451       9888 
0452       8464 
0453       8464 
0454       8464 
0455       8450 
0456       8391 
0457       8363 
0458       8343 
0459       8303 
0460       8303 
0461       8311 
0462       8317 
0463       8317 
0464       8312 
0465       8312 
0466       8318 
0467       8318 
0468       7743 
0469       7326 
0470       7312 
0471       7321 
0472       7321 
0473       7425 
0474       7462 
0475       7462 
0476       7374 
0477       7311 
0478       7269 
0479       7197 
0480       7192 
0481       7177 
0482       7165 
0483       7154 
0484       7154 
0485       7176 
0486       7185 
0487       7223 
0488       7279 
0489       7291 
0490       7291 
0491       7318 
0492       7318 
0493       7305 
0494       7301 
0495       7260 
0496       7258 
0497       7222 
0498       7222 
0499       7250 
0500       7265 
0501       7266 
0502       7266 
0503       7197 
0504       7167 
0505       7159 
0506       7141 
0507       7130 
0508       7121 
0509       7121 
0510       7110 
0511       7094 
0512       7110 
0513       7106 
0514       7111 
0515       7111 
0516       8111 
0517       8722 
0518       8751 
0519       8751 
0520       7461 
0521       7459 
0522       7443 
0523       7369 
0524       7369 
0525       7397 
0526       7398 
0527       7415 
0528       8740 
0529       8740 
0530       8725 
0531       8717 
0532       7562 
0533       7498 
0534       7498 
0535       7552 
0536       7560 
0537       7560 
0538       7545 
0539       7532 
0540       7532 
0541       7555 
0542       7619 
0543       7680 
0544       7697 
0545       7744 
0546       7984 
0547       8638 
0548       8670 
0549       8684 
0550       8684 
0551       8705 
0552       8705 
0553       8705 
0554       8709 
0555       8715 
0556       8715 
0557       8715 
0558       8711 
0559       8726 
0560       8725 
0561       8725 
0562       8724 
0563       8712 
0564       8711 
0565       8711 
0566       8711 
0567       8714 
0568       8714 
0569       8718 
0570       8724 
0571       8718 
0572       8719 
0573       8715 
0574       8719 
0575       8730 
0576       8730 
0577       8729 
0578       8724 
0579       8719 
0580       8719 
0581       8722 
0582       8742 
0583       8742 
0584       8744 
0585       8756 
0586       8761 
0587       8761 
0588       8761 
0589       8759 
0590       8763 
0591       8763 
0592       8781 
0593       8785 
0594       8790 
0595       8794 
0596       8794 
0597       8794 
0598       8800 
0599       8801 
0600       8800 
0601       8809 
0602       8809 
0603       8823 
0604       8827 
0605       8827 
0606       8695 
0607       8531 
0608       8340 
0609       8107 
0610       7984 
0611       7870 
0612       7802 
0613       7746 
0614       7694 
0615       7664 
0616       7660 
0617       7664 
0618       7659 
0619       7657 
0620       7624 
0621       7624 
0622       7632 
0623       7640 
0624       7644 
0625       7648 
0626       7651 
0627       7669 
0628       7669 
0629       7657 
0630       7657 
0631       7657 
0632       7673 
0633       7690 
0634       7715 
0635       7715 
0636       7715 
0637       7724 
0638       7756 
0639       7803 
0640       7866 
0641       7929 
0642       7931 
0643       7931 
0644       7883 
0645       7883 
0646       7896 
0647       7952 
0648       7958 
0649       7995 
0650       8103 
0651       9068 
0652       9164 
0653       9177 
0654       9203 
0655       9203 
0656       9099 
0657       9048 
0658       9038 
0659       9032 
0660       9023 
0661       8968 
0662       8922 
0663       8811 
0664       8762 
0665       8709 
0666       8675 
0667       8645 
0668       8546 
0669       8430 
0670       8385 
0671       8323 
0672       8255 
0673       8252 
0674       8232 
0675       8169 
0676       8169 
0677       8184 
0678       8184 
0679       8115 
0680       8115 
0681       8123 
0682       8123 
0683       8123 
0684       8148 
0685       8151 
0686       8187 
0687       8199 
0688       8202 
0689       8214 
0690       8227 
0691       8238 
0692       8258 
0693       8334 
0694       8340 
0695       8362 
0696       8402 
0697       8462 
0698       8504 
0699       8554 
0700       8614 
0701       8682 
0702       8736 
0703       8792 
0704       8850 
0705       8952 
0706       9445 
0707       9466 
0708       9524 
0709       9524 
0710       9483 
0711       9483 
0712       9507 
0713       9522 
0714       9522 
0715       9485 
0716       9485 
0717       9537 
0718       9553 
0719       9563 
0720       9567 
0721       9612 
0722       9669 
0723       9710 
0724       11012 
0725       11012 
0726       10963 
0727       10903 
0728       10856 
0729       10791 
0730       10743 
0731       10693 
0732       10636 
0733       10584 
0734       10533 
0735       10488 
0736       10436 
0737       10381 
0738       10368 
0739       10301 
0740       10246 
0741       10194 
0742       10150 
0743       10126 
0744       10105 
0745       10097 
0746       10097 
0747       10137 
0748       10165 
0749       10165 
0750       10157 
0751       10157 
0752       10288 
0753       10288 
0754       9898 
0755       9860 
0756       9822 
0757       9784 
0758       9749 
0759       9713 
0760       9700 
0761       9645 
0762       9594 
0763       9571 
0764       9538 
0765       9513 
0766       9475 
0767       9443 
0768       9268 
0769       9093 
0770       9056 
0771       9018 
0772       9004 
0773       8959 
0774       8936 
0775       8912 
0776       8876 
0777       8845 
0778       8808 
0779       8798 
0780       8760 
0781       8742 
0782       8715 
0783       8681 
0784       8669 
0785       8644 
0786       8615 
0787       8576 
0788       8561 
0789       8535 
0790       8502 
0791       8487 
0792       8459 
0793       8438 
0794       8419 
0795       8375 
0796       8361 
0797       8337 
0798       8324 
0799       8298 
0800       8278 
0801       8250 
0802       8234 
0803       8213 
0804       8193 
0805       8177 
0806       8154 
0807       8131 
0808       8116 
0809       8104 
0810       8104 
0811       8123 
0812       8125 
0813       8134 
0814       8203 
0815       8217 
0816       8217 
0817       8226 
0818       8239 
0819       10245 
0820       10245 
0821       10221 
0822       10219 
0823       10192 
0824       10160 
0825       10149 
0826       10132 
0827       10110 
0828       10070 
0829       10055 
0830       10049 
0831       10028 
0832       10007 
0833       10000 
0834       10000 
0835       10087 
0836       10151 
0837       10151 
0838       10147 
0839       1 
0840       1 
0841       1 
0842       1 
0843       1 
0844       1 
0845       7638 
0846       7638 
0847       7551 
0848       7503 
0849       7499 
0850       7474 
0851       7471 
0852       7465 
0853       7456 
0854       7448 
0855       7420 
0856       7419 
0857       7404 
0858       7403 
0859       7402 
0860       7391 
0861       7363 
0862       7349 
0863       7349 
0864       7515 
0865       7538 
0866       7538 
0867       7536 
0868       7531 
0869       7512 
0870       7501 
0871       7494 
0872       7488 
0873       7473 
0874       7470 
0875       7467 
0876       7466 
0877       7467 
0878       7456 
0879       7441 
0880       7408 
0881       7441 
0882       9448 
0883       9451 
0884       9448 
0885       9361 
0886       9174 
0887       9149 
0888       9097 
0889       9149 
0890       9163 
0891       9305 
0892       9497 
0893       9497 
0894       1 
0895       1 
0896       1 
0897       1 
0898       1 
0899       1 
0900       1 
0901       1 
0902       1 
0903       1 
0904       1 
0905       1 
0906       1 
0907       1 
0908       1 
0909       1 
0910       1 
0911       1 
0912       1 
0913       10246 
0914       10246 
0915       10035 
0916       10246 
0917       10256 
0918       10256 
0919       1 
0920       1 
0921       1 
0922       1 
0923       1 
0924       1 
0925       1 
0926       1 
0927       1 
0928       1 
0929       1 
0930       1 
0931       1 
0932       1 
0933       1 
0934       1 
0935       1 
0936       1 
0937       1 
0938       1 
0939       1 
0940       1 
0941       1 
0942       1 
0943       1 
0944       1 
0945       1 
0946       1 
0947       1 
0948       1 
0949       1 
0950       1 
0951       1 
0952       1 
0953       1 
0954       1 
0955       1 
0956       1 
0957       1 
0958       1 
0959       1 
0960       1 
0961       1 
0962       1 
0963       1 
0964       1 
0965       1 
0966       1 
0967       1 
0968       1 
0969       1 
0970       1 
0971       1 
0972       1 
0973       1 
0974       1 
0975       1 
0976       1 
0977       1 
0978       1 
0979       1 
0980       1 
0981       1 
0982       1 
0983       1 
0984       1 
0985       1 
0986       1 
0987       1 
0988       1 
0989       1 
0990       1 
0991       1 
0992       1 
0993       1 
0994       1 
0995       1 
0996       1 
0997       1 
0998       1 
0999       1 
1000       1 
1001       1 
1002       1 
1003       1 
1004       1 
1005       1 
1006       1 
1007       4 
1008       4 
1009       4 
1010       45 
1011       48 
1012       48 
1013       4 
1014       48 
1015       48 
1016       54 
1017       54 
1018       54 
1019       53 
1020       53 
1021       53 
1022       55 
1023       56 
1024       56 
1025       56 
1026       60 
1027       63 
1028       56 
1029       63 
1030       63 
1031       56 
1032       56 
1033       58 
1034       58 
1035       76 
1036       76 
1037       70 
1038       70 
1039       64 
1040       64 
1041       64 
1042       64 
1043       68 
1044       68 
1045       68 
1046       71 
1047       71 
1048       67 
1049       72 
1050       67 
1051       65 
1052       64 
1053       64 
1054       64 
1055       67 
1056       68 
1057       68 
1058       68 
1059       63 
1060       63 
1061       63 
1062       64 
1063       64 
1064       64 
1065       67 
1066       66 
1067       66 
1068       67 
1069       70 
1070       70 
1071       70 
1072       70 
1073       70 
1074       66 
1075       66 
1076       65 
1077       65 
1078       65 
1079       61 
1297966693.186019
