0000       1 
0001       1 
0002       1 
0003       1 
0004       1 
0005       1 
0006       1 
0007       1 
0008       1 
0009       1 
0010       1 
0011       1 
0012       1 
0013       1 
0014       1 
0015       1 
0016       1 
0017       1 
0018       1 
0019       1 
0020       1 
0021       1 
0022       1 
0023       1 
0024       1 
0025       1 
0026       1 
0027       1 
0028       1 
0029       1 
0030       1 
0031       1 
0032       1 
0033       1 
0034       1 
0035       1 
0036       1 
0037       1 
0038       1 
0039       1 
0040       1 
0041       1 
0042       1 
0043       1 
0044       1 
0045       1 
0046       1 
0047       1 
0048       1 
0049       1 
0050       1 
0051       1 
0052       1 
0053       1 
0054       1 
0055       1 
0056       1 
0057       1 
0058       1 
0059       1 
0060       1 
0061       1 
0062       1 
0063       1 
0064       1 
0065       1 
0066       1 
0067       1 
0068       1 
0069       1 
0070       1 
0071       1 
0072       1 
0073       1 
0074       1 
0075       1 
0076       1 
0077       1 
0078       1 
0079       1 
0080       1 
0081       1 
0082       1 
0083       1 
0084       1 
0085       1 
0086       1 
0087       1 
0088       1 
0089       1 
0090       1 
0091       1 
0092       18689 
0093       18716 
0094       18716 
0095       18260 
0096       18141 
0097       18141 
0098       18141 
0099       17819 
0100       17819 
0101       17817 
0102       17875 
0103       17793 
0104       17686 
0105       17562 
0106       17562 
0107       1 
0108       1 
0109       1 
0110       1 
0111       1 
0112       1 
0113       1 
0114       1 
0115       1 
0116       1 
0117       1 
0118       1 
0119       1 
0120       1 
0121       1 
0122       1 
0123       1 
0124       1 
0125       16275 
0126       16275 
0127       16180 
0128       16099 
0129       16099 
0130       16119 
0131       16119 
0132       16196 
0133       16218 
0134       16218 
0135       16218 
0136       15948 
0137       1 
0138       1 
0139       1 
0140       1 
0141       15899 
0142       15899 
0143       15980 
0144       15987 
0145       15987 
0146       15784 
0147       15784 
0148       15784 
0149       15784 
0150       1 
0151       1 
0152       1 
0153       1 
0154       1 
0155       17405 
0156       17405 
0157       16601 
0158       16595 
0159       16595 
0160       1 
0161       1 
0162       1 
0163       1 
0164       1 
0165       1 
0166       1 
0167       1 
0168       16892 
0169       16944 
0170       16944 
0171       16944 
0172       16965 
0173       16965 
0174       16965 
0175       1 
0176       1 
0177       1 
0178       1 
0179       1 
0180       16995 
0181       16995 
0182       16670 
0183       16628 
0184       16434 
0185       16378 
0186       16182 
0187       16182 
0188       16170 
0189       15784 
0190       15709 
0191       15709 
0192       15685 
0193       15307 
0194       15287 
0195       15307 
0196       15307 
0197       1 
0198       1 
0199       1 
0200       1 
0201       16287 
0202       16288 
0203       16288 
0204       16288 
0205       16387 
0206       17538 
0207       17541 
0208       17541 
0209       17541 
0210       17118 
0211       17136 
0212       17118 
0213       16809 
0214       1 
0215       1 
0216       1 
0217       1 
0218       1 
0219       17576 
0220       17622 
0221       17622 
0222       17620 
0223       17620 
0224       17635 
0225       17635 
0226       17415 
0227       1 
0228       1 
0229       1 
0230       1 
0231       1 
0232       22178 
0233       22178 
0234       21923 
0235       1 
0236       21271 
0237       21271 
0238       21271 
0239       20941 
0240       20765 
0241       20765 
0242       20452 
0243       20261 
0244       20261 
0245       20095 
0246       19771 
0247       19578 
0248       19578 
0249       19431 
0250       19257 
0251       19164 
0252       18848 
0253       18782 
0254       18513 
0255       18389 
0256       18389 
0257       18227 
0258       18097 
0259       17832 
0260       17738 
0261       17549 
0262       17425 
0263       17425 
0264       17189 
0265       17070 
0266       17070 
0267       16966 
0268       16840 
0269       16701 
0270       16555 
0271       16424 
0272       16325 
0273       16254 
0274       16133 
0275       16059 
0276       15986 
0277       15878 
0278       15799 
0279       15715 
0280       15637 
0281       15551 
0282       15451 
0283       15336 
0284       15244 
0285       15200 
0286       15142 
0287       15066 
0288       14952 
0289       14896 
0290       14846 
0291       14800 
0292       14725 
0293       14605 
0294       14453 
0295       14339 
0296       14277 
0297       14235 
0298       14218 
0299       14162 
0300       14123 
0301       14035 
0302       13997 
0303       13954 
0304       13871 
0305       13778 
0306       13775 
0307       13663 
0308       13619 
0309       13555 
0310       13503 
0311       13427 
0312       13396 
0313       13325 
0314       13263 
0315       13192 
0316       13182 
0317       13093 
0318       13055 
0319       13005 
0320       12928 
0321       12867 
0322       12817 
0323       12738 
0324       12719 
0325       12667 
0326       12608 
0327       12565 
0328       12512 
0329       12441 
0330       12405 
0331       12338 
0332       12295 
0333       12273 
0334       12211 
0335       12172 
0336       12132 
0337       12088 
0338       12048 
0339       12001 
0340       11954 
0341       11925 
0342       11897 
0343       11866 
0344       11793 
0345       11769 
0346       11719 
0347       11701 
0348       11657 
0349       11635 
0350       11611 
0351       11555 
0352       11519 
0353       11490 
0354       11456 
0355       11409 
0356       11392 
0357       11328 
0358       11324 
0359       11256 
0360       11254 
0361       11213 
0362       11183 
0363       11160 
0364       11131 
0365       11103 
0366       11058 
0367       11052 
0368       10993 
0369       10987 
0370       10932 
0371       10926 
0372       10879 
0373       10860 
0374       10829 
0375       10828 
0376       10792 
0377       10778 
0378       10728 
0379       10716 
0380       10694 
0381       10678 
0382       10640 
0383       10611 
0384       10590 
0385       10571 
0386       10542 
0387       10522 
0388       10491 
0389       10478 
0390       10454 
0391       10451 
0392       10423 
0393       10409 
0394       10403 
0395       10376 
0396       10322 
0397       10296 
0398       10291 
0399       10282 
0400       10281 
0401       10222 
0402       10220 
0403       10181 
0404       10177 
0405       10157 
0406       10152 
0407       10123 
0408       10117 
0409       10080 
0410       10058 
0411       10052 
0412       10037 
0413       10034 
0414       10032 
0415       10020 
0416       9983 
0417       9968 
0418       9958 
0419       9927 
0420       9915 
0421       9885 
0422       9880 
0423       9873 
0424       9867 
0425       9855 
0426       9851 
0427       9840 
0428       9813 
0429       9788 
0430       9770 
0431       9765 
0432       9744 
0433       9743 
0434       9709 
0435       9709 
0436       9709 
0437       9698 
0438       9666 
0439       9666 
0440       9666 
0441       9648 
0442       9627 
0443       9622 
0444       9621 
0445       9621 
0446       9602 
0447       9593 
0448       9584 
0449       9575 
0450       9559 
0451       9555 
0452       9533 
0453       9522 
0454       9522 
0455       9522 
0456       9522 
0457       9502 
0458       9498 
0459       9490 
0460       9490 
0461       9481 
0462       9475 
0463       9471 
0464       9469 
0465       9464 
0466       9453 
0467       9442 
0468       9449 
0469       9442 
0470       9418 
0471       9418 
0472       9418 
0473       9418 
0474       9408 
0475       9389 
0476       9389 
0477       9398 
0478       9398 
0479       9398 
0480       9383 
0481       9383 
0482       9384 
0483       9384 
0484       9380 
0485       9377 
0486       9380 
0487       9371 
0488       9367 
0489       9367 
0490       9381 
0491       9381 
0492       9381 
0493       9374 
0494       9369 
0495       9369 
0496       9353 
0497       9353 
0498       9358 
0499       9371 
0500       9368 
0501       9368 
0502       9365 
0503       9365 
0504       9371 
0505       9371 
0506       9362 
0507       9362 
0508       9386 
0509       9386 
0510       9382 
0511       9382 
0512       9382 
0513       9391 
0514       9378 
0515       9391 
0516       9393 
0517       9393 
0518       9393 
0519       9409 
0520       9413 
0521       9423 
0522       9426 
0523       9423 
0524       9418 
0525       9418 
0526       9440 
0527       9465 
0528       9466 
0529       9470 
0530       9490 
0531       9499 
0532       9502 
0533       9508 
0534       9512 
0535       9512 
0536       9512 
0537       9527 
0538       9534 
0539       9537 
0540       9540 
0541       9561 
0542       9572 
0543       9592 
0544       9602 
0545       9610 
0546       9610 
0547       9616 
0548       9633 
0549       9655 
0550       9659 
0551       9662 
0552       9679 
0553       9684 
0554       9692 
0555       9715 
0556       9724 
0557       9747 
0558       9755 
0559       9769 
0560       9790 
0561       9830 
0562       9833 
0563       9841 
0564       9854 
0565       9864 
0566       9878 
0567       9889 
0568       9904 
0569       9926 
0570       9945 
0571       9971 
0572       9995 
0573       10014 
0574       10027 
0575       10032 
0576       10036 
0577       10075 
0578       10094 
0579       10132 
0580       10150 
0581       10171 
0582       10177 
0583       10182 
0584       10205 
0585       10244 
0586       10259 
0587       10270 
0588       10271 
0589       10277 
0590       10323 
0591       10350 
0592       10358 
0593       10375 
0594       10403 
0595       10414 
0596       10430 
0597       10436 
0598       10470 
0599       10502 
0600       10502 
0601       10517 
0602       10561 
0603       10566 
0604       10591 
0605       10630 
0606       10652 
0607       10688 
0608       10713 
0609       10729 
0610       10757 
0611       10782 
0612       10801 
0613       10812 
0614       10873 
0615       10890 
0616       10930 
0617       10955 
0618       10977 
0619       10977 
0620       10938 
0621       10920 
0622       10916 
0623       7998 
0624       7967 
0625       5835 
0626       5604 
0627       5368 
0628       5207 
0629       5150 
0630       5128 
0631       5128 
0632       5136 
0633       5136 
0634       3082 
0635       3005 
0636       2943 
0637       2841 
0638       2732 
0639       2640 
0640       2527 
0641       2177 
0642       1960 
0643       1960 
0644       1960 
0645       1995 
0646       1995 
0647       1995 
0648       1951 
0649       1889 
0650       1847 
0651       1847 
0652       1844 
0653       1844 
0654       1848 
0655       1851 
0656       1866 
0657       1867 
0658       1874 
0659       1884 
0660       1887 
0661       1896 
0662       1920 
0663       1928 
0664       1931 
0665       1940 
0666       1940 
0667       1946 
0668       1964 
0669       1971 
0670       1983 
0671       1983 
0672       1983 
0673       1953 
0674       1846 
0675       1814 
0676       1786 
0677       1761 
0678       1751 
0679       1749 
0680       1745 
0681       1741 
0682       1737 
0683       1736 
0684       1735 
0685       1723 
0686       1722 
0687       1679 
0688       1603 
0689       1603 
0690       1603 
0691       1610 
0692       1686 
0693       1910 
0694       2304 
0695       2398 
0696       2420 
0697       2420 
0698       2421 
0699       2421 
0700       1913 
0701       1375 
0702       1375 
0703       1375 
0704       1395 
0705       1626 
0706       2500 
0707       2557 
0708       2581 
0709       2584 
0710       2595 
0711       2627 
0712       2655 
0713       2655 
0714       2660 
0715       2683 
0716       2683 
0717       2683 
0718       1140 
0719       1136 
0720       1136 
0721       1140 
0722       2747 
0723       2852 
0724       2867 
0725       2871 
0726       2894 
0727       2905 
0728       2939 
0729       2954 
0730       2993 
0731       3029 
0732       3053 
0733       3057 
0734       3082 
0735       3089 
0736       3110 
0737       3152 
0738       3185 
0739       3185 
0740       3185 
0741       924 
0742       886 
0743       886 
0744       886 
0745       886 
0746       875 
0747       873 
0748       873 
0749       873 
0750       881 
0751       902 
0752       902 
0753       903 
0754       965 
0755       977 
0756       3749 
0757       3791 
0758       3846 
0759       3878 
0760       3936 
0761       3952 
0762       4008 
0763       4028 
0764       4074 
0765       4124 
0766       4125 
0767       4125 
0768       4125 
0769       4125 
0770       4125 
0771       4137 
0772       4180 
0773       4222 
0774       4250 
0775       4310 
0776       4337 
0777       4378 
0778       11326 
0779       11446 
0780       11656 
0781       11656 
0782       11759 
0783       11856 
0784       11856 
0785       4211 
0786       4211 
0787       4211 
0788       13103 
0789       13292 
0790       13292 
0791       13547 
0792       13750 
0793       14260 
0794       14260 
0795       4211 
0796       1 
0797       1 
0798       1 
0799       1 
0800       1 
0801       1 
0802       1 
0803       1 
0804       1 
0805       1 
0806       1 
0807       1 
0808       4226 
0809       4238 
0810       4225 
0811       4225 
0812       4225 
0813       4216 
0814       4212 
0815       4212 
0816       4212 
0817       4219 
0818       4219 
0819       4219 
0820       1 
0821       1 
0822       1 
0823       1 
0824       1 
0825       1 
0826       1 
0827       1 
0828       4202 
0829       4202 
0830       4202 
0831       1 
0832       1 
0833       1 
0834       1 
0835       1 
0836       1 
0837       1 
0838       1 
0839       1 
0840       1 
0841       1 
0842       1 
0843       1 
0844       1 
0845       1 
0846       1 
0847       1 
0848       1 
0849       1 
0850       1 
0851       1 
0852       1 
0853       1 
0854       1 
0855       1 
0856       1 
0857       1 
0858       1 
0859       1 
0860       1 
0861       1 
0862       1 
0863       1 
0864       1 
0865       1 
0866       1 
0867       1 
0868       1 
0869       1 
0870       1 
0871       1 
0872       1 
0873       1 
0874       1 
0875       1 
0876       1 
0877       1 
0878       1 
0879       1 
0880       1 
0881       1 
0882       1 
0883       1 
0884       1 
0885       1 
0886       1 
0887       1 
0888       1 
0889       1 
0890       1 
0891       1 
0892       1 
0893       1 
0894       1 
0895       1 
0896       1 
0897       1 
0898       1 
0899       1 
0900       1 
0901       1 
0902       1 
0903       1 
0904       1 
0905       1 
0906       1 
0907       1 
0908       1 
0909       1 
0910       1 
0911       1 
0912       1 
0913       1 
0914       1 
0915       1 
0916       1 
0917       1 
0918       1 
0919       1 
0920       1 
0921       1 
0922       1 
0923       1 
0924       1 
0925       1 
0926       1 
0927       1 
0928       1 
0929       1 
0930       1 
0931       1 
0932       1 
0933       1 
0934       1 
0935       1 
0936       1 
0937       1 
0938       1 
0939       1 
0940       1 
0941       1 
0942       1 
0943       1 
0944       1 
0945       1 
0946       1 
0947       1 
0948       1 
0949       1 
0950       1 
0951       1 
0952       1 
0953       1 
0954       1 
0955       1 
0956       1 
0957       1 
0958       1 
0959       1 
0960       1 
0961       1 
0962       1 
0963       1 
0964       1 
0965       1 
0966       1 
0967       1 
0968       1 
0969       1 
0970       1 
0971       1 
0972       1 
0973       1 
0974       1 
0975       1 
0976       1 
0977       1 
0978       1 
0979       1 
0980       1 
0981       1 
0982       1 
0983       1 
0984       1 
0985       1 
0986       1 
0987       1 
0988       1 
0989       1 
0990       1 
0991       1 
0992       1 
0993       1 
0994       1 
0995       1 
0996       1 
0997       1 
0998       1 
0999       1 
1000       1 
1001       1 
1002       1 
1003       1 
1004       1 
1005       1 
1006       1 
1007       4 
1008       45 
1009       45 
1010       45 
1011       45 
1012       41 
1013       41 
1014       41 
1015       49 
1016       52 
1017       54 
1018       54 
1019       52 
1020       50 
1021       50 
1022       50 
1023       61 
1024       61 
1025       61 
1026       58 
1027       48 
1028       48 
1029       48 
1030       46 
1031       46 
1032       50 
1033       50 
1034       53 
1035       69 
1036       70 
1037       71 
1038       70 
1039       70 
1040       70 
1041       75 
1042       73 
1043       77 
1044       77 
1045       73 
1046       73 
1047       69 
1048       69 
1049       69 
1050       69 
1051       69 
1052       69 
1053       65 
1054       64 
1055       64 
1056       64 
1057       70 
1058       70 
1059       70 
1060       66 
1061       60 
1062       60 
1063       66 
1064       61 
1065       69 
1066       71 
1067       69 
1068       73 
1069       73 
1070       73 
1071       66 
1072       61 
1073       59 
1074       61 
1075       61 
1076       67 
1077       71 
1078       71 
1079       67 
1297966614.909840
