0000       1 
0001       1 
0002       1 
0003       1 
0004       1 
0005       1 
0006       1 
0007       1 
0008       1 
0009       1 
0010       1 
0011       1 
0012       1 
0013       1 
0014       1 
0015       1 
0016       1 
0017       1 
0018       1 
0019       1 
0020       1 
0021       1 
0022       1 
0023       1 
0024       1 
0025       1 
0026       1 
0027       1 
0028       1 
0029       1 
0030       1 
0031       1 
0032       1 
0033       1 
0034       1 
0035       1 
0036       1 
0037       1 
0038       1 
0039       1 
0040       1 
0041       1 
0042       1 
0043       1 
0044       1 
0045       1 
0046       1 
0047       1 
0048       1 
0049       1 
0050       1 
0051       1 
0052       1 
0053       1 
0054       1 
0055       1 
0056       1 
0057       1 
0058       1 
0059       1 
0060       1 
0061       1 
0062       1 
0063       1 
0064       1 
0065       15567 
0066       15567 
0067       1 
0068       1 
0069       1 
0070       1 
0071       1 
0072       1 
0073       1 
0074       1 
0075       1 
0076       1 
0077       1 
0078       1 
0079       1 
0080       1 
0081       1 
0082       1 
0083       1 
0084       1 
0085       1 
0086       1 
0087       1 
0088       1 
0089       1 
0090       1 
0091       1 
0092       1 
0093       1 
0094       1 
0095       1 
0096       1 
0097       1 
0098       1 
0099       1 
0100       1 
0101       1 
0102       1 
0103       1 
0104       1 
0105       1 
0106       1 
0107       1 
0108       1 
0109       1 
0110       1 
0111       1 
0112       1 
0113       1 
0114       1 
0115       1 
0116       1 
0117       1 
0118       1 
0119       1 
0120       1 
0121       1 
0122       1 
0123       1 
0124       1 
0125       1 
0126       1 
0127       1 
0128       1 
0129       1 
0130       1 
0131       1 
0132       1 
0133       1 
0134       1 
0135       1 
0136       1 
0137       1 
0138       1 
0139       1 
0140       1 
0141       4528 
0142       4540 
0143       4528 
0144       4528 
0145       4526 
0146       4520 
0147       4519 
0148       4519 
0149       4519 
0150       4517 
0151       4517 
0152       4511 
0153       4510 
0154       4508 
0155       4510 
0156       4509 
0157       4509 
0158       4502 
0159       4502 
0160       4492 
0161       4491 
0162       4490 
0163       4490 
0164       4490 
0165       4490 
0166       4494 
0167       4494 
0168       4494 
0169       4494 
0170       4494 
0171       4492 
0172       4489 
0173       4494 
0174       4494 
0175       4490 
0176       4490 
0177       4492 
0178       4490 
0179       4490 
0180       4490 
0181       4489 
0182       4489 
0183       4489 
0184       4490 
0185       4490 
0186       4492 
0187       4497 
0188       4502 
0189       4502 
0190       4502 
0191       4504 
0192       4506 
0193       4506 
0194       4506 
0195       4506 
0196       4506 
0197       4506 
0198       4506 
0199       4508 
0200       4515 
0201       4515 
0202       4520 
0203       4522 
0204       4522 
0205       4522 
0206       4529 
0207       4530 
0208       4532 
0209       4534 
0210       4539 
0211       4544 
0212       4545 
0213       4547 
0214       4548 
0215       4549 
0216       4553 
0217       4565 
0218       4566 
0219       4566 
0220       4574 
0221       4574 
0222       4583 
0223       4589 
0224       4593 
0225       4596 
0226       4598 
0227       4599 
0228       4606 
0229       4611 
0230       4611 
0231       4612 
0232       4632 
0233       4632 
0234       4632 
0235       4648 
0236       4650 
0237       4650 
0238       4659 
0239       4661 
0240       4667 
0241       4677 
0242       4684 
0243       4684 
0244       4684 
0245       4683 
0246       4656 
0247       4568 
0248       4483 
0249       4401 
0250       4293 
0251       4210 
0252       4140 
0253       4069 
0254       3984 
0255       3907 
0256       3859 
0257       3780 
0258       3718 
0259       3661 
0260       3611 
0261       3542 
0262       3481 
0263       3426 
0264       3373 
0265       3332 
0266       3289 
0267       3252 
0268       3207 
0269       3154 
0270       3113 
0271       3086 
0272       3048 
0273       3011 
0274       2973 
0275       2928 
0276       2899 
0277       2868 
0278       2832 
0279       2803 
0280       2763 
0281       2737 
0282       2695 
0283       2673 
0284       2650 
0285       2607 
0286       2586 
0287       2571 
0288       2533 
0289       2509 
0290       2484 
0291       2460 
0292       2435 
0293       2412 
0294       2394 
0295       2370 
0296       2338 
0297       2325 
0298       2309 
0299       2274 
0300       2258 
0301       2221 
0302       2218 
0303       2203 
0304       2181 
0305       2166 
0306       2145 
0307       2118 
0308       2107 
0309       2087 
0310       2071 
0311       2060 
0312       2036 
0313       2026 
0314       2000 
0315       1997 
0316       1972 
0317       1967 
0318       1952 
0319       1929 
0320       1913 
0321       1911 
0322       1890 
0323       1876 
0324       1859 
0325       1854 
0326       1844 
0327       1833 
0328       1806 
0329       1797 
0330       1774 
0331       1768 
0332       1762 
0333       1756 
0334       1749 
0335       1728 
0336       1714 
0337       1699 
0338       1694 
0339       1688 
0340       1686 
0341       1658 
0342       1657 
0343       1641 
0344       1638 
0345       1634 
0346       1617 
0347       1605 
0348       1602 
0349       1599 
0350       1586 
0351       1573 
0352       1570 
0353       1559 
0354       1547 
0355       1541 
0356       1535 
0357       1527 
0358       1524 
0359       1508 
0360       1508 
0361       1502 
0362       1500 
0363       1488 
0364       1478 
0365       1473 
0366       1461 
0367       1454 
0368       1453 
0369       1451 
0370       1435 
0371       1432 
0372       1420 
0373       1418 
0374       1410 
0375       1408 
0376       1399 
0377       1393 
0378       1379 
0379       1375 
0380       1375 
0381       1368 
0382       1367 
0383       1355 
0384       1347 
0385       1346 
0386       1340 
0387       1336 
0388       1329 
0389       1328 
0390       1322 
0391       1317 
0392       1311 
0393       1311 
0394       1293 
0395       1291 
0396       1290 
0397       1285 
0398       1285 
0399       1275 
0400       1274 
0401       1271 
0402       1269 
0403       1261 
0404       1254 
0405       1243 
0406       1242 
0407       1240 
0408       1234 
0409       1226 
0410       1226 
0411       1223 
0412       1222 
0413       1216 
0414       1214 
0415       1211 
0416       1208 
0417       1206 
0418       1193 
0419       1193 
0420       1183 
0421       1183 
0422       1179 
0423       1172 
0424       1172 
0425       1170 
0426       1167 
0427       1159 
0428       1152 
0429       1151 
0430       1151 
0431       1140 
0432       1140 
0433       1138 
0434       1127 
0435       1127 
0436       1127 
0437       1127 
0438       1127 
0439       1132 
0440       1121 
0441       1121 
0442       1117 
0443       1114 
0444       1108 
0445       1103 
0446       1103 
0447       1102 
0448       1101 
0449       1094 
0450       1093 
0451       1090 
0452       1083 
0453       1078 
0454       1078 
0455       1076 
0456       1076 
0457       1075 
0458       1074 
0459       1071 
0460       1064 
0461       1063 
0462       1063 
0463       1061 
0464       1059 
0465       1059 
0466       1052 
0467       1052 
0468       1050 
0469       1046 
0470       1046 
0471       1043 
0472       1041 
0473       1040 
0474       1040 
0475       1038 
0476       1038 
0477       1038 
0478       1038 
0479       1036 
0480       1027 
0481       1020 
0482       1020 
0483       1019 
0484       1019 
0485       1018 
0486       1017 
0487       1017 
0488       1017 
0489       1011 
0490       1010 
0491       1008 
0492       1007 
0493       1001 
0494       1000 
0495       1000 
0496       1000 
0497       1000 
0498       1000 
0499       998 
0500       998 
0501       994 
0502       994 
0503       994 
0504       996 
0505       996 
0506       996 
0507       996 
0508       993 
0509       992 
0510       991 
0511       988 
0512       988 
0513       986 
0514       986 
0515       986 
0516       986 
0517       985 
0518       980 
0519       979 
0520       979 
0521       979 
0522       979 
0523       979 
0524       975 
0525       975 
0526       976 
0527       975 
0528       975 
0529       974 
0530       972 
0531       972 
0532       972 
0533       974 
0534       972 
0535       973 
0536       973 
0537       973 
0538       973 
0539       973 
0540       974 
0541       974 
0542       974 
0543       974 
0544       974 
0545       974 
0546       974 
0547       974 
0548       971 
0549       967 
0550       967 
0551       967 
0552       965 
0553       971 
0554       971 
0555       974 
0556       971 
0557       971 
0558       971 
0559       976 
0560       976 
0561       976 
0562       978 
0563       976 
0564       976 
0565       973 
0566       973 
0567       973 
0568       976 
0569       976 
0570       976 
0571       971 
0572       971 
0573       969 
0574       971 
0575       973 
0576       973 
0577       978 
0578       978 
0579       978 
0580       974 
0581       974 
0582       974 
0583       974 
0584       974 
0585       975 
0586       975 
0587       972 
0588       967 
0589       939 
0590       912 
0591       900 
0592       893 
0593       893 
0594       894 
0595       893 
0596       894 
0597       897 
0598       904 
0599       925 
0600       978 
0601       978 
0602       986 
0603       987 
0604       997 
0605       997 
0606       998 
0607       998 
0608       1001 
0609       1001 
0610       1001 
0611       998 
0612       998 
0613       998 
0614       999 
0615       1010 
0616       1010 
0617       1010 
0618       1009 
0619       1009 
0620       1009 
0621       1010 
0622       1014 
0623       1015 
0624       1015 
0625       1015 
0626       1018 
0627       1018 
0628       1018 
0629       1022 
0630       1022 
0631       1022 
0632       1029 
0633       1029 
0634       1029 
0635       1030 
0636       1032 
0637       1035 
0638       1039 
0639       1039 
0640       1040 
0641       1040 
0642       1047 
0643       1049 
0644       1055 
0645       1055 
0646       1055 
0647       1055 
0648       1059 
0649       1059 
0650       1061 
0651       1065 
0652       1070 
0653       1070 
0654       1070 
0655       1077 
0656       1077 
0657       1077 
0658       1078 
0659       1084 
0660       1084 
0661       1086 
0662       1086 
0663       1086 
0664       1092 
0665       1092 
0666       1092 
0667       1099 
0668       1111 
0669       1111 
0670       1117 
0671       1117 
0672       1117 
0673       1117 
0674       1117 
0675       1125 
0676       1128 
0677       1133 
0678       1137 
0679       1137 
0680       1138 
0681       1138 
0682       1147 
0683       1152 
0684       1152 
0685       1152 
0686       1151 
0687       1151 
0688       1151 
0689       1158 
0690       1160 
0691       1169 
0692       1173 
0693       1174 
0694       1174 
0695       1185 
0696       1188 
0697       1193 
0698       1204 
0699       1204 
0700       1205 
0701       1205 
0702       1207 
0703       1219 
0704       1220 
0705       1229 
0706       1240 
0707       1241 
0708       1243 
0709       1250 
0710       1259 
0711       1259 
0712       1263 
0713       1264 
0714       1265 
0715       1270 
0716       1274 
0717       1275 
0718       1276 
0719       1287 
0720       1298 
0721       1307 
0722       1312 
0723       1313 
0724       1316 
0725       1321 
0726       1324 
0727       1326 
0728       1344 
0729       1346 
0730       1352 
0731       1354 
0732       1368 
0733       1368 
0734       1370 
0735       1370 
0736       1377 
0737       1388 
0738       1390 
0739       1398 
0740       1402 
0741       1404 
0742       1429 
0743       1436 
0744       1437 
0745       1440 
0746       1441 
0747       1460 
0748       1461 
0749       1465 
0750       1466 
0751       1480 
0752       1488 
0753       1489 
0754       1499 
0755       1507 
0756       1512 
0757       1528 
0758       1534 
0759       1535 
0760       1545 
0761       1556 
0762       1560 
0763       1574 
0764       1575 
0765       1585 
0766       1598 
0767       1606 
0768       1606 
0769       1622 
0770       1633 
0771       1644 
0772       1654 
0773       1670 
0774       1676 
0775       1681 
0776       1694 
0777       1705 
0778       1721 
0779       1735 
0780       1744 
0781       1752 
0782       1762 
0783       1774 
0784       1784 
0785       1794 
0786       1807 
0787       1829 
0788       1841 
0789       1850 
0790       1857 
0791       1879 
0792       1886 
0793       1914 
0794       1920 
0795       1924 
0796       1948 
0797       1961 
0798       1973 
0799       1984 
0800       1996 
0801       2016 
0802       2035 
0803       2050 
0804       2068 
0805       2079 
0806       2106 
0807       2111 
0808       2136 
0809       2150 
0810       2167 
0811       2183 
0812       2208 
0813       2227 
0814       2240 
0815       2269 
0816       2278 
0817       2300 
0818       2348 
0819       2361 
0820       2380 
0821       2407 
0822       2418 
0823       2451 
0824       2470 
0825       2503 
0826       2533 
0827       2571 
0828       2605 
0829       2618 
0830       2669 
0831       2708 
0832       2721 
0833       2781 
0834       2800 
0835       2867 
0836       2894 
0837       2950 
0838       3012 
0839       3083 
0840       3152 
0841       3244 
0842       3307 
0843       3385 
0844       3455 
0845       3560 
0846       3662 
0847       3767 
0848       3874 
0849       3977 
0850       4127 
0851       4209 
0852       4273 
0853       4442 
0854       4570 
0855       4614 
0856       4625 
0857       4625 
0858       4625 
0859       4639 
0860       4645 
0861       7820 
0862       8034 
0863       8211 
0864       8235 
0865       8235 
0866       8241 
0867       8211 
0868       6065 
0869       6012 
0870       6065 
0871       6073 
0872       6095 
0873       6099 
0874       6099 
0875       6109 
0876       16585 
0877       16585 
0878       16578 
0879       7601 
0880       7567 
0881       7567 
0882       7575 
0883       7575 
0884       7575 
0885       7575 
0886       9037 
0887       9054 
0888       9054 
0889       9054 
0890       9054 
0891       1 
0892       1 
0893       1 
0894       1 
0895       1 
0896       1 
0897       1 
0898       1 
0899       1 
0900       1 
0901       1 
0902       1 
0903       1 
0904       1 
0905       1 
0906       1 
0907       1 
0908       1 
0909       1 
0910       1 
0911       1 
0912       1 
0913       1 
0914       1 
0915       1 
0916       1 
0917       1 
0918       1 
0919       1 
0920       1 
0921       1 
0922       1 
0923       1 
0924       1 
0925       1 
0926       1 
0927       1 
0928       1 
0929       1 
0930       1 
0931       1 
0932       1 
0933       1 
0934       1 
0935       1 
0936       1 
0937       1 
0938       1 
0939       1 
0940       1 
0941       1 
0942       1 
0943       1 
0944       1 
0945       1 
0946       1 
0947       1 
0948       1 
0949       1 
0950       1 
0951       1 
0952       1 
0953       1 
0954       1 
0955       1 
0956       1 
0957       1 
0958       1 
0959       1 
0960       1 
0961       1 
0962       1 
0963       1 
0964       1 
0965       1 
0966       1 
0967       1 
0968       1 
0969       1 
0970       1 
0971       1 
0972       1 
0973       1 
0974       1 
0975       1 
0976       1 
0977       1 
0978       1 
0979       1 
0980       1 
0981       1 
0982       1 
0983       1 
0984       1 
0985       1 
0986       1 
0987       1 
0988       1 
0989       1 
0990       1 
0991       1 
0992       1 
0993       1 
0994       1 
0995       1 
0996       1 
0997       1 
0998       1 
0999       1 
1000       1 
1001       1 
1002       1 
1003       1 
1004       1 
1005       1 
1006       1 
1007       4 
1008       4 
1009       4 
1010       49 
1011       49 
1012       49 
1013       50 
1014       52 
1015       56 
1016       56 
1017       60 
1018       56 
1019       60 
1020       61 
1021       62 
1022       62 
1023       62 
1024       62 
1025       66 
1026       65 
1027       65 
1028       65 
1029       65 
1030       58 
1031       58 
1032       58 
1033       59 
1034       62 
1035       63 
1036       72 
1037       72 
1038       66 
1039       66 
1040       71 
1041       66 
1042       66 
1043       67 
1044       67 
1045       66 
1046       65 
1047       67 
1048       65 
1049       62 
1050       62 
1051       65 
1052       62 
1053       65 
1054       65 
1055       65 
1056       62 
1057       65 
1058       65 
1059       67 
1060       67 
1061       67 
1062       67 
1063       67 
1064       66 
1065       66 
1066       74 
1067       74 
1068       74 
1069       74 
1070       74 
1071       69 
1072       69 
1073       69 
1074       69 
1075       72 
1076       72 
1077       72 
1078       72 
1079       69 
1297966710.491839
