0000       1 
0001       1 
0002       1 
0003       1 
0004       1 
0005       1 
0006       1 
0007       1 
0008       1 
0009       1 
0010       1 
0011       1 
0012       1 
0013       1 
0014       1 
0015       1 
0016       1 
0017       1 
0018       1 
0019       1 
0020       1 
0021       1 
0022       1 
0023       1 
0024       1 
0025       1 
0026       1 
0027       1 
0028       1 
0029       1 
0030       1 
0031       1 
0032       1 
0033       1 
0034       1 
0035       1 
0036       1 
0037       1 
0038       1 
0039       1 
0040       1 
0041       1 
0042       1 
0043       1 
0044       1 
0045       1 
0046       1 
0047       1 
0048       1 
0049       1 
0050       1 
0051       1 
0052       1 
0053       1 
0054       1 
0055       1 
0056       1 
0057       1 
0058       1 
0059       1 
0060       1 
0061       1 
0062       1 
0063       1 
0064       1 
0065       1 
0066       1 
0067       1 
0068       1 
0069       1 
0070       1 
0071       1 
0072       1 
0073       1 
0074       1 
0075       1 
0076       1 
0077       1 
0078       1 
0079       1 
0080       1 
0081       1 
0082       1 
0083       1 
0084       1 
0085       1 
0086       1 
0087       1 
0088       1 
0089       1 
0090       1 
0091       1 
0092       1 
0093       1 
0094       1 
0095       1 
0096       1 
0097       1 
0098       1 
0099       1 
0100       1 
0101       1 
0102       1 
0103       1 
0104       1 
0105       1 
0106       1 
0107       1 
0108       1 
0109       1 
0110       1 
0111       1 
0112       1 
0113       1 
0114       1 
0115       1 
0116       1 
0117       1 
0118       1 
0119       1 
0120       1 
0121       1 
0122       1 
0123       1 
0124       1 
0125       1 
0126       1 
0127       1 
0128       1 
0129       1 
0130       1 
0131       1 
0132       1 
0133       1 
0134       1 
0135       21775 
0136       21775 
0137       21749 
0138       21650 
0139       1 
0140       1 
0141       1 
0142       21086 
0143       21194 
0144       21221 
0145       21271 
0146       21271 
0147       1 
0148       1 
0149       1 
0150       21440 
0151       21440 
0152       21424 
0153       21417 
0154       21389 
0155       21389 
0156       21382 
0157       21359 
0158       21354 
0159       15569 
0160       15558 
0161       15535 
0162       15525 
0163       15523 
0164       15513 
0165       15507 
0166       15504 
0167       15486 
0168       15479 
0169       15475 
0170       15467 
0171       15466 
0172       15466 
0173       15462 
0174       15454 
0175       15448 
0176       15447 
0177       15448 
0178       15447 
0179       15220 
0180       15218 
0181       15199 
0182       15199 
0183       15201 
0184       15205 
0185       15206 
0186       15213 
0187       15265 
0188       15265 
0189       15361 
0190       15699 
0191       15699 
0192       15691 
0193       15640 
0194       15589 
0195       15517 
0196       15453 
0197       15437 
0198       15404 
0199       15394 
0200       15394 
0201       15398 
0202       15398 
0203       15379 
0204       15379 
0205       15379 
0206       15355 
0207       15271 
0208       15243 
0209       15231 
0210       15231 
0211       15232 
0212       15234 
0213       15253 
0214       15253 
0215       15271 
0216       15267 
0217       15289 
0218       15287 
0219       15300 
0220       15287 
0221       14716 
0222       1 
0223       1 
0224       1 
0225       14716 
0226       15331 
0227       15345 
0228       15345 
0229       14799 
0230       1 
0231       1 
0232       1 
0233       14799 
0234       15419 
0235       15447 
0236       15523 
0237       15618 
0238       15621 
0239       15665 
0240       15671 
0241       15676 
0242       15684 
0243       15691 
0244       15728 
0245       15742 
0246       15766 
0247       15770 
0248       15775 
0249       15791 
0250       15835 
0251       15858 
0252       15864 
0253       15864 
0254       15823 
0255       15781 
0256       15781 
0257       15783 
0258       15811 
0259       15819 
0260       15838 
0261       15850 
0262       15885 
0263       15890 
0264       15937 
0265       15952 
0266       15977 
0267       15977 
0268       15867 
0269       15675 
0270       15867 
0271       16091 
0272       16116 
0273       16126 
0274       16126 
0275       16131 
0276       16181 
0277       16181 
0278       16235 
0279       16268 
0280       16318 
0281       16318 
0282       1 
0283       1 
0284       1 
0285       1 
0286       1 
0287       1 
0288       1 
0289       1 
0290       1 
0291       1 
0292       13683 
0293       13683 
0294       13623 
0295       13623 
0296       13648 
0297       13694 
0298       13723 
0299       13748 
0300       13777 
0301       13797 
0302       13838 
0303       13888 
0304       13908 
0305       13922 
0306       13949 
0307       13987 
0308       14024 
0309       14061 
0310       14103 
0311       14125 
0312       14152 
0313       14179 
0314       14179 
0315       1 
0316       1 
0317       1 
0318       1 
0319       1 
0320       1 
0321       1 
0322       1 
0323       12422 
0324       12437 
0325       12437 
0326       12367 
0327       12293 
0328       12185 
0329       12110 
0330       12031 
0331       11953 
0332       11866 
0333       11779 
0334       11719 
0335       11625 
0336       11558 
0337       11512 
0338       11442 
0339       11378 
0340       11316 
0341       11248 
0342       11177 
0343       11115 
0344       11043 
0345       10980 
0346       10911 
0347       10839 
0348       10768 
0349       10717 
0350       10664 
0351       10655 
0352       10655 
0353       10690 
0354       10727 
0355       10772 
0356       10805 
0357       10850 
0358       10855 
0359       10930 
0360       10955 
0361       11007 
0362       11064 
0363       11100 
0364       11133 
0365       11185 
0366       11210 
0367       11263 
0368       11318 
0369       11365 
0370       11418 
0371       11469 
0372       11519 
0373       11587 
0374       11668 
0375       11720 
0376       11738 
0377       11787 
0378       11843 
0379       11891 
0380       11944 
0381       11944 
0382       11888 
0383       11854 
0384       11853 
0385       11853 
0386       11820 
0387       11807 
0388       11781 
0389       11730 
0390       11686 
0391       11664 
0392       11624 
0393       11548 
0394       11525 
0395       11464 
0396       11436 
0397       11370 
0398       11337 
0399       11307 
0400       11251 
0401       11194 
0402       11155 
0403       11124 
0404       11044 
0405       11043 
0406       11014 
0407       10964 
0408       10942 
0409       10893 
0410       10831 
0411       10815 
0412       10791 
0413       10768 
0414       10724 
0415       10699 
0416       10661 
0417       10627 
0418       10566 
0419       10550 
0420       10550 
0421       10488 
0422       10465 
0423       10418 
0424       10366 
0425       10364 
0426       10360 
0427       10321 
0428       10298 
0429       10240 
0430       10234 
0431       10234 
0432       10234 
0433       10194 
0434       10186 
0435       10161 
0436       10134 
0437       10099 
0438       10080 
0439       10064 
0440       10042 
0441       10015 
0442       10007 
0443       9967 
0444       9933 
0445       9930 
0446       9888 
0447       9888 
0448       9853 
0449       9819 
0450       9816 
0451       9810 
0452       9779 
0453       9731 
0454       9724 
0455       9699 
0456       9690 
0457       9680 
0458       9672 
0459       9616 
0460       9612 
0461       9568 
0462       9568 
0463       9563 
0464       9541 
0465       9523 
0466       9518 
0467       9491 
0468       9462 
0469       9455 
0470       9420 
0471       6679 
0472       6679 
0473       6723 
0474       6737 
0475       6739 
0476       6739 
0477       6737 
0478       6714 
0479       6695 
0480       6695 
0481       6695 
0482       6671 
0483       6655 
0484       6651 
0485       6642 
0486       6638 
0487       6634 
0488       6621 
0489       6615 
0490       6607 
0491       6596 
0492       6576 
0493       6575 
0494       6557 
0495       6537 
0496       6537 
0497       6537 
0498       6532 
0499       6530 
0500       6519 
0501       6516 
0502       6511 
0503       6505 
0504       6492 
0505       6470 
0506       6442 
0507       6442 
0508       6450 
0509       6463 
0510       6463 
0511       6451 
0512       6442 
0513       6437 
0514       6437 
0515       6431 
0516       6424 
0517       6392 
0518       6363 
0519       6363 
0520       6380 
0521       6399 
0522       6399 
0523       6392 
0524       6382 
0525       6377 
0526       6372 
0527       6368 
0528       6358 
0529       6344 
0530       6318 
0531       6318 
0532       6322 
0533       6330 
0534       6337 
0535       6330 
0536       6328 
0537       6326 
0538       6326 
0539       6311 
0540       6310 
0541       6291 
0542       6277 
0543       6276 
0544       6276 
0545       6301 
0546       6301 
0547       6299 
0548       6292 
0549       6292 
0550       6290 
0551       6297 
0552       6292 
0553       6292 
0554       6268 
0555       6267 
0556       6267 
0557       6280 
0558       6299 
0559       6299 
0560       6302 
0561       6303 
0562       6306 
0563       6306 
0564       6302 
0565       6302 
0566       6277 
0567       6268 
0568       6268 
0569       6283 
0570       6305 
0571       6305 
0572       6305 
0573       6306 
0574       6310 
0575       6311 
0576       6314 
0577       6311 
0578       6307 
0579       6281 
0580       6281 
0581       6306 
0582       6312 
0583       6325 
0584       6333 
0585       6335 
0586       6336 
0587       6339 
0588       6342 
0589       6346 
0590       6346 
0591       6327 
0592       6327 
0593       6327 
0594       6362 
0595       6369 
0596       6370 
0597       6374 
0598       6374 
0599       6377 
0600       6390 
0601       6392 
0602       6392 
0603       6386 
0604       6377 
0605       6377 
0606       6406 
0607       6427 
0608       6429 
0609       6430 
0610       6433 
0611       6445 
0612       6459 
0613       6462 
0614       6459 
0615       6445 
0616       6445 
0617       6452 
0618       6475 
0619       6488 
0620       6494 
0621       6506 
0622       6512 
0623       6522 
0624       6533 
0625       6549 
0626       6549 
0627       6551 
0628       6552 
0629       6570 
0630       6583 
0631       6590 
0632       6596 
0633       6611 
0634       6629 
0635       6631 
0636       6644 
0637       6644 
0638       6643 
0639       6643 
0640       6665 
0641       6694 
0642       6709 
0643       6722 
0644       6724 
0645       6728 
0646       6731 
0647       6763 
0648       6763 
0649       6773 
0650       6773 
0651       6799 
0652       6818 
0653       6819 
0654       6836 
0655       6857 
0656       6875 
0657       6882 
0658       6882 
0659       6882 
0660       6882 
0661       6917 
0662       6962 
0663       6973 
0664       6989 
0665       6998 
0666       7004 
0667       7026 
0668       7043 
0669       7043 
0670       7048 
0671       7070 
0672       7113 
0673       7122 
0674       7135 
0675       7151 
0676       7167 
0677       7206 
0678       7206 
0679       7206 
0680       7206 
0681       7237 
0682       7264 
0683       7304 
0684       7324 
0685       7339 
0686       7362 
0687       7368 
0688       7371 
0689       7371 
0690       7441 
0691       7469 
0692       7475 
0693       7506 
0694       7520 
0695       7539 
0696       7551 
0697       7556 
0698       7557 
0699       7631 
0700       7653 
0701       7678 
0702       7690 
0703       7726 
0704       7750 
0705       7754 
0706       7760 
0707       7819 
0708       7855 
0709       7882 
0710       7896 
0711       7939 
0712       7945 
0713       7951 
0714       7955 
0715       8039 
0716       8081 
0717       8100 
0718       8138 
0719       8158 
0720       8168 
0721       8171 
0722       8229 
0723       8276 
0724       8302 
0725       8329 
0726       8371 
0727       8384 
0728       8397 
0729       8417 
0730       8419 
0731       11607 
0732       11662 
0733       11695 
0734       11716 
0735       11750 
0736       11750 
0737       11750 
0738       11759 
0739       11759 
0740       1 
0741       1 
0742       1 
0743       1 
0744       1 
0745       6957 
0746       6962 
0747       6988 
0748       7022 
0749       7047 
0750       7095 
0751       7133 
0752       7138 
0753       7194 
0754       7258 
0755       7260 
0756       7305 
0757       7355 
0758       7366 
0759       7372 
0760       7417 
0761       7456 
0762       7501 
0763       7541 
0764       7541 
0765       7420 
0766       3459 
0767       3459 
0768       3458 
0769       3459 
0770       3462 
0771       3466 
0772       3466 
0773       3472 
0774       3478 
0775       3485 
0776       3487 
0777       3526 
0778       3527 
0779       3533 
0780       3546 
0781       3552 
0782       3583 
0783       3591 
0784       3598 
0785       3630 
0786       3630 
0787       3630 
0788       3602 
0789       3517 
0790       3405 
0791       3211 
0792       3060 
0793       3060 
0794       3060 
0795       3066 
0796       3075 
0797       3093 
0798       3094 
0799       3100 
0800       3115 
0801       3126 
0802       3140 
0803       3151 
0804       3166 
0805       3177 
0806       3184 
0807       3193 
0808       3229 
0809       3245 
0810       3289 
0811       3292 
0812       3294 
0813       3316 
0814       3355 
0815       3374 
0816       3403 
0817       3426 
0818       3444 
0819       3481 
0820       3535 
0821       3541 
0822       3590 
0823       3610 
0824       3640 
0825       3686 
0826       3719 
0827       3769 
0828       3804 
0829       3845 
0830       3898 
0831       3955 
0832       4029 
0833       4092 
0834       4166 
0835       4193 
0836       4275 
0837       5830 
0838       5830 
0839       5813 
0840       5787 
0841       5757 
0842       5735 
0843       5698 
0844       5692 
0845       5662 
0846       5650 
0847       5633 
0848       5596 
0849       5581 
0850       5570 
0851       5554 
0852       5524 
0853       5485 
0854       5485 
0855       5465 
0856       5434 
0857       5423 
0858       5385 
0859       5382 
0860       5361 
0861       5348 
0862       5298 
0863       5262 
0864       5262 
0865       5251 
0866       5256 
0867       5256 
0868       5316 
0869       5390 
0870       5512 
0871       5593 
0872       5680 
0873       5680 
0874       5633 
0875       5592 
0876       5551 
0877       5550 
0878       5550 
0879       5558 
0880       5558 
0881       5533 
0882       5532 
0883       5530 
0884       5530 
0885       5515 
0886       5513 
0887       5515 
0888       5512 
0889       5494 
0890       5494 
0891       5497 
0892       5497 
0893       5519 
0894       5480 
0895       5487 
0896       5487 
0897       5491 
0898       5491 
0899       5479 
0900       5461 
0901       5461 
0902       5473 
0903       5473 
0904       5475 
0905       5485 
0906       5485 
0907       5471 
0908       5467 
0909       5220 
0910       1 
0911       1 
0912       1 
0913       1 
0914       1 
0915       1 
0916       1 
0917       1 
0918       1 
0919       1 
0920       1 
0921       1 
0922       1 
0923       1 
0924       1 
0925       1 
0926       1 
0927       1 
0928       1 
0929       1 
0930       1 
0931       1 
0932       1 
0933       1 
0934       1 
0935       1 
0936       1 
0937       1 
0938       1 
0939       1 
0940       1 
0941       1 
0942       1 
0943       1 
0944       1 
0945       1 
0946       1 
0947       1 
0948       1 
0949       1 
0950       1 
0951       1 
0952       1 
0953       1 
0954       1 
0955       1 
0956       1 
0957       1 
0958       1 
0959       1 
0960       1 
0961       1 
0962       1 
0963       1 
0964       1 
0965       1 
0966       1 
0967       1 
0968       1 
0969       1 
0970       1 
0971       1 
0972       1 
0973       1 
0974       1 
0975       1 
0976       1 
0977       1 
0978       1 
0979       1 
0980       1 
0981       1 
0982       1 
0983       1 
0984       1 
0985       1 
0986       1 
0987       1 
0988       1 
0989       1 
0990       1 
0991       1 
0992       1 
0993       1 
0994       1 
0995       1 
0996       1 
0997       1 
0998       1 
0999       1 
1000       1 
1001       1 
1002       1 
1003       1 
1004       1 
1005       1 
1006       1 
1007       4 
1008       4 
1009       4 
1010       41 
1011       41 
1012       41 
1013       41 
1014       43 
1015       43 
1016       49 
1017       49 
1018       49 
1019       49 
1020       53 
1021       53 
1022       53 
1023       62 
1024       62 
1025       64 
1026       64 
1027       64 
1028       59 
1029       59 
1030       54 
1031       52 
1032       52 
1033       52 
1034       58 
1035       66 
1036       66 
1037       66 
1038       69 
1039       69 
1040       69 
1041       72 
1042       72 
1043       77 
1044       77 
1045       70 
1046       70 
1047       65 
1048       65 
1049       63 
1050       66 
1051       66 
1052       66 
1053       66 
1054       67 
1055       67 
1056       66 
1057       62 
1058       62 
1059       62 
1060       68 
1061       68 
1062       68 
1063       65 
1064       64 
1065       64 
1066       65 
1067       66 
1068       66 
1069       66 
1070       69 
1071       69 
1072       69 
1073       69 
1074       69 
1075       68 
1076       68 
1077       68 
1078       68 
1079       66 
1297966679.118876
