0000       1 
0001       1 
0002       1 
0003       1 
0004       1 
0005       1 
0006       1 
0007       1 
0008       1 
0009       1 
0010       1 
0011       1 
0012       1 
0013       1 
0014       1 
0015       1 
0016       1 
0017       1 
0018       1 
0019       1 
0020       1 
0021       1 
0022       1 
0023       1 
0024       1 
0025       1 
0026       1 
0027       1 
0028       1 
0029       1 
0030       1 
0031       1 
0032       1 
0033       1 
0034       1 
0035       1 
0036       1 
0037       1 
0038       1 
0039       1 
0040       1 
0041       1 
0042       1 
0043       1 
0044       1 
0045       1 
0046       1 
0047       1 
0048       1 
0049       1 
0050       1 
0051       1 
0052       1 
0053       1 
0054       1 
0055       1 
0056       1 
0057       1 
0058       1 
0059       1 
0060       1 
0061       1 
0062       1 
0063       1 
0064       1 
0065       1 
0066       1 
0067       1 
0068       1 
0069       1 
0070       1 
0071       1 
0072       1 
0073       1 
0074       1 
0075       1 
0076       1 
0077       1 
0078       1 
0079       1 
0080       1 
0081       1 
0082       1 
0083       1 
0084       1 
0085       1 
0086       1 
0087       1 
0088       1 
0089       1 
0090       1 
0091       1 
0092       1 
0093       1 
0094       1 
0095       1 
0096       1 
0097       1 
0098       1 
0099       1 
0100       1 
0101       1 
0102       1 
0103       1 
0104       1 
0105       1 
0106       1 
0107       1 
0108       1 
0109       1 
0110       1 
0111       1 
0112       1 
0113       1 
0114       1 
0115       1 
0116       1 
0117       1 
0118       1 
0119       1 
0120       1 
0121       1 
0122       1 
0123       1 
0124       1 
0125       1 
0126       1 
0127       1 
0128       1 
0129       1 
0130       1 
0131       1 
0132       1 
0133       1 
0134       1 
0135       1 
0136       1 
0137       1 
0138       1 
0139       1 
0140       1 
0141       1 
0142       1 
0143       1 
0144       1 
0145       1 
0146       1 
0147       1 
0148       1 
0149       1 
0150       1 
0151       1 
0152       1 
0153       1 
0154       1 
0155       1 
0156       1 
0157       1 
0158       1 
0159       1 
0160       1 
0161       1 
0162       1 
0163       1 
0164       1 
0165       1 
0166       1 
0167       1 
0168       1 
0169       1 
0170       1 
0171       1 
0172       1 
0173       1 
0174       1 
0175       1 
0176       1 
0177       1 
0178       1 
0179       1 
0180       1 
0181       1 
0182       1 
0183       1 
0184       1 
0185       1 
0186       1 
0187       1 
0188       1 
0189       1 
0190       1 
0191       1 
0192       1 
0193       1 
0194       1 
0195       1 
0196       1 
0197       1 
0198       1 
0199       1 
0200       1 
0201       1 
0202       1 
0203       1 
0204       1 
0205       1 
0206       1 
0207       1 
0208       1 
0209       1 
0210       1 
0211       1 
0212       1 
0213       1 
0214       1 
0215       1 
0216       1 
0217       1 
0218       1 
0219       1 
0220       1 
0221       1 
0222       1 
0223       1 
0224       1 
0225       1 
0226       1 
0227       1 
0228       1 
0229       1 
0230       1 
0231       1 
0232       1 
0233       1 
0234       1 
0235       1 
0236       1 
0237       19390 
0238       19390 
0239       1 
0240       1 
0241       1 
0242       1 
0243       1 
0244       1 
0245       1 
0246       1 
0247       1 
0248       1 
0249       1 
0250       1 
0251       1 
0252       1 
0253       1 
0254       1 
0255       1 
0256       1 
0257       1 
0258       1 
0259       1 
0260       1 
0261       1 
0262       1 
0263       1 
0264       1 
0265       1 
0266       1 
0267       1 
0268       1 
0269       13497 
0270       13497 
0271       13497 
0272       13392 
0273       13060 
0274       1 
0275       1 
0276       1 
0277       1 
0278       1 
0279       12411 
0280       12411 
0281       12336 
0282       12172 
0283       12172 
0284       12008 
0285       11911 
0286       11911 
0287       11829 
0288       11711 
0289       11659 
0290       11595 
0291       11459 
0292       11400 
0293       11309 
0294       11267 
0295       11176 
0296       11078 
0297       11004 
0298       10925 
0299       10854 
0300       10740 
0301       10729 
0302       10614 
0303       10581 
0304       10503 
0305       10437 
0306       10381 
0307       10322 
0308       10255 
0309       10183 
0310       10159 
0311       10065 
0312       10018 
0313       9940 
0314       9871 
0315       9846 
0316       9759 
0317       9714 
0318       9656 
0319       9628 
0320       9565 
0321       9464 
0322       9438 
0323       9408 
0324       9315 
0325       9270 
0326       9211 
0327       9206 
0328       9141 
0329       9115 
0330       9033 
0331       9009 
0332       8943 
0333       8922 
0334       8896 
0335       8854 
0336       8805 
0337       8790 
0338       8705 
0339       8675 
0340       8618 
0341       8578 
0342       8563 
0343       8517 
0344       8492 
0345       8436 
0346       8404 
0347       8371 
0348       8323 
0349       8297 
0350       8263 
0351       8239 
0352       8179 
0353       8163 
0354       8137 
0355       8085 
0356       8064 
0357       8034 
0358       7986 
0359       7970 
0360       7916 
0361       7877 
0362       7849 
0363       7818 
0364       7782 
0365       7757 
0366       7717 
0367       7715 
0368       7671 
0369       7637 
0370       7611 
0371       7610 
0372       7601 
0373       7549 
0374       7518 
0375       7509 
0376       7471 
0377       7440 
0378       7425 
0379       7424 
0380       7365 
0381       7330 
0382       7327 
0383       7294 
0384       7281 
0385       7267 
0386       7221 
0387       7220 
0388       7181 
0389       7166 
0390       7153 
0391       7134 
0392       7093 
0393       7080 
0394       7068 
0395       7050 
0396       7028 
0397       6989 
0398       6960 
0399       6957 
0400       6931 
0401       6926 
0402       6898 
0403       6873 
0404       6864 
0405       6845 
0406       6826 
0407       6813 
0408       6802 
0409       6772 
0410       6763 
0411       6738 
0412       6734 
0413       6717 
0414       6707 
0415       6683 
0416       6663 
0417       6649 
0418       6644 
0419       6610 
0420       6609 
0421       6591 
0422       6565 
0423       6565 
0424       6565 
0425       6558 
0426       6535 
0427       6518 
0428       6501 
0429       6479 
0430       6463 
0431       6459 
0432       6436 
0433       6433 
0434       6433 
0435       6418 
0436       6403 
0437       6390 
0438       6384 
0439       6374 
0440       6349 
0441       6331 
0442       6324 
0443       6315 
0444       6310 
0445       6298 
0446       6289 
0447       6265 
0448       6256 
0449       6252 
0450       6239 
0451       6234 
0452       6228 
0453       6228 
0454       6214 
0455       6210 
0456       6202 
0457       6183 
0458       6178 
0459       6153 
0460       6160 
0461       6153 
0462       6140 
0463       6133 
0464       6125 
0465       6125 
0466       6110 
0467       6100 
0468       6094 
0469       6092 
0470       6090 
0471       6075 
0472       6081 
0473       6067 
0474       6070 
0475       6061 
0476       6042 
0477       6037 
0478       6037 
0479       6037 
0480       6028 
0481       6015 
0482       6015 
0483       6013 
0484       6006 
0485       5997 
0486       5989 
0487       5968 
0488       5963 
0489       5962 
0490       5955 
0491       5934 
0492       5829 
0493       5744 
0494       5743 
0495       5733 
0496       5720 
0497       5705 
0498       5700 
0499       5700 
0500       5753 
0501       5901 
0502       6185 
0503       6450 
0504       6698 
0505       7019 
0506       7384 
0507       7723 
0508       8067 
0509       8396 
0510       8535 
0511       8543 
0512       8543 
0513       8550 
0514       8550 
0515       8541 
0516       8532 
0517       8532 
0518       8535 
0519       8541 
0520       8547 
0521       8547 
0522       8544 
0523       8532 
0524       8544 
0525       8546 
0526       8546 
0527       8539 
0528       8539 
0529       8539 
0530       8539 
0531       8541 
0532       8535 
0533       8533 
0534       8532 
0535       8532 
0536       8547 
0537       8547 
0538       8553 
0539       8558 
0540       8561 
0541       8622 
0542       8702 
0543       8713 
0544       8705 
0545       8720 
0546       8723 
0547       8723 
0548       8719 
0549       8719 
0550       8720 
0551       8746 
0552       8748 
0553       8750 
0554       8756 
0555       8760 
0556       8765 
0557       8765 
0558       8785 
0559       8785 
0560       8786 
0561       8786 
0562       8794 
0563       8794 
0564       8794 
0565       8800 
0566       8817 
0567       8821 
0568       8835 
0569       8839 
0570       8848 
0571       8853 
0572       8861 
0573       8867 
0574       8869 
0575       8893 
0576       8915 
0577       8915 
0578       8918 
0579       8918 
0580       8918 
0581       8934 
0582       8934 
0583       8946 
0584       8946 
0585       8962 
0586       8994 
0587       9006 
0588       9006 
0589       9017 
0590       9029 
0591       9030 
0592       9048 
0593       9061 
0594       9091 
0595       9091 
0596       9091 
0597       9108 
0598       9131 
0599       9132 
0600       9145 
0601       9152 
0602       9165 
0603       9173 
0604       9201 
0605       9218 
0606       9218 
0607       9224 
0608       9224 
0609       9244 
0610       9269 
0611       9290 
0612       9298 
0613       9325 
0614       9337 
0615       9358 
0616       9383 
0617       9383 
0618       9383 
0619       9410 
0620       9435 
0621       9443 
0622       9463 
0623       9474 
0624       9481 
0625       9517 
0626       9537 
0627       9548 
0628       9576 
0629       9577 
0630       9600 
0631       9601 
0632       9657 
0633       9663 
0634       9683 
0635       9710 
0636       9715 
0637       9751 
0638       9757 
0639       9782 
0640       9797 
0641       9845 
0642       9853 
0643       9890 
0644       9898 
0645       9922 
0646       9936 
0647       9967 
0648       9979 
0649       9998 
0650       10024 
0651       10075 
0652       10077 
0653       10111 
0654       10144 
0655       10173 
0656       10185 
0657       10205 
0658       10236 
0659       10259 
0660       10295 
0661       10302 
0662       10332 
0663       10343 
0664       10404 
0665       10440 
0666       10458 
0667       10511 
0668       10515 
0669       10582 
0670       10625 
0671       10626 
0672       10669 
0673       10681 
0674       10744 
0675       10804 
0676       10810 
0677       10888 
0678       10895 
0679       10932 
0680       10942 
0681       10995 
0682       11044 
0683       11113 
0684       11123 
0685       11183 
0686       11214 
0687       11267 
0688       11298 
0689       11353 
0690       11357 
0691       11441 
0692       11473 
0693       11525 
0694       11561 
0695       11621 
0696       11685 
0697       11714 
0698       11790 
0699       11829 
0700       11852 
0701       11912 
0702       11956 
0703       12022 
0704       12052 
0705       12099 
0706       12185 
0707       12218 
0708       12308 
0709       12353 
0710       12428 
0711       12456 
0712       12525 
0713       12572 
0714       12648 
0715       12683 
0716       12745 
0717       12822 
0718       12860 
0719       12922 
0720       12988 
0721       13091 
0722       13117 
0723       13184 
0724       13204 
0725       13330 
0726       13363 
0727       13423 
0728       13465 
0729       13587 
0730       13664 
0731       13738 
0732       13788 
0733       13891 
0734       13951 
0735       13999 
0736       14089 
0737       14180 
0738       14263 
0739       14359 
0740       14428 
0741       14510 
0742       14576 
0743       14693 
0744       14744 
0745       14831 
0746       14930 
0747       15003 
0748       15080 
0749       15210 
0750       15287 
0751       15388 
0752       15514 
0753       15585 
0754       15706 
0755       15796 
0756       15944 
0757       16024 
0758       16125 
0759       16245 
0760       16362 
0761       16499 
0762       16598 
0763       16737 
0764       16873 
0765       16961 
0766       17102 
0767       17247 
0768       17346 
0769       17518 
0770       17632 
0771       17775 
0772       17873 
0773       18076 
0774       18196 
0775       18354 
0776       18508 
0777       18647 
0778       18843 
0779       19031 
0780       19199 
0781       19391 
0782       19518 
0783       19646 
0784       19855 
0785       20060 
0786       20190 
0787       20391 
0788       20590 
0789       20802 
0790       20995 
0791       21124 
0792       21124 
0793       21124 
0794       1 
0795       1 
0796       1 
0797       1 
0798       1 
0799       1 
0800       1 
0801       1 
0802       1 
0803       1 
0804       1 
0805       1 
0806       1 
0807       1 
0808       1 
0809       1 
0810       1 
0811       1 
0812       1 
0813       1 
0814       1 
0815       1 
0816       1 
0817       1 
0818       1 
0819       1 
0820       1 
0821       1 
0822       1 
0823       1 
0824       1 
0825       1 
0826       1 
0827       1 
0828       1 
0829       1 
0830       1 
0831       1 
0832       1 
0833       1 
0834       1 
0835       1 
0836       1 
0837       1 
0838       1 
0839       1 
0840       1 
0841       1 
0842       1 
0843       1 
0844       1 
0845       1 
0846       1 
0847       1 
0848       1 
0849       1 
0850       1 
0851       1 
0852       1 
0853       1 
0854       1 
0855       1 
0856       1 
0857       1 
0858       1 
0859       1 
0860       1 
0861       1 
0862       1 
0863       1 
0864       1 
0865       1 
0866       1 
0867       1 
0868       1 
0869       1 
0870       1 
0871       1 
0872       1 
0873       1 
0874       1 
0875       1 
0876       1 
0877       1 
0878       1 
0879       1 
0880       1 
0881       1 
0882       1 
0883       1 
0884       1 
0885       1 
0886       1 
0887       1 
0888       1 
0889       1 
0890       1 
0891       1 
0892       1 
0893       1 
0894       1 
0895       1 
0896       1 
0897       1 
0898       1 
0899       1 
0900       1 
0901       1 
0902       1 
0903       1 
0904       1 
0905       1 
0906       1 
0907       1 
0908       1 
0909       1 
0910       1 
0911       1 
0912       1 
0913       1 
0914       1 
0915       1 
0916       1 
0917       1 
0918       1 
0919       1 
0920       1 
0921       1 
0922       1 
0923       1 
0924       1 
0925       1 
0926       1 
0927       1 
0928       1 
0929       1 
0930       1 
0931       1 
0932       1 
0933       1 
0934       1 
0935       1 
0936       1 
0937       1 
0938       1 
0939       1 
0940       1 
0941       1 
0942       1 
0943       1 
0944       1 
0945       1 
0946       1 
0947       1 
0948       1 
0949       1 
0950       1 
0951       1 
0952       1 
0953       1 
0954       1 
0955       1 
0956       1 
0957       1 
0958       1 
0959       1 
0960       1 
0961       1 
0962       1 
0963       1 
0964       1 
0965       1 
0966       1 
0967       1 
0968       1 
0969       1 
0970       1 
0971       1 
0972       1 
0973       1 
0974       1 
0975       1 
0976       1 
0977       1 
0978       1 
0979       1 
0980       1 
0981       1 
0982       1 
0983       1 
0984       1 
0985       1 
0986       1 
0987       1 
0988       1 
0989       1 
0990       1 
0991       1 
0992       1 
0993       1 
0994       1 
0995       1 
0996       1 
0997       1 
0998       1 
0999       1 
1000       1 
1001       1 
1002       1 
1003       1 
1004       1 
1005       1 
1006       1 
1007       1 
1008       4 
1009       4 
1010       41 
1011       45 
1012       57 
1013       45 
1014       45 
1015       4 
1016       4 
1017       4 
1018       4 
1019       51 
1020       55 
1021       55 
1022       53 
1023       53 
1024       53 
1025       53 
1026       56 
1027       65 
1028       65 
1029       56 
1030       49 
1031       49 
1032       49 
1033       54 
1034       64 
1035       73 
1036       73 
1037       70 
1038       73 
1039       70 
1040       70 
1041       70 
1042       68 
1043       68 
1044       67 
1045       67 
1046       65 
1047       65 
1048       65 
1049       63 
1050       62 
1051       61 
1052       61 
1053       61 
1054       68 
1055       68 
1056       68 
1057       68 
1058       68 
1059       72 
1060       65 
1061       70 
1062       70 
1063       65 
1064       65 
1065       67 
1066       66 
1067       66 
1068       66 
1069       65 
1070       65 
1071       65 
1072       65 
1073       66 
1074       68 
1075       66 
1076       65 
1077       71 
1078       67 
1079       65 
1297966639.803711
