0000       1 
0001       1 
0002       1 
0003       1 
0004       1 
0005       1 
0006       1 
0007       1 
0008       1 
0009       1 
0010       1 
0011       1 
0012       1 
0013       1 
0014       1 
0015       1 
0016       1 
0017       1 
0018       1 
0019       1 
0020       1 
0021       1 
0022       1 
0023       1 
0024       1 
0025       1 
0026       1 
0027       1 
0028       1 
0029       1 
0030       1 
0031       1 
0032       1 
0033       1 
0034       1 
0035       1 
0036       1 
0037       1 
0038       1 
0039       1 
0040       1 
0041       1 
0042       1 
0043       1 
0044       1 
0045       1 
0046       1 
0047       1 
0048       1 
0049       1 
0050       1 
0051       1 
0052       1 
0053       1 
0054       1 
0055       1 
0056       1 
0057       1 
0058       1 
0059       1 
0060       1 
0061       1 
0062       1 
0063       1 
0064       1 
0065       1 
0066       1 
0067       1 
0068       1 
0069       1 
0070       1 
0071       1 
0072       1 
0073       1 
0074       1 
0075       1 
0076       1 
0077       1 
0078       1 
0079       1 
0080       1 
0081       1 
0082       1 
0083       1 
0084       1 
0085       1 
0086       1 
0087       1 
0088       1 
0089       1 
0090       1 
0091       1 
0092       1 
0093       1 
0094       1 
0095       1 
0096       1 
0097       1 
0098       1 
0099       1 
0100       1 
0101       1 
0102       1 
0103       1 
0104       1 
0105       1 
0106       1 
0107       1 
0108       1 
0109       1 
0110       1 
0111       1 
0112       1 
0113       1 
0114       1 
0115       1 
0116       1 
0117       1 
0118       1 
0119       1 
0120       1 
0121       1 
0122       1 
0123       1 
0124       1 
0125       1 
0126       1 
0127       1 
0128       1 
0129       1 
0130       1 
0131       1 
0132       1 
0133       1 
0134       1 
0135       1 
0136       1 
0137       1 
0138       1 
0139       1 
0140       1 
0141       1 
0142       1 
0143       1 
0144       1 
0145       1 
0146       1 
0147       1 
0148       1 
0149       1 
0150       1 
0151       1 
0152       1 
0153       1 
0154       1 
0155       1 
0156       1 
0157       1 
0158       1 
0159       1 
0160       1 
0161       1 
0162       1 
0163       1 
0164       1 
0165       1 
0166       1 
0167       1 
0168       1 
0169       1 
0170       1 
0171       1 
0172       1 
0173       1 
0174       1 
0175       1 
0176       1 
0177       1 
0178       1 
0179       1 
0180       1 
0181       1 
0182       1 
0183       1 
0184       1 
0185       1 
0186       1 
0187       1 
0188       1 
0189       1 
0190       1 
0191       1 
0192       1 
0193       1 
0194       1 
0195       1 
0196       1 
0197       1 
0198       1 
0199       1 
0200       1 
0201       1 
0202       1 
0203       1 
0204       1 
0205       1 
0206       1 
0207       1 
0208       1 
0209       1 
0210       1 
0211       1 
0212       1 
0213       1 
0214       1 
0215       1 
0216       1 
0217       1 
0218       1 
0219       1 
0220       1 
0221       1 
0222       1 
0223       1 
0224       1 
0225       1 
0226       1 
0227       1 
0228       1 
0229       1 
0230       1 
0231       1 
0232       1 
0233       1 
0234       1 
0235       1 
0236       1 
0237       1 
0238       1 
0239       1 
0240       1 
0241       1 
0242       1 
0243       1 
0244       1 
0245       1 
0246       1 
0247       1 
0248       1 
0249       1 
0250       1 
0251       1 
0252       1 
0253       1 
0254       1 
0255       1 
0256       1 
0257       1 
0258       1 
0259       1 
0260       1 
0261       15217 
0262       15255 
0263       15255 
0264       15211 
0265       1 
0266       1 
0267       1 
0268       1 
0269       1 
0270       1 
0271       1 
0272       1 
0273       1 
0274       1 
0275       1 
0276       1 
0277       1 
0278       1 
0279       1 
0280       1 
0281       1 
0282       1 
0283       1 
0284       1 
0285       1 
0286       1 
0287       1 
0288       1 
0289       1 
0290       11758 
0291       11758 
0292       11758 
0293       11752 
0294       11717 
0295       11599 
0296       11556 
0297       11444 
0298       11359 
0299       11283 
0300       11186 
0301       11104 
0302       11059 
0303       10953 
0304       10880 
0305       10805 
0306       10705 
0307       10676 
0308       10574 
0309       10508 
0310       10467 
0311       10355 
0312       10323 
0313       10266 
0314       10201 
0315       10141 
0316       10067 
0317       10035 
0318       9946 
0319       9901 
0320       9850 
0321       9802 
0322       9721 
0323       9672 
0324       9605 
0325       9575 
0326       9495 
0327       9475 
0328       9397 
0329       9331 
0330       9300 
0331       9218 
0332       9173 
0333       9122 
0334       9111 
0335       9048 
0336       9019 
0337       8974 
0338       8917 
0339       8844 
0340       8805 
0341       8787 
0342       8741 
0343       8690 
0344       8650 
0345       8599 
0346       8584 
0347       8531 
0348       8492 
0349       8449 
0350       8428 
0351       8371 
0352       8371 
0353       8308 
0354       8265 
0355       8221 
0356       8192 
0357       8171 
0358       8121 
0359       8079 
0360       8068 
0361       8036 
0362       8008 
0363       7990 
0364       7931 
0365       7910 
0366       7883 
0367       7844 
0368       7813 
0369       7799 
0370       7746 
0371       7730 
0372       7684 
0373       7669 
0374       7631 
0375       7619 
0376       7610 
0377       7561 
0378       7527 
0379       7525 
0380       7479 
0381       7469 
0382       7425 
0383       7415 
0384       7362 
0385       7360 
0386       7337 
0387       7321 
0388       7302 
0389       7273 
0390       7251 
0391       7226 
0392       7195 
0393       7180 
0394       7161 
0395       7136 
0396       7118 
0397       7104 
0398       7077 
0399       7054 
0400       7053 
0401       7010 
0402       7009 
0403       6966 
0404       6958 
0405       6940 
0406       6910 
0407       6909 
0408       6876 
0409       6854 
0410       6854 
0411       6819 
0412       6801 
0413       6783 
0414       6770 
0415       6756 
0416       6729 
0417       6708 
0418       6698 
0419       6682 
0420       6680 
0421       6661 
0422       6643 
0423       6617 
0424       6600 
0425       6597 
0426       6591 
0427       6577 
0428       6556 
0429       6538 
0430       6534 
0431       6498 
0432       6496 
0433       6491 
0434       6470 
0435       6466 
0436       6448 
0437       6420 
0438       6406 
0439       6398 
0440       6398 
0441       6397 
0442       6381 
0443       6369 
0444       6344 
0445       6326 
0446       6319 
0447       6313 
0448       6305 
0449       6304 
0450       6282 
0451       6281 
0452       6276 
0453       6260 
0454       6246 
0455       6230 
0456       6224 
0457       6216 
0458       6200 
0459       6198 
0460       6200 
0461       6196 
0462       6173 
0463       6169 
0464       6160 
0465       6149 
0466       6141 
0467       6132 
0468       6125 
0469       6114 
0470       6105 
0471       6098 
0472       6087 
0473       6087 
0474       6065 
0475       6064 
0476       6064 
0477       6055 
0478       6034 
0479       6034 
0480       6035 
0481       6035 
0482       6026 
0483       6026 
0484       6028 
0485       6028 
0486       6009 
0487       6007 
0488       6003 
0489       5994 
0490       5994 
0491       5994 
0492       5981 
0493       5971 
0494       5965 
0495       5963 
0496       5963 
0497       5963 
0498       5942 
0499       5942 
0500       5941 
0501       5941 
0502       5934 
0503       5928 
0504       5922 
0505       5922 
0506       5925 
0507       5925 
0508       5925 
0509       5907 
0510       5904 
0511       5907 
0512       5908 
0513       5915 
0514       5915 
0515       5900 
0516       5893 
0517       5891 
0518       5887 
0519       5887 
0520       5886 
0521       5882 
0522       5882 
0523       5882 
0524       5882 
0525       5881 
0526       5881 
0527       5874 
0528       5874 
0529       5874 
0530       5880 
0531       5880 
0532       5880 
0533       5876 
0534       5876 
0535       5867 
0536       5867 
0537       5867 
0538       5863 
0539       5868 
0540       5885 
0541       5886 
0542       5885 
0543       5874 
0544       5874 
0545       5879 
0546       5889 
0547       5889 
0548       5888 
0549       5888 
0550       5892 
0551       5893 
0552       5895 
0553       5896 
0554       5896 
0555       5900 
0556       5899 
0557       5902 
0558       5899 
0559       5897 
0560       5897 
0561       5922 
0562       5926 
0563       5922 
0564       5920 
0565       5920 
0566       5931 
0567       5954 
0568       5937 
0569       5943 
0570       5943 
0571       5967 
0572       5967 
0573       5959 
0574       5947 
0575       5947 
0576       5969 
0577       5983 
0578       5998 
0579       5999 
0580       6000 
0581       6000 
0582       6008 
0583       6019 
0584       6028 
0585       6028 
0586       6028 
0587       6035 
0588       6035 
0589       6042 
0590       6061 
0591       6062 
0592       6064 
0593       6089 
0594       6089 
0595       6095 
0596       6103 
0597       6105 
0598       6118 
0599       6121 
0600       6139 
0601       6139 
0602       6139 
0603       6151 
0604       6162 
0605       6191 
0606       6191 
0607       6191 
0608       6200 
0609       6208 
0610       6208 
0611       6223 
0612       6233 
0613       6240 
0614       6245 
0615       6269 
0616       6272 
0617       6296 
0618       6303 
0619       6302 
0620       6318 
0621       6323 
0622       6330 
0623       6335 
0624       6366 
0625       6380 
0626       6381 
0627       6399 
0628       6409 
0629       6411 
0630       6443 
0631       6450 
0632       6460 
0633       6460 
0634       6484 
0635       6498 
0636       6509 
0637       6518 
0638       6528 
0639       6563 
0640       6576 
0641       6600 
0642       6604 
0643       6616 
0644       6623 
0645       6650 
0646       6653 
0647       6681 
0648       6694 
0649       6704 
0650       6719 
0651       6745 
0652       6764 
0653       6782 
0654       6801 
0655       6818 
0656       6822 
0657       6830 
0658       6830 
0659       6783 
0660       6685 
0661       6685 
0662       6690 
0663       6711 
0664       6731 
0665       6746 
0666       6750 
0667       6764 
0668       10424 
0669       10425 
0670       10497 
0671       10533 
0672       10554 
0673       10593 
0674       10602 
0675       10669 
0676       10683 
0677       10705 
0678       10737 
0679       10771 
0680       10806 
0681       10851 
0682       10899 
0683       10922 
0684       10959 
0685       11007 
0686       11044 
0687       11056 
0688       11114 
0689       11148 
0690       11190 
0691       11196 
0692       11223 
0693       11311 
0694       11328 
0695       11395 
0696       11444 
0697       11472 
0698       11524 
0699       11576 
0700       11586 
0701       11665 
0702       11716 
0703       11776 
0704       11797 
0705       11827 
0706       11885 
0707       11911 
0708       11970 
0709       12003 
0710       12081 
0711       12108 
0712       12181 
0713       12195 
0714       12270 
0715       12276 
0716       12323 
0717       12383 
0718       12466 
0719       12485 
0720       12562 
0721       12627 
0722       12703 
0723       12756 
0724       12780 
0725       12866 
0726       12950 
0727       13022 
0728       13060 
0729       13079 
0730       13157 
0731       13238 
0732       13320 
0733       13362 
0734       13454 
0735       13482 
0736       13575 
0737       13678 
0738       13728 
0739       13805 
0740       13916 
0741       13989 
0742       14038 
0743       14139 
0744       14239 
0745       14309 
0746       14402 
0747       14402 
0748       14489 
0749       14645 
0750       14675 
0751       14743 
0752       14743 
0753       14888 
0754       14888 
0755       1 
0756       1 
0757       1 
0758       15576 
0759       15686 
0760       15807 
0761       15858 
0762       15955 
0763       16102 
0764       16193 
0765       16312 
0766       16444 
0767       16517 
0768       16669 
0769       16773 
0770       16873 
0771       16996 
0772       17113 
0773       17270 
0774       17425 
0775       17556 
0776       17653 
0777       17775 
0778       17935 
0779       18070 
0780       18239 
0781       18377 
0782       18488 
0783       18646 
0784       18792 
0785       18976 
0786       19149 
0787       19247 
0788       19469 
0789       19684 
0790       19766 
0791       20022 
0792       20233 
0793       20461 
0794       20630 
0795       20820 
0796       20995 
0797       21245 
0798       21417 
0799       21625 
0800       21867 
0801       21867 
0802       1 
0803       1 
0804       1 
0805       1 
0806       1 
0807       1 
0808       1 
0809       1 
0810       1 
0811       1 
0812       1 
0813       1 
0814       1 
0815       1 
0816       1 
0817       1 
0818       1 
0819       1 
0820       1 
0821       1 
0822       1 
0823       1 
0824       1 
0825       1 
0826       1 
0827       1 
0828       1 
0829       1 
0830       1 
0831       1 
0832       1 
0833       1 
0834       1 
0835       1 
0836       1 
0837       1 
0838       1 
0839       1 
0840       1 
0841       1 
0842       1 
0843       1 
0844       1 
0845       1 
0846       1 
0847       1 
0848       1 
0849       1 
0850       1 
0851       1 
0852       1 
0853       1 
0854       1 
0855       1 
0856       1 
0857       1 
0858       1 
0859       1 
0860       1 
0861       1 
0862       1 
0863       1 
0864       1 
0865       1 
0866       1 
0867       1 
0868       1 
0869       1 
0870       1 
0871       1 
0872       1 
0873       1 
0874       1 
0875       1 
0876       1 
0877       1 
0878       1 
0879       1 
0880       1 
0881       1 
0882       1 
0883       1 
0884       1 
0885       1 
0886       1 
0887       1 
0888       1 
0889       1 
0890       1 
0891       1 
0892       1 
0893       1 
0894       1 
0895       1 
0896       1 
0897       1 
0898       1 
0899       1 
0900       1 
0901       1 
0902       1 
0903       1 
0904       1 
0905       1 
0906       1 
0907       1 
0908       1 
0909       1 
0910       1 
0911       1 
0912       1 
0913       1 
0914       1 
0915       1 
0916       1 
0917       1 
0918       1 
0919       1 
0920       1 
0921       1 
0922       1 
0923       1 
0924       1 
0925       1 
0926       1 
0927       1 
0928       1 
0929       1 
0930       1 
0931       1 
0932       1 
0933       1 
0934       1 
0935       1 
0936       1 
0937       1 
0938       1 
0939       1 
0940       1 
0941       1 
0942       1 
0943       1 
0944       1 
0945       1 
0946       1 
0947       1 
0948       1 
0949       1 
0950       1 
0951       1 
0952       1 
0953       1 
0954       1 
0955       1 
0956       1 
0957       1 
0958       1 
0959       1 
0960       1 
0961       1 
0962       1 
0963       1 
0964       1 
0965       1 
0966       1 
0967       1 
0968       1 
0969       1 
0970       1 
0971       1 
0972       1 
0973       1 
0974       1 
0975       1 
0976       1 
0977       1 
0978       1 
0979       1 
0980       1 
0981       1 
0982       1 
0983       1 
0984       1 
0985       1 
0986       1 
0987       1 
0988       1 
0989       1 
0990       1 
0991       1 
0992       1 
0993       1 
0994       1 
0995       1 
0996       1 
0997       1 
0998       1 
0999       1 
1000       1 
1001       1 
1002       1 
1003       1 
1004       1 
1005       1 
1006       1 
1007       4 
1008       41 
1009       42 
1010       42 
1011       42 
1012       42 
1013       50 
1014       52 
1015       60 
1016       60 
1017       60 
1018       50 
1019       50 
1020       48 
1021       50 
1022       54 
1023       58 
1024       58 
1025       64 
1026       65 
1027       65 
1028       64 
1029       54 
1030       49 
1031       49 
1032       49 
1033       54 
1034       56 
1035       61 
1036       61 
1037       69 
1038       69 
1039       69 
1040       66 
1041       66 
1042       66 
1043       66 
1044       62 
1045       65 
1046       65 
1047       63 
1048       63 
1049       65 
1050       66 
1051       66 
1052       66 
1053       66 
1054       66 
1055       67 
1056       67 
1057       64 
1058       65 
1059       65 
1060       65 
1061       65 
1062       65 
1063       67 
1064       64 
1065       64 
1066       65 
1067       67 
1068       68 
1069       68 
1070       68 
1071       66 
1072       66 
1073       66 
1074       66 
1075       66 
1076       70 
1077       70 
1078       70 
1079       70 
1297966644.323376
