0000       1 
0001       1 
0002       1 
0003       1 
0004       1 
0005       1 
0006       1 
0007       1 
0008       1 
0009       1 
0010       1 
0011       1 
0012       1 
0013       1 
0014       1 
0015       1 
0016       1 
0017       1 
0018       1 
0019       1 
0020       1 
0021       1 
0022       1 
0023       1 
0024       1 
0025       1 
0026       1 
0027       1 
0028       1 
0029       1 
0030       1 
0031       1 
0032       1 
0033       1 
0034       1 
0035       1 
0036       1 
0037       1 
0038       1 
0039       1 
0040       1 
0041       1 
0042       1 
0043       1 
0044       1 
0045       1 
0046       1 
0047       1 
0048       1 
0049       1 
0050       1 
0051       1 
0052       1 
0053       1 
0054       1 
0055       1 
0056       1 
0057       1 
0058       1 
0059       1 
0060       1 
0061       1 
0062       1 
0063       1 
0064       1 
0065       1 
0066       1 
0067       1 
0068       1 
0069       1 
0070       1 
0071       1 
0072       1 
0073       1 
0074       1 
0075       1 
0076       1 
0077       1 
0078       1 
0079       1 
0080       1 
0081       1 
0082       1 
0083       1 
0084       1 
0085       1 
0086       1 
0087       1 
0088       1 
0089       1 
0090       1 
0091       1 
0092       1 
0093       1 
0094       1 
0095       1 
0096       1 
0097       1 
0098       1 
0099       1 
0100       1 
0101       1 
0102       1 
0103       1 
0104       1 
0105       1 
0106       1 
0107       1 
0108       1 
0109       1 
0110       1 
0111       1 
0112       1 
0113       1 
0114       1 
0115       1 
0116       1 
0117       1 
0118       1 
0119       1 
0120       1 
0121       1 
0122       1 
0123       1 
0124       1 
0125       1 
0126       1 
0127       1 
0128       1 
0129       1 
0130       1 
0131       1 
0132       1 
0133       1 
0134       1 
0135       1 
0136       1 
0137       1 
0138       1 
0139       1 
0140       1 
0141       1 
0142       1 
0143       1 
0144       1 
0145       1 
0146       1 
0147       1 
0148       1 
0149       1 
0150       1 
0151       1 
0152       1 
0153       1 
0154       1 
0155       1 
0156       1 
0157       1 
0158       1 
0159       1 
0160       1 
0161       1 
0162       1 
0163       1 
0164       1 
0165       1 
0166       1 
0167       1 
0168       1 
0169       1 
0170       1 
0171       1 
0172       1 
0173       1 
0174       1 
0175       1 
0176       1 
0177       1 
0178       1 
0179       1 
0180       1 
0181       1 
0182       1 
0183       1 
0184       1 
0185       1 
0186       1 
0187       1 
0188       1 
0189       1 
0190       1 
0191       1 
0192       1 
0193       1 
0194       1 
0195       1 
0196       1 
0197       1 
0198       1 
0199       1 
0200       1 
0201       1 
0202       1 
0203       1 
0204       1 
0205       1 
0206       1 
0207       1 
0208       1 
0209       1 
0210       1 
0211       1 
0212       1 
0213       1 
0214       1 
0215       1 
0216       1 
0217       1 
0218       1 
0219       1 
0220       1 
0221       1 
0222       1 
0223       1 
0224       1 
0225       1 
0226       1 
0227       1 
0228       1 
0229       1 
0230       1 
0231       1 
0232       1 
0233       1 
0234       1 
0235       1 
0236       1 
0237       1 
0238       1 
0239       1 
0240       1 
0241       1 
0242       1 
0243       1 
0244       1 
0245       1 
0246       1 
0247       1 
0248       1 
0249       1 
0250       1 
0251       1 
0252       1 
0253       1 
0254       1 
0255       1 
0256       1 
0257       1 
0258       1 
0259       1 
0260       1 
0261       1 
0262       1 
0263       1 
0264       1 
0265       1 
0266       1 
0267       1 
0268       1 
0269       1 
0270       1 
0271       1 
0272       1 
0273       1 
0274       1 
0275       1 
0276       1 
0277       1 
0278       1 
0279       1 
0280       1 
0281       1 
0282       1 
0283       1 
0284       1 
0285       12826 
0286       12826 
0287       12826 
0288       12690 
0289       12534 
0290       12464 
0291       12353 
0292       12261 
0293       12140 
0294       12107 
0295       12019 
0296       11941 
0297       11824 
0298       11742 
0299       11637 
0300       11545 
0301       11467 
0302       11429 
0303       11329 
0304       11239 
0305       11137 
0306       11096 
0307       11006 
0308       10909 
0309       10887 
0310       10770 
0311       10717 
0312       10651 
0313       10553 
0314       10492 
0315       10449 
0316       10341 
0317       10282 
0318       10238 
0319       10174 
0320       10118 
0321       10031 
0322       9981 
0323       9936 
0324       9867 
0325       9787 
0326       9737 
0327       9684 
0328       9613 
0329       9562 
0330       9538 
0331       9505 
0332       9401 
0333       9377 
0334       9336 
0335       9245 
0336       9214 
0337       9171 
0338       9098 
0339       9096 
0340       9023 
0341       8973 
0342       8909 
0343       8895 
0344       8855 
0345       8798 
0346       8735 
0347       8735 
0348       8669 
0349       8638 
0350       8594 
0351       8535 
0352       8508 
0353       8508 
0354       8454 
0355       8410 
0356       8377 
0357       8314 
0358       8288 
0359       8262 
0360       8214 
0361       8167 
0362       8113 
0363       8084 
0364       8080 
0365       8050 
0366       7992 
0367       7966 
0368       7961 
0369       7913 
0370       7894 
0371       7850 
0372       7826 
0373       7812 
0374       7778 
0375       7753 
0376       7719 
0377       7695 
0378       7684 
0379       7644 
0380       7587 
0381       7569 
0382       7559 
0383       7550 
0384       7504 
0385       7468 
0386       7462 
0387       7414 
0388       7390 
0389       7388 
0390       7365 
0391       7354 
0392       7307 
0393       7279 
0394       7263 
0395       7252 
0396       7231 
0397       7200 
0398       7191 
0399       7152 
0400       7136 
0401       7117 
0402       7088 
0403       7087 
0404       7044 
0405       7041 
0406       7026 
0407       6988 
0408       6877 
0409       6748 
0410       6698 
0411       6675 
0412       6641 
0413       6617 
0414       6617 
0415       6673 
0416       6712 
0417       6777 
0418       6841 
0419       6892 
0420       6941 
0421       6980 
0422       7040 
0423       7097 
0424       7165 
0425       7216 
0426       7289 
0427       7331 
0428       7400 
0429       7482 
0430       7524 
0431       7597 
0432       7661 
0433       7730 
0434       7799 
0435       7864 
0436       7949 
0437       8011 
0438       8096 
0439       8180 
0440       8268 
0441       8333 
0442       8415 
0443       8504 
0444       8594 
0445       8686 
0446       8765 
0447       8872 
0448       8963 
0449       9051 
0450       9149 
0451       9159 
0452       9159 
0453       9134 
0454       9129 
0455       9124 
0456       9101 
0457       9099 
0458       9070 
0459       9045 
0460       9036 
0461       9027 
0462       9014 
0463       9004 
0464       8998 
0465       8992 
0466       8957 
0467       8956 
0468       8936 
0469       8936 
0470       8934 
0471       8915 
0472       8903 
0473       8875 
0474       8854 
0475       8853 
0476       8850 
0477       8849 
0478       8842 
0479       8842 
0480       8866 
0481       8930 
0482       8945 
0483       8947 
0484       8945 
0485       8938 
0486       8934 
0487       8921 
0488       8921 
0489       8921 
0490       8898 
0491       8887 
0492       8887 
0493       8887 
0494       8874 
0495       8874 
0496       8870 
0497       8847 
0498       8844 
0499       8809 
0500       8809 
0501       8809 
0502       8805 
0503       8801 
0504       8801 
0505       8798 
0506       8793 
0507       8776 
0508       8776 
0509       8776 
0510       8771 
0511       8771 
0512       8762 
0513       8754 
0514       8753 
0515       8735 
0516       8735 
0517       8734 
0518       8731 
0519       8731 
0520       8739 
0521       8739 
0522       8736 
0523       8722 
0524       8721 
0525       8715 
0526       8700 
0527       8700 
0528       8700 
0529       8719 
0530       8711 
0531       8711 
0532       8707 
0533       8697 
0534       8694 
0535       8694 
0536       8711 
0537       8711 
0538       8711 
0539       8716 
0540       8716 
0541       8697 
0542       8697 
0543       8697 
0544       8702 
0545       8715 
0546       8711 
0547       8711 
0548       8711 
0549       8720 
0550       8720 
0551       8720 
0552       8731 
0553       8731 
0554       8722 
0555       8721 
0556       8722 
0557       8724 
0558       8725 
0559       8725 
0560       8727 
0561       8729 
0562       8729 
0563       8732 
0564       8734 
0565       8734 
0566       8767 
0567       8767 
0568       8767 
0569       8774 
0570       8777 
0571       8777 
0572       8791 
0573       8791 
0574       8796 
0575       8796 
0576       8796 
0577       8811 
0578       8815 
0579       8820 
0580       8822 
0581       8832 
0582       8832 
0583       8833 
0584       8850 
0585       8850 
0586       8848 
0587       8848 
0588       8848 
0589       8869 
0590       8870 
0591       8885 
0592       8885 
0593       8903 
0594       8903 
0595       8946 
0596       8946 
0597       8957 
0598       8959 
0599       8970 
0600       8970 
0601       8994 
0602       9001 
0603       9006 
0604       9019 
0605       9034 
0606       9040 
0607       9050 
0608       9061 
0609       9069 
0610       9082 
0611       9096 
0612       9118 
0613       9128 
0614       9137 
0615       9137 
0616       9159 
0617       9170 
0618       9185 
0619       9219 
0620       9226 
0621       9232 
0622       9235 
0623       9263 
0624       9284 
0625       9324 
0626       9327 
0627       9334 
0628       9375 
0629       9391 
0630       9393 
0631       9412 
0632       9421 
0633       9452 
0634       9477 
0635       9506 
0636       9506 
0637       9539 
0638       9561 
0639       9570 
0640       9597 
0641       9611 
0642       9616 
0643       9657 
0644       9675 
0645       9685 
0646       9697 
0647       9737 
0648       9743 
0649       9794 
0650       9808 
0651       9840 
0652       9855 
0653       9885 
0654       9911 
0655       9920 
0656       9964 
0657       9985 
0658       10011 
0659       10057 
0660       10086 
0661       10115 
0662       10143 
0663       10163 
0664       10188 
0665       10231 
0666       10239 
0667       10279 
0668       10306 
0669       10327 
0670       10355 
0671       10361 
0672       10415 
0673       10446 
0674       10494 
0675       10494 
0676       10544 
0677       10568 
0678       10610 
0679       10629 
0680       10660 
0681       10717 
0682       10737 
0683       10743 
0684       10788 
0685       10847 
0686       10891 
0687       10918 
0688       10951 
0689       11003 
0690       11028 
0691       11077 
0692       11111 
0693       11154 
0694       11171 
0695       11215 
0696       11259 
0697       11295 
0698       11343 
0699       11416 
0700       11435 
0701       11477 
0702       11508 
0703       11521 
0704       11590 
0705       11635 
0706       11698 
0707       11755 
0708       11799 
0709       11850 
0710       11894 
0711       11930 
0712       11985 
0713       11995 
0714       12061 
0715       12117 
0716       12167 
0717       12229 
0718       12274 
0719       12324 
0720       12380 
0721       12456 
0722       12521 
0723       12562 
0724       12597 
0725       12646 
0726       12713 
0727       12757 
0728       12820 
0729       12873 
0730       12939 
0731       13026 
0732       13088 
0733       13159 
0734       13207 
0735       13303 
0736       13357 
0737       13414 
0738       13512 
0739       13560 
0740       13636 
0741       13711 
0742       13763 
0743       13843 
0744       13936 
0745       14031 
0746       14111 
0747       14194 
0748       14263 
0749       14372 
0750       14455 
0751       14556 
0752       14622 
0753       14682 
0754       14796 
0755       14853 
0756       14972 
0757       15033 
0758       15173 
0759       15246 
0760       15350 
0761       15447 
0762       15545 
0763       15654 
0764       15746 
0765       15859 
0766       15936 
0767       16076 
0768       16169 
0769       16330 
0770       16451 
0771       16526 
0772       16656 
0773       16791 
0774       16946 
0775       17078 
0776       17186 
0777       17294 
0778       17420 
0779       17543 
0780       17697 
0781       17817 
0782       17986 
0783       18119 
0784       18230 
0785       18398 
0786       18513 
0787       18695 
0788       18864 
0789       18980 
0790       19139 
0791       19319 
0792       19477 
0793       19630 
0794       19833 
0795       20038 
0796       20203 
0797       20392 
0798       20392 
0799       1 
0800       1 
0801       1 
0802       1 
0803       1 
0804       1 
0805       1 
0806       1 
0807       1 
0808       1 
0809       1 
0810       1 
0811       1 
0812       1 
0813       1 
0814       1 
0815       1 
0816       1 
0817       1 
0818       1 
0819       1 
0820       1 
0821       1 
0822       1 
0823       1 
0824       1 
0825       1 
0826       1 
0827       1 
0828       1 
0829       1 
0830       1 
0831       1 
0832       1 
0833       1 
0834       1 
0835       1 
0836       1 
0837       1 
0838       1 
0839       1 
0840       1 
0841       1 
0842       1 
0843       1 
0844       1 
0845       1 
0846       1 
0847       1 
0848       1 
0849       1 
0850       1 
0851       1 
0852       1 
0853       1 
0854       1 
0855       1 
0856       1 
0857       1 
0858       1 
0859       1 
0860       1 
0861       1 
0862       1 
0863       1 
0864       1 
0865       1 
0866       1 
0867       1 
0868       1 
0869       1 
0870       1 
0871       1 
0872       1 
0873       1 
0874       1 
0875       1 
0876       1 
0877       1 
0878       1 
0879       1 
0880       1 
0881       1 
0882       1 
0883       1 
0884       1 
0885       1 
0886       1 
0887       1 
0888       1 
0889       1 
0890       1 
0891       1 
0892       1 
0893       1 
0894       1 
0895       1 
0896       1 
0897       1 
0898       1 
0899       1 
0900       1 
0901       1 
0902       1 
0903       1 
0904       1 
0905       1 
0906       1 
0907       1 
0908       1 
0909       1 
0910       1 
0911       1 
0912       1 
0913       1 
0914       1 
0915       1 
0916       1 
0917       1 
0918       1 
0919       1 
0920       1 
0921       1 
0922       1 
0923       1 
0924       1 
0925       1 
0926       1 
0927       1 
0928       1 
0929       1 
0930       1 
0931       1 
0932       1 
0933       1 
0934       1 
0935       1 
0936       1 
0937       1 
0938       1 
0939       1 
0940       1 
0941       1 
0942       1 
0943       1 
0944       1 
0945       1 
0946       1 
0947       1 
0948       1 
0949       1 
0950       1 
0951       1 
0952       1 
0953       1 
0954       1 
0955       1 
0956       1 
0957       1 
0958       1 
0959       1 
0960       1 
0961       1 
0962       1 
0963       1 
0964       1 
0965       1 
0966       1 
0967       1 
0968       1 
0969       1 
0970       1 
0971       1 
0972       1 
0973       1 
0974       1 
0975       1 
0976       1 
0977       1 
0978       1 
0979       1 
0980       1 
0981       1 
0982       1 
0983       1 
0984       1 
0985       1 
0986       1 
0987       1 
0988       1 
0989       1 
0990       1 
0991       1 
0992       1 
0993       1 
0994       1 
0995       1 
0996       1 
0997       1 
0998       1 
0999       1 
1000       1 
1001       1 
1002       1 
1003       1 
1004       1 
1005       1 
1006       1 
1007       1 
1008       4 
1009       4 
1010       4 
1011       46 
1012       46 
1013       46 
1014       63 
1015       63 
1016       63 
1017       52 
1018       52 
1019       52 
1020       56 
1021       69 
1022       69 
1023       69 
1024       58 
1025       58 
1026       58 
1027       64 
1028       64 
1029       64 
1030       59 
1031       58 
1032       58 
1033       59 
1034       64 
1035       70 
1036       70 
1037       70 
1038       70 
1039       70 
1040       71 
1041       71 
1042       71 
1043       68 
1044       68 
1045       68 
1046       68 
1047       66 
1048       66 
1049       66 
1050       61 
1051       58 
1052       61 
1053       61 
1054       61 
1055       66 
1056       66 
1057       67 
1058       67 
1059       66 
1060       66 
1061       67 
1062       67 
1063       67 
1064       70 
1065       72 
1066       70 
1067       70 
1068       70 
1069       70 
1070       67 
1071       67 
1072       66 
1073       66 
1074       62 
1075       60 
1076       62 
1077       68 
1078       65 
1079       65 
1297966636.675279
