0000       1 
0001       1 
0002       1 
0003       1 
0004       1 
0005       1 
0006       1 
0007       1 
0008       1 
0009       1 
0010       1 
0011       1 
0012       1 
0013       1 
0014       1 
0015       1 
0016       1 
0017       1 
0018       1 
0019       1 
0020       1 
0021       1 
0022       1 
0023       1 
0024       1 
0025       1 
0026       1 
0027       1 
0028       1 
0029       1 
0030       1 
0031       1 
0032       1 
0033       1 
0034       1 
0035       1 
0036       1 
0037       1 
0038       1 
0039       1 
0040       1 
0041       1 
0042       1 
0043       1 
0044       1 
0045       1 
0046       1 
0047       1 
0048       1 
0049       1 
0050       1 
0051       1 
0052       1 
0053       1 
0054       1 
0055       1 
0056       1 
0057       1 
0058       1 
0059       1 
0060       1 
0061       1 
0062       1 
0063       1 
0064       1 
0065       1 
0066       1 
0067       1 
0068       1 
0069       1 
0070       1 
0071       1 
0072       1 
0073       1 
0074       1 
0075       1 
0076       1 
0077       1 
0078       1 
0079       1 
0080       1 
0081       1 
0082       1 
0083       1 
0084       1 
0085       1 
0086       1 
0087       1 
0088       1 
0089       1 
0090       1 
0091       1 
0092       1 
0093       1 
0094       1 
0095       1 
0096       1 
0097       1 
0098       1 
0099       1 
0100       1 
0101       1 
0102       1 
0103       1 
0104       1 
0105       1 
0106       1 
0107       1 
0108       1 
0109       1 
0110       1 
0111       1 
0112       1 
0113       1 
0114       1 
0115       1 
0116       1 
0117       1 
0118       1 
0119       1 
0120       1 
0121       1 
0122       1 
0123       1 
0124       1 
0125       1 
0126       1 
0127       1 
0128       1 
0129       1 
0130       1 
0131       1 
0132       1 
0133       1 
0134       1 
0135       1 
0136       1 
0137       1 
0138       1 
0139       1 
0140       1 
0141       1 
0142       1 
0143       1 
0144       1 
0145       1 
0146       1 
0147       1 
0148       1 
0149       1 
0150       1 
0151       1 
0152       1 
0153       1 
0154       1 
0155       1 
0156       1 
0157       1 
0158       1 
0159       1 
0160       1 
0161       1 
0162       1 
0163       1 
0164       1 
0165       1 
0166       1 
0167       1 
0168       1 
0169       1 
0170       1 
0171       1 
0172       1 
0173       1 
0174       1 
0175       1 
0176       1 
0177       1 
0178       1 
0179       1 
0180       1 
0181       1 
0182       1 
0183       1 
0184       1 
0185       4694 
0186       4694 
0187       4694 
0188       4689 
0189       4688 
0190       4674 
0191       4666 
0192       4656 
0193       4653 
0194       4649 
0195       4647 
0196       4647 
0197       4634 
0198       4625 
0199       4624 
0200       4620 
0201       4618 
0202       4614 
0203       4607 
0204       4597 
0205       4595 
0206       4590 
0207       4590 
0208       4589 
0209       4579 
0210       4573 
0211       4566 
0212       4563 
0213       4563 
0214       4563 
0215       4554 
0216       4549 
0217       4543 
0218       4539 
0219       4539 
0220       4536 
0221       4536 
0222       4534 
0223       4523 
0224       4522 
0225       4520 
0226       4518 
0227       4513 
0228       4506 
0229       4503 
0230       4501 
0231       4499 
0232       4499 
0233       4499 
0234       4498 
0235       4498 
0236       4498 
0237       4497 
0238       4490 
0239       4490 
0240       4490 
0241       4490 
0242       4485 
0243       4485 
0244       4478 
0245       4478 
0246       4478 
0247       4478 
0248       4481 
0249       4482 
0250       4482 
0251       4482 
0252       4479 
0253       4479 
0254       4477 
0255       4474 
0256       4474 
0257       4475 
0258       4475 
0259       4476 
0260       4476 
0261       4476 
0262       4478 
0263       4478 
0264       4479 
0265       4479 
0266       4482 
0267       4482 
0268       4481 
0269       4481 
0270       4481 
0271       4481 
0272       4481 
0273       4482 
0274       4487 
0275       4487 
0276       4489 
0277       4493 
0278       4493 
0279       4493 
0280       4496 
0281       4495 
0282       4503 
0283       4503 
0284       4504 
0285       4504 
0286       4506 
0287       4511 
0288       4511 
0289       4511 
0290       4523 
0291       4527 
0292       4535 
0293       4535 
0294       4537 
0295       4541 
0296       4541 
0297       4541 
0298       4543 
0299       4544 
0300       4548 
0301       4552 
0302       4561 
0303       4564 
0304       4567 
0305       4567 
0306       4576 
0307       4580 
0308       4587 
0309       4589 
0310       4590 
0311       4593 
0312       4600 
0313       4601 
0314       4609 
0315       4612 
0316       4616 
0317       4630 
0318       4630 
0319       4637 
0320       4638 
0321       4645 
0322       4647 
0323       4661 
0324       4668 
0325       4669 
0326       4677 
0327       4686 
0328       4689 
0329       4692 
0330       4693 
0331       4704 
0332       4707 
0333       4708 
0334       4718 
0335       4730 
0336       4732 
0337       4749 
0338       4758 
0339       4763 
0340       4772 
0341       4772 
0342       4774 
0343       4790 
0344       4803 
0345       4817 
0346       4820 
0347       4824 
0348       4830 
0349       4849 
0350       4854 
0351       4859 
0352       4879 
0353       4882 
0354       4886 
0355       4893 
0356       4905 
0357       4930 
0358       4940 
0359       4947 
0360       4947 
0361       4952 
0362       4973 
0363       4981 
0364       4993 
0365       5003 
0366       5021 
0367       5033 
0368       5039 
0369       5048 
0370       5064 
0371       5071 
0372       5093 
0373       5101 
0374       5108 
0375       5113 
0376       5120 
0377       5138 
0378       5158 
0379       5164 
0380       5188 
0381       5205 
0382       5207 
0383       5212 
0384       5235 
0385       5247 
0386       5262 
0387       5279 
0388       5296 
0389       5308 
0390       5323 
0391       5354 
0392       5361 
0393       5378 
0394       5385 
0395       5408 
0396       5426 
0397       5442 
0398       5452 
0399       5462 
0400       5486 
0401       5515 
0402       5532 
0403       5540 
0404       5551 
0405       5583 
0406       5595 
0407       5610 
0408       5649 
0409       5649 
0410       5681 
0411       5694 
0412       5702 
0413       5733 
0414       5748 
0415       5761 
0416       5791 
0417       5804 
0418       5838 
0419       5865 
0420       5875 
0421       5903 
0422       5919 
0423       5949 
0424       5960 
0425       5996 
0426       6011 
0427       6025 
0428       6067 
0429       6082 
0430       6106 
0431       6137 
0432       6157 
0433       6173 
0434       6211 
0435       6236 
0436       6278 
0437       6303 
0438       6328 
0439       6329 
0440       6371 
0441       6409 
0442       6428 
0443       6466 
0444       6506 
0445       6538 
0446       6571 
0447       6590 
0448       6639 
0449       6667 
0450       6690 
0451       6719 
0452       6757 
0453       6810 
0454       6846 
0455       6873 
0456       6924 
0457       6958 
0458       6991 
0459       7046 
0460       7095 
0461       7144 
0462       7188 
0463       7234 
0464       7301 
0465       7363 
0466       7410 
0467       7472 
0468       7544 
0469       7594 
0470       7657 
0471       7721 
0472       7786 
0473       7853 
0474       7935 
0475       7980 
0476       8001 
0477       8001 
0478       7992 
0479       7992 
0480       8003 
0481       8026 
0482       8110 
0483       8244 
0484       8440 
0485       8560 
0486       8654 
0487       8728 
0488       8777 
0489       8818 
0490       8894 
0491       8943 
0492       8943 
0493       1 
0494       1 
0495       1 
0496       8288 
0497       8288 
0498       8253 
0499       8253 
0500       9371 
0501       9371 
0502       9371 
0503       9373 
0504       9402 
0505       9411 
0506       9417 
0507       9417 
0508       9403 
0509       9373 
0510       9345 
0511       9345 
0512       9343 
0513       9343 
0514       9337 
0515       9311 
0516       9280 
0517       9234 
0518       9214 
0519       9187 
0520       8894 
0521       8007 
0522       7731 
0523       7731 
0524       7738 
0525       7738 
0526       7725 
0527       7707 
0528       7682 
0529       7665 
0530       7648 
0531       7558 
0532       7513 
0533       7513 
0534       7513 
0535       7453 
0536       7453 
0537       7470 
0538       7470 
0539       7429 
0540       7359 
0541       7359 
0542       7339 
0543       7339 
0544       7303 
0545       7303 
0546       7295 
0547       7240 
0548       7221 
0549       7221 
0550       7270 
0551       7280 
0552       7344 
0553       7344 
0554       7318 
0555       7310 
0556       7304 
0557       7294 
0558       7280 
0559       7276 
0560       7251 
0561       7217 
0562       7217 
0563       7221 
0564       7241 
0565       7284 
0566       7312 
0567       7336 
0568       7338 
0569       7358 
0570       7361 
0571       8525 
0572       8531 
0573       8545 
0574       8538 
0575       8538 
0576       8508 
0577       8493 
0578       8493 
0579       8495 
0580       8495 
0581       8471 
0582       8471 
0583       8471 
0584       8459 
0585       8455 
0586       8454 
0587       8445 
0588       8432 
0589       8441 
0590       8440 
0591       8440 
0592       8428 
0593       8427 
0594       8415 
0595       8397 
0596       8397 
0597       8400 
0598       8400 
0599       8390 
0600       8389 
0601       8386 
0602       8382 
0603       8382 
0604       8385 
0605       8387 
0606       8387 
0607       8387 
0608       8372 
0609       8382 
0610       8372 
0611       8372 
0612       8372 
0613       8372 
0614       8372 
0615       8376 
0616       8375 
0617       8375 
0618       8368 
0619       8368 
0620       8369 
0621       8369 
0622       8369 
0623       8376 
0624       8376 
0625       8376 
0626       8377 
0627       8394 
0628       8399 
0629       8399 
0630       8387 
0631       8387 
0632       8387 
0633       8396 
0634       8409 
0635       8409 
0636       8409 
0637       8409 
0638       8409 
0639       8426 
0640       8431 
0641       8431 
0642       8431 
0643       8438 
0644       8438 
0645       8453 
0646       8459 
0647       8465 
0648       8468 
0649       8476 
0650       8473 
0651       8476 
0652       8477 
0653       8496 
0654       8502 
0655       8502 
0656       8509 
0657       8512 
0658       8526 
0659       8534 
0660       8549 
0661       8553 
0662       8562 
0663       8564 
0664       8572 
0665       8591 
0666       8608 
0667       8609 
0668       8609 
0669       8620 
0670       8620 
0671       8647 
0672       8647 
0673       8655 
0674       8668 
0675       8670 
0676       8681 
0677       8697 
0678       8706 
0679       8721 
0680       8731 
0681       8752 
0682       8757 
0683       8765 
0684       8782 
0685       8782 
0686       8814 
0687       8821 
0688       8821 
0689       8839 
0690       8853 
0691       8856 
0692       8892 
0693       8906 
0694       8937 
0695       8942 
0696       8952 
0697       8954 
0698       8975 
0699       8987 
0700       8990 
0701       9011 
0702       9034 
0703       9041 
0704       9046 
0705       9086 
0706       9108 
0707       9125 
0708       9125 
0709       9076 
0710       9022 
0711       8995 
0712       8995 
0713       8971 
0714       8971 
0715       8951 
0716       8893 
0717       8839 
0718       8794 
0719       8782 
0720       8749 
0721       8735 
0722       8718 
0723       8718 
0724       8694 
0725       8729 
0726       8703 
0727       8729 
0728       8731 
0729       8731 
0730       8738 
0731       8738 
0732       8765 
0733       8801 
0734       8844 
0735       8899 
0736       8925 
0737       8941 
0738       8996 
0739       8996 
0740       8975 
0741       8975 
0742       9021 
0743       9527 
0744       9826 
0745       9942 
0746       9971 
0747       9977 
0748       10011 
0749       10054 
0750       10091 
0751       10107 
0752       10128 
0753       10166 
0754       10187 
0755       10234 
0756       10251 
0757       10256 
0758       10304 
0759       10323 
0760       10381 
0761       10407 
0762       10433 
0763       10458 
0764       10489 
0765       10542 
0766       10568 
0767       10621 
0768       10624 
0769       10687 
0770       10711 
0771       10737 
0772       10802 
0773       10819 
0774       10877 
0775       10885 
0776       10946 
0777       10985 
0778       11016 
0779       11095 
0780       11121 
0781       11165 
0782       11206 
0783       11262 
0784       11284 
0785       11361 
0786       11409 
0787       11444 
0788       11476 
0789       11533 
0790       11593 
0791       11648 
0792       11692 
0793       11737 
0794       11798 
0795       11854 
0796       11871 
0797       11922 
0798       11967 
0799       12015 
0800       12080 
0801       12155 
0802       12213 
0803       12261 
0804       12308 
0805       12369 
0806       12450 
0807       12514 
0808       12538 
0809       12622 
0810       12720 
0811       12774 
0812       12774 
0813       12839 
0814       12949 
0815       13036 
0816       13057 
0817       13131 
0818       13189 
0819       13257 
0820       13315 
0821       13396 
0822       13407 
0823       13519 
0824       13605 
0825       13665 
0826       13734 
0827       13797 
0828       13894 
0829       13956 
0830       13978 
0831       14091 
0832       14166 
0833       14218 
0834       14347 
0835       14408 
0836       14511 
0837       14591 
0838       14640 
0839       14729 
0840       14822 
0841       14882 
0842       14971 
0843       15077 
0844       15195 
0845       15195 
0846       15175 
0847       15138 
0848       15098 
0849       15065 
0850       15002 
0851       14986 
0852       14925 
0853       14887 
0854       14845 
0855       14818 
0856       14786 
0857       14758 
0858       14714 
0859       14698 
0860       14631 
0861       14621 
0862       14580 
0863       14542 
0864       14521 
0865       14485 
0866       14431 
0867       14399 
0868       14356 
0869       14346 
0870       14318 
0871       14307 
0872       14261 
0873       14234 
0874       14192 
0875       14148 
0876       14133 
0877       14107 
0878       14086 
0879       14038 
0880       14026 
0881       14010 
0882       13969 
0883       13952 
0884       13949 
0885       13932 
0886       13909 
0887       13909 
0888       13901 
0889       13888 
0890       13872 
0891       13870 
0892       13855 
0893       13834 
0894       13818 
0895       13804 
0896       13788 
0897       13788 
0898       13770 
0899       13787 
0900       13763 
0901       13760 
0902       13760 
0903       13762 
0904       13762 
0905       13762 
0906       13743 
0907       13746 
0908       13721 
0909       13744 
0910       13739 
0911       13744 
0912       13739 
0913       13721 
0914       13721 
0915       13711 
0916       13734 
0917       13764 
0918       13804 
0919       13807 
0920       13807 
0921       13807 
0922       13809 
0923       13809 
0924       13809 
0925       13806 
0926       13814 
0927       13806 
0928       13800 
0929       13792 
0930       13792 
0931       13780 
0932       13780 
0933       13760 
0934       13756 
0935       13692 
0936       13601 
0937       13580 
0938       13571 
0939       13571 
0940       13564 
0941       13554 
0942       13541 
0943       13529 
0944       13529 
0945       13587 
0946       13682 
0947       13690 
0948       13690 
0949       13667 
0950       13650 
0951       13650 
0952       13660 
0953       13660 
0954       13650 
0955       13619 
0956       1 
0957       1 
0958       1 
0959       1 
0960       1 
0961       1 
0962       1 
0963       1 
0964       1 
0965       1 
0966       1 
0967       1 
0968       1 
0969       1 
0970       1 
0971       1 
0972       1 
0973       1 
0974       1 
0975       1 
0976       1 
0977       1 
0978       1 
0979       1 
0980       1 
0981       1 
0982       1 
0983       1 
0984       1 
0985       1 
0986       1 
0987       1 
0988       1 
0989       1 
0990       1 
0991       1 
0992       1 
0993       1 
0994       1 
0995       1 
0996       1 
0997       1 
0998       1 
0999       1 
1000       1 
1001       1 
1002       1 
1003       1 
1004       1 
1005       1 
1006       1 
1007       1 
1008       4 
1009       4 
1010       47 
1011       4 
1012       4 
1013       4 
1014       49 
1015       49 
1016       51 
1017       51 
1018       51 
1019       54 
1020       58 
1021       66 
1022       66 
1023       66 
1024       68 
1025       68 
1026       70 
1027       70 
1028       68 
1029       68 
1030       58 
1031       58 
1032       57 
1033       58 
1034       59 
1035       59 
1036       59 
1037       69 
1038       69 
1039       69 
1040       76 
1041       75 
1042       75 
1043       75 
1044       75 
1045       73 
1046       70 
1047       70 
1048       65 
1049       67 
1050       67 
1051       66 
1052       66 
1053       67 
1054       67 
1055       67 
1056       67 
1057       62 
1058       62 
1059       61 
1060       61 
1061       62 
1062       63 
1063       63 
1064       63 
1065       62 
1066       62 
1067       62 
1068       64 
1069       64 
1070       64 
1071       64 
1072       64 
1073       64 
1074       66 
1075       66 
1076       67 
1077       70 
1078       70 
1079       70 
1297966717.645015
