0000       1 
0001       1 
0002       1 
0003       1 
0004       1 
0005       1 
0006       1 
0007       1 
0008       1 
0009       1 
0010       1 
0011       1 
0012       1 
0013       1 
0014       1 
0015       1 
0016       1 
0017       1 
0018       1 
0019       1 
0020       1 
0021       1 
0022       1 
0023       1 
0024       1 
0025       1 
0026       1 
0027       1 
0028       1 
0029       1 
0030       1 
0031       1 
0032       1 
0033       1 
0034       1 
0035       1 
0036       1 
0037       1 
0038       1 
0039       1 
0040       1 
0041       1 
0042       1 
0043       1 
0044       1 
0045       1 
0046       1 
0047       1 
0048       1 
0049       1 
0050       1 
0051       1 
0052       1 
0053       1 
0054       1 
0055       1 
0056       1 
0057       1 
0058       1 
0059       1 
0060       1 
0061       1 
0062       1 
0063       1 
0064       1 
0065       1 
0066       1 
0067       1 
0068       1 
0069       1 
0070       1 
0071       1 
0072       1 
0073       1 
0074       1 
0075       1 
0076       1 
0077       1 
0078       1 
0079       1 
0080       1 
0081       1 
0082       1 
0083       1 
0084       1 
0085       1 
0086       1 
0087       1 
0088       1 
0089       1 
0090       1 
0091       1 
0092       1 
0093       1 
0094       1 
0095       1 
0096       1 
0097       1 
0098       1 
0099       1 
0100       1 
0101       1 
0102       1 
0103       1 
0104       1 
0105       1 
0106       1 
0107       1 
0108       1 
0109       1 
0110       1 
0111       1 
0112       1 
0113       1 
0114       1 
0115       1 
0116       1 
0117       1 
0118       1 
0119       1 
0120       1 
0121       1 
0122       1 
0123       1 
0124       1 
0125       1 
0126       1 
0127       1 
0128       1 
0129       1 
0130       1 
0131       1 
0132       1 
0133       1 
0134       1 
0135       1 
0136       1 
0137       1 
0138       1 
0139       1 
0140       1 
0141       1 
0142       1 
0143       1 
0144       1 
0145       1 
0146       1 
0147       1 
0148       1 
0149       1 
0150       1 
0151       1 
0152       1 
0153       1 
0154       1 
0155       1 
0156       1 
0157       1 
0158       1 
0159       1 
0160       1 
0161       1 
0162       1 
0163       1 
0164       1 
0165       1 
0166       1 
0167       1 
0168       1 
0169       1 
0170       1 
0171       1 
0172       1 
0173       1 
0174       1 
0175       1 
0176       1 
0177       1 
0178       1 
0179       1 
0180       1 
0181       1 
0182       1 
0183       1 
0184       1 
0185       1 
0186       1 
0187       1 
0188       1 
0189       1 
0190       1 
0191       1 
0192       1 
0193       1 
0194       1 
0195       1 
0196       1 
0197       1 
0198       1 
0199       1 
0200       1 
0201       1 
0202       1 
0203       1 
0204       1 
0205       1 
0206       1 
0207       1 
0208       1 
0209       1 
0210       1 
0211       1 
0212       1 
0213       1 
0214       1 
0215       1 
0216       1 
0217       1 
0218       1 
0219       1 
0220       1 
0221       1 
0222       1 
0223       1 
0224       1 
0225       1 
0226       1 
0227       1 
0228       1 
0229       1 
0230       1 
0231       1 
0232       1 
0233       1 
0234       1 
0235       1 
0236       1 
0237       1 
0238       1 
0239       1 
0240       1 
0241       1 
0242       1 
0243       1 
0244       1 
0245       1 
0246       1 
0247       1 
0248       1 
0249       1 
0250       1 
0251       1 
0252       1 
0253       1 
0254       1 
0255       1 
0256       1 
0257       1 
0258       1 
0259       1 
0260       1 
0261       1 
0262       1 
0263       1 
0264       1 
0265       1 
0266       1 
0267       1 
0268       1 
0269       1 
0270       1 
0271       1 
0272       1 
0273       1 
0274       1 
0275       1 
0276       1 
0277       1 
0278       1 
0279       18118 
0280       18118 
0281       18194 
0282       18118 
0283       17884 
0284       17763 
0285       17763 
0286       17577 
0287       17527 
0288       17397 
0289       17205 
0290       17095 
0291       16974 
0292       16861 
0293       16713 
0294       16586 
0295       16489 
0296       16374 
0297       16269 
0298       16168 
0299       16064 
0300       15905 
0301       15823 
0302       15699 
0303       15598 
0304       15517 
0305       15383 
0306       15304 
0307       15214 
0308       15078 
0309       15031 
0310       14937 
0311       14826 
0312       14743 
0313       14651 
0314       14557 
0315       14455 
0316       14403 
0317       14257 
0318       14096 
0319       13976 
0320       13811 
0321       13692 
0322       13585 
0323       13529 
0324       13457 
0325       13383 
0326       13308 
0327       13237 
0328       13157 
0329       13110 
0330       13034 
0331       13009 
0332       12886 
0333       12830 
0334       12760 
0335       12695 
0336       12638 
0337       12577 
0338       12538 
0339       12459 
0340       12394 
0341       12333 
0342       12283 
0343       12235 
0344       12181 
0345       12112 
0346       12046 
0347       11999 
0348       11963 
0349       11906 
0350       11871 
0351       11809 
0352       11773 
0353       11702 
0354       11676 
0355       11621 
0356       11577 
0357       11516 
0358       11494 
0359       11436 
0360       11436 
0361       11436 
0362       11445 
0363       11441 
0364       11441 
0365       11363 
0366       11362 
0367       11344 
0368       11273 
0369       11221 
0370       11188 
0371       11176 
0372       11118 
0373       11073 
0374       11059 
0375       10985 
0376       10978 
0377       10940 
0378       10898 
0379       10837 
0380       10815 
0381       10767 
0382       10754 
0383       10725 
0384       10679 
0385       10638 
0386       10624 
0387       10593 
0388       10588 
0389       10527 
0390       10493 
0391       10459 
0392       10424 
0393       10395 
0394       10391 
0395       10350 
0396       10336 
0397       10297 
0398       10256 
0399       10241 
0400       10224 
0401       10161 
0402       10155 
0403       10120 
0404       10108 
0405       10061 
0406       10051 
0407       10010 
0408       9983 
0409       9941 
0410       9938 
0411       9883 
0412       9880 
0413       9866 
0414       9849 
0415       9814 
0416       9801 
0417       9763 
0418       9741 
0419       9704 
0420       9691 
0421       9670 
0422       9640 
0423       9622 
0424       9586 
0425       9581 
0426       9569 
0427       9541 
0428       9511 
0429       9508 
0430       9481 
0431       9456 
0432       9417 
0433       9413 
0434       9411 
0435       9380 
0436       9366 
0437       9366 
0438       9350 
0439       9314 
0440       9297 
0441       9293 
0442       9271 
0443       9248 
0444       9228 
0445       9206 
0446       9196 
0447       9192 
0448       9187 
0449       9166 
0450       9147 
0451       9132 
0452       9124 
0453       9106 
0454       9067 
0455       9062 
0456       9061 
0457       9037 
0458       9033 
0459       9023 
0460       9009 
0461       9008 
0462       8989 
0463       8979 
0464       8979 
0465       8979 
0466       8956 
0467       8951 
0468       8930 
0469       8916 
0470       8916 
0471       8915 
0472       8879 
0473       8864 
0474       8854 
0475       8861 
0476       8853 
0477       8858 
0478       8843 
0479       8824 
0480       8824 
0481       8823 
0482       8797 
0483       8796 
0484       8791 
0485       8780 
0486       8777 
0487       8754 
0488       8750 
0489       8743 
0490       8743 
0491       8741 
0492       8741 
0493       8732 
0494       8725 
0495       8725 
0496       8723 
0497       8723 
0498       8723 
0499       8708 
0500       8688 
0501       8688 
0502       8688 
0503       8690 
0504       8690 
0505       8680 
0506       8671 
0507       8665 
0508       8671 
0509       8668 
0510       8668 
0511       8651 
0512       8651 
0513       8655 
0514       8662 
0515       8655 
0516       8664 
0517       8655 
0518       8656 
0519       8654 
0520       8654 
0521       8651 
0522       8651 
0523       8651 
0524       8650 
0525       8650 
0526       8655 
0527       8655 
0528       8662 
0529       8662 
0530       8662 
0531       8659 
0532       8656 
0533       8656 
0534       8660 
0535       8665 
0536       8678 
0537       8684 
0538       8684 
0539       8676 
0540       8676 
0541       8680 
0542       8684 
0543       8688 
0544       8706 
0545       8694 
0546       8694 
0547       8680 
0548       8680 
0549       8695 
0550       8695 
0551       8703 
0552       8705 
0553       8715 
0554       8723 
0555       8724 
0556       8737 
0557       8739 
0558       8739 
0559       8750 
0560       8750 
0561       8750 
0562       8762 
0563       8770 
0564       8782 
0565       8787 
0566       8794 
0567       8792 
0568       8802 
0569       8807 
0570       8823 
0571       8842 
0572       8847 
0573       8854 
0574       8864 
0575       8869 
0576       8891 
0577       8900 
0578       8901 
0579       8901 
0580       8904 
0581       8920 
0582       8923 
0583       8940 
0584       8950 
0585       8952 
0586       8971 
0587       8987 
0588       8999 
0589       9008 
0590       9013 
0591       9018 
0592       9018 
0593       9018 
0594       9044 
0595       9073 
0596       9076 
0597       9108 
0598       9121 
0599       9139 
0600       9144 
0601       9144 
0602       9169 
0603       9180 
0604       9182 
0605       9195 
0606       9238 
0607       9257 
0608       9265 
0609       9266 
0610       9277 
0611       9285 
0612       9307 
0613       9336 
0614       9362 
0615       9368 
0616       9378 
0617       9378 
0618       9394 
0619       9410 
0620       9428 
0621       9454 
0622       9459 
0623       9490 
0624       9529 
0625       9546 
0626       9562 
0627       9572 
0628       9580 
0629       9594 
0630       9642 
0631       9669 
0632       9669 
0633       9675 
0634       9687 
0635       9726 
0636       9762 
0637       9791 
0638       9800 
0639       9804 
0640       9850 
0641       9863 
0642       9881 
0643       9902 
0644       9924 
0645       9956 
0646       9970 
0647       9988 
0648       10018 
0649       10056 
0650       10103 
0651       10130 
0652       10161 
0653       10167 
0654       10203 
0655       10228 
0656       10259 
0657       10295 
0658       10312 
0659       10326 
0660       10355 
0661       10397 
0662       10435 
0663       10455 
0664       10498 
0665       10507 
0666       10543 
0667       10579 
0668       10641 
0669       10643 
0670       10683 
0671       10703 
0672       10761 
0673       10801 
0674       10828 
0675       10837 
0676       10851 
0677       10931 
0678       10985 
0679       11011 
0680       11030 
0681       11081 
0682       11136 
0683       11147 
0684       11209 
0685       11239 
0686       11309 
0687       11362 
0688       11375 
0689       11400 
0690       11456 
0691       11522 
0692       11542 
0693       11606 
0694       11651 
0695       11712 
0696       11727 
0697       11792 
0698       11807 
0699       11823 
0700       11842 
0701       11859 
0702       11865 
0703       11880 
0704       11896 
0705       11953 
0706       12001 
0707       12038 
0708       12088 
0709       12128 
0710       12202 
0711       12240 
0712       12271 
0713       12359 
0714       12396 
0715       12435 
0716       12483 
0717       12483 
0718       9308 
0719       9295 
0720       9295 
0721       9308 
0722       9381 
0723       9405 
0724       9476 
0725       9487 
0726       9561 
0727       9595 
0728       9674 
0729       9682 
0730       9722 
0731       9722 
0732       9730 
0733       9718 
0734       9649 
0735       9634 
0736       9588 
0737       9475 
0738       9396 
0739       9306 
0740       9272 
0741       9213 
0742       9189 
0743       9184 
0744       9154 
0745       9102 
0746       6897 
0747       6873 
0748       6857 
0749       6819 
0750       6785 
0751       6726 
0752       6685 
0753       6619 
0754       6573 
0755       6498 
0756       6492 
0757       6417 
0758       6404 
0759       6357 
0760       6299 
0761       6209 
0762       5984 
0763       5984 
0764       6025 
0765       6025 
0766       6025 
0767       6035 
0768       6036 
0769       6083 
0770       6084 
0771       6164 
0772       6193 
0773       6234 
0774       6303 
0775       6362 
0776       6411 
0777       6482 
0778       6508 
0779       6587 
0780       6660 
0781       6701 
0782       6789 
0783       6870 
0784       6995 
0785       7120 
0786       7238 
0787       7289 
0788       7391 
0789       7474 
0790       7557 
0791       7666 
0792       7726 
0793       7806 
0794       7899 
0795       7970 
0796       8040 
0797       8111 
0798       8129 
0799       8129 
0800       8232 
0801       8344 
0802       8458 
0803       8797 
0804       8905 
0805       8983 
0806       9117 
0807       9219 
0808       9338 
0809       9437 
0810       9558 
0811       9695 
0812       9866 
0813       10007 
0814       10108 
0815       10252 
0816       10409 
0817       10511 
0818       10629 
0819       10774 
0820       10926 
0821       11080 
0822       11311 
0823       11486 
0824       11686 
0825       11841 
0826       12074 
0827       12270 
0828       12479 
0829       12737 
0830       12995 
0831       12995 
0832       12995 
0833       1 
0834       1 
0835       1 
0836       1 
0837       1 
0838       1 
0839       15222 
0840       15222 
0841       1 
0842       1 
0843       1 
0844       1 
0845       1 
0846       1 
0847       1 
0848       1 
0849       1 
0850       1 
0851       1 
0852       1 
0853       1 
0854       1 
0855       1 
0856       1 
0857       1 
0858       1 
0859       1 
0860       1 
0861       1 
0862       1 
0863       1 
0864       1 
0865       1 
0866       1 
0867       1 
0868       1 
0869       1 
0870       1 
0871       1 
0872       1 
0873       1 
0874       1 
0875       1 
0876       1 
0877       22322 
0878       22330 
0879       22330 
0880       22349 
0881       22359 
0882       22385 
0883       22389 
0884       22389 
0885       22389 
0886       22371 
0887       22371 
0888       1 
0889       1 
0890       1 
0891       1 
0892       1 
0893       1 
0894       26157 
0895       26157 
0896       26157 
0897       1 
0898       1 
0899       1 
0900       1 
0901       1 
0902       1 
0903       1 
0904       1 
0905       1 
0906       1 
0907       1 
0908       1 
0909       1 
0910       1 
0911       1 
0912       1 
0913       1 
0914       1 
0915       1 
0916       1 
0917       1 
0918       1 
0919       1 
0920       1 
0921       1 
0922       1 
0923       1 
0924       1 
0925       1 
0926       1 
0927       1 
0928       1 
0929       1 
0930       1 
0931       1 
0932       1 
0933       1 
0934       1 
0935       1 
0936       1 
0937       1 
0938       1 
0939       1 
0940       1 
0941       1 
0942       1 
0943       1 
0944       1 
0945       1 
0946       1 
0947       1 
0948       1 
0949       1 
0950       1 
0951       1 
0952       1 
0953       1 
0954       1 
0955       1 
0956       1 
0957       1 
0958       1 
0959       1 
0960       1 
0961       1 
0962       1 
0963       1 
0964       1 
0965       1 
0966       1 
0967       1 
0968       1 
0969       1 
0970       1 
0971       1 
0972       1 
0973       1 
0974       1 
0975       1 
0976       1 
0977       1 
0978       1 
0979       1 
0980       1 
0981       1 
0982       1 
0983       1 
0984       1 
0985       1 
0986       1 
0987       1 
0988       1 
0989       1 
0990       1 
0991       1 
0992       1 
0993       1 
0994       1 
0995       1 
0996       1 
0997       1 
0998       1 
0999       1 
1000       1 
1001       1 
1002       1 
1003       1 
1004       1 
1005       1 
1006       1 
1007       1 
1008       4 
1009       45 
1010       54 
1011       45 
1012       51 
1013       51 
1014       51 
1015       51 
1016       51 
1017       51 
1018       47 
1019       56 
1020       56 
1021       47 
1022       49 
1023       55 
1024       55 
1025       55 
1026       58 
1027       58 
1028       58 
1029       58 
1030       43 
1031       43 
1032       59 
1033       59 
1034       59 
1035       60 
1036       62 
1037       67 
1038       67 
1039       69 
1040       69 
1041       67 
1042       67 
1043       67 
1044       67 
1045       69 
1046       69 
1047       69 
1048       67 
1049       66 
1050       66 
1051       67 
1052       70 
1053       70 
1054       70 
1055       63 
1056       63 
1057       63 
1058       66 
1059       68 
1060       70 
1061       70 
1062       70 
1063       67 
1064       66 
1065       61 
1066       61 
1067       66 
1068       68 
1069       68 
1070       69 
1071       76 
1072       72 
1073       69 
1074       72 
1075       75 
1076       72 
1077       72 
1078       75 
1079       72 
1297966630.492759
