0000       1 
0001       1 
0002       1 
0003       1 
0004       1 
0005       1 
0006       1 
0007       1 
0008       1 
0009       1 
0010       1 
0011       1 
0012       1 
0013       1 
0014       1 
0015       1 
0016       1 
0017       1 
0018       1 
0019       1 
0020       1 
0021       1 
0022       1 
0023       1 
0024       1 
0025       1 
0026       1 
0027       1 
0028       1 
0029       1 
0030       1 
0031       1 
0032       1 
0033       1 
0034       1 
0035       1 
0036       1 
0037       1 
0038       1 
0039       1 
0040       1 
0041       1 
0042       1 
0043       1 
0044       1 
0045       1 
0046       1 
0047       1 
0048       1 
0049       1 
0050       1 
0051       1 
0052       1 
0053       1 
0054       1 
0055       1 
0056       1 
0057       1 
0058       1 
0059       1 
0060       1 
0061       1 
0062       1 
0063       1 
0064       1 
0065       1 
0066       1 
0067       1 
0068       1 
0069       1 
0070       1 
0071       1 
0072       1 
0073       1 
0074       1 
0075       1 
0076       1 
0077       1 
0078       1 
0079       1 
0080       1 
0081       1 
0082       1 
0083       1 
0084       1 
0085       1 
0086       1 
0087       1 
0088       1 
0089       1 
0090       1 
0091       1 
0092       1 
0093       1 
0094       1 
0095       1 
0096       1 
0097       1 
0098       1 
0099       1 
0100       1 
0101       1 
0102       1 
0103       1 
0104       1 
0105       17278 
0106       17354 
0107       17386 
0108       17433 
0109       17433 
0110       17342 
0111       16286 
0112       16281 
0113       16286 
0114       16293 
0115       16343 
0116       16343 
0117       16343 
0118       16306 
0119       16215 
0120       16128 
0121       16121 
0122       16104 
0123       15598 
0124       15565 
0125       15565 
0126       15565 
0127       1 
0128       1 
0129       1 
0130       1 
0131       15155 
0132       15155 
0133       15142 
0134       15142 
0135       15132 
0136       1 
0137       1 
0138       1 
0139       1 
0140       1 
0141       1 
0142       1 
0143       14481 
0144       14832 
0145       14854 
0146       14898 
0147       14854 
0148       1 
0149       1 
0150       1 
0151       1 
0152       14480 
0153       14480 
0154       14480 
0155       14455 
0156       14455 
0157       14415 
0158       14543 
0159       14682 
0160       14682 
0161       14693 
0162       14754 
0163       14754 
0164       14500 
0165       14362 
0166       14362 
0167       14362 
0168       14341 
0169       14420 
0170       14774 
0171       14778 
0172       14794 
0173       14794 
0174       15312 
0175       15312 
0176       15312 
0177       15312 
0178       15440 
0179       16106 
0180       16106 
0181       1 
0182       1 
0183       1 
0184       1 
0185       15095 
0186       15095 
0187       15095 
0188       1 
0189       15956 
0190       15973 
0191       15973 
0192       1 
0193       1 
0194       1 
0195       15839 
0196       15839 
0197       15839 
0198       15837 
0199       15837 
0200       15837 
0201       1 
0202       15373 
0203       15373 
0204       15373 
0205       15238 
0206       15216 
0207       15181 
0208       15170 
0209       14760 
0210       14709 
0211       14709 
0212       14760 
0213       14709 
0214       14691 
0215       1 
0216       1 
0217       1 
0218       15857 
0219       15857 
0220       15196 
0221       1 
0222       1 
0223       1 
0224       1 
0225       1 
0226       1 
0227       16187 
0228       16187 
0229       16187 
0230       1 
0231       15579 
0232       15579 
0233       15579 
0234       1 
0235       1 
0236       1 
0237       16404 
0238       16436 
0239       16404 
0240       16404 
0241       1 
0242       1 
0243       1 
0244       1 
0245       16469 
0246       16532 
0247       16532 
0248       16532 
0249       15932 
0250       15932 
0251       15932 
0252       15932 
0253       20982 
0254       20982 
0255       20982 
0256       20770 
0257       20611 
0258       20393 
0259       20225 
0260       19905 
0261       19897 
0262       19759 
0263       19562 
0264       19432 
0265       19312 
0266       19184 
0267       19050 
0268       18901 
0269       18719 
0270       18578 
0271       18473 
0272       18306 
0273       18182 
0274       17996 
0275       17860 
0276       17717 
0277       17595 
0278       17460 
0279       17357 
0280       17264 
0281       16997 
0282       16882 
0283       16882 
0284       16702 
0285       16538 
0286       16538 
0287       16440 
0288       16346 
0289       16230 
0290       16106 
0291       16014 
0292       15936 
0293       15815 
0294       15683 
0295       15639 
0296       15522 
0297       15445 
0298       15389 
0299       15318 
0300       15210 
0301       15127 
0302       15095 
0303       14974 
0304       14960 
0305       14861 
0306       14754 
0307       14713 
0308       14617 
0309       14518 
0310       14481 
0311       14376 
0312       14297 
0313       14191 
0314       14134 
0315       14007 
0316       13995 
0317       13984 
0318       13959 
0319       13924 
0320       13883 
0321       13814 
0322       13745 
0323       13710 
0324       13601 
0325       13572 
0326       13500 
0327       13412 
0328       13343 
0329       13298 
0330       13229 
0331       13178 
0332       13101 
0333       13034 
0334       12999 
0335       12945 
0336       12908 
0337       12891 
0338       12807 
0339       12758 
0340       12734 
0341       12652 
0342       12643 
0343       12587 
0344       12509 
0345       12479 
0346       12420 
0347       12380 
0348       12324 
0349       12266 
0350       12258 
0351       12164 
0352       12158 
0353       12086 
0354       12077 
0355       12010 
0356       11994 
0357       11948 
0358       11892 
0359       11838 
0360       11823 
0361       11774 
0362       11747 
0363       11712 
0364       11660 
0365       11628 
0366       11595 
0367       11572 
0368       11541 
0369       11476 
0370       11461 
0371       11441 
0372       11380 
0373       11375 
0374       11328 
0375       11272 
0376       11266 
0377       11241 
0378       11176 
0379       11148 
0380       11124 
0381       11119 
0382       11074 
0383       11055 
0384       11018 
0385       10994 
0386       10959 
0387       10925 
0388       10892 
0389       10858 
0390       10856 
0391       10822 
0392       10793 
0393       10773 
0394       10743 
0395       10723 
0396       10702 
0397       10682 
0398       10648 
0399       10627 
0400       10601 
0401       10585 
0402       10551 
0403       10534 
0404       10514 
0405       10473 
0406       10468 
0407       10455 
0408       10424 
0409       10409 
0410       10383 
0411       10355 
0412       10339 
0413       10319 
0414       10306 
0415       10304 
0416       10273 
0417       10254 
0418       10231 
0419       10227 
0420       10199 
0421       10193 
0422       10184 
0423       10159 
0424       10128 
0425       10125 
0426       10103 
0427       10101 
0428       10080 
0429       10061 
0430       10037 
0431       10033 
0432       10009 
0433       10007 
0434       9972 
0435       9966 
0436       9954 
0437       9937 
0438       9924 
0439       9903 
0440       9900 
0441       9872 
0442       9863 
0443       9841 
0444       9833 
0445       9833 
0446       9833 
0447       9797 
0448       9789 
0449       9786 
0450       9760 
0451       9748 
0452       9735 
0453       9723 
0454       9699 
0455       9699 
0456       9700 
0457       9700 
0458       9684 
0459       9678 
0460       9650 
0461       9641 
0462       9621 
0463       9621 
0464       9621 
0465       9608 
0466       9599 
0467       9582 
0468       9582 
0469       9582 
0470       9571 
0471       9569 
0472       9545 
0473       9545 
0474       9541 
0475       9535 
0476       9527 
0477       9519 
0478       9517 
0479       9508 
0480       9495 
0481       9493 
0482       9493 
0483       9474 
0484       9495 
0485       9476 
0486       9476 
0487       9465 
0488       9465 
0489       9465 
0490       9463 
0491       9463 
0492       9459 
0493       9451 
0494       9445 
0495       9445 
0496       9431 
0497       9431 
0498       9426 
0499       9414 
0500       9414 
0501       9420 
0502       9420 
0503       9432 
0504       9410 
0505       9401 
0506       9401 
0507       9413 
0508       9413 
0509       9425 
0510       9412 
0511       9412 
0512       9411 
0513       9407 
0514       9407 
0515       9407 
0516       9416 
0517       9416 
0518       9406 
0519       9406 
0520       9414 
0521       9418 
0522       9424 
0523       9424 
0524       9419 
0525       9419 
0526       9415 
0527       9420 
0528       9429 
0529       9429 
0530       9423 
0531       9423 
0532       9430 
0533       9436 
0534       9451 
0535       9463 
0536       9472 
0537       9472 
0538       9472 
0539       9467 
0540       9469 
0541       9469 
0542       9476 
0543       9476 
0544       9492 
0545       9492 
0546       9512 
0547       9512 
0548       9524 
0549       9524 
0550       9524 
0551       9528 
0552       9540 
0553       9557 
0554       9561 
0555       9571 
0556       9574 
0557       9575 
0558       9575 
0559       9590 
0560       9602 
0561       9606 
0562       9633 
0563       9640 
0564       9649 
0565       9649 
0566       9657 
0567       9675 
0568       9700 
0569       9700 
0570       9702 
0571       9706 
0572       9729 
0573       9750 
0574       9767 
0575       9767 
0576       9779 
0577       9782 
0578       9794 
0579       9804 
0580       9848 
0581       9852 
0582       9874 
0583       9874 
0584       1638 
0585       1638 
0586       1637 
0587       1637 
0588       1637 
0589       1618 
0590       1558 
0591       1552 
0592       1550 
0593       1549 
0594       1547 
0595       1548 
0596       1549 
0597       1549 
0598       1550 
0599       1550 
0600       1550 
0601       1558 
0602       1558 
0603       1566 
0604       1570 
0605       1570 
0606       1570 
0607       1566 
0608       1558 
0609       440 
0610       435 
0611       435 
0612       440 
0613       449 
0614       459 
0615       459 
0616       456 
0617       459 
0618       459 
0619       461 
0620       461 
0621       462 
0622       463 
0623       462 
0624       462 
0625       462 
0626       464 
0627       464 
0628       469 
0629       469 
0630       469 
0631       469 
0632       469 
0633       469 
0634       474 
0635       479 
0636       476 
0637       479 
0638       479 
0639       479 
0640       479 
0641       487 
0642       487 
0643       496 
0644       505 
0645       520 
0646       1673 
0647       1805 
0648       1859 
0649       1884 
0650       1903 
0651       1921 
0652       1929 
0653       1933 
0654       1946 
0655       1951 
0656       1953 
0657       1961 
0658       1963 
0659       1977 
0660       1982 
0661       2003 
0662       2006 
0663       2018 
0664       2018 
0665       2020 
0666       2020 
0667       2039 
0668       2042 
0669       2051 
0670       2067 
0671       2070 
0672       2083 
0673       2088 
0674       2102 
0675       2113 
0676       2115 
0677       2120 
0678       2122 
0679       2132 
0680       2148 
0681       2164 
0682       2165 
0683       2181 
0684       2182 
0685       2188 
0686       2203 
0687       2206 
0688       2231 
0689       2233 
0690       2234 
0691       2239 
0692       2263 
0693       2267 
0694       2272 
0695       2272 
0696       2284 
0697       2310 
0698       2316 
0699       2321 
0700       2329 
0701       2351 
0702       2355 
0703       2359 
0704       2367 
0705       2372 
0706       2388 
0707       2398 
0708       2423 
0709       2438 
0710       2456 
0711       2457 
0712       2467 
0713       2468 
0714       2493 
0715       2534 
0716       2542 
0717       2558 
0718       2560 
0719       2568 
0720       2592 
0721       2605 
0722       2622 
0723       2624 
0724       2637 
0725       2670 
0726       2673 
0727       2727 
0728       2744 
0729       2744 
0730       2746 
0731       2757 
0732       2775 
0733       2808 
0734       2829 
0735       2840 
0736       2859 
0737       2871 
0738       2902 
0739       2906 
0740       2946 
0741       2952 
0742       2982 
0743       2997 
0744       3023 
0745       3041 
0746       3075 
0747       3107 
0748       3118 
0749       3165 
0750       3179 
0751       3185 
0752       3218 
0753       3241 
0754       3270 
0755       3300 
0756       3323 
0757       3350 
0758       3391 
0759       3430 
0760       3449 
0761       3472 
0762       3526 
0763       3558 
0764       3598 
0765       3623 
0766       3652 
0767       3673 
0768       3767 
0769       3800 
0770       3832 
0771       3865 
0772       3892 
0773       3917 
0774       4010 
0775       4025 
0776       4079 
0777       4103 
0778       4146 
0779       4207 
0780       4278 
0781       4350 
0782       4386 
0783       4466 
0784       4516 
0785       4569 
0786       4628 
0787       4729 
0788       4779 
0789       4837 
0790       4907 
0791       4963 
0792       5048 
0793       5104 
0794       5187 
0795       5264 
0796       5349 
0797       5418 
0798       5488 
0799       5572 
0800       5669 
0801       5734 
0802       5824 
0803       5927 
0804       6004 
0805       6102 
0806       6195 
0807       6253 
0808       6253 
0809       6250 
0810       6250 
0811       6254 
0812       6267 
0813       6384 
0814       6423 
0815       6423 
0816       1 
0817       1 
0818       1 
0819       1 
0820       6332 
0821       6384 
0822       6384 
0823       6323 
0824       1 
0825       1 
0826       1 
0827       1 
0828       1 
0829       1 
0830       1 
0831       1 
0832       1 
0833       1 
0834       1 
0835       1 
0836       1 
0837       1 
0838       1 
0839       1 
0840       1 
0841       1 
0842       1 
0843       1 
0844       1 
0845       1 
0846       1 
0847       1 
0848       1 
0849       6227 
0850       6227 
0851       1 
0852       1 
0853       1 
0854       1 
0855       1 
0856       1 
0857       1 
0858       1 
0859       1 
0860       1 
0861       1 
0862       1 
0863       1 
0864       1 
0865       1 
0866       1 
0867       1 
0868       1 
0869       1 
0870       1 
0871       1 
0872       1 
0873       1 
0874       1 
0875       1 
0876       1 
0877       1 
0878       1 
0879       1 
0880       1 
0881       1 
0882       1 
0883       1 
0884       1 
0885       1 
0886       1 
0887       1 
0888       1 
0889       1 
0890       1 
0891       1 
0892       1 
0893       1 
0894       1 
0895       1 
0896       1 
0897       1 
0898       1 
0899       1 
0900       1 
0901       1 
0902       1 
0903       1 
0904       1 
0905       1 
0906       1 
0907       1 
0908       1 
0909       1 
0910       1 
0911       1 
0912       1 
0913       1 
0914       1 
0915       1 
0916       1 
0917       1 
0918       1 
0919       1 
0920       1 
0921       1 
0922       1 
0923       1 
0924       1 
0925       1 
0926       1 
0927       1 
0928       1 
0929       1 
0930       1 
0931       1 
0932       1 
0933       1 
0934       1 
0935       1 
0936       1 
0937       1 
0938       1 
0939       1 
0940       1 
0941       1 
0942       1 
0943       1 
0944       1 
0945       1 
0946       1 
0947       1 
0948       1 
0949       1 
0950       1 
0951       1 
0952       1 
0953       1 
0954       1 
0955       1 
0956       1 
0957       1 
0958       1 
0959       1 
0960       1 
0961       1 
0962       1 
0963       1 
0964       1 
0965       1 
0966       1 
0967       1 
0968       1 
0969       1 
0970       1 
0971       1 
0972       1 
0973       1 
0974       1 
0975       1 
0976       1 
0977       1 
0978       1 
0979       1 
0980       1 
0981       1 
0982       1 
0983       1 
0984       1 
0985       1 
0986       1 
0987       1 
0988       1 
0989       1 
0990       1 
0991       1 
0992       1 
0993       1 
0994       1 
0995       1 
0996       1 
0997       1 
0998       1 
0999       1 
1000       1 
1001       1 
1002       1 
1003       1 
1004       1 
1005       1 
1006       1 
1007       1 
1008       4 
1009       4 
1010       45 
1011       4 
1012       43 
1013       47 
1014       47 
1015       47 
1016       47 
1017       47 
1018       47 
1019       47 
1020       45 
1021       45 
1022       54 
1023       62 
1024       62 
1025       62 
1026       62 
1027       61 
1028       58 
1029       54 
1030       54 
1031       54 
1032       54 
1033       56 
1034       57 
1035       58 
1036       67 
1037       68 
1038       67 
1039       68 
1040       72 
1041       68 
1042       69 
1043       69 
1044       69 
1045       69 
1046       71 
1047       71 
1048       71 
1049       71 
1050       73 
1051       73 
1052       73 
1053       73 
1054       67 
1055       67 
1056       67 
1057       67 
1058       67 
1059       66 
1060       69 
1061       64 
1062       64 
1063       64 
1064       66 
1065       66 
1066       68 
1067       68 
1068       70 
1069       70 
1070       68 
1071       66 
1072       65 
1073       65 
1074       65 
1075       65 
1076       65 
1077       65 
1078       68 
1079       64 
1297966612.538699
