0000       1 
0001       1 
0002       1 
0003       1 
0004       1 
0005       1 
0006       1 
0007       1 
0008       1 
0009       1 
0010       1 
0011       1 
0012       1 
0013       1 
0014       1 
0015       1 
0016       1 
0017       1 
0018       1 
0019       1 
0020       1 
0021       1 
0022       1 
0023       1 
0024       1 
0025       1 
0026       1 
0027       1 
0028       1 
0029       1 
0030       1 
0031       1 
0032       1 
0033       1 
0034       1 
0035       1 
0036       1 
0037       1 
0038       1 
0039       1 
0040       1 
0041       1 
0042       1 
0043       1 
0044       1 
0045       1 
0046       1 
0047       1 
0048       1 
0049       1 
0050       1 
0051       1 
0052       1 
0053       1 
0054       1 
0055       1 
0056       1 
0057       1 
0058       1 
0059       1 
0060       1 
0061       1 
0062       1 
0063       1 
0064       1 
0065       1 
0066       1 
0067       1 
0068       1 
0069       1 
0070       1 
0071       1 
0072       1 
0073       1 
0074       1 
0075       1 
0076       1 
0077       1 
0078       1 
0079       1 
0080       1 
0081       1 
0082       1 
0083       1 
0084       1 
0085       1 
0086       1 
0087       1 
0088       1 
0089       1 
0090       1 
0091       1 
0092       1 
0093       1 
0094       1 
0095       1 
0096       1 
0097       1 
0098       1 
0099       1 
0100       1 
0101       1 
0102       1 
0103       1 
0104       1 
0105       1 
0106       1 
0107       1 
0108       1 
0109       1 
0110       1 
0111       1 
0112       1 
0113       1 
0114       1 
0115       1 
0116       1 
0117       1 
0118       1 
0119       1 
0120       1 
0121       1 
0122       1 
0123       1 
0124       1 
0125       1 
0126       1 
0127       1 
0128       1 
0129       1 
0130       1 
0131       1 
0132       1 
0133       1 
0134       1 
0135       1 
0136       1 
0137       1 
0138       1 
0139       1 
0140       1 
0141       1 
0142       1 
0143       1 
0144       1 
0145       1 
0146       1 
0147       1 
0148       1 
0149       1 
0150       1 
0151       1 
0152       1 
0153       1 
0154       1 
0155       1 
0156       1 
0157       1 
0158       1 
0159       1 
0160       1 
0161       1 
0162       1 
0163       1 
0164       1 
0165       1 
0166       1 
0167       1 
0168       1 
0169       1 
0170       1 
0171       1 
0172       1 
0173       1 
0174       1 
0175       1 
0176       1 
0177       1 
0178       1 
0179       1 
0180       1 
0181       1 
0182       1 
0183       1 
0184       1 
0185       1 
0186       1 
0187       1 
0188       1 
0189       1 
0190       1 
0191       1 
0192       1 
0193       1 
0194       1 
0195       1 
0196       1 
0197       1 
0198       1 
0199       1 
0200       1 
0201       1 
0202       1 
0203       1 
0204       1 
0205       1 
0206       1 
0207       1 
0208       1 
0209       1 
0210       1 
0211       1 
0212       1 
0213       1 
0214       1 
0215       1 
0216       1 
0217       1 
0218       1 
0219       1 
0220       1 
0221       1 
0222       1 
0223       1 
0224       1 
0225       1 
0226       1 
0227       1 
0228       1 
0229       1 
0230       1 
0231       1 
0232       1 
0233       1 
0234       1 
0235       1 
0236       1 
0237       1 
0238       1 
0239       1 
0240       1 
0241       1 
0242       1 
0243       1 
0244       1 
0245       1 
0246       1 
0247       1 
0248       1 
0249       1 
0250       1 
0251       1 
0252       1 
0253       1 
0254       1 
0255       1 
0256       1 
0257       1 
0258       1 
0259       1 
0260       1 
0261       1 
0262       1 
0263       1 
0264       1 
0265       1 
0266       1 
0267       1 
0268       1 
0269       1 
0270       1 
0271       1 
0272       1 
0273       1 
0274       1 
0275       1 
0276       1 
0277       1 
0278       1 
0279       1 
0280       1 
0281       1 
0282       1 
0283       1 
0284       1 
0285       1 
0286       1 
0287       1 
0288       1 
0289       1 
0290       1 
0291       1 
0292       1 
0293       1 
0294       1 
0295       1 
0296       1 
0297       1 
0298       1 
0299       1 
0300       1 
0301       1 
0302       1 
0303       1 
0304       1 
0305       1 
0306       1 
0307       1 
0308       1 
0309       1 
0310       1 
0311       1 
0312       1 
0313       1 
0314       1 
0315       1 
0316       1 
0317       1 
0318       1 
0319       1 
0320       1 
0321       1 
0322       1 
0323       1 
0324       1 
0325       1 
0326       1 
0327       1 
0328       1 
0329       1 
0330       1 
0331       1 
0332       1 
0333       1 
0334       1 
0335       1 
0336       1 
0337       1 
0338       1 
0339       1 
0340       1 
0341       1 
0342       1 
0343       1 
0344       1 
0345       1 
0346       1 
0347       1 
0348       1 
0349       1 
0350       1 
0351       1 
0352       1 
0353       1 
0354       1 
0355       1 
0356       1 
0357       1 
0358       1 
0359       1 
0360       1 
0361       1 
0362       1 
0363       1 
0364       1 
0365       1 
0366       1 
0367       1 
0368       1 
0369       1 
0370       1 
0371       1 
0372       1 
0373       1 
0374       1 
0375       17575 
0376       17575 
0377       17492 
0378       17450 
0379       17436 
0380       16916 
0381       1 
0382       16627 
0383       16627 
0384       16627 
0385       1 
0386       1 
0387       1 
0388       1 
0389       16566 
0390       16566 
0391       16601 
0392       16604 
0393       16604 
0394       1 
0395       1 
0396       1 
0397       1 
0398       1 
0399       1 
0400       1 
0401       1 
0402       1 
0403       1 
0404       1 
0405       16078 
0406       16119 
0407       16078 
0408       15619 
0409       15535 
0410       15535 
0411       15535 
0412       15521 
0413       15492 
0414       1 
0415       1 
0416       1 
0417       1 
0418       1 
0419       1 
0420       1 
0421       15928 
0422       15928 
0423       15689 
0424       15390 
0425       15390 
0426       15341 
0427       1 
0428       1 
0429       1 
0430       15333 
0431       15333 
0432       15293 
0433       15333 
0434       17516 
0435       17710 
0436       17736 
0437       17736 
0438       1 
0439       1 
0440       1 
0441       1 
0442       1 
0443       1 
0444       1 
0445       1 
0446       1 
0447       1 
0448       1 
0449       1 
0450       1 
0451       1 
0452       1 
0453       1 
0454       1 
0455       1 
0456       1 
0457       1 
0458       1 
0459       1 
0460       1 
0461       1 
0462       1 
0463       1 
0464       1 
0465       1 
0466       1 
0467       1 
0468       1 
0469       1 
0470       1 
0471       1 
0472       1 
0473       1 
0474       1 
0475       17373 
0476       17449 
0477       44751 
0478       44781 
0479       44766 
0480       44766 
0481       1 
0482       1 
0483       1 
0484       1 
0485       1 
0486       1 
0487       1 
0488       1 
0489       1 
0490       1 
0491       14131 
0492       14151 
0493       14151 
0494       14151 
0495       14226 
0496       14616 
0497       14650 
0498       14675 
0499       14675 
0500       14647 
0501       1 
0502       1 
0503       1 
0504       1 
0505       1 
0506       1 
0507       1 
0508       1 
0509       1 
0510       1 
0511       1 
0512       1 
0513       1 
0514       1 
0515       1 
0516       1 
0517       1 
0518       1 
0519       1 
0520       1 
0521       1 
0522       1 
0523       1 
0524       1 
0525       1 
0526       1 
0527       1 
0528       1 
0529       1 
0530       1 
0531       1 
0532       1 
0533       1 
0534       1 
0535       1 
0536       1 
0537       1 
0538       1 
0539       1 
0540       1 
0541       1 
0542       1 
0543       1 
0544       1 
0545       1 
0546       1 
0547       18425 
0548       18430 
0549       18481 
0550       18490 
0551       18490 
0552       18442 
0553       18429 
0554       18344 
0555       1 
0556       1 
0557       1 
0558       1 
0559       1 
0560       1 
0561       1 
0562       1 
0563       1 
0564       1 
0565       1 
0566       1 
0567       1 
0568       17981 
0569       18092 
0570       17981 
0571       17754 
0572       17715 
0573       17715 
0574       17715 
0575       17416 
0576       17316 
0577       17316 
0578       17225 
0579       17118 
0580       16954 
0581       16788 
0582       16648 
0583       16602 
0584       16469 
0585       16376 
0586       16299 
0587       16202 
0588       16109 
0589       16051 
0590       15930 
0591       15889 
0592       15732 
0593       15615 
0594       15496 
0595       15384 
0596       15333 
0597       15324 
0598       15265 
0599       15156 
0600       15105 
0601       15023 
0602       14995 
0603       14920 
0604       14858 
0605       14790 
0606       14771 
0607       14754 
0608       14667 
0609       14567 
0610       14541 
0611       14457 
0612       14445 
0613       14332 
0614       14256 
0615       14207 
0616       14171 
0617       14097 
0618       14084 
0619       14037 
0620       13971 
0621       13914 
0622       13862 
0623       13828 
0624       13721 
0625       13691 
0626       13627 
0627       13627 
0628       13652 
0629       13652 
0630       13597 
0631       13522 
0632       13444 
0633       13408 
0634       13332 
0635       13252 
0636       13250 
0637       13191 
0638       13129 
0639       13068 
0640       13066 
0641       12987 
0642       12962 
0643       12883 
0644       12871 
0645       12805 
0646       12776 
0647       12729 
0648       12687 
0649       12627 
0650       12594 
0651       12528 
0652       12504 
0653       12473 
0654       12463 
0655       12403 
0656       12372 
0657       12327 
0658       12314 
0659       12273 
0660       12241 
0661       12191 
0662       12172 
0663       12123 
0664       12094 
0665       12070 
0666       12038 
0667       12029 
0668       11974 
0669       11947 
0670       11911 
0671       11874 
0672       11869 
0673       11847 
0674       11817 
0675       11746 
0676       11731 
0677       11702 
0678       11677 
0679       11650 
0680       11613 
0681       11587 
0682       11568 
0683       11545 
0684       11503 
0685       11501 
0686       11464 
0687       11435 
0688       11387 
0689       11370 
0690       11364 
0691       11360 
0692       11304 
0693       11300 
0694       11245 
0695       11244 
0696       11238 
0697       11218 
0698       11199 
0699       11182 
0700       11140 
0701       11137 
0702       11105 
0703       11096 
0704       11096 
0705       11054 
0706       11049 
0707       11024 
0708       10996 
0709       10984 
0710       10968 
0711       10927 
0712       10926 
0713       10906 
0714       10898 
0715       10889 
0716       10856 
0717       10838 
0718       10824 
0719       10820 
0720       10820 
0721       10802 
0722       10786 
0723       10756 
0724       10723 
0725       10721 
0726       10715 
0727       10712 
0728       10692 
0729       10686 
0730       10658 
0731       10640 
0732       10634 
0733       10629 
0734       10622 
0735       10620 
0736       10609 
0737       10593 
0738       10585 
0739       10570 
0740       10562 
0741       10550 
0742       10529 
0743       10526 
0744       10514 
0745       10508 
0746       10485 
0747       10468 
0748       10464 
0749       10461 
0750       10452 
0751       10452 
0752       10447 
0753       10429 
0754       10430 
0755       10429 
0756       10419 
0757       10415 
0758       10409 
0759       10408 
0760       10395 
0761       10371 
0762       10362 
0763       10348 
0764       10348 
0765       10348 
0766       10331 
0767       10331 
0768       10327 
0769       10326 
0770       10326 
0771       10328 
0772       10328 
0773       10311 
0774       10311 
0775       10311 
0776       10309 
0777       10309 
0778       10309 
0779       10293 
0780       10280 
0781       10274 
0782       10274 
0783       10281 
0784       10286 
0785       10286 
0786       10291 
0787       10286 
0788       10276 
0789       10276 
0790       10274 
0791       10274 
0792       10265 
0793       10265 
0794       10265 
0795       10280 
0796       10280 
0797       10274 
0798       10266 
0799       10273 
0800       10266 
0801       10262 
0802       10262 
0803       10269 
0804       10273 
0805       10281 
0806       10281 
0807       10281 
0808       10282 
0809       10282 
0810       10282 
0811       10283 
0812       10290 
0813       10290 
0814       10299 
0815       10299 
0816       10310 
0817       10317 
0818       10321 
0819       10329 
0820       10329 
0821       524 
0822       524 
0823       524 
0824       524 
0825       525 
0826       525 
0827       522 
0828       521 
0829       521 
0830       519 
0831       521 
0832       521 
0833       517 
0834       517 
0835       520 
0836       518 
0837       518 
0838       518 
0839       518 
0840       518 
0841       525 
0842       527 
0843       527 
0844       530 
0845       529 
0846       530 
0847       530 
0848       530 
0849       540 
0850       545 
0851       548 
0852       548 
0853       548 
0854       548 
0855       548 
0856       10659 
0857       10659 
0858       818 
0859       815 
0860       784 
0861       784 
0862       781 
0863       784 
0864       784 
0865       790 
0866       792 
0867       802 
0868       830 
0869       909 
0870       1116 
0871       1116 
0872       1116 
0873       1062 
0874       1034 
0875       1034 
0876       1034 
0877       1043 
0878       1073 
0879       1111 
0880       1206 
0881       1287 
0882       1295 
0883       1298 
0884       1298 
0885       1316 
0886       1364 
0887       1467 
0888       1545 
0889       1549 
0890       1617 
0891       1736 
0892       1807 
0893       1809 
0894       1813 
0895       1826 
0896       1829 
0897       1830 
0898       1834 
0899       1839 
0900       1839 
0901       1842 
0902       1842 
0903       1866 
0904       1872 
0905       1872 
0906       1879 
0907       1880 
0908       1887 
0909       1889 
0910       1902 
0911       1914 
0912       1914 
0913       1918 
0914       1932 
0915       1973 
0916       2031 
0917       2045 
0918       2049 
0919       2056 
0920       2059 
0921       2061 
0922       2079 
0923       2083 
0924       2092 
0925       2101 
0926       2112 
0927       2115 
0928       2132 
0929       2144 
0930       2145 
0931       2148 
0932       2150 
0933       2159 
0934       2166 
0935       2176 
0936       2182 
0937       2186 
0938       2195 
0939       2205 
0940       2211 
0941       2215 
0942       2225 
0943       2235 
0944       2241 
0945       2242 
0946       2252 
0947       2259 
0948       2278 
0949       2286 
0950       2290 
0951       2293 
0952       2294 
0953       2309 
0954       2331 
0955       2333 
0956       2334 
0957       2336 
0958       2344 
0959       2369 
0960       2374 
0961       2380 
0962       2390 
0963       2401 
0964       2407 
0965       2418 
0966       2430 
0967       2443 
0968       2445 
0969       2465 
0970       2473 
0971       2486 
0972       2487 
0973       2506 
0974       2518 
0975       2528 
0976       2538 
0977       2543 
0978       2557 
0979       2563 
0980       2569 
0981       2585 
0982       2601 
0983       2631 
0984       2637 
0985       2645 
0986       2649 
0987       2662 
0988       2695 
0989       2705 
0990       2716 
0991       2744 
0992       2752 
0993       2754 
0994       2773 
0995       2793 
0996       2818 
0997       2828 
0998       2828 
0999       2840 
1000       2850 
1001       2865 
1002       2871 
1003       2905 
1004       2920 
1005       2920 
1006       2920 
1007       86 
1008       43 
1009       43 
1010       43 
1011       43 
1012       43 
1013       43 
1014       43 
1015       46 
1016       49 
1017       54 
1018       54 
1019       49 
1020       49 
1021       61 
1022       63 
1023       63 
1024       63 
1025       59 
1026       59 
1027       57 
1028       57 
1029       57 
1030       57 
1031       57 
1032       57 
1033       57 
1034       62 
1035       63 
1036       65 
1037       65 
1038       65 
1039       65 
1040       65 
1041       68 
1042       71 
1043       79 
1044       93 
1045       98 
1046       98 
1047       93 
1048       68 
1049       68 
1050       64 
1051       68 
1052       68 
1053       60 
1054       60 
1055       62 
1056       60 
1057       61 
1058       62 
1059       69 
1060       65 
1061       69 
1062       69 
1063       65 
1064       64 
1065       64 
1066       64 
1067       76 
1068       76 
1069       76 
1070       62 
1071       62 
1072       62 
1073       64 
1074       64 
1075       73 
1076       73 
1077       72 
1078       64 
1079       64 
1297966609.703460
