0000       1 
0001       1 
0002       1 
0003       1 
0004       1 
0005       1 
0006       1 
0007       1 
0008       1 
0009       1 
0010       1 
0011       1 
0012       1 
0013       1 
0014       1 
0015       1 
0016       1 
0017       1 
0018       1 
0019       1 
0020       1 
0021       1 
0022       1 
0023       1 
0024       1 
0025       1 
0026       1 
0027       1 
0028       1 
0029       1 
0030       1 
0031       1 
0032       1 
0033       1 
0034       1 
0035       1 
0036       1 
0037       1 
0038       1 
0039       1 
0040       1 
0041       1 
0042       1 
0043       1 
0044       1 
0045       1 
0046       1 
0047       1 
0048       1 
0049       1 
0050       1 
0051       1 
0052       1 
0053       1 
0054       1 
0055       1 
0056       1 
0057       1 
0058       1 
0059       1 
0060       1 
0061       1 
0062       1 
0063       1 
0064       1 
0065       1 
0066       1 
0067       1 
0068       1 
0069       1 
0070       1 
0071       1 
0072       1 
0073       1 
0074       1 
0075       1 
0076       1 
0077       1 
0078       1 
0079       1 
0080       1 
0081       1 
0082       1 
0083       1 
0084       1 
0085       1 
0086       1 
0087       1 
0088       1 
0089       1 
0090       1 
0091       1 
0092       1 
0093       1 
0094       1 
0095       1 
0096       1 
0097       1 
0098       1 
0099       1 
0100       1 
0101       1 
0102       1 
0103       1 
0104       1 
0105       1 
0106       1 
0107       1 
0108       1 
0109       1 
0110       1 
0111       1 
0112       1 
0113       1 
0114       1 
0115       1 
0116       1 
0117       1 
0118       1 
0119       1 
0120       1 
0121       1 
0122       1 
0123       1 
0124       1 
0125       1 
0126       1 
0127       1 
0128       1 
0129       1 
0130       1 
0131       1 
0132       1 
0133       1 
0134       1 
0135       1 
0136       1 
0137       1 
0138       1 
0139       1 
0140       1 
0141       1 
0142       1 
0143       1 
0144       1 
0145       1 
0146       1 
0147       1 
0148       1 
0149       1 
0150       1 
0151       1 
0152       1 
0153       1 
0154       1 
0155       1 
0156       1 
0157       1 
0158       1 
0159       1 
0160       1 
0161       1 
0162       1 
0163       1 
0164       1 
0165       1 
0166       1 
0167       1 
0168       1 
0169       1 
0170       1 
0171       1 
0172       1 
0173       1 
0174       1 
0175       1 
0176       1 
0177       1 
0178       1 
0179       1 
0180       1 
0181       1 
0182       1 
0183       1 
0184       1 
0185       1 
0186       1 
0187       1 
0188       1 
0189       1 
0190       1 
0191       1 
0192       1 
0193       1 
0194       1 
0195       1 
0196       1 
0197       1 
0198       1 
0199       1 
0200       1 
0201       1 
0202       1 
0203       1 
0204       1 
0205       1 
0206       1 
0207       1 
0208       1 
0209       1 
0210       1 
0211       1 
0212       1 
0213       1 
0214       1 
0215       1 
0216       1 
0217       1 
0218       1 
0219       1 
0220       1 
0221       1 
0222       1 
0223       1 
0224       1 
0225       1 
0226       1 
0227       1 
0228       1 
0229       1 
0230       1 
0231       1 
0232       1 
0233       1 
0234       1 
0235       1 
0236       1 
0237       1 
0238       1 
0239       1 
0240       1 
0241       1 
0242       19899 
0243       19904 
0244       19899 
0245       19792 
0246       19507 
0247       18837 
0248       1 
0249       1 
0250       1 
0251       1 
0252       16723 
0253       16741 
0254       16766 
0255       16830 
0256       16857 
0257       16895 
0258       16898 
0259       16937 
0260       16964 
0261       16974 
0262       16992 
0263       16992 
0264       16993 
0265       17107 
0266       17107 
0267       1 
0268       1 
0269       1 
0270       1 
0271       1 
0272       1 
0273       1 
0274       1 
0275       1 
0276       1 
0277       1 
0278       1 
0279       1 
0280       1 
0281       1 
0282       1 
0283       1 
0284       1 
0285       1 
0286       1 
0287       1 
0288       1 
0289       1 
0290       1 
0291       1 
0292       1 
0293       1 
0294       18191 
0295       18191 
0296       1 
0297       1 
0298       1 
0299       17490 
0300       17490 
0301       17315 
0302       17200 
0303       17200 
0304       17037 
0305       16947 
0306       16730 
0307       1 
0308       1 
0309       16426 
0310       16426 
0311       16426 
0312       16324 
0313       16261 
0314       16142 
0315       16067 
0316       15956 
0317       15853 
0318       15802 
0319       15722 
0320       15622 
0321       15540 
0322       1 
0323       1 
0324       1 
0325       1 
0326       1 
0327       1 
0328       1 
0329       1 
0330       1 
0331       1 
0332       1 
0333       1 
0334       1 
0335       1 
0336       1 
0337       1 
0338       1 
0339       1 
0340       1 
0341       1 
0342       1 
0343       1 
0344       1 
0345       1 
0346       1 
0347       1 
0348       1 
0349       13015 
0350       13015 
0351       13015 
0352       12802 
0353       12709 
0354       12709 
0355       12802 
0356       12814 
0357       12814 
0358       12705 
0359       1 
0360       1 
0361       1 
0362       1 
0363       12332 
0364       12332 
0365       12332 
0366       12269 
0367       12229 
0368       12162 
0369       12099 
0370       12031 
0371       11983 
0372       11979 
0373       11883 
0374       11825 
0375       11816 
0376       11784 
0377       11722 
0378       11680 
0379       11647 
0380       11604 
0381       11592 
0382       11490 
0383       11465 
0384       11380 
0385       11375 
0386       11327 
0387       11312 
0388       11266 
0389       11206 
0390       11151 
0391       11131 
0392       11088 
0393       8747 
0394       8745 
0395       8732 
0396       8704 
0397       8689 
0398       8675 
0399       8624 
0400       8519 
0401       8495 
0402       8485 
0403       8471 
0404       8471 
0405       8521 
0406       8532 
0407       8540 
0408       8540 
0409       8455 
0410       8436 
0411       8436 
0412       8448 
0413       8448 
0414       8413 
0415       8331 
0416       8267 
0417       8200 
0418       8188 
0419       8139 
0420       8096 
0421       8096 
0422       8171 
0423       8209 
0424       8237 
0425       8237 
0426       8237 
0427       8235 
0428       8225 
0429       8225 
0430       8252 
0431       8252 
0432       8218 
0433       8195 
0434       8195 
0435       8195 
0436       8195 
0437       8137 
0438       8092 
0439       8075 
0440       8052 
0441       8052 
0442       8064 
0443       8085 
0444       8120 
0445       8120 
0446       8120 
0447       8133 
0448       8148 
0449       8193 
0450       8238 
0451       8238 
0452       8231 
0453       8231 
0454       8232 
0455       8257 
0456       8276 
0457       8276 
0458       8262 
0459       8262 
0460       8302 
0461       8341 
0462       8397 
0463       8983 
0464       9183 
0465       9212 
0466       9212 
0467       9197 
0468       9172 
0469       9166 
0470       9164 
0471       9156 
0472       9130 
0473       9130 
0474       9130 
0475       9121 
0476       9112 
0477       9108 
0478       9105 
0479       9096 
0480       9095 
0481       9080 
0482       9068 
0483       9062 
0484       9049 
0485       9040 
0486       9011 
0487       9011 
0488       9009 
0489       9009 
0490       8988 
0491       8979 
0492       8947 
0493       8947 
0494       8945 
0495       8941 
0496       8927 
0497       8917 
0498       8908 
0499       8894 
0500       8886 
0501       8886 
0502       8886 
0503       8873 
0504       8859 
0505       8856 
0506       8852 
0507       8852 
0508       8842 
0509       8831 
0510       8829 
0511       8829 
0512       8821 
0513       8810 
0514       8807 
0515       8803 
0516       8794 
0517       8784 
0518       8784 
0519       8784 
0520       8774 
0521       8766 
0522       8741 
0523       7741 
0524       7603 
0525       7555 
0526       7529 
0527       7498 
0528       7496 
0529       7493 
0530       7479 
0531       7452 
0532       7438 
0533       7430 
0534       7404 
0535       7401 
0536       7401 
0537       7394 
0538       7386 
0539       7381 
0540       7377 
0541       7371 
0542       7358 
0543       7349 
0544       7344 
0545       7344 
0546       7344 
0547       7350 
0548       7374 
0549       7386 
0550       7389 
0551       7420 
0552       7444 
0553       7455 
0554       7455 
0555       7439 
0556       7439 
0557       7469 
0558       7496 
0559       7496 
0560       7496 
0561       7519 
0562       7519 
0563       7507 
0564       7507 
0565       7554 
0566       7648 
0567       7756 
0568       8192 
0569       8534 
0570       8552 
0571       8552 
0572       8545 
0573       8545 
0574       8564 
0575       8593 
0576       8600 
0577       8605 
0578       8605 
0579       8535 
0580       8449 
0581       8420 
0582       8408 
0583       8355 
0584       8312 
0585       8155 
0586       8066 
0587       7954 
0588       7748 
0589       7618 
0590       7559 
0591       7536 
0592       7465 
0593       7417 
0594       7417 
0595       7417 
0596       7360 
0597       7327 
0598       7322 
0599       7317 
0600       7297 
0601       7297 
0602       7309 
0603       7314 
0604       7321 
0605       7329 
0606       7347 
0607       7347 
0608       7338 
0609       7338 
0610       7346 
0611       7346 
0612       7359 
0613       7389 
0614       7392 
0615       7393 
0616       7407 
0617       7445 
0618       7486 
0619       7502 
0620       7533 
0621       7579 
0622       7644 
0623       7681 
0624       7687 
0625       7698 
0626       7732 
0627       7772 
0628       7777 
0629       7834 
0630       7896 
0631       7915 
0632       8565 
0633       8676 
0634       8747 
0635       8814 
0636       8838 
0637       8838 
0638       8597 
0639       8587 
0640       8575 
0641       8411 
0642       8411 
0643       8429 
0644       8436 
0645       8452 
0646       8452 
0647       8427 
0648       8427 
0649       8430 
0650       8593 
0651       8965 
0652       8965 
0653       8934 
0654       8934 
0655       8952 
0656       9155 
0657       9779 
0658       9885 
0659       9894 
0660       9918 
0661       9943 
0662       9970 
0663       9970 
0664       9891 
0665       9749 
0666       9689 
0667       9622 
0668       9533 
0669       9470 
0670       9412 
0671       9337 
0672       9274 
0673       9226 
0674       9146 
0675       9090 
0676       9008 
0677       8964 
0678       8903 
0679       8843 
0680       8791 
0681       8729 
0682       8693 
0683       8692 
0684       8680 
0685       8680 
0686       8696 
0687       8708 
0688       8708 
0689       8701 
0690       8701 
0691       8750 
0692       8750 
0693       8645 
0694       8389 
0695       8334 
0696       8297 
0697       8250 
0698       8200 
0699       8167 
0700       8116 
0701       8068 
0702       8043 
0703       7988 
0704       7948 
0705       7889 
0706       7579 
0707       7501 
0708       7469 
0709       7416 
0710       7376 
0711       7336 
0712       7303 
0713       7275 
0714       7259 
0715       7210 
0716       7170 
0717       7147 
0718       7122 
0719       7092 
0720       7050 
0721       7026 
0722       6989 
0723       6969 
0724       6937 
0725       6895 
0726       6872 
0727       6848 
0728       6820 
0729       6790 
0730       6766 
0731       6731 
0732       6702 
0733       6666 
0734       6640 
0735       6626 
0736       6601 
0737       6573 
0738       6545 
0739       6529 
0740       6508 
0741       6473 
0742       6454 
0743       6421 
0744       6404 
0745       6380 
0746       6366 
0747       6341 
0748       6322 
0749       6290 
0750       6286 
0751       6286 
0752       6291 
0753       6291 
0754       6292 
0755       6302 
0756       6322 
0757       6358 
0758       6358 
0759       6348 
0760       6348 
0761       6350 
0762       6350 
0763       6355 
0764       8545 
0765       8545 
0766       8534 
0767       8504 
0768       8475 
0769       8449 
0770       8439 
0771       8430 
0772       8390 
0773       8352 
0774       8336 
0775       8305 
0776       8283 
0777       8264 
0778       8239 
0779       8236 
0780       8193 
0781       8176 
0782       8165 
0783       8146 
0784       8122 
0785       8106 
0786       8078 
0787       5931 
0788       5917 
0789       5903 
0790       5895 
0791       5872 
0792       5857 
0793       5856 
0794       5822 
0795       5622 
0796       5550 
0797       5512 
0798       5483 
0799       5483 
0800       5459 
0801       5442 
0802       5436 
0803       5431 
0804       5416 
0805       5412 
0806       5403 
0807       5393 
0808       5377 
0809       5376 
0810       5356 
0811       5347 
0812       5334 
0813       5325 
0814       5322 
0815       5303 
0816       5297 
0817       5297 
0818       5330 
0819       5399 
0820       5447 
0821       5447 
0822       5444 
0823       5431 
0824       5423 
0825       5423 
0826       5416 
0827       5409 
0828       5401 
0829       5391 
0830       5390 
0831       5379 
0832       5372 
0833       5369 
0834       5350 
0835       5350 
0836       5348 
0837       5346 
0838       5338 
0839       5328 
0840       5324 
0841       5324 
0842       5434 
0843       5719 
0844       5726 
0845       5773 
0846       5815 
0847       5863 
0848       5891 
0849       5905 
0850       5929 
0851       5954 
0852       6034 
0853       6112 
0854       6203 
0855       6331 
0856       6405 
0857       6405 
0858       6397 
0859       6349 
0860       6320 
0861       6320 
0862       6332 
0863       6410 
0864       6520 
0865       6689 
0866       6888 
0867       7114 
0868       7318 
0869       7615 
0870       8100 
0871       8159 
0872       8159 
0873       1 
0874       1 
0875       1 
0876       1 
0877       1 
0878       1 
0879       6621 
0880       6621 
0881       6651 
0882       6624 
0883       6624 
0884       6624 
0885       6632 
0886       6632 
0887       6595 
0888       6595 
0889       6604 
0890       6604 
0891       6604 
0892       6599 
0893       6599 
0894       6607 
0895       6607 
0896       6595 
0897       6595 
0898       1 
0899       1 
0900       1 
0901       1 
0902       1 
0903       1 
0904       1 
0905       1 
0906       1 
0907       1 
0908       1 
0909       1 
0910       1 
0911       1 
0912       1 
0913       1 
0914       1 
0915       1 
0916       1 
0917       1 
0918       1 
0919       1 
0920       1 
0921       1 
0922       1 
0923       1 
0924       1 
0925       1 
0926       1 
0927       1 
0928       1 
0929       1 
0930       1 
0931       1 
0932       1 
0933       1 
0934       1 
0935       1 
0936       1 
0937       1 
0938       1 
0939       1 
0940       1 
0941       1 
0942       1 
0943       1 
0944       1 
0945       1 
0946       1 
0947       1 
0948       1 
0949       1 
0950       1 
0951       1 
0952       1 
0953       1 
0954       1 
0955       1 
0956       1 
0957       1 
0958       1 
0959       1 
0960       1 
0961       1 
0962       1 
0963       1 
0964       1 
0965       1 
0966       1 
0967       1 
0968       1 
0969       1 
0970       1 
0971       1 
0972       1 
0973       1 
0974       1 
0975       1 
0976       1 
0977       1 
0978       1 
0979       1 
0980       1 
0981       1 
0982       1 
0983       1 
0984       1 
0985       1 
0986       1 
0987       1 
0988       1 
0989       1 
0990       1 
0991       1 
0992       1 
0993       1 
0994       1 
0995       1 
0996       1 
0997       1 
0998       1 
0999       1 
1000       1 
1001       1 
1002       1 
1003       1 
1004       1 
1005       1 
1006       1 
1007       1 
1008       4 
1009       46 
1010       46 
1011       69 
1012       47 
1013       47 
1014       53 
1015       53 
1016       47 
1017       47 
1018       47 
1019       45 
1020       45 
1021       45 
1022       52 
1023       57 
1024       57 
1025       54 
1026       54 
1027       54 
1028       54 
1029       54 
1030       52 
1031       52 
1032       50 
1033       50 
1034       50 
1035       65 
1036       66 
1037       66 
1038       68 
1039       68 
1040       68 
1041       67 
1042       68 
1043       67 
1044       67 
1045       71 
1046       71 
1047       69 
1048       71 
1049       69 
1050       64 
1051       64 
1052       64 
1053       64 
1054       64 
1055       64 
1056       66 
1057       66 
1058       66 
1059       66 
1060       66 
1061       69 
1062       65 
1063       65 
1064       65 
1065       68 
1066       60 
1067       65 
1068       61 
1069       65 
1070       65 
1071       65 
1072       66 
1073       66 
1074       66 
1075       66 
1076       68 
1077       64 
1078       68 
1079       64 
1297966690.976213
