0000       1 
0001       1 
0002       1 
0003       1 
0004       1 
0005       1 
0006       1 
0007       1 
0008       1 
0009       1 
0010       1 
0011       1 
0012       1 
0013       1 
0014       1 
0015       1 
0016       1 
0017       1 
0018       1 
0019       1 
0020       1 
0021       1 
0022       1 
0023       1 
0024       1 
0025       1 
0026       1 
0027       1 
0028       1 
0029       1 
0030       1 
0031       1 
0032       1 
0033       1 
0034       1 
0035       1 
0036       1 
0037       1 
0038       1 
0039       1 
0040       1 
0041       1 
0042       1 
0043       1 
0044       1 
0045       1 
0046       1 
0047       1 
0048       1 
0049       1 
0050       1 
0051       1 
0052       1 
0053       1 
0054       1 
0055       1 
0056       1 
0057       1 
0058       1 
0059       1 
0060       1 
0061       1 
0062       1 
0063       1 
0064       1 
0065       1 
0066       1 
0067       1 
0068       1 
0069       1 
0070       1 
0071       1 
0072       1 
0073       1 
0074       1 
0075       1 
0076       1 
0077       1 
0078       1 
0079       1 
0080       1 
0081       1 
0082       1 
0083       1 
0084       1 
0085       1 
0086       1 
0087       1 
0088       1 
0089       1 
0090       1 
0091       1 
0092       1 
0093       1 
0094       1 
0095       1 
0096       1 
0097       1 
0098       1 
0099       1 
0100       1 
0101       1 
0102       1 
0103       1 
0104       1 
0105       1 
0106       1 
0107       1 
0108       1 
0109       1 
0110       1 
0111       1 
0112       1 
0113       1 
0114       1 
0115       1 
0116       1 
0117       1 
0118       1 
0119       4559 
0120       4559 
0121       4559 
0122       4533 
0123       4533 
0124       4533 
0125       4531 
0126       4531 
0127       4524 
0128       4524 
0129       4514 
0130       4510 
0131       4510 
0132       4509 
0133       4505 
0134       4498 
0135       4496 
0136       4494 
0137       4486 
0138       4485 
0139       4479 
0140       4477 
0141       4477 
0142       4476 
0143       4474 
0144       4470 
0145       4470 
0146       4470 
0147       4468 
0148       4464 
0149       4456 
0150       4456 
0151       4455 
0152       4452 
0153       4452 
0154       4454 
0155       4454 
0156       4447 
0157       4444 
0158       4444 
0159       4444 
0160       4444 
0161       4442 
0162       4442 
0163       4442 
0164       4439 
0165       4440 
0166       4440 
0167       4443 
0168       4440 
0169       4443 
0170       4443 
0171       4441 
0172       4441 
0173       4441 
0174       4441 
0175       4441 
0176       4441 
0177       4441 
0178       4450 
0179       4450 
0180       4454 
0181       4457 
0182       4458 
0183       4461 
0184       4461 
0185       4462 
0186       4462 
0187       4462 
0188       4462 
0189       4462 
0190       4462 
0191       4462 
0192       4465 
0193       4469 
0194       4471 
0195       4474 
0196       4474 
0197       4485 
0198       4489 
0199       4492 
0200       4492 
0201       4489 
0202       4492 
0203       4492 
0204       4498 
0205       4502 
0206       4504 
0207       4517 
0208       4517 
0209       4518 
0210       4521 
0211       4522 
0212       4526 
0213       4537 
0214       4538 
0215       4538 
0216       4539 
0217       4539 
0218       4546 
0219       4546 
0220       4551 
0221       4551 
0222       4539 
0223       1 
0224       1 
0225       1 
0226       1 
0227       1 
0228       1 
0229       1 
0230       1 
0231       1 
0232       1 
0233       1 
0234       1 
0235       1 
0236       1 
0237       1 
0238       1 
0239       1 
0240       1 
0241       1 
0242       1 
0243       1 
0244       1 
0245       1 
0246       1 
0247       1 
0248       1 
0249       1 
0250       1 
0251       1 
0252       1 
0253       1 
0254       1 
0255       1 
0256       1 
0257       1 
0258       1 
0259       1 
0260       1 
0261       1 
0262       1 
0263       1 
0264       1 
0265       1 
0266       1 
0267       1 
0268       1 
0269       1 
0270       1 
0271       1 
0272       1 
0273       1 
0274       1 
0275       1 
0276       1 
0277       16493 
0278       16493 
0279       16439 
0280       1 
0281       1 
0282       1 
0283       1 
0284       1 
0285       1 
0286       1 
0287       1 
0288       1 
0289       1 
0290       1 
0291       1 
0292       1 
0293       1 
0294       1 
0295       1 
0296       1 
0297       1 
0298       1 
0299       1 
0300       1 
0301       26311 
0302       26311 
0303       26311 
0304       26407 
0305       26627 
0306       26627 
0307       26578 
0308       1 
0309       1 
0310       1 
0311       1 
0312       1 
0313       1 
0314       1 
0315       1 
0316       1 
0317       1 
0318       1 
0319       1 
0320       1 
0321       1 
0322       1 
0323       1 
0324       1 
0325       1 
0326       1 
0327       1 
0328       1 
0329       1 
0330       1 
0331       1 
0332       1 
0333       1 
0334       1 
0335       1 
0336       1 
0337       1 
0338       1 
0339       18189 
0340       18191 
0341       18191 
0342       1 
0343       1 
0344       1 
0345       18538 
0346       18544 
0347       18544 
0348       18544 
0349       1 
0350       1 
0351       1 
0352       1 
0353       1 
0354       1 
0355       1 
0356       1 
0357       1 
0358       1 
0359       1 
0360       1 
0361       1 
0362       1 
0363       1 
0364       1 
0365       1 
0366       1 
0367       1 
0368       1 
0369       1 
0370       1 
0371       1 
0372       1 
0373       1 
0374       1 
0375       1 
0376       1 
0377       1 
0378       1 
0379       1 
0380       1 
0381       1 
0382       1 
0383       1 
0384       1 
0385       1 
0386       1 
0387       1 
0388       1 
0389       1 
0390       1 
0391       1 
0392       1 
0393       1 
0394       1 
0395       1 
0396       1 
0397       1 
0398       1 
0399       1 
0400       1 
0401       1 
0402       1 
0403       1 
0404       1 
0405       1 
0406       1 
0407       1 
0408       1 
0409       1 
0410       1 
0411       1 
0412       1 
0413       1 
0414       1 
0415       1 
0416       1 
0417       1 
0418       1 
0419       1 
0420       1 
0421       1 
0422       1 
0423       1 
0424       1 
0425       1 
0426       1 
0427       1 
0428       1 
0429       1 
0430       14545 
0431       14545 
0432       14545 
0433       1 
0434       1 
0435       1 
0436       1 
0437       14454 
0438       14555 
0439       14555 
0440       14537 
0441       1 
0442       1 
0443       1 
0444       14403 
0445       14403 
0446       14343 
0447       14343 
0448       14333 
0449       14121 
0450       1 
0451       1 
0452       1 
0453       1 
0454       1 
0455       13189 
0456       13189 
0457       13189 
0458       13264 
0459       13264 
0460       1 
0461       1 
0462       1 
0463       1 
0464       1 
0465       1 
0466       1 
0467       1 
0468       1 
0469       1 
0470       1 
0471       1 
0472       1 
0473       1 
0474       1 
0475       1 
0476       1 
0477       1 
0478       1 
0479       1 
0480       1 
0481       1 
0482       1 
0483       1 
0484       1 
0485       1 
0486       1 
0487       1 
0488       1 
0489       1 
0490       1 
0491       1 
0492       1 
0493       1 
0494       1 
0495       1 
0496       1 
0497       1 
0498       1 
0499       1 
0500       1 
0501       1 
0502       1 
0503       8392 
0504       8392 
0505       8392 
0506       7810 
0507       7810 
0508       8026 
0509       8026 
0510       8026 
0511       1 
0512       1 
0513       1 
0514       1 
0515       10386 
0516       10386 
0517       10365 
0518       10365 
0519       10379 
0520       10379 
0521       1 
0522       1 
0523       1 
0524       1 
0525       1 
0526       7621 
0527       7621 
0528       7621 
0529       7621 
0530       1 
0531       1 
0532       1 
0533       1 
0534       1 
0535       1 
0536       1 
0537       10369 
0538       10369 
0539       7702 
0540       7702 
0541       7687 
0542       7713 
0543       7889 
0544       7889 
0545       7889 
0546       8737 
0547       8863 
0548       8863 
0549       10348 
0550       10348 
0551       10354 
0552       10348 
0553       10173 
0554       8396 
0555       8120 
0556       8120 
0557       11407 
0558       11415 
0559       11415 
0560       1 
0561       1 
0562       1 
0563       1 
0564       1 
0565       1 
0566       1 
0567       1 
0568       10421 
0569       10421 
0570       1 
0571       1 
0572       1 
0573       9861 
0574       9861 
0575       1 
0576       1 
0577       1 
0578       1 
0579       1 
0580       1 
0581       1 
0582       1 
0583       1 
0584       1 
0585       1 
0586       1 
0587       1 
0588       1 
0589       1 
0590       1 
0591       1 
0592       1 
0593       1 
0594       1 
0595       1 
0596       1 
0597       1 
0598       1 
0599       1 
0600       8900 
0601       8911 
0602       8900 
0603       8911 
0604       9101 
0605       9101 
0606       8784 
0607       8573 
0608       8784 
0609       8784 
0610       8779 
0611       8723 
0612       8553 
0613       8539 
0614       1 
0615       1 
0616       1 
0617       1 
0618       1 
0619       1 
0620       1 
0621       1 
0622       1 
0623       1 
0624       1 
0625       1 
0626       1 
0627       1 
0628       1 
0629       1 
0630       11682 
0631       11682 
0632       10973 
0633       1 
0634       1 
0635       1 
0636       1 
0637       1 
0638       1 
0639       1 
0640       1 
0641       1 
0642       1 
0643       1 
0644       1 
0645       1 
0646       1 
0647       1 
0648       1 
0649       1 
0650       1 
0651       1 
0652       1 
0653       1 
0654       1 
0655       1 
0656       1 
0657       18890 
0658       18890 
0659       18876 
0660       18782 
0661       18693 
0662       18693 
0663       18719 
0664       18774 
0665       18820 
0666       18887 
0667       18955 
0668       19018 
0669       19073 
0670       19121 
0671       19199 
0672       19231 
0673       19231 
0674       19265 
0675       19301 
0676       19402 
0677       19513 
0678       19585 
0679       19692 
0680       19738 
0681       19796 
0682       19874 
0683       19951 
0684       19995 
0685       20077 
0686       20136 
0687       20188 
0688       20259 
0689       20372 
0690       20421 
0691       20515 
0692       20576 
0693       20576 
0694       20508 
0695       20355 
0696       20231 
0697       20155 
0698       20052 
0699       19945 
0700       19849 
0701       19763 
0702       19687 
0703       19619 
0704       19523 
0705       19412 
0706       19314 
0707       19255 
0708       19177 
0709       19106 
0710       18992 
0711       18914 
0712       18825 
0713       18753 
0714       18683 
0715       18590 
0716       18517 
0717       18409 
0718       18377 
0719       18279 
0720       18222 
0721       18132 
0722       18056 
0723       17990 
0724       17940 
0725       17872 
0726       17777 
0727       17717 
0728       17698 
0729       17661 
0730       17636 
0731       17634 
0732       17621 
0733       17443 
0734       1 
0735       1 
0736       1 
0737       17263 
0738       17263 
0739       17189 
0740       17165 
0741       17165 
0742       1 
0743       17241 
0744       19280 
0745       19280 
0746       1 
0747       1 
0748       1 
0749       1 
0750       1 
0751       1 
0752       18752 
0753       18752 
0754       18719 
0755       18715 
0756       1 
0757       1 
0758       1 
0759       1 
0760       1 
0761       15917 
0762       15917 
0763       15840 
0764       15757 
0765       15718 
0766       15673 
0767       15634 
0768       15596 
0769       15542 
0770       15527 
0771       15471 
0772       15431 
0773       15394 
0774       15357 
0775       15315 
0776       15276 
0777       15233 
0778       15233 
0779       15273 
0780       15301 
0781       15301 
0782       15257 
0783       15235 
0784       15209 
0785       15199 
0786       15179 
0787       15131 
0788       15073 
0789       15046 
0790       15020 
0791       15007 
0792       14989 
0793       14934 
0794       14884 
0795       14882 
0796       1 
0797       1 
0798       1 
0799       1 
0800       1 
0801       1 
0802       1 
0803       1 
0804       1 
0805       1 
0806       1 
0807       1 
0808       1 
0809       1 
0810       1 
0811       1 
0812       1 
0813       1 
0814       1 
0815       1 
0816       1 
0817       1 
0818       1 
0819       1 
0820       1 
0821       1 
0822       1 
0823       1 
0824       1 
0825       1 
0826       1 
0827       1 
0828       1 
0829       1 
0830       1 
0831       1 
0832       1 
0833       1 
0834       1 
0835       1 
0836       1 
0837       1 
0838       1 
0839       1 
0840       1 
0841       1 
0842       1 
0843       1 
0844       1 
0845       1 
0846       1 
0847       1 
0848       1 
0849       1 
0850       1 
0851       1 
0852       1 
0853       1 
0854       1 
0855       1 
0856       1 
0857       1 
0858       1 
0859       1 
0860       1 
0861       1 
0862       1 
0863       1 
0864       1 
0865       1 
0866       1 
0867       1 
0868       1 
0869       1 
0870       1 
0871       1 
0872       1 
0873       1 
0874       1 
0875       1 
0876       1 
0877       1 
0878       1 
0879       1 
0880       1 
0881       1 
0882       1 
0883       1 
0884       1 
0885       1 
0886       1 
0887       1 
0888       1 
0889       1 
0890       1 
0891       1 
0892       1 
0893       1 
0894       1 
0895       1 
0896       1 
0897       1 
0898       1 
0899       1 
0900       1 
0901       1 
0902       1 
0903       1 
0904       1 
0905       1 
0906       1 
0907       1 
0908       1 
0909       1 
0910       1 
0911       1 
0912       1 
0913       1 
0914       1 
0915       1 
0916       1 
0917       1 
0918       1 
0919       1 
0920       1 
0921       1 
0922       1 
0923       1 
0924       1 
0925       1 
0926       1 
0927       1 
0928       1 
0929       1 
0930       1 
0931       1 
0932       1 
0933       1 
0934       1 
0935       1 
0936       1 
0937       1 
0938       1 
0939       1 
0940       1 
0941       1 
0942       1 
0943       1 
0944       1 
0945       1 
0946       1 
0947       1 
0948       1 
0949       1 
0950       1 
0951       1 
0952       1 
0953       1 
0954       1 
0955       1 
0956       1 
0957       1 
0958       1 
0959       1 
0960       1 
0961       1 
0962       1 
0963       1 
0964       1 
0965       1 
0966       1 
0967       1 
0968       1 
0969       1 
0970       1 
0971       1 
0972       1 
0973       1 
0974       1 
0975       1 
0976       1 
0977       1 
0978       1 
0979       1 
0980       1 
0981       1 
0982       1 
0983       1 
0984       1 
0985       1 
0986       1 
0987       1 
0988       1 
0989       1 
0990       1 
0991       1 
0992       1 
0993       1 
0994       1 
0995       1 
0996       1 
0997       1 
0998       1 
0999       1 
1000       1 
1001       1 
1002       1 
1003       1 
1004       1 
1005       1 
1006       1 
1007       4 
1008       4 
1009       4 
1010       49 
1011       49 
1012       55 
1013       55 
1014       59 
1015       46 
1016       49 
1017       4 
1018       49 
1019       49 
1020       53 
1021       53 
1022       59 
1023       62 
1024       65 
1025       59 
1026       65 
1027       65 
1028       55 
1029       48 
1030       50 
1031       50 
1032       50 
1033       53 
1034       57 
1035       64 
1036       64 
1037       69 
1038       69 
1039       69 
1040       74 
1041       74 
1042       70 
1043       70 
1044       70 
1045       67 
1046       67 
1047       66 
1048       66 
1049       66 
1050       75 
1051       75 
1052       75 
1053       73 
1054       66 
1055       66 
1056       66 
1057       66 
1058       65 
1059       61 
1060       59 
1061       61 
1062       65 
1063       65 
1064       65 
1065       66 
1066       66 
1067       61 
1068       61 
1069       61 
1070       58 
1071       58 
1072       66 
1073       66 
1074       66 
1075       66 
1076       65 
1077       62 
1078       62 
1079       55 
1297966706.123562
