0000       1 
0001       1 
0002       1 
0003       1 
0004       1 
0005       1 
0006       1 
0007       1 
0008       1 
0009       1 
0010       1 
0011       1 
0012       1 
0013       1 
0014       1 
0015       1 
0016       1 
0017       1 
0018       1 
0019       1 
0020       1 
0021       1 
0022       1 
0023       1 
0024       1 
0025       1 
0026       1 
0027       1 
0028       1 
0029       1 
0030       1 
0031       1 
0032       1 
0033       1 
0034       1 
0035       1 
0036       1 
0037       1 
0038       1 
0039       1 
0040       1 
0041       1 
0042       1 
0043       1 
0044       1 
0045       1 
0046       1 
0047       1 
0048       1 
0049       1 
0050       1 
0051       1 
0052       1 
0053       1 
0054       1 
0055       1 
0056       1 
0057       1 
0058       1 
0059       1 
0060       1 
0061       1 
0062       1 
0063       1 
0064       1 
0065       1 
0066       1 
0067       1 
0068       1 
0069       1 
0070       1 
0071       1 
0072       1 
0073       1 
0074       1 
0075       1 
0076       1 
0077       1 
0078       1 
0079       1 
0080       1 
0081       1 
0082       1 
0083       1 
0084       1 
0085       1 
0086       1 
0087       1 
0088       1 
0089       1 
0090       1 
0091       1 
0092       1 
0093       1 
0094       1 
0095       1 
0096       1 
0097       1 
0098       1 
0099       1 
0100       1 
0101       1 
0102       1 
0103       1 
0104       1 
0105       1 
0106       1 
0107       1 
0108       1 
0109       1 
0110       1 
0111       1 
0112       1 
0113       1 
0114       1 
0115       1 
0116       1 
0117       1 
0118       1 
0119       1 
0120       1 
0121       1 
0122       1 
0123       1 
0124       1 
0125       1 
0126       1 
0127       1 
0128       1 
0129       1 
0130       1 
0131       1 
0132       1 
0133       1 
0134       1 
0135       1 
0136       1 
0137       1 
0138       1 
0139       1 
0140       1 
0141       1 
0142       1 
0143       1 
0144       1 
0145       1 
0146       1 
0147       1 
0148       1 
0149       1 
0150       1 
0151       1 
0152       1 
0153       1 
0154       1 
0155       1 
0156       1 
0157       1 
0158       1 
0159       1 
0160       1 
0161       1 
0162       1 
0163       1 
0164       1 
0165       1 
0166       1 
0167       1 
0168       1 
0169       1 
0170       1 
0171       1 
0172       1 
0173       1 
0174       1 
0175       1 
0176       1 
0177       1 
0178       1 
0179       1 
0180       1 
0181       1 
0182       1 
0183       1 
0184       1 
0185       1 
0186       1 
0187       1 
0188       1 
0189       1 
0190       1 
0191       1 
0192       1 
0193       1 
0194       1 
0195       1 
0196       1 
0197       1 
0198       1 
0199       1 
0200       1 
0201       1 
0202       1 
0203       1 
0204       1 
0205       1 
0206       1 
0207       1 
0208       1 
0209       1 
0210       1 
0211       1 
0212       1 
0213       1 
0214       1 
0215       1 
0216       1 
0217       1 
0218       1 
0219       1 
0220       1 
0221       1 
0222       1 
0223       1 
0224       1 
0225       1 
0226       1 
0227       1 
0228       1 
0229       1 
0230       1 
0231       1 
0232       1 
0233       1 
0234       1 
0235       1 
0236       1 
0237       1 
0238       1 
0239       1 
0240       1 
0241       1 
0242       1 
0243       1 
0244       1 
0245       1 
0246       1 
0247       1 
0248       1 
0249       1 
0250       1 
0251       1 
0252       1 
0253       1 
0254       1 
0255       1 
0256       1 
0257       1 
0258       1 
0259       1 
0260       1 
0261       1 
0262       1 
0263       1 
0264       1 
0265       1 
0266       1 
0267       1 
0268       1 
0269       1 
0270       1 
0271       1 
0272       1 
0273       1 
0274       1 
0275       1 
0276       1 
0277       1 
0278       1 
0279       1 
0280       1 
0281       13670 
0282       13670 
0283       1 
0284       1 
0285       1 
0286       13051 
0287       13051 
0288       13051 
0289       12897 
0290       12826 
0291       12663 
0292       12663 
0293       12615 
0294       12454 
0295       12412 
0296       12285 
0297       12228 
0298       12113 
0299       12018 
0300       11928 
0301       11760 
0302       11657 
0303       11657 
0304       11607 
0305       11493 
0306       11408 
0307       11341 
0308       11200 
0309       11189 
0310       11083 
0311       10992 
0312       10914 
0313       10861 
0314       10754 
0315       10704 
0316       10626 
0317       10571 
0318       10511 
0319       10417 
0320       10367 
0321       10312 
0322       10255 
0323       10160 
0324       10122 
0325       10051 
0326       9987 
0327       9919 
0328       9886 
0329       9786 
0330       9776 
0331       9692 
0332       9644 
0333       9554 
0334       9520 
0335       9464 
0336       9418 
0337       9361 
0338       9296 
0339       9263 
0340       9209 
0341       9168 
0342       9118 
0343       9063 
0344       9026 
0345       8974 
0346       8923 
0347       8882 
0348       8871 
0349       8812 
0350       8758 
0351       8704 
0352       8674 
0353       8649 
0354       8609 
0355       8554 
0356       8508 
0357       8495 
0358       8420 
0359       8420 
0360       8391 
0361       8331 
0362       8305 
0363       8279 
0364       8227 
0365       8175 
0366       8148 
0367       8121 
0368       8103 
0369       8062 
0370       8062 
0371       7990 
0372       7962 
0373       7941 
0374       7882 
0375       7876 
0376       7832 
0377       7801 
0378       7781 
0379       7740 
0380       7726 
0381       7693 
0382       7646 
0383       7634 
0384       7607 
0385       7579 
0386       7572 
0387       7536 
0388       7509 
0389       7485 
0390       7453 
0391       7423 
0392       7423 
0393       7390 
0394       7373 
0395       7337 
0396       7322 
0397       7263 
0398       7117 
0399       6995 
0400       6971 
0401       6942 
0402       6910 
0403       6910 
0404       6961 
0405       7006 
0406       7055 
0407       7101 
0408       7144 
0409       7191 
0410       7248 
0411       7298 
0412       7350 
0413       7388 
0414       7440 
0415       7501 
0416       7554 
0417       7608 
0418       7662 
0419       7712 
0420       7781 
0421       7844 
0422       7892 
0423       7961 
0424       8015 
0425       8080 
0426       8150 
0427       8200 
0428       8285 
0429       8344 
0430       8423 
0431       8506 
0432       8560 
0433       8629 
0434       8710 
0435       8800 
0436       8868 
0437       8957 
0438       9028 
0439       9106 
0440       9190 
0441       9291 
0442       9360 
0443       9370 
0444       9370 
0445       9366 
0446       9333 
0447       9328 
0448       9306 
0449       9297 
0450       9276 
0451       9257 
0452       9251 
0453       9228 
0454       9200 
0455       9193 
0456       9182 
0457       9152 
0458       9150 
0459       9122 
0460       9103 
0461       9092 
0462       9088 
0463       9082 
0464       9049 
0465       9041 
0466       9028 
0467       9016 
0468       9006 
0469       9004 
0470       9004 
0471       9041 
0472       9094 
0473       9106 
0474       9106 
0475       9089 
0476       9087 
0477       9071 
0478       9069 
0479       9066 
0480       9054 
0481       9046 
0482       9016 
0483       9013 
0484       9002 
0485       8985 
0486       8972 
0487       8970 
0488       8965 
0489       8957 
0490       8934 
0491       8930 
0492       8922 
0493       8922 
0494       8915 
0495       8899 
0496       8873 
0497       8872 
0498       8872 
0499       8862 
0500       8857 
0501       8857 
0502       8849 
0503       8845 
0504       8823 
0505       8813 
0506       8813 
0507       8812 
0508       8800 
0509       8800 
0510       8798 
0511       8798 
0512       8771 
0513       8771 
0514       8769 
0515       8771 
0516       8766 
0517       8765 
0518       8760 
0519       8760 
0520       8759 
0521       8750 
0522       8750 
0523       8754 
0524       8754 
0525       8738 
0526       8737 
0527       8738 
0528       8736 
0529       8731 
0530       8731 
0531       8737 
0532       8737 
0533       8727 
0534       8727 
0535       8727 
0536       8744 
0537       8722 
0538       8715 
0539       8715 
0540       8712 
0541       8728 
0542       8708 
0543       8717 
0544       8716 
0545       8717 
0546       8732 
0547       8732 
0548       8730 
0549       8713 
0550       8713 
0551       8722 
0552       8722 
0553       8725 
0554       8725 
0555       8724 
0556       8724 
0557       8724 
0558       8729 
0559       8733 
0560       8739 
0561       8742 
0562       8749 
0563       8753 
0564       8757 
0565       8757 
0566       8749 
0567       8749 
0568       8749 
0569       8752 
0570       8768 
0571       8771 
0572       8775 
0573       8775 
0574       8771 
0575       8771 
0576       8797 
0577       8797 
0578       8794 
0579       8794 
0580       8794 
0581       8811 
0582       8806 
0583       8827 
0584       8827 
0585       8832 
0586       8840 
0587       8841 
0588       8857 
0589       8857 
0590       8865 
0591       8879 
0592       8886 
0593       8886 
0594       8901 
0595       8909 
0596       8921 
0597       8937 
0598       8947 
0599       8947 
0600       8955 
0601       8955 
0602       8975 
0603       8994 
0604       9016 
0605       9016 
0606       9011 
0607       9011 
0608       9033 
0609       9040 
0610       9061 
0611       9061 
0612       9095 
0613       9106 
0614       9133 
0615       9136 
0616       9139 
0617       9142 
0618       9163 
0619       9177 
0620       9194 
0621       9207 
0622       9223 
0623       9234 
0624       9243 
0625       9281 
0626       9295 
0627       9301 
0628       9314 
0629       9323 
0630       9369 
0631       9382 
0632       9401 
0633       9438 
0634       9438 
0635       9445 
0636       9445 
0637       9485 
0638       9488 
0639       9520 
0640       9545 
0641       9551 
0642       9592 
0643       9594 
0644       9601 
0645       9659 
0646       9673 
0647       9696 
0648       9721 
0649       9736 
0650       9756 
0651       9788 
0652       9793 
0653       9830 
0654       9870 
0655       9886 
0656       9905 
0657       9950 
0658       9961 
0659       9981 
0660       9993 
0661       10044 
0662       10068 
0663       10093 
0664       10136 
0665       10145 
0666       10191 
0667       10219 
0668       10235 
0669       10244 
0670       10284 
0671       10316 
0672       10339 
0673       10353 
0674       10383 
0675       10415 
0676       10451 
0677       10504 
0678       10519 
0679       10563 
0680       10580 
0681       10592 
0682       10647 
0683       10692 
0684       10734 
0685       10737 
0686       10762 
0687       10804 
0688       10846 
0689       10884 
0690       10906 
0691       10944 
0692       10970 
0693       11023 
0694       11063 
0695       11105 
0696       11131 
0697       11179 
0698       11226 
0699       11273 
0700       11301 
0701       11365 
0702       11394 
0703       11435 
0704       11489 
0705       11525 
0706       11551 
0707       11587 
0708       11646 
0709       11692 
0710       11726 
0711       11762 
0712       11820 
0713       11858 
0714       11933 
0715       11963 
0716       12030 
0717       12056 
0718       12115 
0719       12172 
0720       12211 
0721       12267 
0722       12305 
0723       12359 
0724       12415 
0725       12474 
0726       12520 
0727       12612 
0728       12646 
0729       12727 
0730       12783 
0731       12831 
0732       12843 
0733       12944 
0734       13029 
0735       13100 
0736       13163 
0737       13234 
0738       13263 
0739       13365 
0740       13402 
0741       13487 
0742       13551 
0743       13651 
0744       13719 
0745       13785 
0746       13889 
0747       13977 
0748       14040 
0749       14127 
0750       14184 
0751       14259 
0752       14348 
0753       14436 
0754       14510 
0755       14639 
0756       14685 
0757       14788 
0758       14869 
0759       14978 
0760       15074 
0761       15113 
0762       15274 
0763       15328 
0764       15423 
0765       15551 
0766       15645 
0767       15758 
0768       15859 
0769       15956 
0770       16074 
0771       16217 
0772       16314 
0773       16419 
0774       16546 
0775       16651 
0776       16798 
0777       16927 
0778       17019 
0779       17157 
0780       17284 
0781       17428 
0782       17578 
0783       17664 
0784       17800 
0785       17923 
0786       18074 
0787       18206 
0788       18360 
0789       18498 
0790       18627 
0791       18801 
0792       18978 
0793       19107 
0794       19283 
0795       19441 
0796       19604 
0797       19840 
0798       20019 
0799       20245 
0800       20401 
0801       20577 
0802       20786 
0803       20974 
0804       20974 
0805       21149 
0806       21617 
0807       21840 
0808       21997 
0809       21997 
0810       21997 
0811       1 
0812       1 
0813       1 
0814       1 
0815       1 
0816       1 
0817       1 
0818       1 
0819       1 
0820       1 
0821       1 
0822       1 
0823       1 
0824       1 
0825       1 
0826       1 
0827       1 
0828       1 
0829       1 
0830       1 
0831       1 
0832       1 
0833       1 
0834       1 
0835       1 
0836       1 
0837       1 
0838       1 
0839       1 
0840       1 
0841       1 
0842       1 
0843       1 
0844       1 
0845       1 
0846       1 
0847       1 
0848       1 
0849       1 
0850       1 
0851       1 
0852       1 
0853       1 
0854       1 
0855       1 
0856       1 
0857       1 
0858       1 
0859       1 
0860       1 
0861       1 
0862       1 
0863       1 
0864       1 
0865       1 
0866       1 
0867       1 
0868       1 
0869       1 
0870       1 
0871       1 
0872       1 
0873       1 
0874       1 
0875       1 
0876       1 
0877       1 
0878       1 
0879       1 
0880       1 
0881       1 
0882       1 
0883       1 
0884       1 
0885       1 
0886       1 
0887       1 
0888       1 
0889       1 
0890       1 
0891       1 
0892       1 
0893       1 
0894       1 
0895       1 
0896       1 
0897       1 
0898       1 
0899       1 
0900       1 
0901       1 
0902       1 
0903       1 
0904       1 
0905       1 
0906       1 
0907       1 
0908       1 
0909       1 
0910       1 
0911       1 
0912       1 
0913       1 
0914       1 
0915       1 
0916       1 
0917       1 
0918       1 
0919       1 
0920       1 
0921       1 
0922       1 
0923       1 
0924       1 
0925       1 
0926       1 
0927       1 
0928       1 
0929       1 
0930       1 
0931       1 
0932       1 
0933       1 
0934       1 
0935       1 
0936       1 
0937       1 
0938       1 
0939       1 
0940       1 
0941       1 
0942       1 
0943       1 
0944       1 
0945       1 
0946       1 
0947       1 
0948       1 
0949       1 
0950       1 
0951       1 
0952       1 
0953       1 
0954       1 
0955       1 
0956       1 
0957       1 
0958       1 
0959       1 
0960       1 
0961       1 
0962       1 
0963       1 
0964       1 
0965       1 
0966       1 
0967       1 
0968       1 
0969       1 
0970       1 
0971       1 
0972       1 
0973       1 
0974       1 
0975       1 
0976       1 
0977       1 
0978       1 
0979       1 
0980       1 
0981       1 
0982       1 
0983       1 
0984       1 
0985       1 
0986       1 
0987       1 
0988       1 
0989       1 
0990       1 
0991       1 
0992       1 
0993       1 
0994       1 
0995       1 
0996       1 
0997       1 
0998       1 
0999       1 
1000       1 
1001       1 
1002       1 
1003       1 
1004       1 
1005       1 
1006       1 
1007       4 
1008       4 
1009       71 
1010       71 
1011       57 
1012       57 
1013       66 
1014       57 
1015       57 
1016       53 
1017       50 
1018       50 
1019       50 
1020       50 
1021       58 
1022       58 
1023       59 
1024       59 
1025       59 
1026       60 
1027       60 
1028       60 
1029       60 
1030       54 
1031       53 
1032       53 
1033       54 
1034       56 
1035       58 
1036       68 
1037       68 
1038       68 
1039       68 
1040       64 
1041       63 
1042       64 
1043       64 
1044       64 
1045       67 
1046       71 
1047       71 
1048       63 
1049       70 
1050       70 
1051       70 
1052       70 
1053       70 
1054       65 
1055       62 
1056       62 
1057       60 
1058       62 
1059       64 
1060       64 
1061       64 
1062       64 
1063       65 
1064       65 
1065       66 
1066       66 
1067       66 
1068       67 
1069       67 
1070       69 
1071       69 
1072       69 
1073       74 
1074       75 
1075       68 
1076       66 
1077       68 
1078       66 
1079       65 
1297966636.077841
