0000       1 
0001       1 
0002       1 
0003       1 
0004       1 
0005       1 
0006       1 
0007       1 
0008       1 
0009       1 
0010       1 
0011       1 
0012       1 
0013       1 
0014       1 
0015       1 
0016       1 
0017       1 
0018       1 
0019       1 
0020       1 
0021       1 
0022       1 
0023       1 
0024       1 
0025       1 
0026       1 
0027       1 
0028       1 
0029       1 
0030       1 
0031       1 
0032       1 
0033       1 
0034       1 
0035       1 
0036       1 
0037       1 
0038       1 
0039       1 
0040       1 
0041       1 
0042       1 
0043       1 
0044       1 
0045       1 
0046       1 
0047       1 
0048       1 
0049       1 
0050       1 
0051       1 
0052       1 
0053       1 
0054       1 
0055       1 
0056       1 
0057       1 
0058       1 
0059       1 
0060       1 
0061       1 
0062       1 
0063       1 
0064       1 
0065       1 
0066       1 
0067       1 
0068       1 
0069       1 
0070       1 
0071       1 
0072       1 
0073       1 
0074       1 
0075       1 
0076       1 
0077       1 
0078       1 
0079       1 
0080       1 
0081       1 
0082       1 
0083       1 
0084       1 
0085       1 
0086       1 
0087       1 
0088       1 
0089       1 
0090       1 
0091       1 
0092       1 
0093       1 
0094       1 
0095       1 
0096       1 
0097       1 
0098       1 
0099       1 
0100       1 
0101       1 
0102       1 
0103       1 
0104       1 
0105       1 
0106       1 
0107       1 
0108       1 
0109       1 
0110       1 
0111       1 
0112       1 
0113       1 
0114       1 
0115       1 
0116       1 
0117       1 
0118       1 
0119       1 
0120       1 
0121       1 
0122       1 
0123       1 
0124       1 
0125       1 
0126       1 
0127       1 
0128       1 
0129       1 
0130       1 
0131       1 
0132       1 
0133       1 
0134       1 
0135       1 
0136       1 
0137       1 
0138       1 
0139       1 
0140       1 
0141       1 
0142       1 
0143       1 
0144       1 
0145       1 
0146       1 
0147       1 
0148       1 
0149       25710 
0150       25710 
0151       25710 
0152       25709 
0153       25660 
0154       25654 
0155       25654 
0156       25648 
0157       25651 
0158       25651 
0159       25651 
0160       25643 
0161       25497 
0162       25475 
0163       25436 
0164       25432 
0165       25432 
0166       25457 
0167       25457 
0168       1 
0169       1 
0170       1 
0171       1 
0172       1 
0173       1 
0174       1 
0175       1 
0176       1 
0177       25476 
0178       25476 
0179       25429 
0180       25421 
0181       25421 
0182       25421 
0183       25437 
0184       25442 
0185       25442 
0186       1 
0187       1 
0188       1 
0189       25441 
0190       25441 
0191       24957 
0192       1 
0193       24957 
0194       25527 
0195       25527 
0196       25545 
0197       25733 
0198       25746 
0199       25747 
0200       25747 
0201       25748 
0202       25788 
0203       25796 
0204       25807 
0205       25807 
0206       25745 
0207       25733 
0208       25745 
0209       25762 
0210       25773 
0211       25779 
0212       25801 
0213       25816 
0214       25816 
0215       25816 
0216       25299 
0217       25891 
0218       25901 
0219       25935 
0220       25974 
0221       25974 
0222       26000 
0223       26068 
0224       26189 
0225       26276 
0226       26276 
0227       23336 
0228       23292 
0229       23336 
0230       23355 
0231       23362 
0232       23409 
0233       23412 
0234       23484 
0235       23489 
0236       23511 
0237       23511 
0238       1 
0239       1 
0240       1 
0241       1 
0242       1 
0243       1 
0244       1 
0245       1 
0246       1 
0247       1 
0248       1 
0249       1 
0250       19701 
0251       19708 
0252       19728 
0253       19734 
0254       19794 
0255       19833 
0256       19855 
0257       19870 
0258       19934 
0259       19982 
0260       20015 
0261       20032 
0262       20068 
0263       20090 
0264       20177 
0265       20179 
0266       20276 
0267       20300 
0268       20327 
0269       20357 
0270       20357 
0271       1 
0272       1 
0273       1 
0274       1 
0275       1 
0276       1 
0277       1 
0278       1 
0279       1 
0280       1 
0281       1 
0282       1 
0283       1 
0284       1 
0285       1 
0286       1 
0287       1 
0288       1 
0289       1 
0290       1 
0291       1 
0292       1 
0293       1 
0294       1 
0295       1 
0296       1 
0297       1 
0298       1 
0299       1 
0300       1 
0301       1 
0302       1 
0303       1 
0304       1 
0305       1 
0306       1 
0307       1 
0308       1 
0309       14658 
0310       14658 
0311       14658 
0312       14580 
0313       14386 
0314       14325 
0315       14325 
0316       14222 
0317       14159 
0318       14061 
0319       13901 
0320       13760 
0321       13760 
0322       13694 
0323       13658 
0324       13346 
0325       13258 
0326       9779 
0327       9737 
0328       9737 
0329       9737 
0330       9714 
0331       9698 
0332       9630 
0333       9622 
0334       9622 
0335       9622 
0336       9573 
0337       9560 
0338       9484 
0339       9481 
0340       9435 
0341       9387 
0342       9329 
0343       9238 
0344       9211 
0345       9193 
0346       9121 
0347       9104 
0348       9034 
0349       8975 
0350       8970 
0351       8938 
0352       8909 
0353       8878 
0354       8821 
0355       8744 
0356       8729 
0357       8703 
0358       8677 
0359       8636 
0360       8596 
0361       8518 
0362       8501 
0363       8477 
0364       8457 
0365       8428 
0366       8388 
0367       8347 
0368       8272 
0369       8256 
0370       8254 
0371       8229 
0372       8183 
0373       8147 
0374       8104 
0375       8059 
0376       8037 
0377       8035 
0378       8009 
0379       7981 
0380       7922 
0381       7814 
0382       7782 
0383       7782 
0384       7819 
0385       7861 
0386       7949 
0387       8001 
0388       8058 
0389       8112 
0390       8150 
0391       8194 
0392       8266 
0393       8331 
0394       8374 
0395       8420 
0396       8485 
0397       8547 
0398       8575 
0399       8646 
0400       8700 
0401       8774 
0402       8827 
0403       8896 
0404       8945 
0405       9015 
0406       9083 
0407       9153 
0408       9225 
0409       9281 
0410       9369 
0411       9440 
0412       9518 
0413       9580 
0414       9580 
0415       9562 
0416       9552 
0417       9540 
0418       9529 
0419       9540 
0420       9549 
0421       9549 
0422       9482 
0423       9459 
0424       9454 
0425       9419 
0426       9403 
0427       9376 
0428       9375 
0429       9362 
0430       9360 
0431       9315 
0432       9295 
0433       9283 
0434       9262 
0435       9245 
0436       9212 
0437       9208 
0438       9191 
0439       9148 
0440       9148 
0441       9145 
0442       9128 
0443       9111 
0444       9097 
0445       9071 
0446       9052 
0447       9039 
0448       9034 
0449       9015 
0450       9015 
0451       9010 
0452       8979 
0453       8969 
0454       8939 
0455       8916 
0456       8916 
0457       8915 
0458       8888 
0459       8880 
0460       8860 
0461       8854 
0462       8841 
0463       8828 
0464       8804 
0465       8797 
0466       8788 
0467       8780 
0468       8761 
0469       8761 
0470       8751 
0471       8749 
0472       8744 
0473       8730 
0474       8705 
0475       8678 
0476       8675 
0477       8668 
0478       8668 
0479       8668 
0480       8650 
0481       8640 
0482       8640 
0483       8641 
0484       8641 
0485       8594 
0486       8594 
0487       8589 
0488       8576 
0489       8576 
0490       8576 
0491       8565 
0492       8561 
0493       8557 
0494       8561 
0495       8550 
0496       8550 
0497       8540 
0498       8538 
0499       8526 
0500       8507 
0501       8507 
0502       8503 
0503       8510 
0504       8503 
0505       8487 
0506       8478 
0507       8464 
0508       8464 
0509       8464 
0510       8473 
0511       8473 
0512       8465 
0513       8456 
0514       8446 
0515       8446 
0516       8451 
0517       8451 
0518       8448 
0519       8448 
0520       8445 
0521       8449 
0522       8434 
0523       8438 
0524       8434 
0525       8431 
0526       8425 
0527       8396 
0528       8370 
0529       8346 
0530       8282 
0531       8268 
0532       8260 
0533       8210 
0534       8195 
0535       8195 
0536       8180 
0537       8180 
0538       8208 
0539       8281 
0540       8303 
0541       8373 
0542       8378 
0543       8422 
0544       8425 
0545       8441 
0546       8442 
0547       8442 
0548       8180 
0549       7936 
0550       7749 
0551       7461 
0552       7134 
0553       6872 
0554       6807 
0555       5445 
0556       5445 
0557       5463 
0558       5463 
0559       5461 
0560       5459 
0561       5461 
0562       5473 
0563       5474 
0564       5474 
0565       5469 
0566       5463 
0567       5463 
0568       5479 
0569       5492 
0570       5498 
0571       5514 
0572       5519 
0573       5521 
0574       5521 
0575       5519 
0576       5519 
0577       5520 
0578       5534 
0579       5534 
0580       5512 
0581       5512 
0582       5545 
0583       5555 
0584       5558 
0585       5568 
0586       5575 
0587       5575 
0588       5597 
0589       5597 
0590       5609 
0591       5597 
0592       5591 
0593       5591 
0594       5605 
0595       5606 
0596       5630 
0597       5645 
0598       5649 
0599       5651 
0600       5670 
0601       5671 
0602       5679 
0603       5682 
0604       5696 
0605       5696 
0606       5687 
0607       5687 
0608       5716 
0609       5734 
0610       5736 
0611       5745 
0612       5747 
0613       5759 
0614       5768 
0615       5781 
0616       5790 
0617       5797 
0618       5798 
0619       5813 
0620       5817 
0621       5818 
0622       5845 
0623       5846 
0624       5869 
0625       5876 
0626       5885 
0627       5895 
0628       5904 
0629       5906 
0630       5926 
0631       5926 
0632       5926 
0633       5959 
0634       5970 
0635       5987 
0636       6005 
0637       6023 
0638       6024 
0639       6033 
0640       6060 
0641       6077 
0642       6084 
0643       6086 
0644       6091 
0645       6110 
0646       6121 
0647       6151 
0648       6174 
0649       6180 
0650       6202 
0651       6207 
0652       6210 
0653       6225 
0654       6228 
0655       6241 
0656       6277 
0657       6290 
0658       6305 
0659       6325 
0660       6345 
0661       6381 
0662       6387 
0663       6392 
0664       6392 
0665       6403 
0666       6466 
0667       6472 
0668       6481 
0669       6505 
0670       6531 
0671       6539 
0672       6556 
0673       6583 
0674       6585 
0675       6609 
0676       6636 
0677       6676 
0678       6688 
0679       6704 
0680       6723 
0681       6747 
0682       6762 
0683       6774 
0684       6788 
0685       6807 
0686       6873 
0687       6885 
0688       6910 
0689       6927 
0690       6945 
0691       6974 
0692       6984 
0693       7006 
0694       7056 
0695       7069 
0696       7113 
0697       7134 
0698       7165 
0699       7179 
0700       7202 
0701       7208 
0702       7269 
0703       7271 
0704       7324 
0705       7355 
0706       7395 
0707       7412 
0708       7412 
0709       7426 
0710       7477 
0711       7489 
0712       7499 
0713       7499 
0714       7509 
0715       7539 
0716       7593 
0717       7610 
0718       7649 
0719       7680 
0720       7729 
0721       7739 
0722       7792 
0723       7834 
0724       7865 
0725       7904 
0726       7920 
0727       7963 
0728       8017 
0729       8060 
0730       8093 
0731       8131 
0732       8177 
0733       8303 
0734       8369 
0735       8390 
0736       8416 
0737       8489 
0738       8551 
0739       8589 
0740       8649 
0741       8651 
0742       8741 
0743       8776 
0744       8830 
0745       8896 
0746       8917 
0747       8917 
0748       1 
0749       1 
0750       1 
0751       1 
0752       1 
0753       1 
0754       1 
0755       1 
0756       1 
0757       1 
0758       1 
0759       1 
0760       1 
0761       1 
0762       1 
0763       1 
0764       1 
0765       1 
0766       6412 
0767       6417 
0768       6412 
0769       6399 
0770       6374 
0771       6360 
0772       6329 
0773       6329 
0774       6313 
0775       6308 
0776       6303 
0777       6242 
0778       6232 
0779       6232 
0780       6211 
0781       6206 
0782       6163 
0783       6163 
0784       6157 
0785       6124 
0786       6124 
0787       6124 
0788       6126 
0789       6122 
0790       4698 
0791       4698 
0792       4698 
0793       4735 
0794       4770 
0795       4791 
0796       4830 
0797       4859 
0798       4870 
0799       4938 
0800       4972 
0801       5010 
0802       5039 
0803       5062 
0804       5102 
0805       5143 
0806       5184 
0807       5184 
0808       4764 
0809       4419 
0810       4393 
0811       4393 
0812       4407 
0813       4407 
0814       4444 
0815       4496 
0816       4518 
0817       4531 
0818       4568 
0819       4620 
0820       4662 
0821       4704 
0822       4720 
0823       4788 
0824       4842 
0825       4887 
0826       4932 
0827       5016 
0828       5075 
0829       5138 
0830       5203 
0831       5282 
0832       5406 
0833       5450 
0834       5537 
0835       5615 
0836       5686 
0837       5776 
0838       5776 
0839       1 
0840       1 
0841       1 
0842       1 
0843       1 
0844       1 
0845       1 
0846       1 
0847       1 
0848       1 
0849       1 
0850       1 
0851       1 
0852       1 
0853       1 
0854       1 
0855       1 
0856       1 
0857       1 
0858       1 
0859       1 
0860       1 
0861       1 
0862       1 
0863       1 
0864       1 
0865       1 
0866       1 
0867       1 
0868       1 
0869       1 
0870       1 
0871       1 
0872       1 
0873       1 
0874       1 
0875       1 
0876       1 
0877       1 
0878       1 
0879       1 
0880       1 
0881       1 
0882       1 
0883       1 
0884       1 
0885       1 
0886       1 
0887       1 
0888       1 
0889       1 
0890       1 
0891       1 
0892       1 
0893       1 
0894       1 
0895       1 
0896       1 
0897       1 
0898       1 
0899       1 
0900       1 
0901       1 
0902       1 
0903       1 
0904       1 
0905       1 
0906       1 
0907       1 
0908       1 
0909       1 
0910       1 
0911       1 
0912       1 
0913       1 
0914       1 
0915       1 
0916       1 
0917       1 
0918       1 
0919       1 
0920       1 
0921       1 
0922       1 
0923       1 
0924       1 
0925       1 
0926       1 
0927       1 
0928       1 
0929       1 
0930       1 
0931       1 
0932       1 
0933       1 
0934       1 
0935       1 
0936       1 
0937       1 
0938       1 
0939       1 
0940       1 
0941       1 
0942       1 
0943       1 
0944       1 
0945       1 
0946       1 
0947       1 
0948       1 
0949       1 
0950       1 
0951       1 
0952       1 
0953       1 
0954       1 
0955       1 
0956       1 
0957       1 
0958       1 
0959       1 
0960       1 
0961       1 
0962       1 
0963       1 
0964       1 
0965       1 
0966       1 
0967       1 
0968       1 
0969       1 
0970       1 
0971       1 
0972       1 
0973       1 
0974       1 
0975       1 
0976       1 
0977       1 
0978       1 
0979       1 
0980       1 
0981       1 
0982       1 
0983       1 
0984       1 
0985       1 
0986       1 
0987       1 
0988       1 
0989       1 
0990       1 
0991       1 
0992       1 
0993       1 
0994       1 
0995       1 
0996       1 
0997       1 
0998       1 
0999       1 
1000       1 
1001       1 
1002       1 
1003       1 
1004       1 
1005       1 
1006       4 
1007       4 
1008       4 
1009       44 
1010       44 
1011       49 
1012       49 
1013       45 
1014       57 
1015       57 
1016       57 
1017       49 
1018       59 
1019       59 
1020       61 
1021       67 
1022       67 
1023       61 
1024       61 
1025       58 
1026       58 
1027       67 
1028       67 
1029       53 
1030       50 
1031       46 
1032       46 
1033       50 
1034       59 
1035       63 
1036       70 
1037       72 
1038       72 
1039       72 
1040       72 
1041       72 
1042       69 
1043       68 
1044       72 
1045       72 
1046       67 
1047       67 
1048       64 
1049       64 
1050       63 
1051       64 
1052       65 
1053       65 
1054       65 
1055       65 
1056       65 
1057       65 
1058       65 
1059       68 
1060       69 
1061       69 
1062       69 
1063       69 
1064       68 
1065       68 
1066       69 
1067       71 
1068       71 
1069       71 
1070       64 
1071       64 
1072       63 
1073       64 
1074       67 
1075       67 
1076       64 
1077       70 
1078       70 
1079       64 
1297966668.192796
