0000       1 
0001       1 
0002       1 
0003       1 
0004       1 
0005       1 
0006       1 
0007       1 
0008       1 
0009       1 
0010       1 
0011       1 
0012       1 
0013       1 
0014       1 
0015       1 
0016       1 
0017       1 
0018       1 
0019       1 
0020       1 
0021       1 
0022       1 
0023       1 
0024       1 
0025       1 
0026       1 
0027       1 
0028       1 
0029       1 
0030       1 
0031       1 
0032       1 
0033       1 
0034       1 
0035       1 
0036       1 
0037       1 
0038       1 
0039       1 
0040       1 
0041       1 
0042       1 
0043       1 
0044       1 
0045       1 
0046       1 
0047       1 
0048       1 
0049       1 
0050       1 
0051       1 
0052       1 
0053       1 
0054       1 
0055       1 
0056       1 
0057       1 
0058       1 
0059       1 
0060       1 
0061       1 
0062       1 
0063       1 
0064       1 
0065       1 
0066       1 
0067       1 
0068       1 
0069       1 
0070       1 
0071       1 
0072       1 
0073       1 
0074       1 
0075       1 
0076       1 
0077       1 
0078       1 
0079       1 
0080       1 
0081       1 
0082       1 
0083       1 
0084       1 
0085       1 
0086       1 
0087       4625 
0088       4625 
0089       4625 
0090       4606 
0091       4586 
0092       4582 
0093       4578 
0094       4574 
0095       4574 
0096       4573 
0097       4556 
0098       4555 
0099       4553 
0100       4551 
0101       4551 
0102       4550 
0103       4539 
0104       4528 
0105       4523 
0106       4522 
0107       4520 
0108       4517 
0109       4511 
0110       4510 
0111       4502 
0112       4497 
0113       4494 
0114       4490 
0115       4489 
0116       4486 
0117       4486 
0118       4477 
0119       4477 
0120       4477 
0121       4479 
0122       4477 
0123       4471 
0124       4460 
0125       4460 
0126       4460 
0127       4460 
0128       4460 
0129       4460 
0130       4457 
0131       4457 
0132       4449 
0133       4457 
0134       4457 
0135       4449 
0136       4446 
0137       4441 
0138       4440 
0139       4441 
0140       4440 
0141       4438 
0142       4440 
0143       4438 
0144       4430 
0145       4430 
0146       4435 
0147       4429 
0148       4429 
0149       4435 
0150       4435 
0151       4438 
0152       4438 
0153       4438 
0154       4435 
0155       4435 
0156       4435 
0157       4435 
0158       4435 
0159       4432 
0160       4432 
0161       4432 
0162       4438 
0163       4439 
0164       4444 
0165       4444 
0166       4445 
0167       4447 
0168       4454 
0169       4454 
0170       4454 
0171       4454 
0172       4453 
0173       4453 
0174       4453 
0175       4463 
0176       4469 
0177       4469 
0178       4469 
0179       4471 
0180       4472 
0181       4478 
0182       4481 
0183       4484 
0184       4484 
0185       4489 
0186       4496 
0187       4497 
0188       4501 
0189       4503 
0190       4503 
0191       4507 
0192       4514 
0193       4514 
0194       4520 
0195       4527 
0196       4527 
0197       4533 
0198       4537 
0199       4539 
0200       4541 
0201       4549 
0202       4549 
0203       4553 
0204       4553 
0205       4542 
0206       1 
0207       1 
0208       1 
0209       1 
0210       1 
0211       1 
0212       1 
0213       1 
0214       1 
0215       1 
0216       1 
0217       1 
0218       1 
0219       1 
0220       1 
0221       1 
0222       1 
0223       1 
0224       1 
0225       1 
0226       1 
0227       1 
0228       1 
0229       1 
0230       1 
0231       1 
0232       1 
0233       1 
0234       1 
0235       1 
0236       1 
0237       17316 
0238       17316 
0239       17316 
0240       1 
0241       1 
0242       1 
0243       1 
0244       1 
0245       1 
0246       1 
0247       1 
0248       1 
0249       1 
0250       1 
0251       1 
0252       1 
0253       1 
0254       1 
0255       1 
0256       1 
0257       1 
0258       16509 
0259       16514 
0260       16514 
0261       1 
0262       1 
0263       1 
0264       1 
0265       1 
0266       1 
0267       1 
0268       1 
0269       1 
0270       1 
0271       1 
0272       1 
0273       1 
0274       1 
0275       1 
0276       1 
0277       1 
0278       1 
0279       1 
0280       1 
0281       1 
0282       1 
0283       26347 
0284       26347 
0285       26448 
0286       26622 
0287       26671 
0288       26671 
0289       1 
0290       1 
0291       1 
0292       1 
0293       1 
0294       1 
0295       1 
0296       1 
0297       1 
0298       1 
0299       1 
0300       1 
0301       1 
0302       1 
0303       1 
0304       1 
0305       1 
0306       1 
0307       1 
0308       1 
0309       1 
0310       1 
0311       1 
0312       1 
0313       1 
0314       1 
0315       1 
0316       1 
0317       1 
0318       1 
0319       1 
0320       1 
0321       1 
0322       1 
0323       1 
0324       18554 
0325       18584 
0326       18673 
0327       18784 
0328       18784 
0329       1 
0330       1 
0331       1 
0332       1 
0333       1 
0334       1 
0335       1 
0336       1 
0337       1 
0338       1 
0339       1 
0340       1 
0341       1 
0342       1 
0343       1 
0344       1 
0345       1 
0346       1 
0347       1 
0348       1 
0349       1 
0350       1 
0351       1 
0352       1 
0353       1 
0354       1 
0355       1 
0356       1 
0357       1 
0358       1 
0359       1 
0360       1 
0361       1 
0362       1 
0363       1 
0364       1 
0365       1 
0366       1 
0367       1 
0368       1 
0369       1 
0370       1 
0371       1 
0372       1 
0373       1 
0374       1 
0375       1 
0376       1 
0377       1 
0378       1 
0379       1 
0380       1 
0381       1 
0382       1 
0383       1 
0384       1 
0385       1 
0386       1 
0387       1 
0388       1 
0389       1 
0390       1 
0391       1 
0392       1 
0393       1 
0394       1 
0395       1 
0396       1 
0397       1 
0398       1 
0399       1 
0400       1 
0401       1 
0402       1 
0403       1 
0404       1 
0405       1 
0406       1 
0407       1 
0408       1 
0409       1 
0410       1 
0411       1 
0412       1 
0413       1 
0414       1 
0415       1 
0416       1 
0417       1 
0418       1 
0419       1 
0420       1 
0421       1 
0422       1 
0423       1 
0424       1 
0425       1 
0426       1 
0427       1 
0428       1 
0429       1 
0430       1 
0431       1 
0432       1 
0433       1 
0434       1 
0435       1 
0436       1 
0437       1 
0438       1 
0439       1 
0440       1 
0441       1 
0442       1 
0443       1 
0444       1 
0445       1 
0446       1 
0447       1 
0448       1 
0449       1 
0450       1 
0451       1 
0452       1 
0453       1 
0454       1 
0455       1 
0456       1 
0457       1 
0458       1 
0459       1 
0460       1 
0461       1 
0462       1 
0463       1 
0464       1 
0465       1 
0466       1 
0467       1 
0468       1 
0469       1 
0470       1 
0471       1 
0472       1 
0473       1 
0474       1 
0475       1 
0476       1 
0477       1 
0478       9001 
0479       9001 
0480       1 
0481       1 
0482       1 
0483       1 
0484       8105 
0485       11026 
0486       11101 
0487       11101 
0488       7881 
0489       7881 
0490       7881 
0491       7881 
0492       1 
0493       1 
0494       1 
0495       8053 
0496       8053 
0497       8096 
0498       8096 
0499       1 
0500       1 
0501       1 
0502       1 
0503       7457 
0504       7457 
0505       7448 
0506       1 
0507       1 
0508       1 
0509       1 
0510       1 
0511       1 
0512       1 
0513       1 
0514       1 
0515       7500 
0516       7500 
0517       7489 
0518       7489 
0519       9253 
0520       9253 
0521       9229 
0522       7001 
0523       7001 
0524       7001 
0525       8028 
0526       11766 
0527       11766 
0528       11766 
0529       10022 
0530       9364 
0531       9364 
0532       9364 
0533       9883 
0534       10066 
0535       10093 
0536       11350 
0537       11350 
0538       9888 
0539       11086 
0540       11086 
0541       11086 
0542       7501 
0543       7501 
0544       11117 
0545       11117 
0546       11113 
0547       11113 
0548       11113 
0549       11395 
0550       11395 
0551       11395 
0552       11375 
0553       9807 
0554       9799 
0555       9799 
0556       9807 
0557       10198 
0558       10244 
0559       10281 
0560       10281 
0561       1 
0562       1 
0563       1 
0564       1 
0565       1 
0566       1 
0567       1 
0568       1 
0569       1 
0570       1 
0571       1 
0572       1 
0573       1 
0574       1 
0575       1 
0576       1 
0577       1 
0578       1 
0579       1 
0580       1 
0581       1 
0582       1 
0583       8737 
0584       8737 
0585       8737 
0586       1 
0587       1 
0588       1 
0589       1 
0590       1 
0591       1 
0592       1 
0593       1 
0594       1 
0595       1 
0596       1 
0597       1 
0598       1 
0599       1 
0600       1 
0601       1 
0602       1 
0603       1 
0604       1 
0605       9880 
0606       21174 
0607       21174 
0608       21147 
0609       21188 
0610       21188 
0611       21188 
0612       1 
0613       1 
0614       1 
0615       1 
0616       1 
0617       1 
0618       1 
0619       21845 
0620       21863 
0621       21862 
0622       21863 
0623       21862 
0624       1 
0625       1 
0626       1 
0627       1 
0628       1 
0629       1 
0630       1 
0631       20091 
0632       20091 
0633       19943 
0634       19766 
0635       19614 
0636       19500 
0637       19378 
0638       19253 
0639       19107 
0640       18555 
0641       18543 
0642       18543 
0643       18535 
0644       18469 
0645       18393 
0646       18385 
0647       18385 
0648       18427 
0649       18474 
0650       18548 
0651       18600 
0652       18634 
0653       18723 
0654       18765 
0655       18846 
0656       18911 
0657       18955 
0658       18955 
0659       18959 
0660       19065 
0661       19192 
0662       19269 
0663       19320 
0664       19378 
0665       19451 
0666       19498 
0667       19590 
0668       19661 
0669       19702 
0670       19771 
0671       19850 
0672       19897 
0673       20006 
0674       20065 
0675       20170 
0676       20207 
0677       20234 
0678       20234 
0679       20142 
0680       20036 
0681       19912 
0682       19821 
0683       19764 
0684       19638 
0685       19541 
0686       19450 
0687       19380 
0688       19301 
0689       19234 
0690       19146 
0691       19065 
0692       18999 
0693       18936 
0694       18869 
0695       18850 
0696       18823 
0697       18813 
0698       1 
0699       1 
0700       1 
0701       1 
0702       1 
0703       1 
0704       1 
0705       1 
0706       1 
0707       1 
0708       1 
0709       1 
0710       20295 
0711       20297 
0712       20295 
0713       1 
0714       1 
0715       1 
0716       1 
0717       1 
0718       1 
0719       1 
0720       1 
0721       1 
0722       1 
0723       1 
0724       1 
0725       16738 
0726       16738 
0727       16655 
0728       16583 
0729       16545 
0730       16492 
0731       16432 
0732       16383 
0733       16335 
0734       16301 
0735       16236 
0736       16187 
0737       16141 
0738       16083 
0739       16036 
0740       16021 
0741       15970 
0742       15970 
0743       16052 
0744       16052 
0745       16018 
0746       15986 
0747       15919 
0748       15879 
0749       15845 
0750       15796 
0751       15752 
0752       15724 
0753       15665 
0754       15616 
0755       15580 
0756       15535 
0757       15505 
0758       15440 
0759       1 
0760       1 
0761       1 
0762       1 
0763       1 
0764       1 
0765       1 
0766       1 
0767       1 
0768       1 
0769       1 
0770       1 
0771       1 
0772       1 
0773       1 
0774       1 
0775       1 
0776       1 
0777       1 
0778       1 
0779       1 
0780       1 
0781       1 
0782       1 
0783       1 
0784       1 
0785       1 
0786       1 
0787       1 
0788       1 
0789       1 
0790       1 
0791       1 
0792       1 
0793       1 
0794       1 
0795       1 
0796       1 
0797       1 
0798       1 
0799       1 
0800       1 
0801       1 
0802       1 
0803       1 
0804       1 
0805       1 
0806       1 
0807       1 
0808       1 
0809       1 
0810       1 
0811       1 
0812       1 
0813       1 
0814       1 
0815       1 
0816       1 
0817       1 
0818       1 
0819       1 
0820       1 
0821       1 
0822       1 
0823       1 
0824       1 
0825       1 
0826       1 
0827       1 
0828       1 
0829       1 
0830       1 
0831       1 
0832       1 
0833       1 
0834       1 
0835       1 
0836       1 
0837       1 
0838       1 
0839       1 
0840       1 
0841       1 
0842       1 
0843       1 
0844       1 
0845       1 
0846       1 
0847       1 
0848       1 
0849       1 
0850       1 
0851       1 
0852       1 
0853       1 
0854       1 
0855       1 
0856       1 
0857       1 
0858       1 
0859       1 
0860       1 
0861       1 
0862       1 
0863       1 
0864       1 
0865       1 
0866       1 
0867       1 
0868       1 
0869       1 
0870       1 
0871       1 
0872       1 
0873       1 
0874       1 
0875       1 
0876       1 
0877       1 
0878       1 
0879       1 
0880       1 
0881       1 
0882       1 
0883       1 
0884       1 
0885       1 
0886       1 
0887       1 
0888       1 
0889       1 
0890       1 
0891       1 
0892       1 
0893       1 
0894       1 
0895       1 
0896       1 
0897       1 
0898       1 
0899       1 
0900       1 
0901       1 
0902       1 
0903       1 
0904       1 
0905       1 
0906       1 
0907       1 
0908       1 
0909       1 
0910       1 
0911       1 
0912       1 
0913       1 
0914       1 
0915       1 
0916       1 
0917       1 
0918       1 
0919       1 
0920       1 
0921       1 
0922       1 
0923       1 
0924       1 
0925       1 
0926       1 
0927       1 
0928       1 
0929       1 
0930       1 
0931       1 
0932       1 
0933       1 
0934       1 
0935       1 
0936       1 
0937       1 
0938       1 
0939       1 
0940       1 
0941       1 
0942       1 
0943       1 
0944       1 
0945       1 
0946       1 
0947       1 
0948       1 
0949       1 
0950       1 
0951       1 
0952       1 
0953       1 
0954       1 
0955       1 
0956       1 
0957       1 
0958       1 
0959       1 
0960       1 
0961       1 
0962       1 
0963       1 
0964       1 
0965       1 
0966       1 
0967       1 
0968       1 
0969       1 
0970       1 
0971       1 
0972       1 
0973       1 
0974       1 
0975       1 
0976       1 
0977       1 
0978       1 
0979       1 
0980       1 
0981       1 
0982       1 
0983       1 
0984       1 
0985       1 
0986       1 
0987       1 
0988       1 
0989       1 
0990       1 
0991       1 
0992       1 
0993       1 
0994       1 
0995       1 
0996       1 
0997       1 
0998       1 
0999       1 
1000       1 
1001       1 
1002       1 
1003       1 
1004       1 
1005       1 
1006       1 
1007       1 
1008       4 
1009       43 
1010       43 
1011       71 
1012       71 
1013       53 
1014       49 
1015       49 
1016       49 
1017       42 
1018       42 
1019       53 
1020       56 
1021       56 
1022       57 
1023       57 
1024       57 
1025       57 
1026       57 
1027       57 
1028       58 
1029       58 
1030       58 
1031       49 
1032       49 
1033       49 
1034       53 
1035       68 
1036       68 
1037       68 
1038       68 
1039       68 
1040       67 
1041       68 
1042       72 
1043       72 
1044       72 
1045       72 
1046       70 
1047       70 
1048       70 
1049       72 
1050       72 
1051       72 
1052       66 
1053       66 
1054       66 
1055       71 
1056       71 
1057       71 
1058       68 
1059       67 
1060       67 
1061       67 
1062       66 
1063       66 
1064       66 
1065       64 
1066       63 
1067       63 
1068       69 
1069       63 
1070       70 
1071       70 
1072       70 
1073       68 
1074       68 
1075       68 
1076       68 
1077       67 
1078       67 
1079       67 
1297966705.350572
