0000       1 
0001       1 
0002       1 
0003       1 
0004       1 
0005       1 
0006       1 
0007       1 
0008       1 
0009       1 
0010       1 
0011       1 
0012       1 
0013       1 
0014       1 
0015       1 
0016       1 
0017       1 
0018       1 
0019       1 
0020       1 
0021       1 
0022       1 
0023       1 
0024       1 
0025       1 
0026       1 
0027       1 
0028       1 
0029       1 
0030       1 
0031       1 
0032       1 
0033       1 
0034       1 
0035       1 
0036       1 
0037       1 
0038       1 
0039       1 
0040       1 
0041       1 
0042       1 
0043       1 
0044       1 
0045       1 
0046       1 
0047       1 
0048       1 
0049       1 
0050       1 
0051       1 
0052       1 
0053       1 
0054       1 
0055       1 
0056       1 
0057       1 
0058       1 
0059       1 
0060       1 
0061       1 
0062       1 
0063       1 
0064       1 
0065       1 
0066       1 
0067       1 
0068       1 
0069       1 
0070       1 
0071       1 
0072       1 
0073       1 
0074       1 
0075       1 
0076       1 
0077       1 
0078       1 
0079       1 
0080       1 
0081       1 
0082       1 
0083       1 
0084       1 
0085       1 
0086       1 
0087       1 
0088       1 
0089       1 
0090       1 
0091       1 
0092       1 
0093       1 
0094       1 
0095       1 
0096       1 
0097       1 
0098       1 
0099       1 
0100       1 
0101       1 
0102       1 
0103       1 
0104       1 
0105       1 
0106       1 
0107       1 
0108       1 
0109       1 
0110       1 
0111       1 
0112       1 
0113       1 
0114       1 
0115       1 
0116       1 
0117       1 
0118       1 
0119       1 
0120       1 
0121       1 
0122       1 
0123       1 
0124       1 
0125       1 
0126       1 
0127       1 
0128       1 
0129       1 
0130       1 
0131       1 
0132       1 
0133       1 
0134       1 
0135       1 
0136       1 
0137       1 
0138       1 
0139       1 
0140       1 
0141       1 
0142       1 
0143       1 
0144       1 
0145       1 
0146       1 
0147       1 
0148       1 
0149       1 
0150       1 
0151       1 
0152       1 
0153       1 
0154       1 
0155       1 
0156       1 
0157       1 
0158       1 
0159       1 
0160       1 
0161       1 
0162       1 
0163       1 
0164       1 
0165       1 
0166       1 
0167       1 
0168       1 
0169       1 
0170       1 
0171       1 
0172       1 
0173       1 
0174       1 
0175       1 
0176       1 
0177       1 
0178       1 
0179       1 
0180       1 
0181       1 
0182       1 
0183       1 
0184       1 
0185       1 
0186       1 
0187       1 
0188       1 
0189       1 
0190       1 
0191       1 
0192       1 
0193       1 
0194       1 
0195       1 
0196       1 
0197       1 
0198       1 
0199       1 
0200       1 
0201       1 
0202       1 
0203       1 
0204       1 
0205       1 
0206       1 
0207       1 
0208       1 
0209       1 
0210       1 
0211       1 
0212       1 
0213       1 
0214       1 
0215       1 
0216       1 
0217       1 
0218       20368 
0219       20372 
0220       20368 
0221       1 
0222       1 
0223       1 
0224       1 
0225       1 
0226       1 
0227       1 
0228       1 
0229       1 
0230       1 
0231       1 
0232       1 
0233       1 
0234       1 
0235       1 
0236       1 
0237       1 
0238       1 
0239       1 
0240       1 
0241       1 
0242       1 
0243       19365 
0244       19365 
0245       19155 
0246       19155 
0247       19155 
0248       19155 
0249       1 
0250       1 
0251       1 
0252       1 
0253       1 
0254       1 
0255       1 
0256       1 
0257       1 
0258       1 
0259       1 
0260       1 
0261       1 
0262       1 
0263       1 
0264       1 
0265       1 
0266       1 
0267       1 
0268       1 
0269       1 
0270       1 
0271       1 
0272       1 
0273       1 
0274       1 
0275       1 
0276       1 
0277       1 
0278       1 
0279       1 
0280       1 
0281       1 
0282       1 
0283       1 
0284       1 
0285       1 
0286       1 
0287       1 
0288       1 
0289       1 
0290       1 
0291       1 
0292       1 
0293       1 
0294       1 
0295       1 
0296       1 
0297       1 
0298       1 
0299       1 
0300       1 
0301       1 
0302       1 
0303       1 
0304       1 
0305       1 
0306       1 
0307       1 
0308       1 
0309       1 
0310       1 
0311       1 
0312       1 
0313       1 
0314       1 
0315       1 
0316       1 
0317       1 
0318       1 
0319       1 
0320       1 
0321       1 
0322       1 
0323       1 
0324       1 
0325       17854 
0326       17854 
0327       17854 
0328       17435 
0329       17354 
0330       17354 
0331       17354 
0332       17207 
0333       17108 
0334       16926 
0335       16687 
0336       16592 
0337       16592 
0338       16464 
0339       16344 
0340       16239 
0341       16108 
0342       15997 
0343       15854 
0344       15774 
0345       15668 
0346       15535 
0347       15468 
0348       15365 
0349       15260 
0350       15119 
0351       15066 
0352       14955 
0353       14859 
0354       14750 
0355       14644 
0356       14589 
0357       14491 
0358       14396 
0359       14371 
0360       14262 
0361       14135 
0362       14057 
0363       14009 
0364       13901 
0365       13801 
0366       13741 
0367       13646 
0368       13591 
0369       13495 
0370       13410 
0371       13382 
0372       13284 
0373       13210 
0374       13077 
0375       12853 
0376       12758 
0377       12688 
0378       12615 
0379       12528 
0380       12470 
0381       12425 
0382       12400 
0383       12295 
0384       12267 
0385       12191 
0386       12103 
0387       12075 
0388       12033 
0389       11973 
0390       11913 
0391       11876 
0392       11781 
0393       11754 
0394       11750 
0395       11750 
0396       11750 
0397       11751 
0398       11751 
0399       11709 
0400       11648 
0401       11624 
0402       11554 
0403       11534 
0404       11498 
0405       11441 
0406       11386 
0407       11339 
0408       11280 
0409       11258 
0410       11214 
0411       11167 
0412       11114 
0413       11103 
0414       11066 
0415       11006 
0416       10985 
0417       10949 
0418       10888 
0419       10865 
0420       10818 
0421       10770 
0422       10745 
0423       10717 
0424       10685 
0425       10641 
0426       10634 
0427       10561 
0428       10523 
0429       10514 
0430       10453 
0431       10418 
0432       10413 
0433       10349 
0434       10347 
0435       10314 
0436       10289 
0437       10242 
0438       10229 
0439       10163 
0440       10152 
0441       10140 
0442       10119 
0443       10085 
0444       10041 
0445       10016 
0446       9992 
0447       9988 
0448       9938 
0449       9935 
0450       9887 
0451       9860 
0452       9813 
0453       9807 
0454       9774 
0455       9756 
0456       9715 
0457       9707 
0458       9663 
0459       9656 
0460       9645 
0461       9620 
0462       9558 
0463       9557 
0464       9535 
0465       9520 
0466       9504 
0467       9480 
0468       9434 
0469       9433 
0470       9416 
0471       9392 
0472       9372 
0473       9353 
0474       9318 
0475       9310 
0476       9278 
0477       9259 
0478       9246 
0479       9234 
0480       9208 
0481       9191 
0482       9184 
0483       9184 
0484       9159 
0485       9139 
0486       9103 
0487       9097 
0488       9079 
0489       9061 
0490       9037 
0491       9034 
0492       9011 
0493       8999 
0494       8993 
0495       8970 
0496       8953 
0497       8940 
0498       8929 
0499       8923 
0500       8916 
0501       8900 
0502       8896 
0503       8853 
0504       8853 
0505       8852 
0506       8832 
0507       8816 
0508       8807 
0509       8802 
0510       8795 
0511       8785 
0512       8762 
0513       8758 
0514       8742 
0515       8735 
0516       8713 
0517       8709 
0518       8704 
0519       8698 
0520       8689 
0521       8679 
0522       8661 
0523       8661 
0524       8661 
0525       8654 
0526       8630 
0527       8628 
0528       8619 
0529       8610 
0530       8594 
0531       8588 
0532       8587 
0533       8579 
0534       8579 
0535       8579 
0536       8572 
0537       8564 
0538       8562 
0539       8560 
0540       8542 
0541       8542 
0542       8540 
0543       8538 
0544       8538 
0545       8534 
0546       8523 
0547       8507 
0548       8507 
0549       8512 
0550       8514 
0551       8512 
0552       8504 
0553       8496 
0554       8496 
0555       8491 
0556       8491 
0557       8491 
0558       8493 
0559       8483 
0560       8483 
0561       8483 
0562       8485 
0563       8485 
0564       8478 
0565       8478 
0566       8485 
0567       8485 
0568       8485 
0569       8481 
0570       8481 
0571       8481 
0572       8483 
0573       8489 
0574       8489 
0575       8489 
0576       8489 
0577       8487 
0578       8483 
0579       8483 
0580       8483 
0581       8511 
0582       8511 
0583       8499 
0584       8492 
0585       8492 
0586       8508 
0587       8511 
0588       8527 
0589       8529 
0590       8539 
0591       8529 
0592       8532 
0593       8532 
0594       8548 
0595       8548 
0596       8548 
0597       8557 
0598       8559 
0599       8563 
0600       8565 
0601       8587 
0602       8596 
0603       8596 
0604       8611 
0605       8613 
0606       8631 
0607       8638 
0608       8640 
0609       8644 
0610       8650 
0611       8644 
0612       8644 
0613       8644 
0614       8645 
0615       8652 
0616       8649 
0617       8658 
0618       8662 
0619       8670 
0620       8693 
0621       8701 
0622       8701 
0623       8701 
0624       8711 
0625       8733 
0626       8742 
0627       8749 
0628       8768 
0629       8770 
0630       8774 
0631       8776 
0632       8779 
0633       8802 
0634       8814 
0635       8822 
0636       8835 
0637       8855 
0638       8857 
0639       8862 
0640       8865 
0641       8892 
0642       8892 
0643       8897 
0644       8924 
0645       8927 
0646       8942 
0647       8962 
0648       8969 
0649       8975 
0650       8996 
0651       9009 
0652       9024 
0653       9027 
0654       9051 
0655       9068 
0656       9068 
0657       9111 
0658       9113 
0659       9121 
0660       9151 
0661       9154 
0662       9171 
0663       9176 
0664       9212 
0665       9231 
0666       9267 
0667       9276 
0668       9276 
0669       9280 
0670       9309 
0671       9344 
0672       9367 
0673       9367 
0674       9400 
0675       9404 
0676       9410 
0677       9463 
0678       9483 
0679       9502 
0680       9514 
0681       9524 
0682       9573 
0683       9575 
0684       9604 
0685       9622 
0686       9651 
0687       9671 
0688       9701 
0689       9710 
0690       9753 
0691       9787 
0692       9795 
0693       9823 
0694       9852 
0695       9870 
0696       9870 
0697       9867 
0698       9847 
0699       9847 
0700       9852 
0701       9853 
0702       9858 
0703       9888 
0704       9918 
0705       9944 
0706       9983 
0707       9987 
0708       10030 
0709       10055 
0710       10060 
0711       10077 
0712       10094 
0713       10099 
0714       10101 
0715       10101 
0716       10101 
0717       1 
0718       1 
0719       1 
0720       7508 
0721       7532 
0722       7563 
0723       7583 
0724       7614 
0725       7631 
0726       7637 
0727       7681 
0728       7703 
0729       7717 
0730       7744 
0731       7788 
0732       7803 
0733       7822 
0734       7822 
0735       7820 
0736       7820 
0737       7829 
0738       7834 
0739       7837 
0740       7882 
0741       7919 
0742       7942 
0743       7969 
0744       7975 
0745       8021 
0746       8027 
0747       8027 
0748       1 
0749       1 
0750       1 
0751       1 
0752       1 
0753       1 
0754       5484 
0755       5484 
0756       5462 
0757       5453 
0758       5424 
0759       5418 
0760       5370 
0761       5349 
0762       5315 
0763       5276 
0764       5220 
0765       5197 
0766       5151 
0767       5135 
0768       5092 
0769       5070 
0770       5030 
0771       4988 
0772       4979 
0773       4957 
0774       4927 
0775       4876 
0776       4837 
0777       4807 
0778       4771 
0779       4750 
0780       4727 
0781       4712 
0782       4701 
0783       4701 
0784       4701 
0785       4736 
0786       4744 
0787       4754 
0788       4794 
0789       4816 
0790       4861 
0791       4902 
0792       4924 
0793       4952 
0794       4985 
0795       5005 
0796       5062 
0797       5099 
0798       5125 
0799       5166 
0800       5199 
0801       5233 
0802       5281 
0803       5344 
0804       5451 
0805       5521 
0806       5601 
0807       5640 
0808       5711 
0809       5744 
0810       5807 
0811       5841 
0812       5864 
0813       5909 
0814       5972 
0815       6045 
0816       6083 
0817       6143 
0818       6171 
0819       6247 
0820       6288 
0821       6366 
0822       6401 
0823       6451 
0824       6509 
0825       6585 
0826       6653 
0827       6730 
0828       6751 
0829       6821 
0830       6876 
0831       6961 
0832       7024 
0833       7094 
0834       7147 
0835       7217 
0836       7291 
0837       7334 
0838       7436 
0839       7484 
0840       7557 
0841       7647 
0842       7701 
0843       7774 
0844       7874 
0845       7885 
0846       7905 
0847       7961 
0848       8049 
0849       8183 
0850       8413 
0851       8567 
0852       8672 
0853       8778 
0854       8920 
0855       8998 
0856       9119 
0857       9256 
0858       9400 
0859       9521 
0860       9682 
0861       9886 
0862       9886 
0863       10043 
0864       10196 
0865       10389 
0866       10510 
0867       10687 
0868       10832 
0869       10983 
0870       11072 
0871       11265 
0872       11543 
0873       11770 
0874       11923 
0875       12118 
0876       12366 
0877       12596 
0878       12596 
0879       12832 
0880       13388 
0881       13654 
0882       13906 
0883       13906 
0884       1 
0885       1 
0886       1 
0887       15118 
0888       15118 
0889       15131 
0890       22665 
0891       22731 
0892       22669 
0893       22690 
0894       22669 
0895       22667 
0896       22636 
0897       22629 
0898       22600 
0899       22597 
0900       22597 
0901       22591 
0902       22581 
0903       22463 
0904       22463 
0905       1 
0906       1 
0907       1 
0908       1 
0909       1 
0910       22697 
0911       22790 
0912       22814 
0913       22790 
0914       22789 
0915       22772 
0916       22764 
0917       22747 
0918       22726 
0919       22711 
0920       22452 
0921       22424 
0922       22438 
0923       22424 
0924       22422 
0925       22422 
0926       22455 
0927       22455 
0928       22455 
0929       22432 
0930       22432 
0931       22432 
0932       22419 
0933       22419 
0934       22465 
0935       26283 
0936       26283 
0937       1 
0938       1 
0939       1 
0940       1 
0941       1 
0942       1 
0943       1 
0944       1 
0945       1 
0946       1 
0947       1 
0948       1 
0949       1 
0950       1 
0951       1 
0952       1 
0953       1 
0954       1 
0955       1 
0956       1 
0957       1 
0958       1 
0959       1 
0960       1 
0961       1 
0962       1 
0963       1 
0964       1 
0965       1 
0966       1 
0967       1 
0968       1 
0969       1 
0970       1 
0971       1 
0972       1 
0973       1 
0974       1 
0975       1 
0976       1 
0977       1 
0978       1 
0979       1 
0980       1 
0981       1 
0982       1 
0983       1 
0984       1 
0985       1 
0986       1 
0987       1 
0988       1 
0989       1 
0990       1 
0991       1 
0992       1 
0993       1 
0994       1 
0995       1 
0996       1 
0997       1 
0998       1 
0999       1 
1000       1 
1001       1 
1002       1 
1003       1 
1004       1 
1005       1 
1006       1 
1007       4 
1008       4 
1009       4 
1010       4 
1011       41 
1012       61 
1013       61 
1014       61 
1015       41 
1016       41 
1017       41 
1018       53 
1019       55 
1020       55 
1021       53 
1022       46 
1023       46 
1024       46 
1025       56 
1026       56 
1027       56 
1028       53 
1029       53 
1030       53 
1031       52 
1032       52 
1033       57 
1034       60 
1035       61 
1036       62 
1037       62 
1038       68 
1039       68 
1040       72 
1041       72 
1042       72 
1043       65 
1044       65 
1045       65 
1046       71 
1047       74 
1048       74 
1049       71 
1050       68 
1051       67 
1052       67 
1053       68 
1054       68 
1055       67 
1056       67 
1057       67 
1058       67 
1059       72 
1060       72 
1061       72 
1062       73 
1063       71 
1064       71 
1065       74 
1066       76 
1067       74 
1068       74 
1069       73 
1070       73 
1071       71 
1072       66 
1073       66 
1074       66 
1075       65 
1076       66 
1077       67 
1078       66 
1079       65 
1297966624.348006
