0000       1 
0001       1 
0002       1 
0003       1 
0004       1 
0005       1 
0006       1 
0007       1 
0008       1 
0009       1 
0010       1 
0011       1 
0012       1 
0013       1 
0014       1 
0015       1 
0016       1 
0017       1 
0018       1 
0019       1 
0020       1 
0021       1 
0022       1 
0023       1 
0024       1 
0025       1 
0026       1 
0027       1 
0028       1 
0029       1 
0030       1 
0031       1 
0032       1 
0033       1 
0034       1 
0035       1 
0036       1 
0037       1 
0038       1 
0039       1 
0040       1 
0041       1 
0042       1 
0043       1 
0044       1 
0045       1 
0046       1 
0047       1 
0048       1 
0049       1 
0050       1 
0051       1 
0052       1 
0053       1 
0054       1 
0055       1 
0056       1 
0057       1 
0058       1 
0059       1 
0060       1 
0061       1 
0062       1 
0063       1 
0064       1 
0065       1 
0066       1 
0067       1 
0068       1 
0069       1 
0070       1 
0071       1 
0072       1 
0073       1 
0074       1 
0075       1 
0076       1 
0077       1 
0078       1 
0079       1 
0080       1 
0081       1 
0082       1 
0083       1 
0084       1 
0085       1 
0086       1 
0087       1 
0088       1 
0089       1 
0090       1 
0091       1 
0092       1 
0093       1 
0094       1 
0095       1 
0096       1 
0097       1 
0098       1 
0099       1 
0100       1 
0101       1 
0102       1 
0103       1 
0104       1 
0105       1 
0106       1 
0107       1 
0108       1 
0109       1 
0110       1 
0111       1 
0112       1 
0113       1 
0114       1 
0115       1 
0116       1 
0117       1 
0118       1 
0119       1 
0120       1 
0121       1 
0122       1 
0123       1 
0124       1 
0125       1 
0126       1 
0127       1 
0128       1 
0129       1 
0130       1 
0131       1 
0132       1 
0133       1 
0134       1 
0135       1 
0136       1 
0137       1 
0138       1 
0139       1 
0140       1 
0141       1 
0142       1 
0143       1 
0144       1 
0145       1 
0146       1 
0147       1 
0148       1 
0149       1 
0150       1 
0151       1 
0152       1 
0153       1 
0154       1 
0155       1 
0156       1 
0157       1 
0158       1 
0159       1 
0160       1 
0161       1 
0162       1 
0163       1 
0164       1 
0165       1 
0166       1 
0167       1 
0168       1 
0169       6925 
0170       6925 
0171       6927 
0172       6923 
0173       6912 
0174       6907 
0175       6907 
0176       6895 
0177       6906 
0178       6895 
0179       6894 
0180       6894 
0181       6888 
0182       6888 
0183       6897 
0184       6897 
0185       6891 
0186       6879 
0187       6878 
0188       6878 
0189       6879 
0190       6879 
0191       6878 
0192       6870 
0193       6877 
0194       6867 
0195       6874 
0196       6867 
0197       6874 
0198       6875 
0199       6875 
0200       6875 
0201       6874 
0202       6875 
0203       6875 
0204       6875 
0205       6875 
0206       6875 
0207       6882 
0208       6876 
0209       6889 
0210       6882 
0211       6886 
0212       6882 
0213       6886 
0214       6884 
0215       6886 
0216       6886 
0217       6896 
0218       6898 
0219       6907 
0220       6903 
0221       6914 
0222       6903 
0223       6911 
0224       6911 
0225       6911 
0226       6920 
0227       6927 
0228       6930 
0229       6943 
0230       6939 
0231       6944 
0232       6943 
0233       6958 
0234       6956 
0235       6958 
0236       6968 
0237       6968 
0238       6981 
0239       6984 
0240       6996 
0241       7004 
0242       7004 
0243       7012 
0244       7019 
0245       7019 
0246       7024 
0247       7032 
0248       7041 
0249       7053 
0250       7054 
0251       7054 
0252       7066 
0253       7068 
0254       7072 
0255       7090 
0256       7093 
0257       7093 
0258       7104 
0259       7114 
0260       7117 
0261       7134 
0262       7136 
0263       7150 
0264       7161 
0265       7161 
0266       7184 
0267       7184 
0268       7184 
0269       7207 
0270       7220 
0271       7222 
0272       7243 
0273       7250 
0274       7257 
0275       7263 
0276       7275 
0277       7280 
0278       7288 
0279       7317 
0280       7319 
0281       7382 
0282       7615 
0283       7619 
0284       7623 
0285       7652 
0286       7659 
0287       7660 
0288       7686 
0289       7699 
0290       7705 
0291       7739 
0292       7755 
0293       7769 
0294       7785 
0295       7789 
0296       7811 
0297       7832 
0298       7846 
0299       7867 
0300       7882 
0301       7884 
0302       7907 
0303       7914 
0304       7943 
0305       7955 
0306       7997 
0307       8001 
0308       8025 
0309       8045 
0310       8064 
0311       8076 
0312       8079 
0313       8079 
0314       8070 
0315       8067 
0316       8067 
0317       8043 
0318       8008 
0319       8007 
0320       8007 
0321       8048 
0322       8058 
0323       8081 
0324       8104 
0325       8254 
0326       8314 
0327       8314 
0328       8311 
0329       8311 
0330       8311 
0331       8315 
0332       8321 
0333       8331 
0334       8341 
0335       8346 
0336       8367 
0337       8368 
0338       8398 
0339       8417 
0340       8446 
0341       8459 
0342       8471 
0343       8511 
0344       8547 
0345       8569 
0346       8608 
0347       8625 
0348       8643 
0349       8677 
0350       8683 
0351       8732 
0352       8758 
0353       8787 
0354       8827 
0355       8858 
0356       8896 
0357       8902 
0358       8935 
0359       8978 
0360       9014 
0361       9042 
0362       9078 
0363       9119 
0364       9152 
0365       9174 
0366       9229 
0367       9257 
0368       9294 
0369       9344 
0370       9363 
0371       9397 
0372       9437 
0373       9474 
0374       9534 
0375       9547 
0376       9917 
0377       9984 
0378       10088 
0379       10088 
0380       10075 
0381       10053 
0382       10032 
0383       10029 
0384       10007 
0385       9993 
0386       9958 
0387       9953 
0388       9953 
0389       9953 
0390       9950 
0391       9947 
0392       9943 
0393       9943 
0394       9920 
0395       9905 
0396       9910 
0397       9910 
0398       9915 
0399       9924 
0400       9944 
0401       9982 
0402       10105 
0403       10122 
0404       10124 
0405       10165 
0406       10283 
0407       10301 
0408       10470 
0409       10513 
0410       10590 
0411       10764 
0412       10764 
0413       9573 
0414       9566 
0415       9498 
0416       9412 
0417       9380 
0418       9315 
0419       9274 
0420       9264 
0421       9272 
0422       9226 
0423       9143 
0424       9104 
0425       9065 
0426       9065 
0427       9095 
0428       9095 
0429       9049 
0430       8923 
0431       8882 
0432       8842 
0433       8810 
0434       8810 
0435       8829 
0436       8829 
0437       8798 
0438       8770 
0439       8744 
0440       8702 
0441       8661 
0442       8654 
0443       8647 
0444       8646 
0445       8637 
0446       8637 
0447       8680 
0448       8682 
0449       8680 
0450       8682 
0451       8755 
0452       8791 
0453       8803 
0454       8803 
0455       8825 
0456       8897 
0457       8907 
0458       8985 
0459       9059 
0460       9240 
0461       9449 
0462       9558 
0463       9581 
0464       9558 
0465       9560 
0466       9560 
0467       9568 
0468       9601 
0469       9653 
0470       9653 
0471       9669 
0472       9663 
0473       9680 
0474       9682 
0475       9716 
0476       9722 
0477       9722 
0478       9706 
0479       9685 
0480       9679 
0481       9672 
0482       9664 
0483       9657 
0484       9630 
0485       9616 
0486       9613 
0487       9599 
0488       9587 
0489       9577 
0490       9562 
0491       9556 
0492       9549 
0493       9527 
0494       9525 
0495       9508 
0496       9482 
0497       9478 
0498       9474 
0499       9458 
0500       9452 
0501       9447 
0502       9441 
0503       9413 
0504       9399 
0505       9393 
0506       9388 
0507       9384 
0508       9376 
0509       9374 
0510       9357 
0511       9350 
0512       9339 
0513       9338 
0514       9312 
0515       9309 
0516       9309 
0517       9309 
0518       9305 
0519       9303 
0520       9302 
0521       9270 
0522       9270 
0523       9268 
0524       9259 
0525       9254 
0526       9254 
0527       9254 
0528       9242 
0529       9232 
0530       9228 
0531       9220 
0532       9217 
0533       9217 
0534       9219 
0535       9219 
0536       9204 
0537       9204 
0538       9201 
0539       9194 
0540       9194 
0541       9192 
0542       9192 
0543       9166 
0544       9165 
0545       9165 
0546       9156 
0547       9156 
0548       9157 
0549       9157 
0550       9126 
0551       8102 
0552       8083 
0553       8047 
0554       7939 
0555       7856 
0556       7821 
0557       7795 
0558       7793 
0559       7775 
0560       7743 
0561       7731 
0562       7731 
0563       7738 
0564       7738 
0565       7738 
0566       7758 
0567       7758 
0568       7755 
0569       7744 
0570       7744 
0571       7767 
0572       7800 
0573       7819 
0574       7821 
0575       7828 
0576       7831 
0577       7861 
0578       7896 
0579       7923 
0580       9192 
0581       9192 
0582       7925 
0583       7918 
0584       7918 
0585       7888 
0586       7844 
0587       7816 
0588       7727 
0589       7727 
0590       7770 
0591       7771 
0592       7770 
0593       7730 
0594       7713 
0595       7598 
0596       7471 
0597       7461 
0598       7408 
0599       7408 
0600       7408 
0601       7396 
0602       7376 
0603       7376 
0604       7392 
0605       7392 
0606       7359 
0607       7358 
0608       7339 
0609       7339 
0610       7360 
0611       7440 
0612       7588 
0613       7668 
0614       7710 
0615       7726 
0616       7726 
0617       7734 
0618       7742 
0619       7768 
0620       7788 
0621       7782 
0622       7782 
0623       7782 
0624       7775 
0625       7809 
0626       7815 
0627       9604 
0628       9604 
0629       7984 
0630       7984 
0631       8184 
0632       8184 
0633       8184 
0634       8184 
0635       8207 
0636       8241 
0637       8282 
0638       8311 
0639       8311 
0640       8311 
0641       8348 
0642       8348 
0643       8448 
0644       9950 
0645       9950 
0646       9958 
0647       9964 
0648       9983 
0649       9992 
0650       10026 
0651       10056 
0652       10062 
0653       10084 
0654       10104 
0655       10111 
0656       10141 
0657       10149 
0658       10181 
0659       10185 
0660       10231 
0661       10251 
0662       10269 
0663       10286 
0664       10290 
0665       10345 
0666       10349 
0667       10364 
0668       10382 
0669       10422 
0670       10451 
0671       10473 
0672       10499 
0673       10532 
0674       10542 
0675       10547 
0676       10584 
0677       10616 
0678       10629 
0679       10666 
0680       10676 
0681       10731 
0682       10769 
0683       10791 
0684       10824 
0685       10829 
0686       10829 
0687       10814 
0688       10790 
0689       10670 
0690       10472 
0691       10418 
0692       10354 
0693       10230 
0694       10165 
0695       10064 
0696       10022 
0697       9975 
0698       9934 
0699       9885 
0700       9880 
0701       9880 
0702       9919 
0703       9926 
0704       9996 
0705       10042 
0706       10050 
0707       10052 
0708       10065 
0709       10119 
0710       10124 
0711       10171 
0712       10212 
0713       10287 
0714       10332 
0715       10357 
0716       10372 
0717       10434 
0718       10516 
0719       12160 
0720       12212 
0721       12239 
0722       12311 
0723       12316 
0724       12397 
0725       12467 
0726       12484 
0727       12546 
0728       12596 
0729       12675 
0730       12698 
0731       12789 
0732       12842 
0733       12861 
0734       12944 
0735       12955 
0736       13067 
0737       13087 
0738       13154 
0739       13227 
0740       13262 
0741       13322 
0742       13322 
0743       13373 
0744       13416 
0745       13416 
0746       13083 
0747       12835 
0748       12835 
0749       12788 
0750       12788 
0751       12788 
0752       12777 
0753       12772 
0754       12776 
0755       12776 
0756       12836 
0757       12847 
0758       12836 
0759       12840 
0760       12840 
0761       12888 
0762       12890 
0763       12920 
0764       14227 
0765       14227 
0766       14151 
0767       14097 
0768       14029 
0769       13992 
0770       13935 
0771       13889 
0772       13848 
0773       13812 
0774       13780 
0775       13727 
0776       13673 
0777       13629 
0778       13580 
0779       13574 
0780       13574 
0781       13611 
0782       13611 
0783       13586 
0784       13508 
0785       13480 
0786       13447 
0787       13416 
0788       13398 
0789       13329 
0790       13304 
0791       13264 
0792       13228 
0793       13213 
0794       13170 
0795       13131 
0796       13088 
0797       13073 
0798       13049 
0799       12973 
0800       12756 
0801       12720 
0802       12686 
0803       12659 
0804       12634 
0805       12600 
0806       12564 
0807       12542 
0808       12499 
0809       12485 
0810       12449 
0811       12430 
0812       12398 
0813       12362 
0814       12327 
0815       12307 
0816       12288 
0817       12251 
0818       12238 
0819       12200 
0820       12189 
0821       12175 
0822       12133 
0823       12111 
0824       12068 
0825       12066 
0826       12031 
0827       12011 
0828       12008 
0829       11984 
0830       11961 
0831       11961 
0832       11968 
0833       11986 
0834       12078 
0835       12078 
0836       12081 
0837       14021 
0838       14021 
0839       13986 
0840       13975 
0841       13941 
0842       13923 
0843       13905 
0844       13905 
0845       13958 
0846       14031 
0847       14031 
0848       14002 
0849       1 
0850       1 
0851       1 
0852       1 
0853       1 
0854       1 
0855       1 
0856       1 
0857       11439 
0858       11439 
0859       11438 
0860       11411 
0861       11397 
0862       11382 
0863       11371 
0864       11358 
0865       11350 
0866       11350 
0867       11350 
0868       11385 
0869       11485 
0870       11485 
0871       11485 
0872       11480 
0873       11461 
0874       11460 
0875       11455 
0876       11449 
0877       11439 
0878       11430 
0879       11439 
0880       13416 
0881       13416 
0882       13403 
0883       13403 
0884       13399 
0885       1 
0886       1 
0887       1 
0888       1 
0889       1 
0890       1 
0891       1 
0892       1 
0893       1 
0894       1 
0895       1 
0896       1 
0897       1 
0898       1 
0899       1 
0900       1 
0901       1 
0902       1 
0903       1 
0904       1 
0905       1 
0906       1 
0907       1 
0908       1 
0909       1 
0910       1 
0911       1 
0912       1 
0913       1 
0914       1 
0915       1 
0916       1 
0917       1 
0918       1 
0919       1 
0920       1 
0921       1 
0922       1 
0923       1 
0924       1 
0925       1 
0926       1 
0927       1 
0928       1 
0929       1 
0930       1 
0931       1 
0932       1 
0933       1 
0934       1 
0935       1 
0936       1 
0937       1 
0938       1 
0939       1 
0940       1 
0941       1 
0942       1 
0943       1 
0944       1 
0945       1 
0946       1 
0947       1 
0948       1 
0949       1 
0950       1 
0951       1 
0952       1 
0953       1 
0954       1 
0955       1 
0956       1 
0957       1 
0958       1 
0959       1 
0960       1 
0961       1 
0962       1 
0963       1 
0964       1 
0965       1 
0966       1 
0967       1 
0968       1 
0969       1 
0970       1 
0971       1 
0972       1 
0973       1 
0974       1 
0975       1 
0976       1 
0977       1 
0978       1 
0979       1 
0980       1 
0981       1 
0982       1 
0983       1 
0984       1 
0985       1 
0986       1 
0987       1 
0988       1 
0989       1 
0990       1 
0991       1 
0992       1 
0993       1 
0994       1 
0995       1 
0996       1 
0997       1 
0998       1 
0999       1 
1000       1 
1001       1 
1002       1 
1003       1 
1004       1 
1005       1 
1006       1 
1007       1 
1008       4 
1009       4 
1010       44 
1011       53 
1012       53 
1013       53 
1014       64 
1015       64 
1016       58 
1017       58 
1018       60 
1019       60 
1020       61 
1021       61 
1022       61 
1023       61 
1024       68 
1025       69 
1026       69 
1027       69 
1028       69 
1029       60 
1030       50 
1031       50 
1032       50 
1033       53 
1034       56 
1035       57 
1036       67 
1037       75 
1038       75 
1039       67 
1040       63 
1041       63 
1042       63 
1043       63 
1044       63 
1045       70 
1046       70 
1047       70 
1048       70 
1049       70 
1050       70 
1051       70 
1052       70 
1053       70 
1054       66 
1055       59 
1056       59 
1057       59 
1058       62 
1059       62 
1060       62 
1061       62 
1062       62 
1063       64 
1064       64 
1065       69 
1066       69 
1067       69 
1068       70 
1069       68 
1070       62 
1071       61 
1072       61 
1073       61 
1074       66 
1075       67 
1076       67 
1077       67 
1078       67 
1079       62 
1297966697.602661
