0000       1 
0001       1 
0002       1 
0003       1 
0004       1 
0005       1 
0006       1 
0007       1 
0008       1 
0009       1 
0010       1 
0011       1 
0012       1 
0013       1 
0014       1 
0015       1 
0016       1 
0017       1 
0018       1 
0019       1 
0020       1 
0021       1 
0022       1 
0023       1 
0024       1 
0025       1 
0026       1 
0027       1 
0028       1 
0029       1 
0030       1 
0031       1 
0032       1 
0033       1 
0034       1 
0035       1 
0036       1 
0037       1 
0038       1 
0039       1 
0040       1 
0041       1 
0042       1 
0043       1 
0044       1 
0045       1 
0046       1 
0047       1 
0048       1 
0049       1 
0050       1 
0051       1 
0052       1 
0053       1 
0054       1 
0055       1 
0056       1 
0057       1 
0058       1 
0059       1 
0060       1 
0061       1 
0062       1 
0063       1 
0064       1 
0065       1 
0066       1 
0067       1 
0068       1 
0069       1 
0070       1 
0071       1 
0072       1 
0073       1 
0074       1 
0075       1 
0076       1 
0077       1 
0078       1 
0079       1 
0080       1 
0081       1 
0082       1 
0083       1 
0084       1 
0085       1 
0086       1 
0087       1 
0088       1 
0089       1 
0090       1 
0091       1 
0092       1 
0093       1 
0094       1 
0095       1 
0096       1 
0097       1 
0098       1 
0099       1 
0100       1 
0101       1 
0102       1 
0103       1 
0104       1 
0105       1 
0106       1 
0107       1 
0108       1 
0109       1 
0110       1 
0111       1 
0112       1 
0113       1 
0114       1 
0115       1 
0116       1 
0117       1 
0118       1 
0119       1 
0120       1 
0121       1 
0122       1 
0123       1 
0124       1 
0125       1 
0126       1 
0127       1 
0128       1 
0129       1 
0130       1 
0131       1 
0132       1 
0133       1 
0134       1 
0135       1 
0136       1 
0137       1 
0138       1 
0139       1 
0140       1 
0141       1 
0142       1 
0143       1 
0144       1 
0145       1 
0146       1 
0147       1 
0148       1 
0149       1 
0150       1 
0151       1 
0152       1 
0153       20411 
0154       20411 
0155       1 
0156       1 
0157       1 
0158       1 
0159       1 
0160       1 
0161       1 
0162       1 
0163       1 
0164       1 
0165       1 
0166       1 
0167       1 
0168       1 
0169       1 
0170       1 
0171       1 
0172       1 
0173       1 
0174       1 
0175       1 
0176       1 
0177       1 
0178       1 
0179       1 
0180       1 
0181       1 
0182       1 
0183       1 
0184       1 
0185       1 
0186       1 
0187       1 
0188       1 
0189       1 
0190       1 
0191       1 
0192       1 
0193       1 
0194       1 
0195       1 
0196       1 
0197       1 
0198       1 
0199       1 
0200       1 
0201       1 
0202       1 
0203       1 
0204       1 
0205       1 
0206       1 
0207       1 
0208       1 
0209       1 
0210       1 
0211       1 
0212       1 
0213       17924 
0214       17924 
0215       1 
0216       1 
0217       1 
0218       1 
0219       1 
0220       1 
0221       1 
0222       1 
0223       1 
0224       1 
0225       1 
0226       1 
0227       1 
0228       1 
0229       1 
0230       1 
0231       1 
0232       1 
0233       1 
0234       1 
0235       1 
0236       1 
0237       1 
0238       1 
0239       1 
0240       1 
0241       1 
0242       1 
0243       1 
0244       1 
0245       1 
0246       1 
0247       1 
0248       1 
0249       1 
0250       1 
0251       1 
0252       1 
0253       1 
0254       1 
0255       1 
0256       1 
0257       1 
0258       1 
0259       1 
0260       1 
0261       1 
0262       1 
0263       1 
0264       1 
0265       1 
0266       1 
0267       1 
0268       22016 
0269       22016 
0270       21878 
0271       21658 
0272       1 
0273       1 
0274       1 
0275       1 
0276       20274 
0277       20274 
0278       20274 
0279       20109 
0280       19881 
0281       19702 
0282       19504 
0283       19323 
0284       19175 
0285       19038 
0286       18660 
0287       1 
0288       1 
0289       1 
0290       1 
0291       1 
0292       1 
0293       1 
0294       1 
0295       1 
0296       1 
0297       1 
0298       1 
0299       1 
0300       1 
0301       16638 
0302       16638 
0303       1 
0304       1 
0305       1 
0306       16194 
0307       16194 
0308       16092 
0309       15935 
0310       15853 
0311       15853 
0312       15741 
0313       15564 
0314       15551 
0315       15537 
0316       15477 
0317       15379 
0318       15295 
0319       15221 
0320       15105 
0321       14995 
0322       14862 
0323       14819 
0324       14726 
0325       14668 
0326       14620 
0327       14519 
0328       14410 
0329       14343 
0330       14257 
0331       14204 
0332       14124 
0333       14018 
0334       13973 
0335       13919 
0336       13818 
0337       13776 
0338       13707 
0339       13649 
0340       13583 
0341       13512 
0342       13436 
0343       13367 
0344       13303 
0345       13253 
0346       13199 
0347       13151 
0348       13064 
0349       12984 
0350       12943 
0351       12860 
0352       12809 
0353       12752 
0354       12686 
0355       12641 
0356       12599 
0357       12541 
0358       12463 
0359       12463 
0360       12413 
0361       12331 
0362       12289 
0363       12250 
0364       12190 
0365       12148 
0366       12098 
0367       12060 
0368       12002 
0369       11972 
0370       11937 
0371       11866 
0372       11849 
0373       11786 
0374       11774 
0375       11699 
0376       11696 
0377       11666 
0378       11619 
0379       11559 
0380       11500 
0381       11474 
0382       11458 
0383       11412 
0384       11374 
0385       11322 
0386       11288 
0387       11272 
0388       11235 
0389       11186 
0390       11142 
0391       11113 
0392       11094 
0393       11077 
0394       11014 
0395       10982 
0396       10946 
0397       10946 
0398       10910 
0399       10859 
0400       10841 
0401       10811 
0402       10771 
0403       10743 
0404       10706 
0405       10679 
0406       10651 
0407       10625 
0408       10609 
0409       10577 
0410       10541 
0411       10515 
0412       10504 
0413       10471 
0414       10450 
0415       10418 
0416       10394 
0417       10355 
0418       10329 
0419       10313 
0420       10287 
0421       10263 
0422       10253 
0423       10219 
0424       10183 
0425       10162 
0426       10162 
0427       10149 
0428       10104 
0429       10092 
0430       10082 
0431       10045 
0432       10040 
0433       9990 
0434       9972 
0435       9961 
0436       9954 
0437       9943 
0438       9907 
0439       9879 
0440       9873 
0441       9843 
0442       9829 
0443       9812 
0444       9776 
0445       9770 
0446       9761 
0447       9742 
0448       9711 
0449       9699 
0450       9684 
0451       9675 
0452       9661 
0453       9654 
0454       9609 
0455       9597 
0456       9589 
0457       9583 
0458       9562 
0459       9518 
0460       9515 
0461       9511 
0462       9498 
0463       9491 
0464       9491 
0465       9467 
0466       9453 
0467       9444 
0468       9422 
0469       9420 
0470       9409 
0471       9402 
0472       9388 
0473       9367 
0474       9355 
0475       9347 
0476       9347 
0477       9347 
0478       9324 
0479       9301 
0480       9300 
0481       9279 
0482       9269 
0483       9269 
0484       9269 
0485       9250 
0486       9250 
0487       9226 
0488       9226 
0489       9216 
0490       9210 
0491       9210 
0492       9210 
0493       9207 
0494       9198 
0495       9191 
0496       9182 
0497       9175 
0498       9173 
0499       9167 
0500       9151 
0501       9138 
0502       9134 
0503       9138 
0504       9125 
0505       9124 
0506       9124 
0507       9120 
0508       9109 
0509       9106 
0510       9106 
0511       9105 
0512       9104 
0513       9104 
0514       9104 
0515       9089 
0516       9114 
0517       9089 
0518       9074 
0519       9074 
0520       9080 
0521       9080 
0522       9053 
0523       9033 
0524       9003 
0525       9003 
0526       9025 
0527       9025 
0528       9030 
0529       9047 
0530       9062 
0531       9068 
0532       9078 
0533       9078 
0534       9079 
0535       9082 
0536       9085 
0537       9087 
0538       9087 
0539       9074 
0540       9074 
0541       9074 
0542       9072 
0543       9072 
0544       9073 
0545       9073 
0546       9073 
0547       9067 
0548       9067 
0549       9075 
0550       9077 
0551       9077 
0552       9092 
0553       9092 
0554       9099 
0555       9099 
0556       9103 
0557       9105 
0558       9105 
0559       9105 
0560       9121 
0561       9127 
0562       9137 
0563       9139 
0564       9139 
0565       9138 
0566       9138 
0567       9165 
0568       9174 
0569       9176 
0570       9183 
0571       9189 
0572       9195 
0573       9195 
0574       9195 
0575       9223 
0576       9234 
0577       9234 
0578       9246 
0579       9246 
0580       9253 
0581       9264 
0582       9271 
0583       9276 
0584       9276 
0585       9301 
0586       9301 
0587       9309 
0588       9310 
0589       9331 
0590       9339 
0591       9354 
0592       9364 
0593       9373 
0594       9404 
0595       9410 
0596       9419 
0597       9421 
0598       9424 
0599       9470 
0600       9478 
0601       9486 
0602       9494 
0603       9505 
0604       9511 
0605       9539 
0606       9559 
0607       9576 
0608       9578 
0609       9579 
0610       9597 
0611       9615 
0612       9624 
0613       9631 
0614       9650 
0615       9657 
0616       9674 
0617       9686 
0618       9722 
0619       9727 
0620       9740 
0621       9766 
0622       9794 
0623       9794 
0624       9817 
0625       9818 
0626       9847 
0627       9870 
0628       9870 
0629       9944 
0630       9949 
0631       9965 
0632       9965 
0633       10003 
0634       10022 
0635       10068 
0636       10069 
0637       10101 
0638       10106 
0639       10161 
0640       10163 
0641       10188 
0642       10201 
0643       10234 
0644       10269 
0645       10274 
0646       10274 
0647       10238 
0648       10228 
0649       10226 
0650       10226 
0651       10226 
0652       10232 
0653       10232 
0654       7530 
0655       7518 
0656       7530 
0657       7554 
0658       7576 
0659       7589 
0660       7589 
0661       7631 
0662       7631 
0663       7614 
0664       7604 
0665       7584 
0666       4937 
0667       4899 
0668       4842 
0669       4719 
0670       4654 
0671       4541 
0672       4336 
0673       4191 
0674       4124 
0675       4077 
0676       4069 
0677       4017 
0678       3963 
0679       3963 
0680       3963 
0681       3971 
0682       3972 
0683       3979 
0684       3998 
0685       4013 
0686       4047 
0687       4066 
0688       4071 
0689       4088 
0690       4102 
0691       4125 
0692       4147 
0693       4165 
0694       4193 
0695       4203 
0696       4216 
0697       4241 
0698       4284 
0699       4320 
0700       4389 
0701       4419 
0702       4442 
0703       4469 
0704       4492 
0705       4521 
0706       4548 
0707       4577 
0708       4605 
0709       4626 
0710       4663 
0711       4664 
0712       4693 
0713       4719 
0714       4762 
0715       4788 
0716       4802 
0717       4841 
0718       4851 
0719       4866 
0720       4896 
0721       4913 
0722       4941 
0723       4972 
0724       4993 
0725       5018 
0726       5035 
0727       5059 
0728       5080 
0729       5114 
0730       5132 
0731       5156 
0732       5175 
0733       5217 
0734       5244 
0735       5280 
0736       5330 
0737       5345 
0738       5356 
0739       5373 
0740       5396 
0741       5448 
0742       5461 
0743       5510 
0744       5546 
0745       5571 
0746       5597 
0747       5632 
0748       5687 
0749       5713 
0750       5744 
0751       5761 
0752       5829 
0753       5879 
0754       5939 
0755       5968 
0756       6013 
0757       6029 
0758       6065 
0759       6125 
0760       6168 
0761       6217 
0762       6264 
0763       6292 
0764       6330 
0765       6404 
0766       6431 
0767       6493 
0768       6528 
0769       6555 
0770       6623 
0771       6689 
0772       6737 
0773       6786 
0774       6870 
0775       6929 
0776       7002 
0777       7068 
0778       7086 
0779       7143 
0780       7201 
0781       7233 
0782       7287 
0783       7360 
0784       7431 
0785       7506 
0786       7562 
0787       7633 
0788       7716 
0789       7804 
0790       7866 
0791       7908 
0792       7977 
0793       8080 
0794       8165 
0795       8209 
0796       8299 
0797       8316 
0798       8317 
0799       8409 
0800       8486 
0801       8608 
0802       8752 
0803       8986 
0804       9085 
0805       9158 
0806       9315 
0807       9472 
0808       9590 
0809       9695 
0810       9823 
0811       9962 
0812       10101 
0813       10209 
0814       10286 
0815       10462 
0816       10609 
0817       10740 
0818       10840 
0819       10943 
0820       11104 
0821       11292 
0822       11431 
0823       11629 
0824       11785 
0825       12002 
0826       12135 
0827       12373 
0828       12510 
0829       12676 
0830       12882 
0831       13160 
0832       13409 
0833       13627 
0834       13865 
0835       14138 
0836       14138 
0837       1 
0838       1 
0839       1 
0840       1 
0841       1 
0842       1 
0843       16270 
0844       16270 
0845       16270 
0846       16270 
0847       24451 
0848       24479 
0849       24479 
0850       24479 
0851       24464 
0852       24462 
0853       24451 
0854       24451 
0855       1 
0856       1 
0857       1 
0858       1 
0859       1 
0860       1 
0861       24393 
0862       24617 
0863       24630 
0864       24617 
0865       24606 
0866       24596 
0867       24600 
0868       24596 
0869       1 
0870       1 
0871       1 
0872       1 
0873       1 
0874       1 
0875       1 
0876       1 
0877       1 
0878       1 
0879       1 
0880       24551 
0881       24580 
0882       24625 
0883       24625 
0884       24625 
0885       1 
0886       1 
0887       1 
0888       1 
0889       1 
0890       1 
0891       1 
0892       1 
0893       1 
0894       1 
0895       1 
0896       1 
0897       1 
0898       1 
0899       1 
0900       1 
0901       1 
0902       1 
0903       1 
0904       1 
0905       1 
0906       1 
0907       1 
0908       1 
0909       1 
0910       1 
0911       1 
0912       1 
0913       1 
0914       1 
0915       1 
0916       1 
0917       1 
0918       1 
0919       1 
0920       1 
0921       1 
0922       1 
0923       1 
0924       1 
0925       1 
0926       1 
0927       1 
0928       1 
0929       1 
0930       1 
0931       1 
0932       1 
0933       1 
0934       1 
0935       1 
0936       1 
0937       1 
0938       1 
0939       1 
0940       1 
0941       1 
0942       1 
0943       1 
0944       1 
0945       1 
0946       1 
0947       1 
0948       1 
0949       1 
0950       1 
0951       1 
0952       1 
0953       1 
0954       1 
0955       1 
0956       1 
0957       1 
0958       1 
0959       1 
0960       1 
0961       1 
0962       1 
0963       1 
0964       1 
0965       1 
0966       1 
0967       1 
0968       1 
0969       1 
0970       1 
0971       1 
0972       1 
0973       1 
0974       1 
0975       1 
0976       1 
0977       1 
0978       1 
0979       1 
0980       1 
0981       1 
0982       1 
0983       1 
0984       1 
0985       1 
0986       1 
0987       1 
0988       1 
0989       1 
0990       1 
0991       1 
0992       1 
0993       1 
0994       1 
0995       1 
0996       1 
0997       1 
0998       1 
0999       1 
1000       1 
1001       1 
1002       1 
1003       1 
1004       1 
1005       1 
1006       4 
1007       4 
1008       4 
1009       4 
1010       4 
1011       4 
1012       4 
1013       46 
1014       4 
1015       46 
1016       45 
1017       46 
1018       61 
1019       61 
1020       54 
1021       56 
1022       56 
1023       56 
1024       56 
1025       56 
1026       61 
1027       61 
1028       57 
1029       57 
1030       57 
1031       51 
1032       49 
1033       49 
1034       49 
1035       69 
1036       74 
1037       74 
1038       72 
1039       74 
1040       76 
1041       73 
1042       73 
1043       76 
1044       73 
1045       67 
1046       67 
1047       67 
1048       67 
1049       64 
1050       64 
1051       64 
1052       68 
1053       68 
1054       68 
1055       68 
1056       64 
1057       64 
1058       67 
1059       67 
1060       63 
1061       63 
1062       63 
1063       63 
1064       63 
1065       62 
1066       62 
1067       62 
1068       62 
1069       65 
1070       65 
1071       67 
1072       65 
1073       65 
1074       67 
1075       67 
1076       68 
1077       68 
1078       64 
1079       63 
1297966619.231452
