0000       1 
0001       1 
0002       1 
0003       1 
0004       1 
0005       1 
0006       1 
0007       1 
0008       1 
0009       1 
0010       1 
0011       1 
0012       1 
0013       1 
0014       1 
0015       1 
0016       1 
0017       1 
0018       1 
0019       1 
0020       1 
0021       1 
0022       1 
0023       1 
0024       1 
0025       1 
0026       1 
0027       1 
0028       1 
0029       1 
0030       1 
0031       1 
0032       1 
0033       1 
0034       1 
0035       1 
0036       1 
0037       1 
0038       1 
0039       1 
0040       1 
0041       1 
0042       1 
0043       1 
0044       1 
0045       1 
0046       1 
0047       1 
0048       1 
0049       1 
0050       1 
0051       1 
0052       1 
0053       1 
0054       1 
0055       1 
0056       1 
0057       1 
0058       1 
0059       1 
0060       1 
0061       1 
0062       1 
0063       1 
0064       1 
0065       1 
0066       1 
0067       1 
0068       1 
0069       1 
0070       1 
0071       1 
0072       1 
0073       1 
0074       1 
0075       1 
0076       1 
0077       1 
0078       1 
0079       1 
0080       1 
0081       1 
0082       1 
0083       1 
0084       1 
0085       1 
0086       1 
0087       1 
0088       1 
0089       1 
0090       1 
0091       1 
0092       1 
0093       1 
0094       1 
0095       1 
0096       1 
0097       1 
0098       1 
0099       1 
0100       1 
0101       1 
0102       1 
0103       1 
0104       1 
0105       1 
0106       1 
0107       1 
0108       1 
0109       1 
0110       1 
0111       1 
0112       1 
0113       1 
0114       1 
0115       1 
0116       1 
0117       1 
0118       1 
0119       1 
0120       1 
0121       1 
0122       1 
0123       1 
0124       1 
0125       1 
0126       1 
0127       1 
0128       1 
0129       1 
0130       1 
0131       1 
0132       1 
0133       1 
0134       1 
0135       1 
0136       1 
0137       1 
0138       1 
0139       1 
0140       1 
0141       1 
0142       1 
0143       1 
0144       1 
0145       1 
0146       1 
0147       1 
0148       1 
0149       1 
0150       1 
0151       1 
0152       1 
0153       1 
0154       1 
0155       1 
0156       1 
0157       1 
0158       1 
0159       1 
0160       1 
0161       1 
0162       1 
0163       1 
0164       1 
0165       1 
0166       1 
0167       1 
0168       1 
0169       1 
0170       1 
0171       1 
0172       1 
0173       1 
0174       1 
0175       1 
0176       1 
0177       1 
0178       1 
0179       1 
0180       1 
0181       1 
0182       1 
0183       1 
0184       1 
0185       1 
0186       1 
0187       1 
0188       1 
0189       1 
0190       1 
0191       1 
0192       1 
0193       1 
0194       1 
0195       1 
0196       1 
0197       1 
0198       1 
0199       1 
0200       1 
0201       1 
0202       1 
0203       1 
0204       1 
0205       1 
0206       1 
0207       1 
0208       1 
0209       1 
0210       1 
0211       1 
0212       1 
0213       1 
0214       1 
0215       1 
0216       1 
0217       1 
0218       1 
0219       1 
0220       1 
0221       1 
0222       1 
0223       1 
0224       1 
0225       1 
0226       1 
0227       1 
0228       1 
0229       1 
0230       1 
0231       1 
0232       1 
0233       1 
0234       1 
0235       1 
0236       1 
0237       1 
0238       1 
0239       1 
0240       1 
0241       1 
0242       1 
0243       1 
0244       1 
0245       1 
0246       1 
0247       1 
0248       1 
0249       1 
0250       1 
0251       1 
0252       1 
0253       1 
0254       1 
0255       1 
0256       1 
0257       1 
0258       1 
0259       1 
0260       1 
0261       1 
0262       1 
0263       1 
0264       1 
0265       1 
0266       1 
0267       1 
0268       1 
0269       1 
0270       1 
0271       1 
0272       1 
0273       1 
0274       1 
0275       1 
0276       1 
0277       1 
0278       1 
0279       1 
0280       1 
0281       1 
0282       1 
0283       1 
0284       1 
0285       11636 
0286       11636 
0287       11636 
0288       11689 
0289       11689 
0290       11649 
0291       11586 
0292       11521 
0293       11395 
0294       11354 
0295       11277 
0296       11171 
0297       11079 
0298       11038 
0299       10945 
0300       10858 
0301       10790 
0302       10712 
0303       10636 
0304       10579 
0305       10527 
0306       10415 
0307       10349 
0308       10263 
0309       10246 
0310       10178 
0311       10110 
0312       10047 
0313       9987 
0314       9907 
0315       9846 
0316       9818 
0317       9739 
0318       9666 
0319       9617 
0320       9589 
0321       9535 
0322       9463 
0323       9410 
0324       9382 
0325       9342 
0326       9287 
0327       9214 
0328       9150 
0329       9103 
0330       9073 
0331       9051 
0332       9003 
0333       8943 
0334       8893 
0335       8834 
0336       8811 
0337       8773 
0338       8728 
0339       8662 
0340       8628 
0341       8589 
0342       8537 
0343       8498 
0344       8495 
0345       8452 
0346       8408 
0347       8366 
0348       8313 
0349       8303 
0350       8277 
0351       8219 
0352       8204 
0353       8144 
0354       8116 
0355       8077 
0356       8040 
0357       8022 
0358       7973 
0359       7940 
0360       7915 
0361       7873 
0362       7846 
0363       7825 
0364       7781 
0365       7778 
0366       7718 
0367       7699 
0368       7667 
0369       7644 
0370       7615 
0371       7572 
0372       7565 
0373       7539 
0374       7507 
0375       7497 
0376       7447 
0377       7418 
0378       7397 
0379       7379 
0380       7377 
0381       7346 
0382       7292 
0383       7279 
0384       7261 
0385       7239 
0386       7209 
0387       7197 
0388       7165 
0389       7149 
0390       7121 
0391       7119 
0392       7089 
0393       7077 
0394       7053 
0395       7028 
0396       6995 
0397       6988 
0398       6970 
0399       6946 
0400       6910 
0401       6903 
0402       6873 
0403       6865 
0404       6852 
0405       6828 
0406       6816 
0407       6814 
0408       6757 
0409       6743 
0410       6743 
0411       6714 
0412       6700 
0413       6699 
0414       6677 
0415       6641 
0416       6627 
0417       6616 
0418       6590 
0419       6583 
0420       6555 
0421       6555 
0422       6541 
0423       6537 
0424       6497 
0425       6486 
0426       6472 
0427       6459 
0428       6447 
0429       6431 
0430       6423 
0431       6407 
0432       6402 
0433       6386 
0434       6378 
0435       6376 
0436       6351 
0437       6341 
0438       6322 
0439       6309 
0440       6308 
0441       6304 
0442       6293 
0443       6270 
0444       6258 
0445       6249 
0446       6238 
0447       6224 
0448       6215 
0449       6210 
0450       6192 
0451       6187 
0452       6162 
0453       6160 
0454       6152 
0455       6147 
0456       6135 
0457       6133 
0458       6132 
0459       6123 
0460       6107 
0461       6103 
0462       6092 
0463       6080 
0464       6080 
0465       6064 
0466       6062 
0467       6055 
0468       6043 
0469       6038 
0470       6033 
0471       6028 
0472       6027 
0473       6014 
0474       6006 
0475       6004 
0476       6002 
0477       5985 
0478       5984 
0479       5976 
0480       5973 
0481       5969 
0482       5961 
0483       5953 
0484       5945 
0485       5935 
0486       5929 
0487       5920 
0488       5914 
0489       5914 
0490       5920 
0491       5920 
0492       5917 
0493       5909 
0494       5892 
0495       5892 
0496       5892 
0497       5887 
0498       5887 
0499       5882 
0500       5882 
0501       5881 
0502       5869 
0503       5869 
0504       5869 
0505       5868 
0506       5868 
0507       5854 
0508       5854 
0509       5854 
0510       5857 
0511       5857 
0512       5852 
0513       5852 
0514       5843 
0515       5833 
0516       5827 
0517       5833 
0518       5833 
0519       5833 
0520       5829 
0521       5824 
0522       5822 
0523       5824 
0524       5826 
0525       5837 
0526       5826 
0527       5837 
0528       5826 
0529       5828 
0530       5828 
0531       5830 
0532       5830 
0533       5830 
0534       5830 
0535       5836 
0536       5836 
0537       5837 
0538       5836 
0539       5836 
0540       5836 
0541       5836 
0542       5846 
0543       5846 
0544       5846 
0545       5835 
0546       5835 
0547       5835 
0548       5839 
0549       5852 
0550       5839 
0551       5839 
0552       5839 
0553       5846 
0554       5858 
0555       5857 
0556       5857 
0557       5857 
0558       5861 
0559       5872 
0560       5872 
0561       5868 
0562       5868 
0563       5868 
0564       5874 
0565       5886 
0566       5892 
0567       5892 
0568       5893 
0569       5908 
0570       5917 
0571       5926 
0572       5927 
0573       5927 
0574       5932 
0575       5932 
0576       5932 
0577       5936 
0578       5944 
0579       5951 
0580       5946 
0581       5946 
0582       5946 
0583       5971 
0584       5975 
0585       5977 
0586       5984 
0587       6001 
0588       6023 
0589       6026 
0590       6026 
0591       6031 
0592       6036 
0593       6036 
0594       6039 
0595       6039 
0596       6063 
0597       6071 
0598       6074 
0599       6074 
0600       6093 
0601       6094 
0602       6120 
0603       6127 
0604       6128 
0605       6142 
0606       6147 
0607       6149 
0608       6165 
0609       6171 
0610       6186 
0611       6188 
0612       6209 
0613       6213 
0614       6227 
0615       6232 
0616       6237 
0617       6254 
0618       6266 
0619       6280 
0620       6284 
0621       6297 
0622       6298 
0623       6317 
0624       6327 
0625       6333 
0626       6354 
0627       6386 
0628       6391 
0629       6402 
0630       6405 
0631       6413 
0632       6432 
0633       6456 
0634       6459 
0635       6482 
0636       6482 
0637       6490 
0638       6527 
0639       6541 
0640       6560 
0641       6566 
0642       6573 
0643       6591 
0644       6609 
0645       6621 
0646       6628 
0647       6635 
0648       6653 
0649       6679 
0650       6695 
0651       6732 
0652       6741 
0653       6744 
0654       6764 
0655       6791 
0656       6798 
0657       6835 
0658       6854 
0659       6872 
0660       6883 
0661       6895 
0662       6898 
0663       6930 
0664       6941 
0665       6982 
0666       7003 
0667       7004 
0668       7035 
0669       7080 
0670       7081 
0671       7096 
0672       7132 
0673       7141 
0674       7166 
0675       7195 
0676       7197 
0677       7246 
0678       7248 
0679       7267 
0680       7315 
0681       7318 
0682       7351 
0683       7380 
0684       7388 
0685       7423 
0686       7442 
0687       7480 
0688       7503 
0689       7503 
0690       7551 
0691       7569 
0692       7630 
0693       7648 
0694       7692 
0695       7698 
0696       7735 
0697       7769 
0698       7773 
0699       7804 
0700       7883 
0701       7883 
0702       7918 
0703       7930 
0704       7972 
0705       7978 
0706       8052 
0707       8062 
0708       8121 
0709       8140 
0710       8192 
0711       8215 
0712       8274 
0713       8290 
0714       8340 
0715       8377 
0716       8422 
0717       8464 
0718       8478 
0719       8528 
0720       8600 
0721       8604 
0722       8652 
0723       8694 
0724       8725 
0725       8768 
0726       8807 
0727       8858 
0728       8931 
0729       8938 
0730       8992 
0731       9048 
0732       9097 
0733       9148 
0734       9202 
0735       9213 
0736       9284 
0737       9307 
0738       9368 
0739       9439 
0740       9471 
0741       9471 
0742       9462 
0743       9407 
0744       9387 
0745       9387 
0746       9434 
0747       9470 
0748       14631 
0749       14684 
0750       14750 
0751       14883 
0752       14942 
0753       15022 
0754       15107 
0755       15176 
0756       15202 
0757       15202 
0758       1 
0759       1 
0760       1 
0761       1 
0762       1 
0763       1 
0764       1 
0765       1 
0766       1 
0767       1 
0768       1 
0769       1 
0770       1 
0771       1 
0772       1 
0773       1 
0774       1 
0775       1 
0776       13048 
0777       13140 
0778       13232 
0779       13317 
0780       13449 
0781       13478 
0782       13572 
0783       13676 
0784       13931 
0785       13931 
0786       1 
0787       1 
0788       1 
0789       1 
0790       1 
0791       1 
0792       1 
0793       1 
0794       1 
0795       8516 
0796       8543 
0797       8543 
0798       8543 
0799       8548 
0800       8548 
0801       1 
0802       1 
0803       1 
0804       1 
0805       1 
0806       1 
0807       1 
0808       1 
0809       1 
0810       1 
0811       1 
0812       1 
0813       1 
0814       1 
0815       1 
0816       1 
0817       1 
0818       1 
0819       1 
0820       1 
0821       1 
0822       1 
0823       1 
0824       1 
0825       1 
0826       1 
0827       1 
0828       1 
0829       1 
0830       1 
0831       1 
0832       1 
0833       1 
0834       1 
0835       1 
0836       1 
0837       1 
0838       1 
0839       1 
0840       1 
0841       1 
0842       1 
0843       1 
0844       1 
0845       1 
0846       1 
0847       1 
0848       1 
0849       1 
0850       1 
0851       1 
0852       1 
0853       1 
0854       1 
0855       1 
0856       16241 
0857       16241 
0858       16202 
0859       16193 
0860       1 
0861       1 
0862       1 
0863       1 
0864       1 
0865       1 
0866       1 
0867       1 
0868       1 
0869       1 
0870       1 
0871       1 
0872       1 
0873       1 
0874       1 
0875       1 
0876       1 
0877       1 
0878       1 
0879       1 
0880       1 
0881       1 
0882       1 
0883       1 
0884       1 
0885       1 
0886       1 
0887       1 
0888       1 
0889       1 
0890       1 
0891       1 
0892       1 
0893       1 
0894       1 
0895       1 
0896       1 
0897       1 
0898       1 
0899       1 
0900       1 
0901       1 
0902       1 
0903       1 
0904       1 
0905       1 
0906       1 
0907       1 
0908       1 
0909       1 
0910       1 
0911       1 
0912       1 
0913       1 
0914       1 
0915       1 
0916       1 
0917       1 
0918       1 
0919       1 
0920       1 
0921       1 
0922       1 
0923       1 
0924       1 
0925       1 
0926       1 
0927       1 
0928       1 
0929       1 
0930       1 
0931       1 
0932       1 
0933       1 
0934       1 
0935       1 
0936       1 
0937       1 
0938       1 
0939       1 
0940       1 
0941       1 
0942       1 
0943       1 
0944       1 
0945       1 
0946       1 
0947       1 
0948       1 
0949       1 
0950       1 
0951       1 
0952       1 
0953       1 
0954       1 
0955       1 
0956       1 
0957       1 
0958       1 
0959       1 
0960       1 
0961       1 
0962       1 
0963       1 
0964       1 
0965       1 
0966       1 
0967       1 
0968       1 
0969       1 
0970       1 
0971       1 
0972       1 
0973       1 
0974       1 
0975       1 
0976       1 
0977       1 
0978       1 
0979       1 
0980       1 
0981       1 
0982       1 
0983       1 
0984       1 
0985       1 
0986       1 
0987       1 
0988       1 
0989       1 
0990       1 
0991       1 
0992       1 
0993       1 
0994       1 
0995       1 
0996       1 
0997       1 
0998       1 
0999       1 
1000       1 
1001       1 
1002       1 
1003       1 
1004       1 
1005       1 
1006       1 
1007       1 
1008       1 
1009       4 
1010       50 
1011       50 
1012       55 
1013       59 
1014       59 
1015       59 
1016       59 
1017       58 
1018       55 
1019       54 
1020       54 
1021       54 
1022       45 
1023       45 
1024       63 
1025       63 
1026       63 
1027       63 
1028       63 
1029       54 
1030       47 
1031       47 
1032       47 
1033       55 
1034       56 
1035       57 
1036       68 
1037       68 
1038       68 
1039       65 
1040       64 
1041       64 
1042       65 
1043       67 
1044       67 
1045       67 
1046       67 
1047       67 
1048       67 
1049       69 
1050       69 
1051       67 
1052       65 
1053       65 
1054       65 
1055       64 
1056       70 
1057       71 
1058       70 
1059       69 
1060       69 
1061       67 
1062       67 
1063       67 
1064       67 
1065       67 
1066       68 
1067       69 
1068       69 
1069       70 
1070       70 
1071       69 
1072       67 
1073       67 
1074       67 
1075       66 
1076       68 
1077       68 
1078       68 
1079       68 
1297966648.416059
