0000       1 
0001       1 
0002       1 
0003       1 
0004       1 
0005       1 
0006       1 
0007       1 
0008       1 
0009       1 
0010       1 
0011       1 
0012       1 
0013       1 
0014       1 
0015       1 
0016       1 
0017       1 
0018       1 
0019       1 
0020       1 
0021       1 
0022       1 
0023       1 
0024       1 
0025       1 
0026       1 
0027       1 
0028       1 
0029       1 
0030       1 
0031       1 
0032       1 
0033       1 
0034       1 
0035       1 
0036       1 
0037       1 
0038       1 
0039       1 
0040       1 
0041       1 
0042       1 
0043       1 
0044       1 
0045       1 
0046       1 
0047       1 
0048       1 
0049       1 
0050       1 
0051       1 
0052       1 
0053       1 
0054       1 
0055       1 
0056       1 
0057       1 
0058       1 
0059       1 
0060       1 
0061       1 
0062       1 
0063       1 
0064       1 
0065       1 
0066       1 
0067       1 
0068       1 
0069       1 
0070       1 
0071       1 
0072       1 
0073       1 
0074       1 
0075       1 
0076       1 
0077       1 
0078       1 
0079       1 
0080       1 
0081       1 
0082       1 
0083       1 
0084       1 
0085       1 
0086       1 
0087       1 
0088       21067 
0089       21067 
0090       1 
0091       1 
0092       1 
0093       1 
0094       1 
0095       1 
0096       1 
0097       1 
0098       1 
0099       1 
0100       1 
0101       1 
0102       1 
0103       1 
0104       1 
0105       1 
0106       1 
0107       1 
0108       1 
0109       1 
0110       1 
0111       1 
0112       1 
0113       1 
0114       1 
0115       1 
0116       1 
0117       1 
0118       1 
0119       1 
0120       1 
0121       19445 
0122       19445 
0123       1 
0124       1 
0125       1 
0126       1 
0127       1 
0128       1 
0129       1 
0130       1 
0131       1 
0132       1 
0133       1 
0134       1 
0135       1 
0136       20595 
0137       20595 
0138       1 
0139       1 
0140       1 
0141       19433 
0142       19442 
0143       19442 
0144       1 
0145       1 
0146       1 
0147       1 
0148       1 
0149       1 
0150       1 
0151       1 
0152       1 
0153       1 
0154       1 
0155       1 
0156       1 
0157       1 
0158       1 
0159       1 
0160       1 
0161       1 
0162       1 
0163       1 
0164       1 
0165       1 
0166       1 
0167       1 
0168       1 
0169       20374 
0170       20374 
0171       20340 
0172       20340 
0173       20340 
0174       20572 
0175       20572 
0176       1 
0177       1 
0178       1 
0179       1 
0180       1 
0181       1 
0182       1 
0183       1 
0184       1 
0185       1 
0186       1 
0187       1 
0188       1 
0189       1 
0190       1 
0191       1 
0192       1 
0193       1 
0194       1 
0195       1 
0196       1 
0197       1 
0198       1 
0199       1 
0200       1 
0201       1 
0202       1 
0203       23452 
0204       23452 
0205       23452 
0206       23452 
0207       1 
0208       1 
0209       1 
0210       1 
0211       1 
0212       1 
0213       1 
0214       1 
0215       1 
0216       1 
0217       1 
0218       1 
0219       22350 
0220       22401 
0221       22401 
0222       1 
0223       1 
0224       1 
0225       1 
0226       1 
0227       1 
0228       1 
0229       1 
0230       1 
0231       1 
0232       1 
0233       1 
0234       1 
0235       1 
0236       1 
0237       1 
0238       1 
0239       1 
0240       21733 
0241       21733 
0242       21569 
0243       1 
0244       1 
0245       1 
0246       1 
0247       1 
0248       20333 
0249       20333 
0250       20135 
0251       19966 
0252       19807 
0253       19657 
0254       19461 
0255       19316 
0256       19203 
0257       19009 
0258       18809 
0259       18635 
0260       18457 
0261       18317 
0262       18056 
0263       17930 
0264       17930 
0265       17706 
0266       17589 
0267       17449 
0268       17326 
0269       17230 
0270       17110 
0271       17065 
0272       16985 
0273       16748 
0274       1 
0275       1 
0276       16303 
0277       16303 
0278       16303 
0279       16216 
0280       16098 
0281       16034 
0282       15759 
0283       15701 
0284       15701 
0285       15646 
0286       15513 
0287       15449 
0288       15389 
0289       15328 
0290       15254 
0291       15061 
0292       15038 
0293       14996 
0294       14996 
0295       14907 
0296       14840 
0297       14736 
0298       14647 
0299       14570 
0300       14456 
0301       14390 
0302       14347 
0303       14245 
0304       14204 
0305       14097 
0306       14013 
0307       13976 
0308       13865 
0309       13810 
0310       13744 
0311       13675 
0312       13603 
0313       13562 
0314       13494 
0315       13426 
0316       13399 
0317       13346 
0318       13235 
0319       13211 
0320       13145 
0321       13103 
0322       13007 
0323       12984 
0324       12906 
0325       12848 
0326       12830 
0327       12764 
0328       12703 
0329       12654 
0330       12601 
0331       12531 
0332       12487 
0333       12444 
0334       12377 
0335       12329 
0336       12277 
0337       12251 
0338       12158 
0339       12123 
0340       12084 
0341       12023 
0342       11993 
0343       11943 
0344       11925 
0345       11874 
0346       11866 
0347       11803 
0348       11761 
0349       11728 
0350       11672 
0351       11666 
0352       11635 
0353       11593 
0354       11568 
0355       11492 
0356       11486 
0357       11436 
0358       11409 
0359       11390 
0360       11354 
0361       11303 
0362       11244 
0363       11211 
0364       11160 
0365       11158 
0366       11155 
0367       11111 
0368       11069 
0369       11008 
0370       10995 
0371       10991 
0372       10940 
0373       10903 
0374       10892 
0375       10866 
0376       10828 
0377       10811 
0378       10763 
0379       10746 
0380       10714 
0381       10707 
0382       10685 
0383       10634 
0384       10627 
0385       10601 
0386       10563 
0387       10550 
0388       10505 
0389       10484 
0390       10480 
0391       10457 
0392       10412 
0393       10407 
0394       10371 
0395       10351 
0396       10340 
0397       10296 
0398       10296 
0399       10280 
0400       10228 
0401       10227 
0402       10193 
0403       10179 
0404       10161 
0405       10145 
0406       10121 
0407       10116 
0408       10079 
0409       10069 
0410       10040 
0411       10032 
0412       10012 
0413       9994 
0414       9991 
0415       9967 
0416       9943 
0417       9941 
0418       9879 
0419       9879 
0420       9879 
0421       9858 
0422       9854 
0423       9820 
0424       9800 
0425       9798 
0426       9795 
0427       9778 
0428       9761 
0429       9729 
0430       9692 
0431       9683 
0432       9676 
0433       9662 
0434       9648 
0435       9648 
0436       9646 
0437       9622 
0438       9599 
0439       9591 
0440       9591 
0441       9578 
0442       9576 
0443       9575 
0444       9537 
0445       9533 
0446       9530 
0447       9533 
0448       9530 
0449       9513 
0450       9486 
0451       9483 
0452       9475 
0453       9467 
0454       9454 
0455       9431 
0456       9414 
0457       9414 
0458       9412 
0459       9399 
0460       9399 
0461       9399 
0462       9396 
0463       9363 
0464       9341 
0465       9341 
0466       9341 
0467       9341 
0468       9340 
0469       9350 
0470       9339 
0471       9327 
0472       9321 
0473       9325 
0474       9311 
0475       9310 
0476       9307 
0477       9305 
0478       9292 
0479       9302 
0480       9292 
0481       9292 
0482       9287 
0483       9287 
0484       9276 
0485       9276 
0486       9276 
0487       9278 
0488       9280 
0489       9278 
0490       9268 
0491       9252 
0492       9252 
0493       9242 
0494       9261 
0495       9242 
0496       9249 
0497       9231 
0498       9221 
0499       9221 
0500       9244 
0501       9250 
0502       9250 
0503       9242 
0504       9242 
0505       9242 
0506       9248 
0507       9242 
0508       9242 
0509       9220 
0510       9220 
0511       9225 
0512       9227 
0513       9235 
0514       9240 
0515       9259 
0516       9265 
0517       9266 
0518       9267 
0519       9267 
0520       9273 
0521       9285 
0522       9285 
0523       9289 
0524       9296 
0525       9298 
0526       9305 
0527       9311 
0528       9305 
0529       9314 
0530       9314 
0531       9317 
0532       9330 
0533       9330 
0534       9332 
0535       9350 
0536       9350 
0537       9350 
0538       9350 
0539       9373 
0540       9386 
0541       9386 
0542       9386 
0543       9390 
0544       9404 
0545       9413 
0546       9423 
0547       9434 
0548       9440 
0549       9458 
0550       9467 
0551       9476 
0552       9476 
0553       9481 
0554       9493 
0555       9494 
0556       9502 
0557       9515 
0558       9520 
0559       9553 
0560       9562 
0561       9591 
0562       9600 
0563       9615 
0564       9632 
0565       9646 
0566       9657 
0567       9686 
0568       9690 
0569       9690 
0570       9690 
0571       9691 
0572       9718 
0573       9754 
0574       9768 
0575       9768 
0576       9775 
0577       9782 
0578       9783 
0579       9816 
0580       9836 
0581       9861 
0582       9869 
0583       9881 
0584       9883 
0585       9883 
0586       9915 
0587       9962 
0588       9965 
0589       9997 
0590       10011 
0591       10013 
0592       10043 
0593       10085 
0594       10091 
0595       10109 
0596       10113 
0597       10125 
0598       10159 
0599       10162 
0600       10180 
0601       10225 
0602       10240 
0603       10280 
0604       10286 
0605       10325 
0606       10325 
0607       10291 
0608       10268 
0609       10226 
0610       7459 
0611       7459 
0612       7476 
0613       7476 
0614       3889 
0615       3881 
0616       3876 
0617       3819 
0618       3777 
0619       3769 
0620       3758 
0621       3758 
0622       3757 
0623       3757 
0624       1921 
0625       1917 
0626       1907 
0627       1892 
0628       1799 
0629       1772 
0630       1772 
0631       1772 
0632       1839 
0633       1841 
0634       1841 
0635       1841 
0636       1795 
0637       1740 
0638       1692 
0639       1666 
0640       1666 
0641       1666 
0642       1671 
0643       1674 
0644       1685 
0645       1687 
0646       1690 
0647       1696 
0648       1710 
0649       1726 
0650       1726 
0651       1729 
0652       1733 
0653       1737 
0654       1739 
0655       1747 
0656       1758 
0657       1762 
0658       1762 
0659       1762 
0660       1715 
0661       1677 
0662       1639 
0663       1630 
0664       1620 
0665       1616 
0666       1609 
0667       1571 
0668       1571 
0669       1571 
0670       1571 
0671       1579 
0672       1579 
0673       1574 
0674       1574 
0675       1572 
0676       1493 
0677       1397 
0678       1371 
0679       1371 
0680       1371 
0681       1371 
0682       1415 
0683       1448 
0684       1617 
0685       1647 
0686       1647 
0687       1647 
0688       1635 
0689       1537 
0690       1220 
0691       1176 
0692       1160 
0693       1160 
0694       1160 
0695       1222 
0696       1229 
0697       1492 
0698       1561 
0699       1591 
0700       1606 
0701       5360 
0702       5405 
0703       5440 
0704       5440 
0705       1557 
0706       1552 
0707       1540 
0708       1409 
0709       977 
0710       958 
0711       957 
0712       957 
0713       957 
0714       957 
0715       957 
0716       975 
0717       3960 
0718       3986 
0719       4010 
0720       4030 
0721       4085 
0722       6103 
0723       6146 
0724       6194 
0725       6243 
0726       6279 
0727       6326 
0728       6366 
0729       6402 
0730       6440 
0731       6440 
0732       1493 
0733       1490 
0734       1481 
0735       1470 
0736       1417 
0737       754 
0738       735 
0739       734 
0740       721 
0741       721 
0742       721 
0743       721 
0744       719 
0745       725 
0746       725 
0747       729 
0748       736 
0749       750 
0750       753 
0751       755 
0752       770 
0753       7776 
0754       7846 
0755       7943 
0756       7998 
0757       8080 
0758       8165 
0759       8245 
0760       8342 
0761       8342 
0762       1453 
0763       1436 
0764       1431 
0765       1431 
0766       1436 
0767       8911 
0768       9014 
0769       9120 
0770       9223 
0771       9332 
0772       9439 
0773       9531 
0774       9642 
0775       9740 
0776       9783 
0777       9797 
0778       9932 
0779       10078 
0780       10223 
0781       10469 
0782       10657 
0783       10799 
0784       10991 
0785       11109 
0786       11219 
0787       11377 
0788       11539 
0789       11722 
0790       11722 
0791       11870 
0792       12214 
0793       12391 
0794       12391 
0795       1407 
0796       1400 
0797       1400 
0798       1395 
0799       1395 
0800       1395 
0801       1395 
0802       1395 
0803       1 
0804       1 
0805       1 
0806       1 
0807       1 
0808       1 
0809       1 
0810       1 
0811       1 
0812       1 
0813       1 
0814       1 
0815       1 
0816       1 
0817       1 
0818       1 
0819       1 
0820       1 
0821       1 
0822       1 
0823       1 
0824       1 
0825       1 
0826       1 
0827       1 
0828       1 
0829       1 
0830       1 
0831       1 
0832       1 
0833       1 
0834       1 
0835       1 
0836       1 
0837       1 
0838       1 
0839       1 
0840       1 
0841       1 
0842       1 
0843       1 
0844       1 
0845       1 
0846       1 
0847       1 
0848       1 
0849       1 
0850       1 
0851       1 
0852       1 
0853       1 
0854       1 
0855       1 
0856       1 
0857       1 
0858       1 
0859       1 
0860       1 
0861       1 
0862       1 
0863       1 
0864       1 
0865       1 
0866       1 
0867       1 
0868       1 
0869       1 
0870       1 
0871       1 
0872       1 
0873       1 
0874       1 
0875       1 
0876       1 
0877       1 
0878       1 
0879       1 
0880       1 
0881       1 
0882       1 
0883       1 
0884       1 
0885       1 
0886       1 
0887       1 
0888       1 
0889       1 
0890       1 
0891       1 
0892       1 
0893       1 
0894       1 
0895       1 
0896       1 
0897       1 
0898       1 
0899       1 
0900       1 
0901       1 
0902       1 
0903       1 
0904       1 
0905       1 
0906       1 
0907       1 
0908       1 
0909       1 
0910       1 
0911       1 
0912       1 
0913       1 
0914       1 
0915       1 
0916       1 
0917       1 
0918       1 
0919       1 
0920       1 
0921       1 
0922       1 
0923       1 
0924       1 
0925       1 
0926       1 
0927       1 
0928       1 
0929       1 
0930       1 
0931       1 
0932       1 
0933       1 
0934       1 
0935       1 
0936       1 
0937       1 
0938       1 
0939       1 
0940       1 
0941       1 
0942       1 
0943       1 
0944       1 
0945       1 
0946       1 
0947       1 
0948       1 
0949       1 
0950       1 
0951       1 
0952       1 
0953       1 
0954       1 
0955       1 
0956       1 
0957       1 
0958       1 
0959       1 
0960       1 
0961       1 
0962       1 
0963       1 
0964       1 
0965       1 
0966       1 
0967       1 
0968       1 
0969       1 
0970       1 
0971       1 
0972       1 
0973       1 
0974       1 
0975       1 
0976       1 
0977       1 
0978       1 
0979       1 
0980       1 
0981       1 
0982       1 
0983       1 
0984       1 
0985       1 
0986       1 
0987       1 
0988       1 
0989       1 
0990       1 
0991       1 
0992       1 
0993       1 
0994       1 
0995       1 
0996       1 
0997       1 
0998       1 
0999       1 
1000       1 
1001       1 
1002       1 
1003       1 
1004       1 
1005       1 
1006       1 
1007       4 
1008       4 
1009       54 
1010       64 
1011       64 
1012       64 
1013       53 
1014       53 
1015       44 
1016       44 
1017       48 
1018       61 
1019       62 
1020       62 
1021       62 
1022       62 
1023       62 
1024       58 
1025       58 
1026       59 
1027       59 
1028       58 
1029       56 
1030       49 
1031       49 
1032       49 
1033       54 
1034       56 
1035       60 
1036       62 
1037       66 
1038       73 
1039       66 
1040       68 
1041       68 
1042       65 
1043       65 
1044       67 
1045       67 
1046       67 
1047       67 
1048       65 
1049       65 
1050       65 
1051       70 
1052       70 
1053       70 
1054       66 
1055       63 
1056       63 
1057       63 
1058       64 
1059       67 
1060       67 
1061       64 
1062       63 
1063       63 
1064       63 
1065       63 
1066       63 
1067       69 
1068       69 
1069       69 
1070       69 
1071       69 
1072       69 
1073       69 
1074       65 
1075       65 
1076       69 
1077       69 
1078       70 
1079       70 
1297966617.181686
