0000       1 
0001       1 
0002       1 
0003       1 
0004       1 
0005       1 
0006       1 
0007       1 
0008       1 
0009       1 
0010       1 
0011       1 
0012       1 
0013       1 
0014       1 
0015       1 
0016       1 
0017       1 
0018       1 
0019       1 
0020       1 
0021       1 
0022       1 
0023       1 
0024       1 
0025       1 
0026       1 
0027       1 
0028       1 
0029       1 
0030       1 
0031       1 
0032       1 
0033       1 
0034       1 
0035       1 
0036       1 
0037       1 
0038       1 
0039       1 
0040       1 
0041       1 
0042       1 
0043       1 
0044       1 
0045       1 
0046       1 
0047       1 
0048       1 
0049       1 
0050       1 
0051       1 
0052       1 
0053       1 
0054       1 
0055       1 
0056       1 
0057       1 
0058       1 
0059       1 
0060       1 
0061       1 
0062       1 
0063       1 
0064       1 
0065       1 
0066       1 
0067       1 
0068       1 
0069       1 
0070       1 
0071       1 
0072       1 
0073       1 
0074       1 
0075       1 
0076       1 
0077       1 
0078       1 
0079       1 
0080       1 
0081       1 
0082       1 
0083       1 
0084       20628 
0085       20628 
0086       20237 
0087       20237 
0088       20237 
0089       20237 
0090       19913 
0091       19884 
0092       19884 
0093       19884 
0094       19595 
0095       1 
0096       1 
0097       1 
0098       1 
0099       1 
0100       1 
0101       1 
0102       1 
0103       19204 
0104       19204 
0105       19204 
0106       19172 
0107       19108 
0108       19172 
0109       19097 
0110       19192 
0111       19167 
0112       19167 
0113       1 
0114       1 
0115       1 
0116       18411 
0117       18411 
0118       1 
0119       1 
0120       1 
0121       1 
0122       1 
0123       1 
0124       1 
0125       1 
0126       1 
0127       18675 
0128       18675 
0129       18552 
0130       18540 
0131       18540 
0132       1 
0133       1 
0134       1 
0135       1 
0136       1 
0137       1 
0138       1 
0139       1 
0140       1 
0141       1 
0142       1 
0143       1 
0144       1 
0145       1 
0146       18392 
0147       18392 
0148       18392 
0149       1 
0150       1 
0151       1 
0152       1 
0153       1 
0154       1 
0155       1 
0156       1 
0157       1 
0158       1 
0159       1 
0160       1 
0161       1 
0162       1 
0163       1 
0164       1 
0165       1 
0166       1 
0167       1 
0168       1 
0169       1 
0170       1 
0171       1 
0172       1 
0173       1 
0174       1 
0175       19493 
0176       19493 
0177       19493 
0178       1 
0179       1 
0180       1 
0181       1 
0182       1 
0183       1 
0184       1 
0185       1 
0186       1 
0187       1 
0188       1 
0189       1 
0190       1 
0191       1 
0192       16283 
0193       16315 
0194       16283 
0195       1 
0196       1 
0197       1 
0198       1 
0199       1 
0200       1 
0201       1 
0202       1 
0203       1 
0204       1 
0205       1 
0206       1 
0207       1 
0208       22845 
0209       22847 
0210       22845 
0211       22642 
0212       1 
0213       1 
0214       1 
0215       1 
0216       1 
0217       1 
0218       1 
0219       1 
0220       1 
0221       1 
0222       1 
0223       1 
0224       1 
0225       1 
0226       1 
0227       1 
0228       1 
0229       1 
0230       1 
0231       1 
0232       1 
0233       1 
0234       1 
0235       1 
0236       1 
0237       1 
0238       1 
0239       1 
0240       1 
0241       1 
0242       1 
0243       1 
0244       1 
0245       1 
0246       1 
0247       1 
0248       1 
0249       21090 
0250       21090 
0251       20919 
0252       1 
0253       1 
0254       1 
0255       1 
0256       19796 
0257       19797 
0258       19796 
0259       19685 
0260       19469 
0261       19355 
0262       19256 
0263       19086 
0264       18956 
0265       18673 
0266       18610 
0267       18528 
0268       18338 
0269       18143 
0270       18037 
0271       17911 
0272       17724 
0273       17585 
0274       17371 
0275       17160 
0276       17160 
0277       17054 
0278       16972 
0279       16821 
0280       16726 
0281       16659 
0282       16548 
0283       16480 
0284       16394 
0285       16296 
0286       16121 
0287       15982 
0288       15929 
0289       15760 
0290       15760 
0291       15702 
0292       15589 
0293       15504 
0294       15429 
0295       15343 
0296       15233 
0297       15126 
0298       15101 
0299       14983 
0300       14913 
0301       14849 
0302       14811 
0303       14731 
0304       14669 
0305       14502 
0306       14458 
0307       14458 
0308       14458 
0309       14366 
0310       14309 
0311       14239 
0312       14158 
0313       14094 
0314       14014 
0315       13943 
0316       13873 
0317       13795 
0318       13740 
0319       13669 
0320       13577 
0321       13547 
0322       13480 
0323       13420 
0324       13383 
0325       13270 
0326       13260 
0327       13215 
0328       13157 
0329       13125 
0330       13021 
0331       12985 
0332       12948 
0333       12896 
0334       12875 
0335       12793 
0336       12724 
0337       12657 
0338       12578 
0339       12566 
0340       12520 
0341       12476 
0342       12392 
0343       12379 
0344       12311 
0345       12256 
0346       12216 
0347       12189 
0348       12130 
0349       12086 
0350       12047 
0351       12007 
0352       11993 
0353       11909 
0354       11878 
0355       11869 
0356       11824 
0357       11748 
0358       11735 
0359       11698 
0360       11663 
0361       11638 
0362       11592 
0363       11564 
0364       11498 
0365       11478 
0366       11438 
0367       11416 
0368       11407 
0369       11368 
0370       11321 
0371       11290 
0372       11269 
0373       11228 
0374       11211 
0375       11136 
0376       11126 
0377       11099 
0378       11072 
0379       11020 
0380       11003 
0381       10997 
0382       10953 
0383       10948 
0384       10901 
0385       10866 
0386       10843 
0387       10838 
0388       10804 
0389       10798 
0390       10757 
0391       10721 
0392       10698 
0393       10670 
0394       10633 
0395       10614 
0396       10603 
0397       10566 
0398       10531 
0399       10525 
0400       10524 
0401       10479 
0402       10449 
0403       10436 
0404       10416 
0405       10382 
0406       10381 
0407       10369 
0408       10341 
0409       10327 
0410       10302 
0411       10280 
0412       10259 
0413       10233 
0414       10214 
0415       10205 
0416       10205 
0417       10176 
0418       10155 
0419       10134 
0420       10108 
0421       10098 
0422       10082 
0423       10081 
0424       10070 
0425       10037 
0426       10016 
0427       9995 
0428       9993 
0429       9970 
0430       9953 
0431       9939 
0432       9939 
0433       9928 
0434       9911 
0435       9878 
0436       9859 
0437       9847 
0438       9842 
0439       9814 
0440       9813 
0441       9797 
0442       9788 
0443       9778 
0444       9759 
0445       9745 
0446       9726 
0447       9721 
0448       9698 
0449       9698 
0450       9695 
0451       9671 
0452       9667 
0453       9661 
0454       9641 
0455       9631 
0456       9627 
0457       9619 
0458       9614 
0459       9614 
0460       9588 
0461       9577 
0462       9567 
0463       9561 
0464       9556 
0465       9552 
0466       9544 
0467       9538 
0468       9525 
0469       9523 
0470       9519 
0471       9500 
0472       9497 
0473       9486 
0474       9486 
0475       9473 
0476       9469 
0477       9454 
0478       9454 
0479       9467 
0480       9467 
0481       9454 
0482       9444 
0483       9441 
0484       9438 
0485       9441 
0486       9429 
0487       9432 
0488       9422 
0489       9414 
0490       9414 
0491       9414 
0492       9412 
0493       9402 
0494       9393 
0495       9386 
0496       9386 
0497       9386 
0498       9391 
0499       9391 
0500       9391 
0501       9374 
0502       9373 
0503       9373 
0504       9381 
0505       9381 
0506       9383 
0507       9386 
0508       9386 
0509       9386 
0510       9383 
0511       9383 
0512       9387 
0513       9387 
0514       9386 
0515       9386 
0516       9394 
0517       9399 
0518       9413 
0519       9413 
0520       9402 
0521       9402 
0522       9419 
0523       9424 
0524       9424 
0525       9411 
0526       9411 
0527       9438 
0528       9438 
0529       9438 
0530       9441 
0531       9454 
0532       9464 
0533       9473 
0534       9474 
0535       9474 
0536       9474 
0537       9467 
0538       9467 
0539       9491 
0540       9497 
0541       9506 
0542       9517 
0543       9506 
0544       9526 
0545       9526 
0546       9560 
0547       9560 
0548       9559 
0549       9559 
0550       9573 
0551       9583 
0552       9588 
0553       9606 
0554       9617 
0555       9641 
0556       9650 
0557       9661 
0558       9674 
0559       9682 
0560       9683 
0561       9686 
0562       9703 
0563       9710 
0564       9711 
0565       9726 
0566       9744 
0567       9771 
0568       9774 
0569       9774 
0570       9774 
0571       9790 
0572       9812 
0573       9853 
0574       9865 
0575       9868 
0576       9876 
0577       9888 
0578       9891 
0579       9919 
0580       9942 
0581       9967 
0582       9984 
0583       9999 
0584       10010 
0585       10015 
0586       10037 
0587       10049 
0588       10063 
0589       10066 
0590       10100 
0591       10100 
0592       3764 
0593       3729 
0594       3729 
0595       3729 
0596       3729 
0597       3729 
0598       3729 
0599       3729 
0600       3730 
0601       3752 
0602       3753 
0603       10358 
0604       10358 
0605       3416 
0606       3369 
0607       3304 
0608       3294 
0609       3286 
0610       3286 
0611       3286 
0612       3286 
0613       1780 
0614       1766 
0615       1766 
0616       1766 
0617       1791 
0618       1791 
0619       1791 
0620       1763 
0621       1702 
0622       1673 
0623       1670 
0624       1665 
0625       1665 
0626       1670 
0627       1677 
0628       1685 
0629       1690 
0630       1690 
0631       1706 
0632       1711 
0633       1712 
0634       1717 
0635       1729 
0636       1730 
0637       1731 
0638       1738 
0639       1748 
0640       1749 
0641       1754 
0642       1754 
0643       1757 
0644       1763 
0645       1763 
0646       1763 
0647       1763 
0648       1746 
0649       1639 
0650       1573 
0651       1573 
0652       1573 
0653       1564 
0654       1564 
0655       1551 
0656       1408 
0657       1348 
0658       1348 
0659       1348 
0660       1364 
0661       1433 
0662       1570 
0663       1570 
0664       1570 
0665       1180 
0666       1137 
0667       1125 
0668       1125 
0669       1125 
0670       1159 
0671       1196 
0672       1612 
0673       2022 
0674       2100 
0675       2110 
0676       2110 
0677       2110 
0678       2015 
0679       948 
0680       918 
0681       906 
0682       903 
0683       903 
0684       906 
0685       948 
0686       2145 
0687       2234 
0688       2244 
0689       2259 
0690       2266 
0691       2270 
0692       2278 
0693       2297 
0694       2312 
0695       2312 
0696       2312 
0697       2307 
0698       670 
0699       668 
0700       662 
0701       662 
0702       659 
0703       655 
0704       655 
0705       655 
0706       655 
0707       658 
0708       659 
0709       663 
0710       666 
0711       667 
0712       668 
0713       673 
0714       682 
0715       695 
0716       2540 
0717       2612 
0718       2636 
0719       2661 
0720       2662 
0721       2678 
0722       2704 
0723       2726 
0724       2727 
0725       2750 
0726       2769 
0727       2778 
0728       2780 
0729       2806 
0730       2815 
0731       2827 
0732       2834 
0733       2835 
0734       2834 
0735       2834 
0736       2834 
0737       2830 
0738       2830 
0739       2830 
0740       2830 
0741       2850 
0742       2866 
0743       2898 
0744       2918 
0745       2921 
0746       2939 
0747       2960 
0748       2977 
0749       2993 
0750       3008 
0751       3011 
0752       3040 
0753       5179 
0754       5243 
0755       5277 
0756       5316 
0757       5361 
0758       7503 
0759       7503 
0760       7487 
0761       7487 
0762       7487 
0763       7656 
0764       7740 
0765       7816 
0766       7879 
0767       7960 
0768       8030 
0769       8102 
0770       9023 
0771       9217 
0772       9321 
0773       9374 
0774       9501 
0775       9501 
0776       2876 
0777       2876 
0778       2876 
0779       10048 
0780       10174 
0781       10301 
0782       10357 
0783       10492 
0784       10640 
0785       10772 
0786       10891 
0787       11011 
0788       11123 
0789       11234 
0790       11260 
0791       11260 
0792       2819 
0793       2819 
0794       2819 
0795       12409 
0796       12598 
0797       12598 
0798       12708 
0799       13189 
0800       13357 
0801       13625 
0802       13625 
0803       13625 
0804       1 
0805       1 
0806       1 
0807       1 
0808       2811 
0809       2811 
0810       2811 
0811       1 
0812       1 
0813       1 
0814       1 
0815       1 
0816       1 
0817       1 
0818       1 
0819       1 
0820       1 
0821       1 
0822       1 
0823       1 
0824       1 
0825       2799 
0826       2809 
0827       2811 
0828       2809 
0829       2809 
0830       1 
0831       1 
0832       1 
0833       1 
0834       1 
0835       1 
0836       1 
0837       1 
0838       1 
0839       1 
0840       1 
0841       1 
0842       1 
0843       1 
0844       1 
0845       1 
0846       1 
0847       1 
0848       1 
0849       1 
0850       1 
0851       1 
0852       1 
0853       1 
0854       1 
0855       1 
0856       1 
0857       1 
0858       1 
0859       1 
0860       1 
0861       1 
0862       1 
0863       1 
0864       1 
0865       1 
0866       1 
0867       1 
0868       1 
0869       1 
0870       1 
0871       1 
0872       1 
0873       1 
0874       1 
0875       1 
0876       1 
0877       1 
0878       1 
0879       1 
0880       1 
0881       1 
0882       1 
0883       1 
0884       1 
0885       1 
0886       1 
0887       1 
0888       1 
0889       1 
0890       1 
0891       1 
0892       1 
0893       1 
0894       1 
0895       1 
0896       1 
0897       1 
0898       1 
0899       1 
0900       1 
0901       1 
0902       1 
0903       1 
0904       1 
0905       1 
0906       1 
0907       1 
0908       1 
0909       1 
0910       1 
0911       1 
0912       1 
0913       1 
0914       1 
0915       1 
0916       1 
0917       1 
0918       1 
0919       1 
0920       1 
0921       1 
0922       1 
0923       1 
0924       1 
0925       1 
0926       1 
0927       1 
0928       1 
0929       1 
0930       1 
0931       1 
0932       1 
0933       1 
0934       1 
0935       1 
0936       1 
0937       1 
0938       1 
0939       1 
0940       1 
0941       1 
0942       1 
0943       1 
0944       1 
0945       1 
0946       1 
0947       1 
0948       1 
0949       1 
0950       1 
0951       1 
0952       1 
0953       1 
0954       1 
0955       1 
0956       1 
0957       1 
0958       1 
0959       1 
0960       1 
0961       1 
0962       1 
0963       1 
0964       1 
0965       1 
0966       1 
0967       1 
0968       1 
0969       1 
0970       1 
0971       1 
0972       1 
0973       1 
0974       1 
0975       1 
0976       1 
0977       1 
0978       1 
0979       1 
0980       1 
0981       1 
0982       1 
0983       1 
0984       1 
0985       1 
0986       1 
0987       1 
0988       1 
0989       1 
0990       1 
0991       1 
0992       1 
0993       1 
0994       1 
0995       1 
0996       1 
0997       1 
0998       1 
0999       1 
1000       1 
1001       1 
1002       1 
1003       1 
1004       1 
1005       1 
1006       4 
1007       4 
1008       4 
1009       51 
1010       47 
1011       51 
1012       52 
1013       52 
1014       52 
1015       52 
1016       52 
1017       51 
1018       47 
1019       47 
1020       52 
1021       56 
1022       56 
1023       56 
1024       56 
1025       56 
1026       56 
1027       57 
1028       57 
1029       57 
1030       47 
1031       46 
1032       46 
1033       47 
1034       65 
1035       65 
1036       65 
1037       65 
1038       63 
1039       63 
1040       68 
1041       68 
1042       71 
1043       71 
1044       68 
1045       67 
1046       68 
1047       68 
1048       68 
1049       67 
1050       62 
1051       62 
1052       60 
1053       62 
1054       62 
1055       63 
1056       62 
1057       63 
1058       63 
1059       66 
1060       66 
1061       66 
1062       64 
1063       64 
1064       64 
1065       64 
1066       63 
1067       65 
1068       65 
1069       67 
1070       67 
1071       68 
1072       68 
1073       67 
1074       67 
1075       68 
1076       67 
1077       70 
1078       70 
1079       70 
1297966616.081943
