0000       1 
0001       1 
0002       1 
0003       1 
0004       1 
0005       1 
0006       1 
0007       1 
0008       1 
0009       1 
0010       1 
0011       1 
0012       1 
0013       1 
0014       1 
0015       1 
0016       1 
0017       1 
0018       1 
0019       1 
0020       1 
0021       1 
0022       1 
0023       1 
0024       1 
0025       1 
0026       1 
0027       1 
0028       1 
0029       1 
0030       1 
0031       1 
0032       1 
0033       1 
0034       1 
0035       1 
0036       1 
0037       1 
0038       1 
0039       1 
0040       1 
0041       1 
0042       1 
0043       1 
0044       1 
0045       1 
0046       1 
0047       1 
0048       1 
0049       1 
0050       1 
0051       1 
0052       1 
0053       1 
0054       1 
0055       1 
0056       1 
0057       1 
0058       1 
0059       1 
0060       1 
0061       1 
0062       1 
0063       1 
0064       1 
0065       1 
0066       1 
0067       1 
0068       1 
0069       1 
0070       1 
0071       1 
0072       1 
0073       1 
0074       1 
0075       1 
0076       1 
0077       1 
0078       1 
0079       1 
0080       1 
0081       1 
0082       1 
0083       1 
0084       1 
0085       1 
0086       1 
0087       1 
0088       1 
0089       1 
0090       1 
0091       1 
0092       1 
0093       1 
0094       1 
0095       1 
0096       1 
0097       1 
0098       1 
0099       1 
0100       1 
0101       1 
0102       1 
0103       1 
0104       1 
0105       1 
0106       1 
0107       1 
0108       1 
0109       1 
0110       1 
0111       1 
0112       1 
0113       1 
0114       1 
0115       1 
0116       1 
0117       1 
0118       1 
0119       1 
0120       1 
0121       1 
0122       1 
0123       1 
0124       1 
0125       1 
0126       1 
0127       1 
0128       1 
0129       1 
0130       1 
0131       1 
0132       1 
0133       1 
0134       1 
0135       1 
0136       1 
0137       1 
0138       1 
0139       1 
0140       1 
0141       1 
0142       1 
0143       1 
0144       1 
0145       1 
0146       1 
0147       1 
0148       1 
0149       1 
0150       1 
0151       1 
0152       1 
0153       1 
0154       1 
0155       1 
0156       1 
0157       1 
0158       1 
0159       1 
0160       1 
0161       1 
0162       1 
0163       1 
0164       1 
0165       1 
0166       1 
0167       1 
0168       1 
0169       1 
0170       1 
0171       1 
0172       1 
0173       1 
0174       1 
0175       1 
0176       1 
0177       1 
0178       1 
0179       1 
0180       1 
0181       1 
0182       1 
0183       1 
0184       1 
0185       1 
0186       1 
0187       1 
0188       1 
0189       1 
0190       1 
0191       1 
0192       1 
0193       1 
0194       1 
0195       1 
0196       1 
0197       1 
0198       1 
0199       1 
0200       1 
0201       1 
0202       1 
0203       1 
0204       1 
0205       1 
0206       1 
0207       1 
0208       1 
0209       1 
0210       1 
0211       1 
0212       1 
0213       1 
0214       1 
0215       1 
0216       1 
0217       1 
0218       1 
0219       1 
0220       1 
0221       1 
0222       1 
0223       1 
0224       1 
0225       1 
0226       1 
0227       1 
0228       1 
0229       1 
0230       1 
0231       1 
0232       1 
0233       1 
0234       1 
0235       1 
0236       1 
0237       1 
0238       1 
0239       1 
0240       1 
0241       1 
0242       1 
0243       1 
0244       1 
0245       1 
0246       1 
0247       1 
0248       1 
0249       1 
0250       1 
0251       1 
0252       1 
0253       1 
0254       1 
0255       1 
0256       1 
0257       1 
0258       1 
0259       1 
0260       1 
0261       1 
0262       1 
0263       1 
0264       1 
0265       1 
0266       1 
0267       1 
0268       1 
0269       1 
0270       1 
0271       1 
0272       1 
0273       1 
0274       1 
0275       1 
0276       1 
0277       1 
0278       1 
0279       1 
0280       1 
0281       1 
0282       1 
0283       1 
0284       1 
0285       1 
0286       1 
0287       1 
0288       1 
0289       1 
0290       1 
0291       1 
0292       1 
0293       1 
0294       1 
0295       1 
0296       1 
0297       1 
0298       1 
0299       1 
0300       1 
0301       1 
0302       1 
0303       1 
0304       1 
0305       1 
0306       1 
0307       1 
0308       1 
0309       1 
0310       1 
0311       1 
0312       1 
0313       1 
0314       1 
0315       1 
0316       1 
0317       1 
0318       1 
0319       1 
0320       1 
0321       1 
0322       1 
0323       1 
0324       1 
0325       15648 
0326       15648 
0327       15735 
0328       15653 
0329       15653 
0330       15549 
0331       15431 
0332       15382 
0333       15239 
0334       15156 
0335       15075 
0336       14959 
0337       14910 
0338       14804 
0339       14727 
0340       14620 
0341       14532 
0342       14461 
0343       14397 
0344       14313 
0345       14225 
0346       14119 
0347       14048 
0348       14008 
0349       13935 
0350       13820 
0351       13794 
0352       13665 
0353       13629 
0354       13559 
0355       13492 
0356       13421 
0357       13344 
0358       13280 
0359       13205 
0360       13172 
0361       13098 
0362       13029 
0363       12970 
0364       12885 
0365       12817 
0366       12780 
0367       12712 
0368       12669 
0369       12629 
0370       12542 
0371       12486 
0372       12429 
0373       12403 
0374       12340 
0375       12293 
0376       12235 
0377       12192 
0378       12120 
0379       12075 
0380       12011 
0381       12004 
0382       11928 
0383       11894 
0384       11842 
0385       11791 
0386       11757 
0387       11684 
0388       11668 
0389       11609 
0390       11582 
0391       11517 
0392       11494 
0393       11466 
0394       11429 
0395       11357 
0396       11290 
0397       11287 
0398       11235 
0399       11184 
0400       11150 
0401       11091 
0402       11074 
0403       11024 
0404       10975 
0405       10974 
0406       10921 
0407       10896 
0408       10874 
0409       10818 
0410       10806 
0411       10754 
0412       10710 
0413       10701 
0414       10646 
0415       10630 
0416       10605 
0417       10561 
0418       10529 
0419       10528 
0420       10473 
0421       10450 
0422       10405 
0423       10384 
0424       10379 
0425       10356 
0426       10300 
0427       10269 
0428       10249 
0429       10229 
0430       10219 
0431       10189 
0432       10164 
0433       10127 
0434       10094 
0435       10088 
0436       10062 
0437       10043 
0438       10027 
0439       9997 
0440       9972 
0441       9961 
0442       9922 
0443       9902 
0444       9881 
0445       9853 
0446       9817 
0447       9773 
0448       9772 
0449       9747 
0450       9722 
0451       9707 
0452       9696 
0453       9681 
0454       9649 
0455       9639 
0456       9608 
0457       9603 
0458       9600 
0459       9556 
0460       9543 
0461       9523 
0462       9510 
0463       9496 
0464       9480 
0465       9465 
0466       9458 
0467       9448 
0468       9425 
0469       9403 
0470       9377 
0471       6675 
0472       6629 
0473       6612 
0474       6607 
0475       6599 
0476       6597 
0477       6599 
0478       6660 
0479       6670 
0480       6695 
0481       6695 
0482       6732 
0483       9058 
0484       9058 
0485       9029 
0486       9028 
0487       9004 
0488       9001 
0489       8993 
0490       8965 
0491       8954 
0492       8952 
0493       8945 
0494       8940 
0495       8932 
0496       8906 
0497       8898 
0498       8892 
0499       8890 
0500       8887 
0501       8887 
0502       8845 
0503       8839 
0504       8837 
0505       8836 
0506       8829 
0507       8811 
0508       8811 
0509       8802 
0510       8797 
0511       8795 
0512       8782 
0513       8781 
0514       8772 
0515       8759 
0516       8752 
0517       8750 
0518       8735 
0519       8735 
0520       8733 
0521       8733 
0522       8722 
0523       8719 
0524       8706 
0525       8698 
0526       8698 
0527       8694 
0528       8694 
0529       8694 
0530       8692 
0531       8692 
0532       8681 
0533       8683 
0534       8681 
0535       8672 
0536       8659 
0537       8647 
0538       8647 
0539       8673 
0540       8673 
0541       8667 
0542       8666 
0543       8662 
0544       8662 
0545       8645 
0546       5714 
0547       5707 
0548       5687 
0549       5679 
0550       5687 
0551       5702 
0552       5716 
0553       5720 
0554       5727 
0555       5751 
0556       5855 
0557       5892 
0558       5911 
0559       5911 
0560       5906 
0561       5905 
0562       5906 
0563       5923 
0564       5931 
0565       5934 
0566       5934 
0567       5934 
0568       5939 
0569       5943 
0570       5952 
0571       5952 
0572       5942 
0573       5942 
0574       5954 
0575       5955 
0576       5954 
0577       5963 
0578       5964 
0579       5977 
0580       5977 
0581       5977 
0582       5991 
0583       5991 
0584       5989 
0585       5989 
0586       6007 
0587       6008 
0588       6019 
0589       6021 
0590       6027 
0591       6029 
0592       6033 
0593       6037 
0594       6047 
0595       6047 
0596       6051 
0597       6051 
0598       6051 
0599       6065 
0600       6071 
0601       6087 
0602       6087 
0603       6087 
0604       6089 
0605       6095 
0606       6098 
0607       6098 
0608       6122 
0609       6122 
0610       6122 
0611       6129 
0612       6143 
0613       6158 
0614       6158 
0615       6172 
0616       6172 
0617       6190 
0618       6191 
0619       6207 
0620       6217 
0621       6229 
0622       6237 
0623       6237 
0624       6237 
0625       6247 
0626       6258 
0627       6259 
0628       6283 
0629       6302 
0630       6304 
0631       6304 
0632       6315 
0633       6325 
0634       6328 
0635       6339 
0636       6368 
0637       6375 
0638       6378 
0639       6402 
0640       6408 
0641       6414 
0642       6436 
0643       6449 
0644       6450 
0645       6450 
0646       6464 
0647       6492 
0648       6501 
0649       6526 
0650       6533 
0651       6533 
0652       6569 
0653       6573 
0654       6575 
0655       6601 
0656       6611 
0657       6642 
0658       6642 
0659       6657 
0660       6661 
0661       6683 
0662       6705 
0663       6715 
0664       6727 
0665       6743 
0666       6772 
0667       6783 
0668       6794 
0669       6822 
0670       6826 
0671       6864 
0672       6870 
0673       6902 
0674       6902 
0675       6915 
0676       6927 
0677       6967 
0678       6996 
0679       7010 
0680       7027 
0681       7045 
0682       7066 
0683       7081 
0684       7093 
0685       7107 
0686       7140 
0687       7176 
0688       7193 
0689       7201 
0690       7210 
0691       7253 
0692       7266 
0693       7311 
0694       7329 
0695       7359 
0696       7366 
0697       7380 
0698       7416 
0699       7420 
0700       7479 
0701       7505 
0702       7512 
0703       7538 
0704       7572 
0705       7621 
0706       7631 
0707       7654 
0708       7682 
0709       7706 
0710       7746 
0711       7755 
0712       7787 
0713       7811 
0714       7869 
0715       7871 
0716       7925 
0717       7927 
0718       7962 
0719       8009 
0720       8015 
0721       8065 
0722       8091 
0723       8128 
0724       8185 
0725       8223 
0726       8233 
0727       8260 
0728       8300 
0729       8347 
0730       8390 
0731       8430 
0732       8469 
0733       8512 
0734       8529 
0735       8572 
0736       8612 
0737       8659 
0738       8704 
0739       8748 
0740       8781 
0741       8805 
0742       8848 
0743       8903 
0744       8967 
0745       8978 
0746       9033 
0747       9049 
0748       9126 
0749       9175 
0750       9207 
0751       9281 
0752       9342 
0753       9389 
0754       9390 
0755       9460 
0756       9524 
0757       9594 
0758       9628 
0759       9694 
0760       9713 
0761       9835 
0762       9848 
0763       9940 
0764       9969 
0765       10006 
0766       10081 
0767       10128 
0768       10222 
0769       10257 
0770       10334 
0771       10397 
0772       10468 
0773       10541 
0774       10614 
0775       10661 
0776       10714 
0777       10803 
0778       10873 
0779       10930 
0780       11017 
0781       11078 
0782       11180 
0783       11264 
0784       11304 
0785       11382 
0786       11413 
0787       11423 
0788       11508 
0789       11564 
0790       11574 
0791       11615 
0792       11677 
0793       11735 
0794       11818 
0795       11878 
0796       11949 
0797       12088 
0798       12169 
0799       12264 
0800       12264 
0801       1 
0802       1 
0803       1 
0804       1 
0805       1 
0806       1 
0807       1 
0808       1 
0809       1 
0810       1 
0811       1 
0812       1 
0813       1 
0814       1 
0815       1 
0816       1 
0817       1 
0818       1 
0819       1 
0820       1 
0821       1 
0822       1 
0823       1 
0824       1 
0825       1 
0826       1 
0827       1 
0828       1 
0829       1 
0830       1 
0831       1 
0832       1 
0833       1 
0834       1 
0835       1 
0836       1 
0837       1 
0838       1 
0839       1 
0840       1 
0841       1 
0842       1 
0843       1 
0844       1 
0845       1 
0846       1 
0847       1 
0848       1 
0849       1 
0850       1 
0851       1 
0852       1 
0853       1 
0854       1 
0855       1 
0856       1 
0857       1 
0858       1 
0859       1 
0860       1 
0861       1 
0862       1 
0863       1 
0864       1 
0865       1 
0866       1 
0867       1 
0868       1 
0869       1 
0870       1 
0871       1 
0872       1 
0873       1 
0874       1 
0875       1 
0876       1 
0877       1 
0878       1 
0879       1 
0880       1 
0881       1 
0882       1 
0883       1 
0884       1 
0885       1 
0886       1 
0887       1 
0888       1 
0889       1 
0890       1 
0891       1 
0892       1 
0893       1 
0894       1 
0895       1 
0896       1 
0897       1 
0898       1 
0899       1 
0900       1 
0901       1 
0902       1 
0903       1 
0904       1 
0905       1 
0906       1 
0907       1 
0908       1 
0909       1 
0910       1 
0911       1 
0912       1 
0913       1 
0914       1 
0915       1 
0916       1 
0917       1 
0918       1 
0919       1 
0920       1 
0921       1 
0922       1 
0923       1 
0924       1 
0925       1 
0926       1 
0927       1 
0928       1 
0929       1 
0930       1 
0931       1 
0932       1 
0933       1 
0934       1 
0935       1 
0936       1 
0937       1 
0938       1 
0939       1 
0940       1 
0941       1 
0942       1 
0943       1 
0944       1 
0945       1 
0946       1 
0947       1 
0948       1 
0949       1 
0950       1 
0951       1 
0952       1 
0953       1 
0954       1 
0955       1 
0956       1 
0957       1 
0958       1 
0959       1 
0960       1 
0961       1 
0962       1 
0963       1 
0964       1 
0965       1 
0966       1 
0967       1 
0968       1 
0969       1 
0970       1 
0971       1 
0972       1 
0973       1 
0974       1 
0975       1 
0976       1 
0977       1 
0978       1 
0979       1 
0980       1 
0981       1 
0982       1 
0983       1 
0984       1 
0985       1 
0986       1 
0987       1 
0988       1 
0989       1 
0990       1 
0991       1 
0992       1 
0993       1 
0994       1 
0995       1 
0996       1 
0997       1 
0998       1 
0999       1 
1000       1 
1001       1 
1002       1 
1003       1 
1004       1 
1005       1 
1006       4 
1007       4 
1008       4 
1009       4 
1010       45 
1011       45 
1012       45 
1013       53 
1014       45 
1015       46 
1016       46 
1017       51 
1018       48 
1019       48 
1020       51 
1021       55 
1022       55 
1023       55 
1024       56 
1025       55 
1026       56 
1027       56 
1028       55 
1029       53 
1030       52 
1031       52 
1032       53 
1033       55 
1034       57 
1035       62 
1036       64 
1037       66 
1038       67 
1039       67 
1040       67 
1041       67 
1042       67 
1043       67 
1044       65 
1045       65 
1046       67 
1047       65 
1048       63 
1049       67 
1050       67 
1051       69 
1052       69 
1053       69 
1054       69 
1055       67 
1056       67 
1057       67 
1058       67 
1059       67 
1060       66 
1061       63 
1062       63 
1063       62 
1064       63 
1065       62 
1066       62 
1067       62 
1068       62 
1069       62 
1070       63 
1071       64 
1072       68 
1073       65 
1074       65 
1075       64 
1076       65 
1077       65 
1078       71 
1079       71 
1297966659.296603
