0000       1 
0001       1 
0002       1 
0003       1 
0004       1 
0005       1 
0006       1 
0007       1 
0008       1 
0009       1 
0010       1 
0011       1 
0012       1 
0013       1 
0014       1 
0015       1 
0016       1 
0017       1 
0018       1 
0019       1 
0020       1 
0021       1 
0022       1 
0023       1 
0024       1 
0025       1 
0026       1 
0027       1 
0028       1 
0029       1 
0030       1 
0031       1 
0032       1 
0033       1 
0034       1 
0035       1 
0036       1 
0037       1 
0038       1 
0039       1 
0040       1 
0041       1 
0042       1 
0043       1 
0044       1 
0045       1 
0046       1 
0047       1 
0048       1 
0049       1 
0050       1 
0051       1 
0052       1 
0053       1 
0054       1 
0055       1 
0056       1 
0057       1 
0058       1 
0059       1 
0060       1 
0061       1 
0062       1 
0063       1 
0064       1 
0065       1 
0066       1 
0067       1 
0068       1 
0069       1 
0070       1 
0071       1 
0072       1 
0073       1 
0074       1 
0075       1 
0076       1 
0077       1 
0078       1 
0079       1 
0080       1 
0081       1 
0082       1 
0083       1 
0084       1 
0085       1 
0086       1 
0087       1 
0088       1 
0089       1 
0090       1 
0091       1 
0092       1 
0093       1 
0094       1 
0095       1 
0096       1 
0097       1 
0098       1 
0099       1 
0100       1 
0101       1 
0102       1 
0103       1 
0104       1 
0105       1 
0106       1 
0107       1 
0108       1 
0109       1 
0110       1 
0111       1 
0112       1 
0113       1 
0114       1 
0115       1 
0116       1 
0117       1 
0118       1 
0119       1 
0120       1 
0121       1 
0122       1 
0123       1 
0124       1 
0125       1 
0126       1 
0127       1 
0128       1 
0129       1 
0130       1 
0131       1 
0132       1 
0133       1 
0134       1 
0135       1 
0136       1 
0137       1 
0138       1 
0139       1 
0140       1 
0141       1 
0142       1 
0143       1 
0144       1 
0145       1 
0146       1 
0147       1 
0148       1 
0149       1 
0150       1 
0151       1 
0152       1 
0153       1 
0154       1 
0155       1 
0156       1 
0157       32205 
0158       32205 
0159       32202 
0160       32187 
0161       32177 
0162       32177 
0163       32166 
0164       32166 
0165       32166 
0166       31975 
0167       31975 
0168       31975 
0169       31954 
0170       1 
0171       1 
0172       1 
0173       1 
0174       1 
0175       1 
0176       1 
0177       1 
0178       1 
0179       1 
0180       1 
0181       1 
0182       31994 
0183       32040 
0184       32040 
0185       32040 
0186       1 
0187       1 
0188       1 
0189       1 
0190       1 
0191       32090 
0192       32109 
0193       32117 
0194       32337 
0195       32337 
0196       1 
0197       1 
0198       1 
0199       1 
0200       1 
0201       1 
0202       1 
0203       32336 
0204       32336 
0205       32379 
0206       32379 
0207       32393 
0208       32364 
0209       32364 
0210       32393 
0211       32480 
0212       32513 
0213       32513 
0214       1 
0215       1 
0216       1 
0217       1 
0218       1 
0219       1 
0220       1 
0221       1 
0222       1 
0223       1 
0224       1 
0225       1 
0226       1 
0227       1 
0228       1 
0229       1 
0230       1 
0231       1 
0232       1 
0233       1 
0234       1 
0235       1 
0236       1 
0237       1 
0238       1 
0239       1 
0240       1 
0241       1 
0242       1 
0243       1 
0244       1 
0245       1 
0246       1 
0247       1 
0248       1 
0249       1 
0250       1 
0251       1 
0252       1 
0253       1 
0254       1 
0255       1 
0256       1 
0257       1 
0258       1 
0259       1 
0260       1 
0261       1 
0262       1 
0263       1 
0264       1 
0265       1 
0266       1 
0267       1 
0268       1 
0269       1 
0270       1 
0271       1 
0272       1 
0273       1 
0274       1 
0275       1 
0276       1 
0277       1 
0278       1 
0279       1 
0280       1 
0281       1 
0282       1 
0283       1 
0284       1 
0285       1 
0286       1 
0287       1 
0288       1 
0289       1 
0290       1 
0291       1 
0292       1 
0293       1 
0294       1 
0295       1 
0296       1 
0297       1 
0298       1 
0299       1 
0300       1 
0301       1 
0302       1 
0303       1 
0304       1 
0305       1 
0306       1 
0307       1 
0308       1 
0309       1 
0310       1 
0311       1 
0312       1 
0313       1 
0314       1 
0315       1 
0316       1 
0317       1 
0318       14582 
0319       14611 
0320       14611 
0321       14467 
0322       14417 
0323       14333 
0324       14209 
0325       14181 
0326       14079 
0327       13986 
0328       13903 
0329       13811 
0330       13748 
0331       13648 
0332       13636 
0333       13552 
0334       13367 
0335       13332 
0336       13332 
0337       13225 
0338       13153 
0339       13077 
0340       13056 
0341       13012 
0342       12927 
0343       12818 
0344       12800 
0345       12725 
0346       12679 
0347       12585 
0348       12570 
0349       8255 
0350       8225 
0351       8186 
0352       8162 
0353       8111 
0354       8057 
0355       8044 
0356       8022 
0357       7964 
0358       7951 
0359       7902 
0360       7875 
0361       7820 
0362       7819 
0363       7774 
0364       7750 
0365       7726 
0366       7674 
0367       7642 
0368       7585 
0369       7569 
0370       7549 
0371       7545 
0372       7483 
0373       7470 
0374       7445 
0375       7431 
0376       7373 
0377       7368 
0378       7327 
0379       7317 
0380       7275 
0381       7258 
0382       7230 
0383       7222 
0384       7162 
0385       7134 
0386       7129 
0387       7108 
0388       7088 
0389       7051 
0390       7034 
0391       7010 
0392       6992 
0393       6941 
0394       6935 
0395       6925 
0396       6922 
0397       6880 
0398       6879 
0399       6833 
0400       6814 
0401       6811 
0402       6766 
0403       6753 
0404       6747 
0405       6747 
0406       6717 
0407       6689 
0408       6688 
0409       6655 
0410       6638 
0411       6624 
0412       6557 
0413       6557 
0414       6557 
0415       6545 
0416       6530 
0417       6528 
0418       6510 
0419       6478 
0420       6458 
0421       6439 
0422       6416 
0423       6402 
0424       6395 
0425       6385 
0426       6384 
0427       6353 
0428       6350 
0429       6334 
0430       6328 
0431       6307 
0432       6284 
0433       6277 
0434       6233 
0435       6233 
0436       6228 
0437       6225 
0438       6220 
0439       6208 
0440       6193 
0441       6187 
0442       6161 
0443       6161 
0444       6116 
0445       6111 
0446       6099 
0447       6099 
0448       6096 
0449       6087 
0450       6081 
0451       6058 
0452       6055 
0453       6026 
0454       6020 
0455       6005 
0456       5993 
0457       5987 
0458       5970 
0459       5969 
0460       5969 
0461       5969 
0462       5953 
0463       5942 
0464       5927 
0465       5924 
0466       5921 
0467       5920 
0468       5904 
0469       5866 
0470       5866 
0471       5867 
0472       5867 
0473       5854 
0474       5853 
0475       5852 
0476       5848 
0477       5841 
0478       5839 
0479       5830 
0480       5830 
0481       5809 
0482       5772 
0483       5772 
0484       5772 
0485       5772 
0486       5772 
0487       5772 
0488       5770 
0489       5763 
0490       5759 
0491       5756 
0492       5750 
0493       5745 
0494       5726 
0495       5714 
0496       5714 
0497       5714 
0498       5711 
0499       5711 
0500       5711 
0501       5710 
0502       5693 
0503       5693 
0504       5698 
0505       5698 
0506       5690 
0507       5684 
0508       5657 
0509       5657 
0510       5667 
0511       5667 
0512       5672 
0513       5672 
0514       5672 
0515       5664 
0516       5647 
0517       5647 
0518       5647 
0519       5646 
0520       5646 
0521       5645 
0522       5627 
0523       5627 
0524       5634 
0525       5634 
0526       5647 
0527       5647 
0528       5648 
0529       5648 
0530       5631 
0531       5631 
0532       5630 
0533       5630 
0534       5610 
0535       5610 
0536       5610 
0537       5622 
0538       5623 
0539       5626 
0540       5626 
0541       5626 
0542       5635 
0543       5637 
0544       5635 
0545       5631 
0546       5631 
0547       5634 
0548       5634 
0549       5628 
0550       5628 
0551       5632 
0552       5649 
0553       5651 
0554       5653 
0555       5653 
0556       5653 
0557       5644 
0558       5644 
0559       5650 
0560       5650 
0561       5648 
0562       5637 
0563       5637 
0564       5644 
0565       5678 
0566       5678 
0567       5676 
0568       5676 
0569       5688 
0570       5688 
0571       5688 
0572       5689 
0573       5689 
0574       5695 
0575       5695 
0576       5681 
0577       5673 
0578       5673 
0579       5706 
0580       5722 
0581       5722 
0582       5722 
0583       5733 
0584       5739 
0585       5742 
0586       5745 
0587       5757 
0588       5757 
0589       5757 
0590       5754 
0591       5764 
0592       8921 
0593       8921 
0594       8897 
0595       8893 
0596       8690 
0597       8644 
0598       8639 
0599       8639 
0600       8699 
0601       8826 
0602       8969 
0603       9053 
0604       9093 
0605       9117 
0606       9129 
0607       9138 
0608       9162 
0609       9164 
0610       9168 
0611       9192 
0612       9192 
0613       6610 
0614       6610 
0615       6625 
0616       6634 
0617       6654 
0618       6701 
0619       6769 
0620       6811 
0621       9346 
0622       9375 
0623       9392 
0624       9402 
0625       9426 
0626       9440 
0627       9446 
0628       9472 
0629       9475 
0630       9516 
0631       9531 
0632       9545 
0633       9567 
0634       9598 
0635       9643 
0636       9654 
0637       9670 
0638       9673 
0639       9689 
0640       9717 
0641       9753 
0642       9771 
0643       9801 
0644       9830 
0645       9860 
0646       9886 
0647       9909 
0648       9938 
0649       9988 
0650       10003 
0651       10028 
0652       10050 
0653       10060 
0654       10114 
0655       10139 
0656       10161 
0657       10171 
0658       10214 
0659       10234 
0660       10486 
0661       10504 
0662       10534 
0663       10570 
0664       10585 
0665       10603 
0666       10691 
0667       10696 
0668       10739 
0669       10763 
0670       10821 
0671       10829 
0672       10886 
0673       10913 
0674       10959 
0675       10996 
0676       11020 
0677       11060 
0678       11101 
0679       11146 
0680       11185 
0681       11203 
0682       11254 
0683       11311 
0684       11362 
0685       11379 
0686       11447 
0687       11494 
0688       11539 
0689       11572 
0690       11627 
0691       11671 
0692       11707 
0693       11749 
0694       11820 
0695       11845 
0696       11914 
0697       11950 
0698       11991 
0699       12063 
0700       12113 
0701       12161 
0702       12197 
0703       12246 
0704       12319 
0705       12369 
0706       12433 
0707       12468 
0708       12543 
0709       12595 
0710       12628 
0711       12681 
0712       12772 
0713       12799 
0714       12853 
0715       12929 
0716       12965 
0717       13059 
0718       13109 
0719       13167 
0720       13225 
0721       13227 
0722       13231 
0723       13257 
0724       13320 
0725       13367 
0726       13456 
0727       13525 
0728       13557 
0729       13607 
0730       13607 
0731       13555 
0732       13507 
0733       13444 
0734       13387 
0735       13358 
0736       13312 
0737       13280 
0738       13226 
0739       13174 
0740       13148 
0741       13082 
0742       13053 
0743       12991 
0744       12971 
0745       12908 
0746       12883 
0747       12839 
0748       12783 
0749       12764 
0750       12704 
0751       12690 
0752       12645 
0753       12615 
0754       12580 
0755       12538 
0756       12502 
0757       12455 
0758       12424 
0759       12412 
0760       12375 
0761       12343 
0762       12308 
0763       12250 
0764       12208 
0765       12203 
0766       12197 
0767       12197 
0768       12360 
0769       12503 
0770       12624 
0771       12718 
0772       12818 
0773       12941 
0774       13033 
0775       13115 
0776       13254 
0777       13343 
0778       13465 
0779       13589 
0780       13699 
0781       13828 
0782       13828 
0783       1 
0784       1 
0785       1 
0786       1 
0787       1 
0788       1 
0789       1 
0790       1 
0791       1 
0792       1 
0793       1 
0794       1 
0795       1 
0796       1 
0797       1 
0798       1 
0799       1 
0800       1 
0801       1 
0802       1 
0803       1 
0804       1 
0805       1 
0806       17009 
0807       17009 
0808       16972 
0809       16925 
0810       16925 
0811       16972 
0812       16977 
0813       16977 
0814       1 
0815       1 
0816       1 
0817       1 
0818       1 
0819       1 
0820       1 
0821       1 
0822       1 
0823       1 
0824       1 
0825       1 
0826       1 
0827       1 
0828       1 
0829       1 
0830       1 
0831       1 
0832       1 
0833       1 
0834       1 
0835       1 
0836       1 
0837       1 
0838       1 
0839       1 
0840       1 
0841       1 
0842       1 
0843       1 
0844       1 
0845       1 
0846       1 
0847       1 
0848       1 
0849       1 
0850       1 
0851       1 
0852       1 
0853       1 
0854       1 
0855       1 
0856       1 
0857       1 
0858       1 
0859       1 
0860       1 
0861       1 
0862       1 
0863       1 
0864       1 
0865       1 
0866       1 
0867       1 
0868       1 
0869       1 
0870       1 
0871       1 
0872       1 
0873       1 
0874       1 
0875       1 
0876       1 
0877       1 
0878       1 
0879       1 
0880       1 
0881       1 
0882       1 
0883       1 
0884       1 
0885       1 
0886       1 
0887       1 
0888       1 
0889       1 
0890       1 
0891       1 
0892       1 
0893       1 
0894       1 
0895       1 
0896       1 
0897       1 
0898       1 
0899       1 
0900       1 
0901       1 
0902       1 
0903       1 
0904       1 
0905       1 
0906       1 
0907       1 
0908       1 
0909       1 
0910       1 
0911       1 
0912       1 
0913       1 
0914       1 
0915       1 
0916       1 
0917       1 
0918       1 
0919       1 
0920       1 
0921       1 
0922       1 
0923       1 
0924       1 
0925       1 
0926       1 
0927       1 
0928       1 
0929       1 
0930       1 
0931       1 
0932       1 
0933       1 
0934       1 
0935       1 
0936       1 
0937       1 
0938       1 
0939       1 
0940       1 
0941       1 
0942       1 
0943       1 
0944       1 
0945       1 
0946       1 
0947       1 
0948       1 
0949       1 
0950       1 
0951       1 
0952       1 
0953       1 
0954       1 
0955       1 
0956       1 
0957       1 
0958       1 
0959       1 
0960       1 
0961       1 
0962       1 
0963       1 
0964       1 
0965       1 
0966       1 
0967       1 
0968       1 
0969       1 
0970       1 
0971       1 
0972       1 
0973       1 
0974       1 
0975       1 
0976       1 
0977       1 
0978       1 
0979       1 
0980       1 
0981       1 
0982       1 
0983       1 
0984       1 
0985       1 
0986       1 
0987       1 
0988       1 
0989       1 
0990       1 
0991       1 
0992       1 
0993       1 
0994       1 
0995       1 
0996       1 
0997       1 
0998       1 
0999       1 
1000       1 
1001       1 
1002       1 
1003       1 
1004       1 
1005       1 
1006       4 
1007       4 
1008       4 
1009       4 
1010       4 
1011       4 
1012       47 
1013       53 
1014       47 
1015       48 
1016       48 
1017       48 
1018       48 
1019       48 
1020       49 
1021       49 
1022       50 
1023       58 
1024       58 
1025       65 
1026       66 
1027       66 
1028       62 
1029       62 
1030       60 
1031       54 
1032       54 
1033       54 
1034       55 
1035       59 
1036       68 
1037       69 
1038       71 
1039       71 
1040       71 
1041       66 
1042       66 
1043       66 
1044       65 
1045       65 
1046       65 
1047       66 
1048       66 
1049       68 
1050       68 
1051       66 
1052       65 
1053       68 
1054       72 
1055       65 
1056       71 
1057       71 
1058       68 
1059       68 
1060       71 
1061       70 
1062       70 
1063       70 
1064       69 
1065       69 
1066       68 
1067       66 
1068       65 
1069       65 
1070       65 
1071       66 
1072       65 
1073       65 
1074       64 
1075       64 
1076       62 
1077       62 
1078       65 
1079       65 
1297966662.138472
