0000       1 
0001       1 
0002       1 
0003       1 
0004       1 
0005       1 
0006       1 
0007       1 
0008       1 
0009       1 
0010       1 
0011       1 
0012       1 
0013       1 
0014       1 
0015       1 
0016       1 
0017       1 
0018       1 
0019       1 
0020       1 
0021       1 
0022       1 
0023       1 
0024       1 
0025       1 
0026       1 
0027       1 
0028       1 
0029       1 
0030       1 
0031       1 
0032       1 
0033       1 
0034       1 
0035       1 
0036       1 
0037       1 
0038       1 
0039       1 
0040       1 
0041       1 
0042       1 
0043       1 
0044       1 
0045       1 
0046       1 
0047       1 
0048       1 
0049       1 
0050       1 
0051       1 
0052       1 
0053       1 
0054       1 
0055       1 
0056       1 
0057       1 
0058       1 
0059       1 
0060       1 
0061       1 
0062       1 
0063       1 
0064       1 
0065       1 
0066       1 
0067       1 
0068       1 
0069       1 
0070       1 
0071       1 
0072       1 
0073       1 
0074       1 
0075       1 
0076       1 
0077       1 
0078       1 
0079       1 
0080       1 
0081       1 
0082       1 
0083       1 
0084       1 
0085       1 
0086       1 
0087       1 
0088       4586 
0089       4586 
0090       4586 
0091       4554 
0092       4550 
0093       4547 
0094       4544 
0095       4547 
0096       4547 
0097       4536 
0098       4535 
0099       4535 
0100       4531 
0101       4526 
0102       4523 
0103       4519 
0104       4510 
0105       4509 
0106       4508 
0107       4505 
0108       4500 
0109       4497 
0110       4494 
0111       4492 
0112       4491 
0113       4486 
0114       4484 
0115       4478 
0116       4478 
0117       4475 
0118       4468 
0119       4462 
0120       4462 
0121       4460 
0122       4460 
0123       4460 
0124       4460 
0125       4456 
0126       4453 
0127       4445 
0128       4445 
0129       4445 
0130       4445 
0131       4444 
0132       4443 
0133       4443 
0134       4440 
0135       4440 
0136       4439 
0137       4439 
0138       4437 
0139       4437 
0140       4434 
0141       4434 
0142       4432 
0143       4434 
0144       4434 
0145       4439 
0146       4432 
0147       4434 
0148       4434 
0149       4438 
0150       4438 
0151       4439 
0152       4439 
0153       4438 
0154       4438 
0155       4438 
0156       4438 
0157       4433 
0158       4433 
0159       4437 
0160       4444 
0161       4442 
0162       4444 
0163       4446 
0164       4446 
0165       4450 
0166       4451 
0167       4451 
0168       4450 
0169       4455 
0170       4457 
0171       4458 
0172       4458 
0173       4464 
0174       4465 
0175       4466 
0176       4470 
0177       4477 
0178       4477 
0179       4477 
0180       4478 
0181       4486 
0182       4488 
0183       4489 
0184       4497 
0185       4499 
0186       4500 
0187       4500 
0188       4507 
0189       4507 
0190       4513 
0191       4514 
0192       4517 
0193       4522 
0194       4524 
0195       4529 
0196       4529 
0197       4529 
0198       4525 
0199       4525 
0200       1 
0201       1 
0202       1 
0203       1 
0204       1 
0205       1 
0206       1 
0207       1 
0208       1 
0209       1 
0210       1 
0211       1 
0212       1 
0213       1 
0214       1 
0215       1 
0216       1 
0217       1 
0218       1 
0219       1 
0220       1 
0221       1 
0222       1 
0223       1 
0224       1 
0225       1 
0226       1 
0227       1 
0228       1 
0229       1 
0230       1 
0231       1 
0232       1 
0233       1 
0234       1 
0235       1 
0236       1 
0237       1 
0238       1 
0239       17617 
0240       17617 
0241       17645 
0242       17645 
0243       17488 
0244       1 
0245       1 
0246       1 
0247       1 
0248       1 
0249       1 
0250       1 
0251       1 
0252       1 
0253       1 
0254       1 
0255       1 
0256       1 
0257       1 
0258       1 
0259       17182 
0260       17182 
0261       1 
0262       1 
0263       1 
0264       1 
0265       1 
0266       1 
0267       1 
0268       1 
0269       1 
0270       1 
0271       1 
0272       1 
0273       1 
0274       1 
0275       1 
0276       1 
0277       1 
0278       1 
0279       1 
0280       1 
0281       1 
0282       1 
0283       26688 
0284       26688 
0285       1 
0286       1 
0287       1 
0288       1 
0289       1 
0290       1 
0291       1 
0292       1 
0293       1 
0294       1 
0295       1 
0296       1 
0297       1 
0298       1 
0299       1 
0300       1 
0301       1 
0302       1 
0303       1 
0304       1 
0305       1 
0306       17471 
0307       17482 
0308       17490 
0309       17490 
0310       17447 
0311       17444 
0312       1 
0313       1 
0314       1 
0315       1 
0316       1 
0317       1 
0318       1 
0319       1 
0320       1 
0321       1 
0322       1 
0323       1 
0324       1 
0325       1 
0326       1 
0327       1 
0328       1 
0329       1 
0330       1 
0331       1 
0332       1 
0333       1 
0334       1 
0335       1 
0336       1 
0337       1 
0338       1 
0339       1 
0340       1 
0341       1 
0342       1 
0343       1 
0344       1 
0345       1 
0346       1 
0347       1 
0348       1 
0349       1 
0350       1 
0351       1 
0352       1 
0353       1 
0354       1 
0355       1 
0356       1 
0357       1 
0358       1 
0359       14512 
0360       14643 
0361       14643 
0362       1 
0363       1 
0364       1 
0365       1 
0366       1 
0367       1 
0368       1 
0369       14117 
0370       14117 
0371       14276 
0372       14276 
0373       14120 
0374       1 
0375       1 
0376       1 
0377       1 
0378       1 
0379       1 
0380       13922 
0381       13922 
0382       13922 
0383       13855 
0384       13835 
0385       13778 
0386       1 
0387       1 
0388       1 
0389       1 
0390       1 
0391       1 
0392       1 
0393       1 
0394       13576 
0395       13576 
0396       13561 
0397       1 
0398       1 
0399       13406 
0400       13406 
0401       13406 
0402       13401 
0403       13355 
0404       1 
0405       1 
0406       1 
0407       13306 
0408       13306 
0409       13265 
0410       13253 
0411       13230 
0412       13212 
0413       13207 
0414       13184 
0415       13173 
0416       13148 
0417       13123 
0418       13117 
0419       13114 
0420       13071 
0421       13052 
0422       13028 
0423       13014 
0424       12978 
0425       12958 
0426       12224 
0427       12145 
0428       12145 
0429       12145 
0430       12284 
0431       12399 
0432       12682 
0433       12762 
0434       13074 
0435       13074 
0436       1 
0437       1 
0438       1 
0439       1 
0440       1 
0441       1 
0442       14972 
0443       14972 
0444       1 
0445       1 
0446       1 
0447       1 
0448       1 
0449       1 
0450       1 
0451       1 
0452       1 
0453       1 
0454       1 
0455       9789 
0456       9789 
0457       9731 
0458       9665 
0459       1 
0460       1 
0461       1 
0462       1 
0463       1 
0464       1 
0465       1 
0466       1 
0467       1 
0468       1 
0469       1 
0470       1 
0471       1 
0472       1 
0473       1 
0474       1 
0475       1 
0476       1 
0477       1 
0478       9753 
0479       9753 
0480       8618 
0481       8618 
0482       8618 
0483       8618 
0484       1 
0485       1 
0486       1 
0487       1 
0488       1 
0489       1 
0490       1 
0491       1 
0492       1 
0493       1 
0494       19318 
0495       19318 
0496       7643 
0497       7600 
0498       7600 
0499       7600 
0500       1 
0501       1 
0502       1 
0503       1 
0504       1 
0505       1 
0506       1 
0507       9427 
0508       9427 
0509       7191 
0510       9435 
0511       9450 
0512       9450 
0513       9491 
0514       8778 
0515       8778 
0516       8778 
0517       10340 
0518       10530 
0519       10340 
0520       8143 
0521       8001 
0522       8143 
0523       11996 
0524       12000 
0525       11996 
0526       10565 
0527       10507 
0528       10507 
0529       10504 
0530       10420 
0531       10373 
0532       8414 
0533       1 
0534       1 
0535       1 
0536       10365 
0537       10380 
0538       10428 
0539       10428 
0540       8848 
0541       8791 
0542       8787 
0543       7440 
0544       7421 
0545       7421 
0546       7414 
0547       7414 
0548       7520 
0549       7520 
0550       7542 
0551       7565 
0552       7570 
0553       7565 
0554       7570 
0555       7620 
0556       7620 
0557       7620 
0558       1 
0559       1 
0560       7755 
0561       10004 
0562       10004 
0563       9994 
0564       9736 
0565       9736 
0566       9737 
0567       9737 
0568       8568 
0569       1 
0570       1 
0571       1 
0572       1 
0573       1 
0574       1 
0575       9045 
0576       9045 
0577       8933 
0578       8910 
0579       8856 
0580       8822 
0581       8822 
0582       8822 
0583       8865 
0584       8865 
0585       8847 
0586       8838 
0587       8810 
0588       8810 
0589       1 
0590       1 
0591       1 
0592       8704 
0593       8770 
0594       8770 
0595       8770 
0596       1 
0597       1 
0598       1 
0599       1 
0600       1 
0601       1 
0602       1 
0603       1 
0604       10672 
0605       10672 
0606       10672 
0607       10658 
0608       10688 
0609       10634 
0610       1 
0611       1 
0612       1 
0613       1 
0614       1 
0615       1 
0616       1 
0617       1 
0618       1 
0619       1 
0620       1 
0621       1 
0622       1 
0623       1 
0624       1 
0625       1 
0626       1 
0627       1 
0628       1 
0629       1 
0630       1 
0631       17136 
0632       17136 
0633       17174 
0634       17257 
0635       17257 
0636       1 
0637       1 
0638       1 
0639       1 
0640       1 
0641       1 
0642       1 
0643       1 
0644       1 
0645       1 
0646       1 
0647       1 
0648       19348 
0649       19355 
0650       19348 
0651       19387 
0652       19465 
0653       19551 
0654       19651 
0655       19683 
0656       19773 
0657       19868 
0658       19872 
0659       19962 
0660       20046 
0661       20092 
0662       20139 
0663       20243 
0664       20299 
0665       20368 
0666       20450 
0667       20536 
0668       20597 
0669       20649 
0670       20727 
0671       20727 
0672       20522 
0673       1 
0674       1 
0675       1 
0676       1 
0677       19820 
0678       19820 
0679       19747 
0680       19642 
0681       19562 
0682       19494 
0683       19392 
0684       19307 
0685       19213 
0686       19123 
0687       19038 
0688       18985 
0689       18909 
0690       18813 
0691       18732 
0692       18661 
0693       18577 
0694       18479 
0695       18442 
0696       18316 
0697       18266 
0698       18191 
0699       18147 
0700       18054 
0701       17990 
0702       17938 
0703       17808 
0704       17804 
0705       17736 
0706       17646 
0707       17610 
0708       17539 
0709       17465 
0710       17417 
0711       17375 
0712       17350 
0713       17350 
0714       17350 
0715       17243 
0716       17163 
0717       17163 
0718       17163 
0719       17116 
0720       17116 
0721       17182 
0722       19225 
0723       19225 
0724       19149 
0725       19093 
0726       1 
0727       1 
0728       1 
0729       1 
0730       18770 
0731       18770 
0732       18698 
0733       18682 
0734       1 
0735       1 
0736       1 
0737       1 
0738       1 
0739       1 
0740       1 
0741       1 
0742       15761 
0743       15761 
0744       15690 
0745       15625 
0746       15589 
0747       15544 
0748       15520 
0749       15474 
0750       15413 
0751       15412 
0752       15341 
0753       15307 
0754       15287 
0755       15233 
0756       15189 
0757       15181 
0758       15181 
0759       15263 
0760       15263 
0761       15243 
0762       15232 
0763       15184 
0764       15127 
0765       15105 
0766       15067 
0767       15050 
0768       15032 
0769       14997 
0770       14978 
0771       14937 
0772       14909 
0773       14859 
0774       1 
0775       1 
0776       1 
0777       16898 
0778       16898 
0779       1 
0780       1 
0781       1 
0782       1 
0783       1 
0784       1 
0785       1 
0786       1 
0787       1 
0788       1 
0789       1 
0790       1 
0791       1 
0792       1 
0793       1 
0794       1 
0795       1 
0796       1 
0797       1 
0798       1 
0799       1 
0800       1 
0801       1 
0802       1 
0803       1 
0804       1 
0805       1 
0806       1 
0807       1 
0808       1 
0809       1 
0810       1 
0811       1 
0812       1 
0813       1 
0814       1 
0815       1 
0816       1 
0817       1 
0818       1 
0819       1 
0820       1 
0821       1 
0822       1 
0823       1 
0824       1 
0825       1 
0826       1 
0827       1 
0828       1 
0829       1 
0830       1 
0831       1 
0832       1 
0833       1 
0834       1 
0835       1 
0836       1 
0837       1 
0838       1 
0839       1 
0840       1 
0841       1 
0842       1 
0843       1 
0844       1 
0845       1 
0846       1 
0847       1 
0848       1 
0849       1 
0850       1 
0851       1 
0852       1 
0853       1 
0854       1 
0855       1 
0856       1 
0857       1 
0858       1 
0859       1 
0860       1 
0861       1 
0862       1 
0863       1 
0864       1 
0865       1 
0866       1 
0867       1 
0868       1 
0869       1 
0870       1 
0871       1 
0872       1 
0873       1 
0874       1 
0875       1 
0876       1 
0877       1 
0878       1 
0879       1 
0880       1 
0881       1 
0882       1 
0883       1 
0884       1 
0885       1 
0886       1 
0887       1 
0888       1 
0889       1 
0890       1 
0891       1 
0892       1 
0893       1 
0894       1 
0895       1 
0896       1 
0897       1 
0898       1 
0899       1 
0900       1 
0901       1 
0902       1 
0903       1 
0904       1 
0905       1 
0906       1 
0907       1 
0908       1 
0909       1 
0910       1 
0911       1 
0912       1 
0913       1 
0914       1 
0915       1 
0916       1 
0917       1 
0918       1 
0919       1 
0920       1 
0921       1 
0922       1 
0923       1 
0924       1 
0925       1 
0926       1 
0927       1 
0928       1 
0929       1 
0930       1 
0931       1 
0932       1 
0933       1 
0934       1 
0935       1 
0936       1 
0937       1 
0938       1 
0939       1 
0940       1 
0941       1 
0942       1 
0943       1 
0944       1 
0945       1 
0946       1 
0947       1 
0948       1 
0949       1 
0950       1 
0951       1 
0952       1 
0953       1 
0954       1 
0955       1 
0956       1 
0957       1 
0958       1 
0959       1 
0960       1 
0961       1 
0962       1 
0963       1 
0964       1 
0965       1 
0966       1 
0967       1 
0968       1 
0969       1 
0970       1 
0971       1 
0972       1 
0973       1 
0974       1 
0975       1 
0976       1 
0977       1 
0978       1 
0979       1 
0980       1 
0981       1 
0982       1 
0983       1 
0984       1 
0985       1 
0986       1 
0987       1 
0988       1 
0989       1 
0990       1 
0991       1 
0992       1 
0993       1 
0994       1 
0995       1 
0996       1 
0997       1 
0998       1 
0999       1 
1000       1 
1001       1 
1002       1 
1003       1 
1004       1 
1005       1 
1006       1 
1007       1 
1008       4 
1009       4 
1010       4 
1011       4 
1012       43 
1013       43 
1014       47 
1015       51 
1016       51 
1017       56 
1018       56 
1019       56 
1020       55 
1021       55 
1022       55 
1023       55 
1024       55 
1025       55 
1026       55 
1027       64 
1028       54 
1029       58 
1030       58 
1031       54 
1032       53 
1033       54 
1034       54 
1035       63 
1036       66 
1037       69 
1038       70 
1039       70 
1040       70 
1041       72 
1042       72 
1043       70 
1044       70 
1045       65 
1046       65 
1047       65 
1048       65 
1049       71 
1050       72 
1051       72 
1052       71 
1053       70 
1054       62 
1055       62 
1056       66 
1057       66 
1058       66 
1059       66 
1060       66 
1061       66 
1062       70 
1063       70 
1064       70 
1065       64 
1066       74 
1067       67 
1068       64 
1069       64 
1070       67 
1071       67 
1072       61 
1073       64 
1074       64 
1075       61 
1076       61 
1077       64 
1078       66 
1079       66 
1297966705.095784
