0000       1 
0001       1 
0002       1 
0003       1 
0004       1 
0005       1 
0006       1 
0007       1 
0008       1 
0009       1 
0010       1 
0011       1 
0012       1 
0013       1 
0014       1 
0015       1 
0016       1 
0017       1 
0018       1 
0019       1 
0020       1 
0021       1 
0022       1 
0023       1 
0024       1 
0025       1 
0026       1 
0027       1 
0028       1 
0029       1 
0030       1 
0031       1 
0032       1 
0033       1 
0034       1 
0035       1 
0036       1 
0037       1 
0038       1 
0039       1 
0040       1 
0041       1 
0042       1 
0043       1 
0044       1 
0045       1 
0046       1 
0047       1 
0048       1 
0049       1 
0050       1 
0051       1 
0052       1 
0053       1 
0054       1 
0055       1 
0056       1 
0057       1 
0058       1 
0059       1 
0060       1 
0061       1 
0062       1 
0063       1 
0064       1 
0065       1 
0066       1 
0067       1 
0068       1 
0069       1 
0070       1 
0071       1 
0072       1 
0073       1 
0074       1 
0075       1 
0076       1 
0077       1 
0078       1 
0079       1 
0080       1 
0081       1 
0082       1 
0083       1 
0084       1 
0085       1 
0086       1 
0087       1 
0088       1 
0089       1 
0090       1 
0091       1 
0092       1 
0093       1 
0094       1 
0095       1 
0096       1 
0097       1 
0098       1 
0099       1 
0100       1 
0101       1 
0102       1 
0103       1 
0104       1 
0105       1 
0106       1 
0107       1 
0108       1 
0109       1 
0110       1 
0111       1 
0112       1 
0113       1 
0114       1 
0115       1 
0116       1 
0117       1 
0118       1 
0119       1 
0120       1 
0121       1 
0122       1 
0123       1 
0124       1 
0125       1 
0126       1 
0127       1 
0128       1 
0129       1 
0130       1 
0131       1 
0132       1 
0133       1 
0134       1 
0135       1 
0136       1 
0137       1 
0138       1 
0139       1 
0140       1 
0141       1 
0142       1 
0143       1 
0144       1 
0145       1 
0146       1 
0147       1 
0148       1 
0149       1 
0150       1 
0151       1 
0152       1 
0153       1 
0154       1 
0155       1 
0156       1 
0157       1 
0158       1 
0159       1 
0160       1 
0161       1 
0162       1 
0163       1 
0164       1 
0165       1 
0166       1 
0167       1 
0168       1 
0169       1 
0170       1 
0171       1 
0172       1 
0173       1 
0174       1 
0175       1 
0176       1 
0177       1 
0178       1 
0179       1 
0180       1 
0181       1 
0182       1 
0183       1 
0184       1 
0185       1 
0186       1 
0187       1 
0188       1 
0189       1 
0190       1 
0191       1 
0192       1 
0193       1 
0194       1 
0195       1 
0196       1 
0197       1 
0198       1 
0199       1 
0200       1 
0201       1 
0202       1 
0203       1 
0204       1 
0205       1 
0206       1 
0207       1 
0208       1 
0209       1 
0210       1 
0211       1 
0212       1 
0213       1 
0214       1 
0215       1 
0216       1 
0217       1 
0218       1 
0219       1 
0220       1 
0221       1 
0222       1 
0223       1 
0224       1 
0225       1 
0226       1 
0227       1 
0228       1 
0229       1 
0230       1 
0231       1 
0232       1 
0233       1 
0234       1 
0235       1 
0236       1 
0237       1 
0238       1 
0239       1 
0240       1 
0241       1 
0242       1 
0243       1 
0244       1 
0245       1 
0246       1 
0247       1 
0248       1 
0249       1 
0250       1 
0251       1 
0252       1 
0253       1 
0254       1 
0255       1 
0256       1 
0257       1 
0258       1 
0259       1 
0260       1 
0261       1 
0262       1 
0263       1 
0264       1 
0265       16465 
0266       16483 
0267       16483 
0268       16483 
0269       16415 
0270       16333 
0271       16192 
0272       1 
0273       1 
0274       1 
0275       15192 
0276       15192 
0277       14827 
0278       14700 
0279       14700 
0280       13409 
0281       13375 
0282       13396 
0283       13396 
0284       13420 
0285       13514 
0286       13522 
0287       13554 
0288       13587 
0289       13604 
0290       13622 
0291       13648 
0292       13650 
0293       13683 
0294       13705 
0295       13712 
0296       13746 
0297       13802 
0298       13924 
0299       13924 
0300       1 
0301       1 
0302       1 
0303       1 
0304       1 
0305       1 
0306       1 
0307       1 
0308       1 
0309       1 
0310       1 
0311       1 
0312       1 
0313       1 
0314       1 
0315       1 
0316       1 
0317       1 
0318       1 
0319       1 
0320       1 
0321       1 
0322       1 
0323       1 
0324       14676 
0325       14676 
0326       14704 
0327       14704 
0328       14960 
0329       15037 
0330       15090 
0331       15090 
0332       15068 
0333       15009 
0334       14896 
0335       14772 
0336       14712 
0337       14630 
0338       14558 
0339       14467 
0340       14434 
0341       14327 
0342       14244 
0343       14193 
0344       14035 
0345       11948 
0346       11948 
0347       1 
0348       12078 
0349       12078 
0350       12207 
0351       13657 
0352       13530 
0353       13530 
0354       13481 
0355       13427 
0356       13302 
0357       13302 
0358       13258 
0359       13203 
0360       13123 
0361       13114 
0362       13041 
0363       13008 
0364       12952 
0365       12891 
0366       12828 
0367       10843 
0368       10773 
0369       10680 
0370       10661 
0371       10632 
0372       10591 
0373       10523 
0374       10472 
0375       10410 
0376       10354 
0377       10354 
0378       10336 
0379       10305 
0380       10305 
0381       10354 
0382       10425 
0383       10506 
0384       10506 
0385       10482 
0386       10461 
0387       10461 
0388       10461 
0389       10486 
0390       10766 
0391       11333 
0392       11336 
0393       11379 
0394       11379 
0395       11310 
0396       11277 
0397       11222 
0398       11174 
0399       11163 
0400       11121 
0401       11079 
0402       11024 
0403       10986 
0404       10963 
0405       10892 
0406       10852 
0407       10844 
0408       10802 
0409       10751 
0410       10742 
0411       10702 
0412       10676 
0413       10620 
0414       10594 
0415       10579 
0416       10547 
0417       10510 
0418       10466 
0419       10438 
0420       10396 
0421       10384 
0422       10362 
0423       10349 
0424       10316 
0425       10287 
0426       10254 
0427       10214 
0428       10188 
0429       10176 
0430       10132 
0431       10090 
0432       10066 
0433       10052 
0434       10010 
0435       10006 
0436       9950 
0437       9949 
0438       9910 
0439       9887 
0440       9870 
0441       9830 
0442       9812 
0443       9804 
0444       9745 
0445       9737 
0446       9735 
0447       9688 
0448       9679 
0449       9649 
0450       9642 
0451       9613 
0452       9587 
0453       9576 
0454       9533 
0455       9515 
0456       9493 
0457       9493 
0458       9456 
0459       9435 
0460       9420 
0461       9388 
0462       9388 
0463       9354 
0464       7997 
0465       7954 
0466       7931 
0467       7889 
0468       7811 
0469       7766 
0470       7727 
0471       7699 
0472       7652 
0473       7621 
0474       7597 
0475       7584 
0476       7575 
0477       7573 
0478       7550 
0479       7541 
0480       7538 
0481       7534 
0482       7524 
0483       7520 
0484       7512 
0485       7507 
0486       7507 
0487       7508 
0488       7512 
0489       7541 
0490       7541 
0491       7547 
0492       7547 
0493       7585 
0494       7621 
0495       7663 
0496       7759 
0497       7847 
0498       8018 
0499       8058 
0500       8079 
0501       8401 
0502       8401 
0503       8270 
0504       8236 
0505       8200 
0506       8046 
0507       7966 
0508       6710 
0509       6694 
0510       6694 
0511       6694 
0512       6698 
0513       6695 
0514       6698 
0515       6708 
0516       6708 
0517       6659 
0518       6659 
0519       6659 
0520       6719 
0521       6928 
0522       6994 
0523       7000 
0524       7041 
0525       7045 
0526       7080 
0527       7084 
0528       7172 
0529       7332 
0530       7454 
0531       7454 
0532       7287 
0533       7206 
0534       7161 
0535       7075 
0536       7060 
0537       7008 
0538       6960 
0539       6907 
0540       6898 
0541       6898 
0542       6908 
0543       6931 
0544       6943 
0545       6994 
0546       7233 
0547       7441 
0548       7441 
0549       7418 
0550       7322 
0551       7237 
0552       7189 
0553       7157 
0554       7157 
0555       7186 
0556       7198 
0557       7198 
0558       7154 
0559       7149 
0560       7149 
0561       7152 
0562       7152 
0563       7146 
0564       7142 
0565       7146 
0566       7180 
0567       7180 
0568       7181 
0569       7205 
0570       7218 
0571       7292 
0572       7434 
0573       7499 
0574       7501 
0575       7513 
0576       7518 
0577       7546 
0578       7910 
0579       8647 
0580       8652 
0581       8660 
0582       8660 
0583       8667 
0584       8678 
0585       8681 
0586       8694 
0587       8702 
0588       8707 
0589       8711 
0590       8711 
0591       8711 
0592       8712 
0593       8713 
0594       8721 
0595       8738 
0596       8752 
0597       8754 
0598       8762 
0599       8763 
0600       8769 
0601       8769 
0602       8780 
0603       8796 
0604       8799 
0605       8811 
0606       8820 
0607       8834 
0608       8835 
0609       8849 
0610       8851 
0611       8855 
0612       8880 
0613       8885 
0614       8890 
0615       8895 
0616       8914 
0617       8928 
0618       8955 
0619       8964 
0620       8970 
0621       8972 
0622       8970 
0623       8972 
0624       8984 
0625       8988 
0626       8994 
0627       9007 
0628       9026 
0629       9039 
0630       9044 
0631       9087 
0632       9100 
0633       9104 
0634       9112 
0635       9114 
0636       9124 
0637       9124 
0638       9113 
0639       9108 
0640       9106 
0641       9046 
0642       8894 
0643       8882 
0644       8880 
0645       8853 
0646       8699 
0647       8634 
0648       8477 
0649       8352 
0650       8268 
0651       8190 
0652       8156 
0653       8130 
0654       8101 
0655       8072 
0656       8072 
0657       8114 
0658       8161 
0659       8163 
0660       8173 
0661       8173 
0662       8224 
0663       8863 
0664       9013 
0665       9133 
0666       9296 
0667       9503 
0668       9608 
0669       9642 
0670       9650 
0671       9651 
0672       9656 
0673       9656 
0674       9631 
0675       9628 
0676       9554 
0677       9343 
0678       9278 
0679       9292 
0680       9292 
0681       9292 
0682       9277 
0683       9274 
0684       9274 
0685       9281 
0686       9318 
0687       9318 
0688       9325 
0689       9365 
0690       9372 
0691       9413 
0692       9416 
0693       9428 
0694       9475 
0695       9515 
0696       9590 
0697       9612 
0698       9804 
0699       9856 
0700       9856 
0701       9856 
0702       9211 
0703       10563 
0704       10567 
0705       10634 
0706       10698 
0707       10726 
0708       10776 
0709       10820 
0710       10841 
0711       10847 
0712       10882 
0713       10952 
0714       10964 
0715       11050 
0716       11080 
0717       11161 
0718       11200 
0719       11200 
0720       11260 
0721       11309 
0722       11336 
0723       11341 
0724       11437 
0725       11483 
0726       11534 
0727       11582 
0728       11669 
0729       11714 
0730       11777 
0731       11856 
0732       11880 
0733       11944 
0734       11972 
0735       11972 
0736       11798 
0737       11724 
0738       11674 
0739       11630 
0740       11574 
0741       11535 
0742       11461 
0743       11423 
0744       11369 
0745       11320 
0746       11291 
0747       11229 
0748       11183 
0749       11121 
0750       11114 
0751       11054 
0752       11033 
0753       10966 
0754       10931 
0755       10897 
0756       10893 
0757       10897 
0758       10924 
0759       10958 
0760       10958 
0761       10920 
0762       10918 
0763       10857 
0764       10797 
0765       10692 
0766       10676 
0767       10644 
0768       10609 
0769       10572 
0770       10551 
0771       10524 
0772       10474 
0773       10449 
0774       10426 
0775       10360 
0776       10344 
0777       10312 
0778       10276 
0779       10098 
0780       9967 
0781       9941 
0782       9904 
0783       9881 
0784       9859 
0785       9832 
0786       9796 
0787       9766 
0788       9738 
0789       9720 
0790       9687 
0791       9669 
0792       9648 
0793       9595 
0794       9589 
0795       9569 
0796       9541 
0797       9509 
0798       9471 
0799       9458 
0800       9437 
0801       9411 
0802       9391 
0803       9365 
0804       9352 
0805       9313 
0806       9299 
0807       9282 
0808       9269 
0809       9239 
0810       9216 
0811       9214 
0812       9175 
0813       9164 
0814       9128 
0815       9116 
0816       9113 
0817       9103 
0818       9103 
0819       9106 
0820       9111 
0821       9154 
0822       9176 
0823       9176 
0824       9143 
0825       9140 
0826       9108 
0827       9096 
0828       9076 
0829       9058 
0830       9050 
0831       9023 
0832       9014 
0833       9006 
0834       9005 
0835       8976 
0836       8955 
0837       8954 
0838       8931 
0839       8925 
0840       8890 
0841       8886 
0842       8884 
0843       8867 
0844       8848 
0845       8836 
0846       8826 
0847       8813 
0848       8792 
0849       8784 
0850       8768 
0851       8638 
0852       8604 
0853       8547 
0854       8534 
0855       8529 
0856       8528 
0857       8510 
0858       8496 
0859       8481 
0860       8475 
0861       8465 
0862       8460 
0863       8452 
0864       8431 
0865       8431 
0866       8507 
0867       8620 
0868       8620 
0869       8628 
0870       8612 
0871       8601 
0872       8592 
0873       8576 
0874       8574 
0875       8576 
0876       8572 
0877       8563 
0878       8543 
0879       8530 
0880       8498 
0881       8468 
0882       8468 
0883       8526 
0884       8571 
0885       8571 
0886       8556 
0887       8564 
0888       8564 
0889       8764 
0890       9006 
0891       9340 
0892       9834 
0893       9940 
0894       11421 
0895       11421 
0896       9927 
0897       9893 
0898       9897 
0899       9893 
0900       9855 
0901       9861 
0902       9861 
0903       9886 
0904       9861 
0905       9861 
0906       9710 
0907       9710 
0908       9684 
0909       1 
0910       1 
0911       1 
0912       1 
0913       1 
0914       1 
0915       1 
0916       1 
0917       1 
0918       1 
0919       1 
0920       1 
0921       1 
0922       1 
0923       1 
0924       1 
0925       1 
0926       1 
0927       1 
0928       1 
0929       1 
0930       1 
0931       1 
0932       1 
0933       1 
0934       1 
0935       1 
0936       1 
0937       1 
0938       1 
0939       1 
0940       1 
0941       1 
0942       1 
0943       1 
0944       1 
0945       1 
0946       1 
0947       1 
0948       1 
0949       1 
0950       1 
0951       1 
0952       1 
0953       1 
0954       1 
0955       1 
0956       1 
0957       1 
0958       1 
0959       1 
0960       1 
0961       1 
0962       1 
0963       1 
0964       1 
0965       1 
0966       1 
0967       1 
0968       1 
0969       1 
0970       1 
0971       1 
0972       1 
0973       1 
0974       1 
0975       1 
0976       1 
0977       1 
0978       1 
0979       1 
0980       1 
0981       1 
0982       1 
0983       1 
0984       1 
0985       1 
0986       1 
0987       1 
0988       1 
0989       1 
0990       1 
0991       1 
0992       1 
0993       1 
0994       1 
0995       1 
0996       1 
0997       1 
0998       1 
0999       1 
1000       1 
1001       1 
1002       1 
1003       1 
1004       1 
1005       1 
1006       1 
1007       1 
1008       54 
1009       54 
1010       54 
1011       54 
1012       42 
1013       42 
1014       42 
1015       42 
1016       42 
1017       47 
1018       51 
1019       56 
1020       60 
1021       60 
1022       60 
1023       66 
1024       66 
1025       63 
1026       59 
1027       53 
1028       52 
1029       51 
1030       51 
1031       49 
1032       46 
1033       46 
1034       46 
1035       61 
1036       67 
1037       67 
1038       69 
1039       68 
1040       69 
1041       70 
1042       70 
1043       70 
1044       70 
1045       70 
1046       67 
1047       66 
1048       66 
1049       68 
1050       66 
1051       66 
1052       67 
1053       59 
1054       56 
1055       56 
1056       64 
1057       64 
1058       64 
1059       67 
1060       64 
1061       66 
1062       61 
1063       66 
1064       66 
1065       67 
1066       67 
1067       67 
1068       67 
1069       65 
1070       65 
1071       65 
1072       63 
1073       63 
1074       66 
1075       66 
1076       63 
1077       61 
1078       61 
1079       54 
1297966694.342268
