0000       1 
0001       1 
0002       1 
0003       1 
0004       1 
0005       1 
0006       1 
0007       1 
0008       1 
0009       1 
0010       1 
0011       1 
0012       1 
0013       1 
0014       1 
0015       1 
0016       1 
0017       1 
0018       1 
0019       1 
0020       1 
0021       1 
0022       1 
0023       1 
0024       1 
0025       1 
0026       1 
0027       1 
0028       1 
0029       1 
0030       1 
0031       1 
0032       1 
0033       1 
0034       1 
0035       1 
0036       1 
0037       1 
0038       1 
0039       1 
0040       1 
0041       1 
0042       1 
0043       1 
0044       1 
0045       1 
0046       1 
0047       1 
0048       1 
0049       1 
0050       1 
0051       1 
0052       1 
0053       1 
0054       1 
0055       1 
0056       1 
0057       1 
0058       1 
0059       1 
0060       1 
0061       1 
0062       1 
0063       1 
0064       1 
0065       1 
0066       1 
0067       1 
0068       1 
0069       1 
0070       1 
0071       1 
0072       1 
0073       1 
0074       1 
0075       1 
0076       1 
0077       1 
0078       1 
0079       1 
0080       1 
0081       1 
0082       1 
0083       1 
0084       1 
0085       1 
0086       1 
0087       1 
0088       1 
0089       1 
0090       1 
0091       1 
0092       1 
0093       1 
0094       1 
0095       1 
0096       1 
0097       1 
0098       1 
0099       1 
0100       1 
0101       1 
0102       1 
0103       1 
0104       1 
0105       1 
0106       1 
0107       1 
0108       1 
0109       1 
0110       1 
0111       1 
0112       1 
0113       1 
0114       1 
0115       1 
0116       1 
0117       1 
0118       1 
0119       1 
0120       1 
0121       1 
0122       1 
0123       1 
0124       1 
0125       1 
0126       1 
0127       1 
0128       1 
0129       1 
0130       1 
0131       1 
0132       1 
0133       1 
0134       1 
0135       22333 
0136       22333 
0137       22283 
0138       22274 
0139       22267 
0140       22234 
0141       22222 
0142       22162 
0143       22171 
0144       22120 
0145       22117 
0146       1 
0147       1 
0148       1 
0149       21898 
0150       22038 
0151       22038 
0152       22030 
0153       22020 
0154       21984 
0155       21950 
0156       21946 
0157       21939 
0158       21932 
0159       16188 
0160       16171 
0161       16154 
0162       16143 
0163       16130 
0164       16127 
0165       16125 
0166       16112 
0167       16101 
0168       16098 
0169       16091 
0170       16091 
0171       16092 
0172       16092 
0173       16080 
0174       16075 
0175       16065 
0176       16058 
0177       15932 
0178       15866 
0179       15863 
0180       15846 
0181       15844 
0182       15829 
0183       15840 
0184       15840 
0185       15864 
0186       15965 
0187       16023 
0188       16434 
0189       16473 
0190       16444 
0191       16476 
0192       16444 
0193       16446 
0194       16425 
0195       16419 
0196       1 
0197       1 
0198       1 
0199       1 
0200       1 
0201       1 
0202       1 
0203       15923 
0204       15923 
0205       15869 
0206       15864 
0207       15864 
0208       15871 
0209       15880 
0210       15880 
0211       15880 
0212       15886 
0213       15889 
0214       15895 
0215       15902 
0216       15904 
0217       15904 
0218       15335 
0219       1 
0220       1 
0221       1 
0222       15335 
0223       15964 
0224       15964 
0225       15862 
0226       15410 
0227       1 
0228       1 
0229       15410 
0230       16045 
0231       16052 
0232       16119 
0233       16263 
0234       16267 
0235       16278 
0236       16294 
0237       16297 
0238       16321 
0239       16322 
0240       16337 
0241       16356 
0242       16362 
0243       16396 
0244       16423 
0245       16446 
0246       16450 
0247       16456 
0248       16458 
0249       16458 
0250       16437 
0251       16409 
0252       16400 
0253       16400 
0254       16415 
0255       16424 
0256       16461 
0257       16475 
0258       16510 
0259       16532 
0260       16556 
0261       16573 
0262       16580 
0263       16580 
0264       16283 
0265       16580 
0266       16684 
0267       16717 
0268       16731 
0269       16753 
0270       16780 
0271       16812 
0272       16812 
0273       16812 
0274       16902 
0275       16911 
0276       16985 
0277       16985 
0278       1 
0279       1 
0280       1 
0281       1 
0282       1 
0283       1 
0284       1 
0285       1 
0286       14262 
0287       14262 
0288       14230 
0289       14230 
0290       14256 
0291       14294 
0292       14295 
0293       14346 
0294       14371 
0295       14423 
0296       14433 
0297       14456 
0298       14503 
0299       14542 
0300       14551 
0301       14588 
0302       14623 
0303       14645 
0304       14681 
0305       14709 
0306       14764 
0307       14764 
0308       1 
0309       1 
0310       1 
0311       1 
0312       1 
0313       1 
0314       1 
0315       1 
0316       13010 
0317       13010 
0318       12920 
0319       12830 
0320       12741 
0321       12651 
0322       12566 
0323       12467 
0324       12382 
0325       12293 
0326       12179 
0327       12110 
0328       12067 
0329       11993 
0330       11892 
0331       11827 
0332       11775 
0333       11675 
0334       11602 
0335       11518 
0336       11454 
0337       11379 
0338       11285 
0339       11255 
0340       11159 
0341       11159 
0342       11182 
0343       11248 
0344       11254 
0345       11283 
0346       11340 
0347       11369 
0348       11435 
0349       11457 
0350       11508 
0351       11547 
0352       11595 
0353       11632 
0354       11673 
0355       11706 
0356       11771 
0357       11820 
0358       11860 
0359       11892 
0360       11939 
0361       11992 
0362       12055 
0363       12129 
0364       12188 
0365       12214 
0366       12258 
0367       12317 
0368       12356 
0369       12414 
0370       12414 
0371       12397 
0372       12317 
0373       12317 
0374       12314 
0375       12314 
0376       12275 
0377       12208 
0378       12190 
0379       12126 
0380       12072 
0381       12022 
0382       11971 
0383       11936 
0384       11889 
0385       11855 
0386       11792 
0387       11743 
0388       11681 
0389       11650 
0390       11631 
0391       11564 
0392       11505 
0393       11456 
0394       11451 
0395       11386 
0396       11380 
0397       11285 
0398       11271 
0399       11231 
0400       11196 
0401       11130 
0402       11086 
0403       11079 
0404       11042 
0405       10985 
0406       10962 
0407       10908 
0408       10862 
0409       10815 
0410       10797 
0411       10767 
0412       10727 
0413       10714 
0414       10673 
0415       10652 
0416       10612 
0417       10611 
0418       10601 
0419       10581 
0420       10557 
0421       10504 
0422       10484 
0423       10473 
0424       10445 
0425       10415 
0426       10393 
0427       10345 
0428       10323 
0429       10280 
0430       10270 
0431       10244 
0432       10201 
0433       10198 
0434       10152 
0435       10140 
0436       10132 
0437       10100 
0438       10077 
0439       10015 
0440       10001 
0441       9997 
0442       9993 
0443       9950 
0444       9924 
0445       9922 
0446       9897 
0447       9859 
0448       6961 
0449       6961 
0450       7007 
0451       7033 
0452       7039 
0453       7033 
0454       7032 
0455       7019 
0456       7003 
0457       6974 
0458       6962 
0459       6950 
0460       6927 
0461       6915 
0462       6908 
0463       6900 
0464       6885 
0465       6885 
0466       6869 
0467       6851 
0468       6849 
0469       6817 
0470       6785 
0471       6774 
0472       6774 
0473       6774 
0474       6766 
0475       6761 
0476       6743 
0477       6732 
0478       6725 
0479       6707 
0480       6701 
0481       6680 
0482       6655 
0483       6653 
0484       6653 
0485       6653 
0486       6642 
0487       6631 
0488       6627 
0489       6620 
0490       6601 
0491       6592 
0492       6575 
0493       6565 
0494       6558 
0495       6562 
0496       6562 
0497       6562 
0498       6550 
0499       6537 
0500       6533 
0501       6517 
0502       6516 
0503       6508 
0504       6467 
0505       6467 
0506       6471 
0507       6471 
0508       6464 
0509       6464 
0510       6465 
0511       6465 
0512       6450 
0513       6437 
0514       6417 
0515       6395 
0516       6395 
0517       6399 
0518       6406 
0519       6406 
0520       6401 
0521       6398 
0522       6385 
0523       6385 
0524       6396 
0525       6396 
0526       6376 
0527       6349 
0528       6347 
0529       6347 
0530       6364 
0531       6370 
0532       6370 
0533       6371 
0534       6354 
0535       6344 
0536       6344 
0537       6347 
0538       6347 
0539       6314 
0540       6314 
0541       6314 
0542       6324 
0543       6331 
0544       6331 
0545       6327 
0546       6327 
0547       6323 
0548       6323 
0549       6324 
0550       6324 
0551       6305 
0552       6291 
0553       6291 
0554       6311 
0555       6315 
0556       6325 
0557       6325 
0558       6325 
0559       6325 
0560       6329 
0561       6325 
0562       6321 
0563       6319 
0564       6292 
0565       6292 
0566       6322 
0567       6322 
0568       6322 
0569       6324 
0570       6329 
0571       6348 
0572       6348 
0573       6333 
0574       6330 
0575       6330 
0576       6317 
0577       6317 
0578       6320 
0579       6345 
0580       6346 
0581       6346 
0582       6351 
0583       6360 
0584       6360 
0585       6365 
0586       6365 
0587       6365 
0588       6350 
0589       6350 
0590       6357 
0591       6372 
0592       6376 
0593       6382 
0594       6382 
0595       6400 
0596       6410 
0597       6411 
0598       6422 
0599       6422 
0600       6402 
0601       6402 
0602       6423 
0603       6442 
0604       6449 
0605       6461 
0606       6463 
0607       6477 
0608       6477 
0609       6479 
0610       6483 
0611       6483 
0612       6467 
0613       6467 
0614       6484 
0615       6505 
0616       6524 
0617       6528 
0618       6544 
0619       6545 
0620       6554 
0621       6558 
0622       6561 
0623       6558 
0624       6561 
0625       6580 
0626       6605 
0627       6607 
0628       6621 
0629       6623 
0630       6640 
0631       6649 
0632       6663 
0633       6665 
0634       6665 
0635       6662 
0636       6662 
0637       6714 
0638       6727 
0639       6736 
0640       6740 
0641       6752 
0642       6765 
0643       6779 
0644       6786 
0645       6786 
0646       6790 
0647       6790 
0648       6821 
0649       6849 
0650       6866 
0651       6880 
0652       6890 
0653       6894 
0654       6905 
0655       6919 
0656       6924 
0657       6924 
0658       6964 
0659       6970 
0660       6992 
0661       7011 
0662       7030 
0663       7042 
0664       7053 
0665       7053 
0666       7053 
0667       7082 
0668       7114 
0669       7146 
0670       7147 
0671       7162 
0672       7168 
0673       7208 
0674       7214 
0675       7221 
0676       7221 
0677       7249 
0678       7284 
0679       7307 
0680       7328 
0681       7348 
0682       7354 
0683       7374 
0684       7385 
0685       7387 
0686       7425 
0687       7458 
0688       7485 
0689       7502 
0690       7534 
0691       7545 
0692       7569 
0693       7569 
0694       7571 
0695       7626 
0696       7659 
0697       7684 
0698       7711 
0699       7712 
0700       7750 
0701       7760 
0702       7766 
0703       7798 
0704       7841 
0705       7868 
0706       7885 
0707       7927 
0708       7958 
0709       7963 
0710       7963 
0711       7984 
0712       7986 
0713       10987 
0714       11034 
0715       11081 
0716       11115 
0717       11125 
0718       11190 
0719       11234 
0720       11273 
0721       11307 
0722       11358 
0723       11394 
0724       11446 
0725       11484 
0726       11538 
0727       11601 
0728       11615 
0729       11670 
0730       11710 
0731       11782 
0732       11814 
0733       11892 
0734       11909 
0735       11962 
0736       12024 
0737       12086 
0738       12098 
0739       12165 
0740       12182 
0741       12284 
0742       12330 
0743       12398 
0744       12487 
0745       12524 
0746       12556 
0747       12630 
0748       12668 
0749       12699 
0750       12699 
0751       12681 
0752       12635 
0753       12624 
0754       12521 
0755       7434 
0756       7431 
0757       7434 
0758       7431 
0759       7425 
0760       7367 
0761       7361 
0762       7348 
0763       7309 
0764       7264 
0765       7260 
0766       7255 
0767       7248 
0768       7212 
0769       7207 
0770       7140 
0771       7140 
0772       7138 
0773       7122 
0774       7109 
0775       7051 
0776       3780 
0777       3749 
0778       3749 
0779       3751 
0780       3751 
0781       3770 
0782       3779 
0783       3791 
0784       3803 
0785       3805 
0786       3833 
0787       3861 
0788       3861 
0789       3873 
0790       3888 
0791       3926 
0792       3951 
0793       3951 
0794       3951 
0795       3945 
0796       3795 
0797       3576 
0798       3441 
0799       3327 
0800       3327 
0801       3327 
0802       3353 
0803       3363 
0804       3364 
0805       3371 
0806       3383 
0807       3427 
0808       3432 
0809       3451 
0810       3468 
0811       3475 
0812       3478 
0813       3511 
0814       3529 
0815       3557 
0816       3580 
0817       3596 
0818       3607 
0819       3655 
0820       3705 
0821       3719 
0822       3741 
0823       3767 
0824       3816 
0825       3853 
0826       3872 
0827       3914 
0828       3948 
0829       4004 
0830       4031 
0831       4088 
0832       4127 
0833       4180 
0834       4231 
0835       4305 
0836       4359 
0837       4455 
0838       4514 
0839       4590 
0840       4671 
0841       6452 
0842       6452 
0843       6452 
0844       6420 
0845       6404 
0846       6359 
0847       6348 
0848       6310 
0849       6289 
0850       6243 
0851       6207 
0852       6176 
0853       6155 
0854       6126 
0855       6097 
0856       6067 
0857       6062 
0858       6030 
0859       6029 
0860       5971 
0861       5964 
0862       5951 
0863       5947 
0864       5897 
0865       5843 
0866       5843 
0867       5843 
0868       5863 
0869       5885 
0870       5954 
0871       6108 
0872       6245 
0873       6329 
0874       6374 
0875       6374 
0876       6376 
0877       6361 
0878       6339 
0879       6316 
0880       6316 
0881       6332 
0882       6334 
0883       6332 
0884       6302 
0885       6253 
0886       6253 
0887       6313 
0888       6313 
0889       6299 
0890       6297 
0891       6289 
0892       6149 
0893       6289 
0894       6296 
0895       6299 
0896       6299 
0897       6299 
0898       1 
0899       1 
0900       1 
0901       1 
0902       1 
0903       1 
0904       1 
0905       1 
0906       1 
0907       1 
0908       1 
0909       1 
0910       1 
0911       1 
0912       1 
0913       1 
0914       1 
0915       1 
0916       1 
0917       1 
0918       1 
0919       1 
0920       1 
0921       1 
0922       1 
0923       1 
0924       1 
0925       1 
0926       1 
0927       1 
0928       1 
0929       1 
0930       1 
0931       1 
0932       1 
0933       1 
0934       1 
0935       1 
0936       1 
0937       1 
0938       1 
0939       1 
0940       1 
0941       1 
0942       1 
0943       1 
0944       1 
0945       1 
0946       1 
0947       1 
0948       1 
0949       1 
0950       1 
0951       1 
0952       1 
0953       1 
0954       1 
0955       1 
0956       1 
0957       1 
0958       1 
0959       1 
0960       1 
0961       1 
0962       1 
0963       1 
0964       1 
0965       1 
0966       1 
0967       1 
0968       1 
0969       1 
0970       1 
0971       1 
0972       1 
0973       1 
0974       1 
0975       1 
0976       1 
0977       1 
0978       1 
0979       1 
0980       1 
0981       1 
0982       1 
0983       1 
0984       1 
0985       1 
0986       1 
0987       1 
0988       1 
0989       1 
0990       1 
0991       1 
0992       1 
0993       1 
0994       1 
0995       1 
0996       1 
0997       1 
0998       1 
0999       1 
1000       1 
1001       1 
1002       1 
1003       1 
1004       1 
1005       1 
1006       1 
1007       4 
1008       4 
1009       4 
1010       4 
1011       48 
1012       48 
1013       53 
1014       53 
1015       53 
1016       51 
1017       52 
1018       51 
1019       46 
1020       51 
1021       52 
1022       56 
1023       62 
1024       62 
1025       62 
1026       62 
1027       62 
1028       53 
1029       52 
1030       49 
1031       50 
1032       49 
1033       49 
1034       50 
1035       65 
1036       65 
1037       69 
1038       65 
1039       65 
1040       66 
1041       69 
1042       69 
1043       69 
1044       66 
1045       66 
1046       66 
1047       66 
1048       68 
1049       71 
1050       71 
1051       68 
1052       67 
1053       67 
1054       65 
1055       66 
1056       57 
1057       62 
1058       57 
1059       62 
1060       57 
1061       62 
1062       63 
1063       65 
1064       64 
1065       64 
1066       64 
1067       64 
1068       63 
1069       63 
1070       63 
1071       63 
1072       63 
1073       69 
1074       69 
1075       69 
1076       67 
1077       67 
1078       67 
1079       67 
1297966678.331541
