0000       1 
0001       1 
0002       1 
0003       1 
0004       1 
0005       1 
0006       1 
0007       1 
0008       1 
0009       1 
0010       1 
0011       1 
0012       1 
0013       1 
0014       1 
0015       1 
0016       1 
0017       1 
0018       1 
0019       1 
0020       1 
0021       1 
0022       1 
0023       1 
0024       1 
0025       1 
0026       1 
0027       1 
0028       1 
0029       1 
0030       1 
0031       1 
0032       1 
0033       1 
0034       1 
0035       1 
0036       1 
0037       1 
0038       1 
0039       1 
0040       1 
0041       1 
0042       1 
0043       1 
0044       1 
0045       1 
0046       1 
0047       1 
0048       1 
0049       1 
0050       1 
0051       1 
0052       1 
0053       1 
0054       1 
0055       1 
0056       1 
0057       1 
0058       1 
0059       1 
0060       1 
0061       1 
0062       1 
0063       1 
0064       1 
0065       1 
0066       1 
0067       1 
0068       1 
0069       1 
0070       1 
0071       1 
0072       1 
0073       1 
0074       1 
0075       1 
0076       1 
0077       1 
0078       1 
0079       1 
0080       1 
0081       1 
0082       1 
0083       1 
0084       1 
0085       1 
0086       1 
0087       1 
0088       1 
0089       1 
0090       1 
0091       1 
0092       1 
0093       1 
0094       1 
0095       1 
0096       1 
0097       1 
0098       1 
0099       1 
0100       1 
0101       1 
0102       1 
0103       1 
0104       1 
0105       1 
0106       1 
0107       1 
0108       1 
0109       1 
0110       1 
0111       1 
0112       1 
0113       1 
0114       1 
0115       1 
0116       1 
0117       1 
0118       1 
0119       1 
0120       1 
0121       1 
0122       1 
0123       1 
0124       1 
0125       1 
0126       1 
0127       1 
0128       1 
0129       1 
0130       1 
0131       1 
0132       1 
0133       1 
0134       1 
0135       1 
0136       1 
0137       1 
0138       4680 
0139       4704 
0140       4704 
0141       4704 
0142       4703 
0143       4702 
0144       4693 
0145       4693 
0146       4690 
0147       4683 
0148       4681 
0149       4673 
0150       4672 
0151       4659 
0152       4653 
0153       4648 
0154       4648 
0155       4648 
0156       4642 
0157       4641 
0158       4637 
0159       4629 
0160       4627 
0161       4621 
0162       4616 
0163       4611 
0164       4609 
0165       4609 
0166       4608 
0167       4608 
0168       4607 
0169       4602 
0170       4600 
0171       4592 
0172       4592 
0173       4588 
0174       4588 
0175       4588 
0176       4585 
0177       4583 
0178       4582 
0179       4574 
0180       4571 
0181       4571 
0182       4571 
0183       4568 
0184       4568 
0185       4565 
0186       4558 
0187       4558 
0188       4558 
0189       4558 
0190       4558 
0191       4558 
0192       4544 
0193       4544 
0194       4544 
0195       4544 
0196       4544 
0197       4543 
0198       4543 
0199       4543 
0200       4544 
0201       4544 
0202       4547 
0203       4548 
0204       4548 
0205       4555 
0206       4555 
0207       4555 
0208       4555 
0209       4548 
0210       4548 
0211       4549 
0212       4549 
0213       4549 
0214       4549 
0215       4549 
0216       4549 
0217       4552 
0218       4555 
0219       4555 
0220       4556 
0221       4555 
0222       4556 
0223       4556 
0224       4557 
0225       4559 
0226       4566 
0227       4563 
0228       4566 
0229       4570 
0230       4580 
0231       4580 
0232       4583 
0233       4587 
0234       4588 
0235       4588 
0236       4588 
0237       4588 
0238       4589 
0239       4592 
0240       4598 
0241       4598 
0242       4603 
0243       4615 
0244       4615 
0245       4625 
0246       4628 
0247       4628 
0248       4629 
0249       4639 
0250       4639 
0251       4647 
0252       4649 
0253       4653 
0254       4658 
0255       4658 
0256       4662 
0257       4666 
0258       4674 
0259       4684 
0260       4684 
0261       4685 
0262       4689 
0263       4696 
0264       4696 
0265       4714 
0266       4718 
0267       4725 
0268       4726 
0269       4727 
0270       4733 
0271       4738 
0272       4753 
0273       4756 
0274       4760 
0275       4761 
0276       4775 
0277       4781 
0278       4784 
0279       4798 
0280       4806 
0281       4812 
0282       4824 
0283       4824 
0284       4826 
0285       4839 
0286       4847 
0287       4858 
0288       4860 
0289       4864 
0290       4877 
0291       4884 
0292       4885 
0293       4895 
0294       4914 
0295       4923 
0296       4931 
0297       4939 
0298       4943 
0299       4946 
0300       4966 
0301       4966 
0302       4978 
0303       4986 
0304       4995 
0305       5024 
0306       5026 
0307       5035 
0308       5052 
0309       5059 
0310       5061 
0311       5061 
0312       5076 
0313       5112 
0314       5121 
0315       5125 
0316       5132 
0317       5140 
0318       5154 
0319       5170 
0320       5184 
0321       5204 
0322       5215 
0323       5218 
0324       5238 
0325       5245 
0326       5261 
0327       5270 
0328       5294 
0329       5309 
0330       5316 
0331       5339 
0332       5346 
0333       5346 
0334       5372 
0335       5391 
0336       5413 
0337       5416 
0338       5420 
0339       5454 
0340       5464 
0341       5487 
0342       5502 
0343       5521 
0344       5535 
0345       5538 
0346       5566 
0347       5584 
0348       5598 
0349       5620 
0350       5629 
0351       5659 
0352       5676 
0353       5704 
0354       5715 
0355       5728 
0356       5747 
0357       5755 
0358       5789 
0359       5807 
0360       5821 
0361       5838 
0362       5856 
0363       5886 
0364       5919 
0365       5934 
0366       5951 
0367       5969 
0368       5985 
0369       6011 
0370       6037 
0371       6079 
0372       6106 
0373       6133 
0374       6141 
0375       6158 
0376       6175 
0377       6212 
0378       6240 
0379       6255 
0380       6285 
0381       6307 
0382       6335 
0383       6364 
0384       6386 
0385       6429 
0386       6451 
0387       6480 
0388       6514 
0389       6540 
0390       6571 
0391       6598 
0392       6632 
0393       6667 
0394       6684 
0395       6730 
0396       6780 
0397       6794 
0398       6846 
0399       6862 
0400       6915 
0401       6937 
0402       6968 
0403       7010 
0404       7045 
0405       7087 
0406       7129 
0407       7166 
0408       7210 
0409       7237 
0410       7277 
0411       7333 
0412       7360 
0413       7405 
0414       7436 
0415       7484 
0416       7537 
0417       7571 
0418       7614 
0419       7659 
0420       7692 
0421       7756 
0422       7813 
0423       7851 
0424       7901 
0425       7954 
0426       7996 
0427       8068 
0428       8110 
0429       8170 
0430       8174 
0431       8174 
0432       8171 
0433       8155 
0434       8148 
0435       8142 
0436       8136 
0437       8128 
0438       8128 
0439       8126 
0440       8111 
0441       8108 
0442       8104 
0443       8104 
0444       8109 
0445       8118 
0446       8150 
0447       8216 
0448       8303 
0449       8382 
0450       8424 
0451       8511 
0452       8567 
0453       8732 
0454       9007 
0455       9068 
0456       9116 
0457       9217 
0458       9384 
0459       9514 
0460       9560 
0461       9560 
0462       9518 
0463       9491 
0464       7923 
0465       7920 
0466       7913 
0467       7907 
0468       7903 
0469       7844 
0470       7798 
0471       7772 
0472       7762 
0473       7704 
0474       7671 
0475       7624 
0476       7614 
0477       7614 
0478       7614 
0479       7588 
0480       7523 
0481       7506 
0482       7508 
0483       7508 
0484       7508 
0485       7542 
0486       7542 
0487       7542 
0488       7486 
0489       7429 
0490       7375 
0491       7375 
0492       7386 
0493       7425 
0494       7425 
0495       7437 
0496       7417 
0497       7417 
0498       7387 
0499       7387 
0500       7367 
0501       7367 
0502       7339 
0503       7291 
0504       7260 
0505       7242 
0506       7242 
0507       7295 
0508       7295 
0509       7262 
0510       7262 
0511       7283 
0512       7283 
0513       7283 
0514       7291 
0515       7299 
0516       7308 
0517       7308 
0518       7371 
0519       7473 
0520       7623 
0521       7670 
0522       7717 
0523       8035 
0524       8557 
0525       8606 
0526       8615 
0527       8610 
0528       8610 
0529       8588 
0530       8588 
0531       8589 
0532       8589 
0533       8587 
0534       8568 
0535       8559 
0536       8556 
0537       8556 
0538       8556 
0539       8554 
0540       8547 
0541       8544 
0542       8538 
0543       8532 
0544       8528 
0545       8524 
0546       8523 
0547       8524 
0548       8514 
0549       8511 
0550       8511 
0551       8512 
0552       8512 
0553       8503 
0554       8502 
0555       8492 
0556       8492 
0557       8506 
0558       8520 
0559       8525 
0560       8526 
0561       8525 
0562       8524 
0563       8517 
0564       8514 
0565       8514 
0566       8507 
0567       8509 
0568       8504 
0569       8503 
0570       8503 
0571       8515 
0572       8515 
0573       8515 
0574       8513 
0575       8513 
0576       8513 
0577       8521 
0578       8542 
0579       8549 
0580       8550 
0581       8550 
0582       8546 
0583       8546 
0584       8559 
0585       8565 
0586       8565 
0587       8561 
0588       8561 
0589       8566 
0590       8568 
0591       8569 
0592       8571 
0593       8573 
0594       8573 
0595       8586 
0596       8614 
0597       8626 
0598       8633 
0599       8639 
0600       8644 
0601       8647 
0602       8676 
0603       8676 
0604       8667 
0605       8667 
0606       8661 
0607       8673 
0608       8693 
0609       8695 
0610       8693 
0611       8685 
0612       8685 
0613       8721 
0614       8746 
0615       8748 
0616       8759 
0617       8766 
0618       8775 
0619       8779 
0620       8790 
0621       8802 
0622       8802 
0623       8789 
0624       8639 
0625       8472 
0626       8183 
0627       8058 
0628       7943 
0629       7857 
0630       7799 
0631       7779 
0632       7758 
0633       7740 
0634       7740 
0635       7711 
0636       7678 
0637       7678 
0638       7711 
0639       7728 
0640       7729 
0641       7733 
0642       7737 
0643       7737 
0644       7713 
0645       7713 
0646       7737 
0647       7748 
0648       7786 
0649       7786 
0650       7792 
0651       7820 
0652       7862 
0653       7924 
0654       8185 
0655       8508 
0656       8542 
0657       8544 
0658       8542 
0659       8531 
0660       8522 
0661       8522 
0662       8479 
0663       8507 
0664       8507 
0665       8615 
0666       8615 
0667       8626 
0668       8628 
0669       8628 
0670       8561 
0671       8561 
0672       8614 
0673       8614 
0674       8463 
0675       8368 
0676       8368 
0677       8349 
0678       8409 
0679       7534 
0680       7568 
0681       7568 
0682       7638 
0683       7752 
0684       7752 
0685       7494 
0686       7494 
0687       7572 
0688       7708 
0689       7708 
0690       7551 
0691       7551 
0692       8013 
0693       8316 
0694       8316 
0695       8306 
0696       8279 
0697       8301 
0698       8279 
0699       8240 
0700       8240 
0701       8251 
0702       8313 
0703       8353 
0704       8354 
0705       8633 
0706       8633 
0707       8499 
0708       8499 
0709       8716 
0710       8922 
0711       8922 
0712       8922 
0713       8996 
0714       9094 
0715       9144 
0716       9208 
0717       9243 
0718       9243 
0719       9157 
0720       9157 
0721       11066 
0722       11111 
0723       11169 
0724       11210 
0725       11245 
0726       11279 
0727       11314 
0728       11345 
0729       11437 
0730       11475 
0731       11488 
0732       11515 
0733       11544 
0734       11597 
0735       11628 
0736       11689 
0737       11756 
0738       11799 
0739       11832 
0740       11841 
0741       11861 
0742       11861 
0743       11883 
0744       11883 
0745       11910 
0746       11864 
0747       11601 
0748       11458 
0749       11601 
0750       11458 
0751       11376 
0752       11340 
0753       11220 
0754       11142 
0755       11102 
0756       11100 
0757       11061 
0758       11054 
0759       11054 
0760       11099 
0761       11100 
0762       11122 
0763       11185 
0764       11233 
0765       11273 
0766       11340 
0767       11417 
0768       11514 
0769       11709 
0770       13179 
0771       13179 
0772       13138 
0773       13069 
0774       12704 
0775       12641 
0776       12641 
0777       12658 
0778       12815 
0779       12815 
0780       12811 
0781       12636 
0782       12477 
0783       12447 
0784       12447 
0785       12495 
0786       12495 
0787       12495 
0788       12518 
0789       12570 
0790       12613 
0791       12666 
0792       12724 
0793       12855 
0794       12855 
0795       13033 
0796       14125 
0797       14199 
0798       14251 
0799       15634 
0800       15634 
0801       15602 
0802       15571 
0803       15499 
0804       15472 
0805       15426 
0806       15386 
0807       15355 
0808       15304 
0809       15266 
0810       15242 
0811       15195 
0812       15166 
0813       15139 
0814       15139 
0815       15193 
0816       15259 
0817       15259 
0818       15271 
0819       17190 
0820       17190 
0821       15061 
0822       15036 
0823       14997 
0824       14957 
0825       14945 
0826       14920 
0827       14888 
0828       14866 
0829       14833 
0830       14788 
0831       14778 
0832       14664 
0833       14494 
0834       14471 
0835       14460 
0836       14408 
0837       14380 
0838       14359 
0839       14339 
0840       14305 
0841       14286 
0842       14259 
0843       14246 
0844       14206 
0845       14205 
0846       14173 
0847       14122 
0848       14120 
0849       14103 
0850       14094 
0851       14058 
0852       14038 
0853       14008 
0854       13997 
0855       13994 
0856       13972 
0857       13947 
0858       13927 
0859       13899 
0860       13899 
0861       13904 
0862       13929 
0863       14013 
0864       14037 
0865       14065 
0866       15710 
0867       15710 
0868       15756 
0869       15891 
0870       15904 
0871       16073 
0872       16073 
0873       1 
0874       1 
0875       1 
0876       1 
0877       1 
0878       1 
0879       1 
0880       1 
0881       1 
0882       13622 
0883       13622 
0884       13538 
0885       13531 
0886       13511 
0887       13494 
0888       13494 
0889       13494 
0890       13465 
0891       13459 
0892       13459 
0893       13601 
0894       13609 
0895       13613 
0896       13613 
0897       13613 
0898       13610 
0899       13594 
0900       13587 
0901       13594 
0902       15557 
0903       15557 
0904       15553 
0905       1 
0906       1 
0907       1 
0908       1 
0909       1 
0910       1 
0911       1 
0912       1 
0913       1 
0914       1 
0915       1 
0916       1 
0917       1 
0918       1 
0919       1 
0920       1 
0921       1 
0922       1 
0923       1 
0924       1 
0925       1 
0926       1 
0927       1 
0928       1 
0929       1 
0930       1 
0931       1 
0932       1 
0933       1 
0934       1 
0935       1 
0936       1 
0937       1 
0938       1 
0939       1 
0940       1 
0941       1 
0942       1 
0943       1 
0944       1 
0945       1 
0946       1 
0947       1 
0948       1 
0949       1 
0950       1 
0951       1 
0952       1 
0953       1 
0954       1 
0955       1 
0956       1 
0957       1 
0958       1 
0959       1 
0960       1 
0961       1 
0962       1 
0963       1 
0964       1 
0965       1 
0966       1 
0967       1 
0968       1 
0969       1 
0970       1 
0971       1 
0972       1 
0973       1 
0974       1 
0975       1 
0976       1 
0977       1 
0978       1 
0979       1 
0980       1 
0981       1 
0982       1 
0983       1 
0984       1 
0985       1 
0986       1 
0987       1 
0988       1 
0989       1 
0990       1 
0991       1 
0992       1 
0993       1 
0994       1 
0995       1 
0996       1 
0997       1 
0998       1 
0999       1 
1000       1 
1001       1 
1002       1 
1003       1 
1004       1 
1005       1 
1006       4 
1007       4 
1008       4 
1009       46 
1010       55 
1011       55 
1012       55 
1013       55 
1014       56 
1015       53 
1016       49 
1017       49 
1018       49 
1019       49 
1020       49 
1021       56 
1022       56 
1023       57 
1024       57 
1025       61 
1026       61 
1027       61 
1028       48 
1029       48 
1030       48 
1031       48 
1032       53 
1033       63 
1034       63 
1035       63 
1036       63 
1037       63 
1038       69 
1039       69 
1040       69 
1041       66 
1042       66 
1043       63 
1044       66 
1045       66 
1046       66 
1047       66 
1048       66 
1049       69 
1050       69 
1051       69 
1052       69 
1053       65 
1054       63 
1055       63 
1056       63 
1057       63 
1058       64 
1059       64 
1060       64 
1061       63 
1062       64 
1063       66 
1064       66 
1065       66 
1066       67 
1067       67 
1068       67 
1069       67 
1070       67 
1071       67 
1072       67 
1073       69 
1074       69 
1075       69 
1076       69 
1077       70 
1078       68 
1079       68 
1297966701.529870
