0000       5630 
0001       5649 
0002       5673 
0003       5693 
0004       5713 
0005       5719 
0006       5749 
0007       5749 
0008       5749 
0009       5749 
0010       5759 
0011       5764 
0012       5764 
0013       5751 
0014       5711 
0015       5675 
0016       5672 
0017       5672 
0018       5698 
0019       5721 
0020       5747 
0021       5770 
0022       5781 
0023       5816 
0024       5816 
0025       1 
0026       1 
0027       1 
0028       1 
0029       1 
0030       1 
0031       1 
0032       1 
0033       1 
0034       1 
0035       1 
0036       1 
0037       1 
0038       1 
0039       1 
0040       9665 
0041       9665 
0042       9612 
0043       9520 
0044       9458 
0045       9458 
0046       9458 
0047       9386 
0048       9301 
0049       9301 
0050       9280 
0051       9248 
0052       9192 
0053       9150 
0054       9129 
0055       9105 
0056       9041 
0057       9032 
0058       8964 
0059       8931 
0060       8904 
0061       8899 
0062       8827 
0063       7183 
0064       7172 
0065       7183 
0066       7251 
0067       7294 
0068       7300 
0069       8572 
0070       8572 
0071       8540 
0072       8528 
0073       8487 
0074       8470 
0075       8433 
0076       8399 
0077       8357 
0078       8337 
0079       8330 
0080       8277 
0081       8266 
0082       8214 
0083       8018 
0084       8018 
0085       8062 
0086       8078 
0087       8089 
0088       8089 
0089       8066 
0090       8049 
0091       8049 
0092       8060 
0093       8162 
0094       8162 
0095       1 
0096       1 
0097       1 
0098       1 
0099       1 
0100       1 
0101       1 
0102       1 
0103       1 
0104       1 
0105       1 
0106       1 
0107       9423 
0108       9426 
0109       9444 
0110       9460 
0111       9460 
0112       9436 
0113       9430 
0114       9436 
0115       9465 
0116       9482 
0117       9482 
0118       9473 
0119       9462 
0120       9430 
0121       9403 
0122       9391 
0123       9385 
0124       9365 
0125       9350 
0126       9331 
0127       9247 
0128       8794 
0129       8776 
0130       8776 
0131       8816 
0132       8821 
0133       8816 
0134       8549 
0135       8513 
0136       8106 
0137       7715 
0138       7715 
0139       7682 
0140       7680 
0141       7680 
0142       7680 
0143       7574 
0144       7569 
0145       7574 
0146       7549 
0147       7534 
0148       7534 
0149       7472 
0150       7456 
0151       7452 
0152       7456 
0153       7442 
0154       7433 
0155       7367 
0156       7364 
0157       7364 
0158       7345 
0159       7299 
0160       7299 
0161       7353 
0162       7435 
0163       7353 
0164       7333 
0165       7297 
0166       7297 
0167       7297 
0168       7319 
0169       7319 
0170       7319 
0171       7283 
0172       7282 
0173       7282 
0174       7282 
0175       7363 
0176       7392 
0177       7392 
0178       7446 
0179       7460 
0180       7460 
0181       7461 
0182       8608 
0183       8608 
0184       8600 
0185       8583 
0186       8579 
0187       8574 
0188       8565 
0189       8563 
0190       8563 
0191       8547 
0192       8545 
0193       8546 
0194       8545 
0195       8544 
0196       8506 
0197       8506 
0198       8506 
0199       8488 
0200       8488 
0201       8485 
0202       8478 
0203       8476 
0204       8476 
0205       8476 
0206       8475 
0207       8473 
0208       8439 
0209       8434 
0210       8431 
0211       8431 
0212       8449 
0213       8449 
0214       8441 
0215       8441 
0216       8444 
0217       8444 
0218       8436 
0219       8436 
0220       8432 
0221       8432 
0222       8409 
0223       8409 
0224       8414 
0225       8428 
0226       8428 
0227       8429 
0228       8436 
0229       8436 
0230       8423 
0231       8423 
0232       8429 
0233       8434 
0234       8434 
0235       8435 
0236       8430 
0237       8435 
0238       8437 
0239       8437 
0240       8453 
0241       8453 
0242       8449 
0243       8449 
0244       8449 
0245       8456 
0246       8476 
0247       8494 
0248       8498 
0249       8494 
0250       8482 
0251       8482 
0252       8503 
0253       8503 
0254       8515 
0255       8515 
0256       8527 
0257       8527 
0258       8527 
0259       8525 
0260       8531 
0261       8536 
0262       8555 
0263       8567 
0264       8571 
0265       8571 
0266       8574 
0267       8584 
0268       8603 
0269       8603 
0270       8607 
0271       8624 
0272       8625 
0273       8641 
0274       8647 
0275       8657 
0276       8649 
0277       8657 
0278       8685 
0279       8685 
0280       8686 
0281       8697 
0282       8703 
0283       8715 
0284       8719 
0285       8734 
0286       8734 
0287       8747 
0288       8750 
0289       8754 
0290       8785 
0291       8786 
0292       8806 
0293       8806 
0294       8806 
0295       8832 
0296       8851 
0297       8859 
0298       8871 
0299       8871 
0300       8871 
0301       8876 
0302       8917 
0303       8926 
0304       8935 
0305       8946 
0306       8957 
0307       8959 
0308       8972 
0309       8981 
0310       8996 
0311       9012 
0312       9018 
0313       9024 
0314       9029 
0315       9037 
0316       9037 
0317       9011 
0318       8891 
0319       8891 
0320       8846 
0321       8846 
0322       8809 
0323       8763 
0324       8735 
0325       8735 
0326       8713 
0327       8713 
0328       8677 
0329       8662 
0330       8662 
0331       8662 
0332       8662 
0333       8702 
0334       8735 
0335       8760 
0336       8813 
0337       8813 
0338       8806 
0339       8794 
0340       8794 
0341       8794 
0342       8800 
0343       8771 
0344       8746 
0345       8702 
0346       8600 
0347       8513 
0348       8497 
0349       8489 
0350       8442 
0351       8442 
0352       8551 
0353       8750 
0354       8814 
0355       8909 
0356       8909 
0357       9016 
0358       9132 
0359       9215 
0360       9215 
0361       9215 
0362       8330 
0363       8330 
0364       8357 
0365       8442 
0366       8379 
0367       8442 
0368       10255 
0369       10255 
0370       10228 
0371       10098 
0372       9019 
0373       9019 
0374       9061 
0375       9178 
0376       9371 
0377       9371 
0378       9200 
0379       9200 
0380       9329 
0381       9329 
0382       9329 
0383       10875 
0384       10891 
0385       10916 
0386       10928 
0387       11008 
0388       11043 
0389       11085 
0390       11152 
0391       11153 
0392       11157 
0393       11223 
0394       11292 
0395       11357 
0396       11393 
0397       11400 
0398       11504 
0399       11554 
0400       11610 
0401       11681 
0402       11708 
0403       11779 
0404       11834 
0405       11870 
0406       11873 
0407       11911 
0408       11959 
0409       11985 
0410       12008 
0411       12021 
0412       12035 
0413       12021 
0414       12000 
0415       12000 
0416       12173 
0417       12173 
0418       11864 
0419       11850 
0420       11670 
0421       11636 
0422       11624 
0423       11550 
0424       1 
0425       1 
0426       1 
0427       11396 
0428       13023 
0429       13185 
0430       13213 
0431       13213 
0432       13060 
0433       12758 
0434       12758 
0435       12758 
0436       12802 
0437       13698 
0438       13740 
0439       13851 
0440       13851 
0441       13905 
0442       13984 
0443       13984 
0444       12834 
0445       12767 
0446       12759 
0447       12699 
0448       12657 
0449       12614 
0450       12614 
0451       12611 
0452       12603 
0453       12603 
0454       12644 
0455       12703 
0456       12772 
0457       12916 
0458       13032 
0459       14804 
0460       14804 
0461       14745 
0462       14946 
0463       15555 
0464       15611 
0465       15611 
0466       15580 
0467       15541 
0468       15503 
0469       15445 
0470       15404 
0471       15369 
0472       15342 
0473       15296 
0474       15268 
0475       15219 
0476       15203 
0477       15185 
0478       15180 
0479       15174 
0480       15180 
0481       15228 
0482       15239 
0483       15239 
0484       15041 
0485       15038 
0486       15038 
0487       15038 
0488       15001 
0489       14966 
0490       14932 
0491       14893 
0492       14868 
0493       14852 
0494       14810 
0495       14805 
0496       14740 
0497       14575 
0498       14482 
0499       14474 
0500       14437 
0501       14417 
0502       14373 
0503       14366 
0504       14340 
0505       14296 
0506       14280 
0507       14268 
0508       14237 
0509       14228 
0510       14192 
0511       14172 
0512       14150 
0513       14121 
0514       14113 
0515       14105 
0516       14071 
0517       14041 
0518       14039 
0519       14010 
0520       13992 
0521       13979 
0522       13971 
0523       13968 
0524       13915 
0525       13915 
0526       13919 
0527       13962 
0528       14007 
0529       14026 
0530       14026 
0531       14019 
0532       14018 
0533       13982 
0534       13981 
0535       13979 
0536       13942 
0537       13926 
0538       13909 
0539       13909 
0540       13889 
0541       13887 
0542       13887 
0543       13861 
0544       13832 
0545       13825 
0546       13820 
0547       13761 
0548       13646 
0549       13584 
0550       13556 
0551       13540 
0552       13523 
0553       13523 
0554       13521 
0555       13509 
0556       13505 
0557       13505 
0558       13595 
0559       13642 
0560       13647 
0561       13647 
0562       13647 
0563       13636 
0564       13618 
0565       13610 
0566       13610 
0567       15603 
0568       15603 
0569       1 
0570       1 
0571       1 
0572       1 
0573       1 
0574       1 
0575       1 
0576       1 
0577       1 
0578       1 
0579       1 
0580       1 
0581       1 
0582       1 
0583       1 
0584       1 
0585       1 
0586       1 
0587       1 
0588       1 
0589       1 
0590       1 
0591       1 
0592       1 
0593       1 
0594       1 
0595       1 
0596       1 
0597       1 
0598       1 
0599       1 
0600       1 
0601       1 
0602       1 
0603       1 
0604       1 
0605       1 
0606       1 
0607       1 
0608       1 
0609       1 
0610       1 
0611       1 
0612       1 
0613       1 
0614       1 
0615       1 
0616       1 
0617       1 
0618       1 
0619       1 
0620       1 
0621       1 
0622       1 
0623       1 
0624       1 
0625       1 
0626       1 
0627       1 
0628       1 
0629       1 
0630       1 
0631       1 
0632       1 
0633       1 
0634       1 
0635       1 
0636       1 
0637       1 
0638       1 
0639       1 
0640       1 
0641       1 
0642       1 
0643       1 
0644       1 
0645       1 
0646       1 
0647       1 
0648       1 
0649       1 
0650       1 
0651       1 
0652       1 
0653       1 
0654       1 
0655       1 
0656       1 
0657       1 
0658       1 
0659       1 
0660       1 
0661       1 
0662       1 
0663       1 
0664       1 
0665       1 
0666       1 
0667       1 
0668       1 
0669       1 
0670       1 
0671       1 
0672       1 
0673       1 
0674       1 
0675       1 
0676       1 
0677       1 
0678       1 
0679       1 
0680       1 
0681       1 
0682       1 
0683       1 
0684       1 
0685       1 
0686       1 
0687       1 
0688       1 
0689       1 
0690       1 
0691       1 
0692       1 
0693       1 
0694       1 
0695       1 
0696       1 
0697       1 
0698       1 
0699       1 
0700       1 
0701       1 
0702       1 
0703       1 
0704       1 
0705       1 
0706       1 
0707       1 
0708       1 
0709       1 
0710       1 
0711       1 
0712       1 
0713       1 
0714       1 
0715       1 
0716       1 
0717       1 
0718       1 
0719       1 
0720       1 
0721       1 
0722       1 
0723       1 
0724       1 
0725       1 
0726       1 
0727       1 
0728       1 
0729       1 
0730       1 
0731       1 
0732       1 
0733       1 
0734       1 
0735       1 
0736       1 
0737       1 
0738       1 
0739       1 
0740       1 
0741       1 
0742       1 
0743       1 
0744       1 
0745       1 
0746       1 
0747       1 
0748       1 
0749       1 
0750       1 
0751       1 
0752       1 
0753       1 
0754       1 
0755       1 
0756       1 
0757       1 
0758       1 
0759       1 
0760       1 
0761       1 
0762       1 
0763       1 
0764       1 
0765       1 
0766       1 
0767       1 
0768       1 
0769       1 
0770       1 
0771       1 
0772       1 
0773       1 
0774       1 
0775       1 
0776       1 
0777       1 
0778       1 
0779       1 
0780       1 
0781       1 
0782       1 
0783       1 
0784       1 
0785       1 
0786       1 
0787       1 
0788       1 
0789       1 
0790       1 
0791       1 
0792       1 
0793       1 
0794       1 
0795       1 
0796       1 
0797       1 
0798       1 
0799       1 
0800       1 
0801       1 
0802       1 
0803       1 
0804       1 
0805       1 
0806       1 
0807       1 
0808       1 
0809       1 
0810       1 
0811       1 
0812       1 
0813       1 
0814       1 
0815       1 
0816       1 
0817       1 
0818       1 
0819       1 
0820       1 
0821       1 
0822       1 
0823       1 
0824       1 
0825       1 
0826       1 
0827       1 
0828       1 
0829       1 
0830       1 
0831       1 
0832       1 
0833       1 
0834       1 
0835       1 
0836       1 
0837       1 
0838       1 
0839       1 
0840       1 
0841       1 
0842       1 
0843       1 
0844       1 
0845       1 
0846       1 
0847       1 
0848       1 
0849       1 
0850       1 
0851       1 
0852       1 
0853       1 
0854       1 
0855       1 
0856       1 
0857       1 
0858       1 
0859       1 
0860       1 
0861       1 
0862       1 
0863       1 
0864       1 
0865       1 
0866       1 
0867       1 
0868       1 
0869       1 
0870       1 
0871       1 
0872       1 
0873       1 
0874       1 
0875       1 
0876       1 
0877       1 
0878       1 
0879       1 
0880       1 
0881       1 
0882       1 
0883       1 
0884       1 
0885       1 
0886       1 
0887       1 
0888       1 
0889       1 
0890       1 
0891       1 
0892       1 
0893       1 
0894       1 
0895       1 
0896       1 
0897       1 
0898       1 
0899       1 
0900       1 
0901       1 
0902       1 
0903       1 
0904       1 
0905       1 
0906       1 
0907       1 
0908       1 
0909       1 
0910       1 
0911       1 
0912       1 
0913       1 
0914       1 
0915       1 
0916       1 
0917       1 
0918       1 
0919       1 
0920       1 
0921       1 
0922       1 
0923       1 
0924       1 
0925       1 
0926       1 
0927       1 
0928       1 
0929       1 
0930       1 
0931       1 
0932       1 
0933       1 
0934       1 
0935       1 
0936       1 
0937       1 
0938       1 
0939       1 
0940       1 
0941       1 
0942       1 
0943       1 
0944       1 
0945       1 
0946       1 
0947       1 
0948       1 
0949       1 
0950       1 
0951       1 
0952       1 
0953       1 
0954       1 
0955       1 
0956       1 
0957       1 
0958       1 
0959       1 
0960       1 
0961       1 
0962       1 
0963       1 
0964       1 
0965       1 
0966       1 
0967       1 
0968       1 
0969       1 
0970       1 
0971       1 
0972       1 
0973       1 
0974       1 
0975       1 
0976       1 
0977       1 
0978       1 
0979       1 
0980       1 
0981       1 
0982       1 
0983       1 
0984       1 
0985       1 
0986       1 
0987       1 
0988       1 
0989       1 
0990       1 
0991       1 
0992       1 
0993       1 
0994       1 
0995       1 
0996       1 
0997       1 
0998       1 
0999       1 
1000       1 
1001       1 
1002       1 
1003       1 
1004       1 
1005       1 
1006       1 
1007       4 
1008       4 
1009       4 
1010       4 
1011       41 
1012       48 
1013       50 
1014       50 
1015       50 
1016       50 
1017       44 
1018       42 
1019       44 
1020       44 
1021       50 
1022       52 
1023       58 
1024       58 
1025       62 
1026       66 
1027       66 
1028       65 
1029       65 
1030       41 
1031       41 
1032       41 
1033       52 
1034       62 
1035       65 
1036       69 
1037       73 
1038       74 
1039       73 
1040       71 
1041       71 
1042       71 
1043       70 
1044       70 
1045       69 
1046       62 
1047       62 
1048       62 
1049       68 
1050       70 
1051       73 
1052       70 
1053       69 
1054       70 
1055       70 
1056       70 
1057       70 
1058       70 
1059       57 
1060       57 
1061       57 
1062       67 
1063       67 
1064       67 
1065       61 
1066       61 
1067       61 
1068       65 
1069       65 
1070       65 
1071       65 
1072       64 
1073       64 
1074       73 
1075       73 
1076       64 
1077       70 
1078       70 
1079       64 
1297966713.207064
