0000       1 
0001       1 
0002       1 
0003       1 
0004       1 
0005       1 
0006       1 
0007       1 
0008       1 
0009       1 
0010       1 
0011       1 
0012       1 
0013       1 
0014       1 
0015       1 
0016       1 
0017       1 
0018       1 
0019       1 
0020       1 
0021       1 
0022       1 
0023       1 
0024       1 
0025       1 
0026       1 
0027       1 
0028       1 
0029       1 
0030       1 
0031       1 
0032       1 
0033       1 
0034       1 
0035       1 
0036       1 
0037       1 
0038       1 
0039       1 
0040       1 
0041       1 
0042       1 
0043       1 
0044       1 
0045       1 
0046       1 
0047       1 
0048       1 
0049       1 
0050       1 
0051       1 
0052       1 
0053       1 
0054       1 
0055       1 
0056       1 
0057       1 
0058       1 
0059       1 
0060       1 
0061       1 
0062       1 
0063       1 
0064       1 
0065       1 
0066       1 
0067       1 
0068       1 
0069       1 
0070       1 
0071       1 
0072       1 
0073       1 
0074       1 
0075       1 
0076       1 
0077       1 
0078       1 
0079       1 
0080       1 
0081       1 
0082       1 
0083       1 
0084       1 
0085       1 
0086       1 
0087       1 
0088       1 
0089       1 
0090       1 
0091       1 
0092       1 
0093       1 
0094       1 
0095       4719 
0096       4719 
0097       4719 
0098       4707 
0099       4704 
0100       4697 
0101       4695 
0102       4695 
0103       4691 
0104       4668 
0105       4659 
0106       4658 
0107       4656 
0108       4652 
0109       4651 
0110       4643 
0111       4637 
0112       4630 
0113       4629 
0114       4624 
0115       4618 
0116       4613 
0117       4613 
0118       4599 
0119       4599 
0120       4599 
0121       4597 
0122       4592 
0123       4581 
0124       4579 
0125       4579 
0126       4565 
0127       4563 
0128       4563 
0129       4557 
0130       4551 
0131       4549 
0132       4549 
0133       4542 
0134       4542 
0135       4542 
0136       4542 
0137       4542 
0138       4543 
0139       4532 
0140       4524 
0141       4524 
0142       4524 
0143       4523 
0144       4523 
0145       4523 
0146       4518 
0147       4518 
0148       4517 
0149       4516 
0150       4515 
0151       4515 
0152       4508 
0153       4506 
0154       4506 
0155       4506 
0156       4502 
0157       4502 
0158       4502 
0159       4501 
0160       4499 
0161       4499 
0162       4499 
0163       4497 
0164       4497 
0165       4495 
0166       4494 
0167       4494 
0168       4494 
0169       4497 
0170       4504 
0171       4504 
0172       4500 
0173       4500 
0174       4503 
0175       4500 
0176       4500 
0177       4503 
0178       4503 
0179       4504 
0180       4504 
0181       4504 
0182       4504 
0183       4504 
0184       4506 
0185       4511 
0186       4511 
0187       4517 
0188       4517 
0189       4518 
0190       4521 
0191       4522 
0192       4522 
0193       4522 
0194       4522 
0195       4522 
0196       4525 
0197       4534 
0198       4535 
0199       4540 
0200       4542 
0201       4543 
0202       4548 
0203       4561 
0204       4562 
0205       4565 
0206       4565 
0207       4566 
0208       4566 
0209       4566 
0210       4575 
0211       4578 
0212       4580 
0213       4583 
0214       4591 
0215       4593 
0216       4593 
0217       4606 
0218       4612 
0219       4615 
0220       4619 
0221       4628 
0222       4629 
0223       4635 
0224       4635 
0225       4645 
0226       4646 
0227       4656 
0228       4659 
0229       4665 
0230       4666 
0231       4669 
0232       4671 
0233       4684 
0234       4697 
0235       4697 
0236       4701 
0237       4704 
0238       4710 
0239       4724 
0240       4733 
0241       4745 
0242       4748 
0243       4748 
0244       4751 
0245       4771 
0246       4772 
0247       4782 
0248       4792 
0249       4792 
0250       4793 
0251       4802 
0252       4812 
0253       4824 
0254       4836 
0255       4840 
0256       4841 
0257       4850 
0258       4859 
0259       4871 
0260       4884 
0261       4896 
0262       4899 
0263       4920 
0264       4923 
0265       4931 
0266       4940 
0267       4946 
0268       4950 
0269       4965 
0270       4972 
0271       4990 
0272       5002 
0273       5013 
0274       5022 
0275       5023 
0276       5055 
0277       5058 
0278       5065 
0279       5077 
0280       5105 
0281       5109 
0282       5121 
0283       5138 
0284       5147 
0285       5151 
0286       5166 
0287       5175 
0288       5190 
0289       5209 
0290       5218 
0291       5226 
0292       5248 
0293       5256 
0294       5276 
0295       5285 
0296       5303 
0297       5321 
0298       5333 
0299       5360 
0300       5369 
0301       5384 
0302       5394 
0303       5404 
0304       5429 
0305       5440 
0306       5453 
0307       5475 
0308       5492 
0309       5513 
0310       5527 
0311       5543 
0312       5558 
0313       5575 
0314       5577 
0315       5623 
0316       5628 
0317       5654 
0318       5680 
0319       5697 
0320       5709 
0321       5736 
0322       5755 
0323       5774 
0324       5787 
0325       5806 
0326       5828 
0327       5851 
0328       5867 
0329       5895 
0330       5911 
0331       5928 
0332       5958 
0333       5972 
0334       6010 
0335       6032 
0336       6061 
0337       6076 
0338       6088 
0339       6109 
0340       6132 
0341       6167 
0342       6191 
0343       6209 
0344       6259 
0345       6264 
0346       6294 
0347       6325 
0348       6352 
0349       6367 
0350       6408 
0351       6435 
0352       6469 
0353       6507 
0354       6527 
0355       6561 
0356       6586 
0357       6626 
0358       6652 
0359       6702 
0360       6716 
0361       6773 
0362       6791 
0363       6831 
0364       6872 
0365       6900 
0366       6939 
0367       6975 
0368       7013 
0369       7061 
0370       7092 
0371       7136 
0372       7179 
0373       7214 
0374       7241 
0375       7303 
0376       7343 
0377       7392 
0378       7426 
0379       7464 
0380       7507 
0381       7547 
0382       7597 
0383       7641 
0384       7684 
0385       7734 
0386       7775 
0387       7829 
0388       7878 
0389       7917 
0390       7986 
0391       8034 
0392       8102 
0393       8129 
0394       8194 
0395       8215 
0396       8215 
0397       8206 
0398       8121 
0399       8121 
0400       8106 
0401       8096 
0402       8096 
0403       8117 
0404       8117 
0405       8007 
0406       8003 
0407       8007 
0408       8056 
0409       8108 
0410       8137 
0411       8206 
0412       8277 
0413       8385 
0414       8432 
0415       8564 
0416       8669 
0417       8841 
0418       9437 
0419       9455 
0420       9455 
0421       9455 
0422       9449 
0423       9376 
0424       9351 
0425       9329 
0426       9316 
0427       9304 
0428       7850 
0429       7765 
0430       7758 
0431       7712 
0432       7662 
0433       7612 
0434       7611 
0435       7612 
0436       7611 
0437       7596 
0438       7596 
0439       7624 
0440       7624 
0441       7455 
0442       7436 
0443       7401 
0444       7401 
0445       7368 
0446       7370 
0447       7370 
0448       7379 
0449       7379 
0450       7299 
0451       7299 
0452       7279 
0453       7281 
0454       7281 
0455       7281 
0456       7287 
0457       7295 
0458       7295 
0459       7305 
0460       7292 
0461       7292 
0462       7248 
0463       7228 
0464       7212 
0465       7199 
0466       7199 
0467       7188 
0468       7202 
0469       7188 
0470       7174 
0471       7174 
0472       7170 
0473       7191 
0474       7199 
0475       7217 
0476       7217 
0477       7224 
0478       7269 
0479       7309 
0480       7365 
0481       7424 
0482       7528 
0483       8499 
0484       8499 
0485       8520 
0486       8533 
0487       8533 
0488       8519 
0489       8502 
0490       8478 
0491       8488 
0492       8488 
0493       8489 
0494       8489 
0495       8476 
0496       8462 
0497       8462 
0498       8462 
0499       8450 
0500       8450 
0501       8450 
0502       8448 
0503       8429 
0504       8424 
0505       8414 
0506       8412 
0507       8399 
0508       8394 
0509       8388 
0510       8394 
0511       8398 
0512       8398 
0513       8393 
0514       8393 
0515       8393 
0516       8394 
0517       8394 
0518       8394 
0519       8374 
0520       8372 
0521       8371 
0522       8372 
0523       8369 
0524       8370 
0525       8370 
0526       8371 
0527       8380 
0528       8377 
0529       8377 
0530       8377 
0531       8384 
0532       8392 
0533       8392 
0534       8391 
0535       8379 
0536       8391 
0537       8391 
0538       8391 
0539       8391 
0540       8398 
0541       8406 
0542       8406 
0543       8406 
0544       8421 
0545       8427 
0546       8427 
0547       8437 
0548       8439 
0549       8437 
0550       8439 
0551       8453 
0552       8462 
0553       8462 
0554       8462 
0555       8470 
0556       8471 
0557       8487 
0558       8494 
0559       8494 
0560       8494 
0561       8504 
0562       8506 
0563       8532 
0564       8537 
0565       8539 
0566       8554 
0567       8558 
0568       8558 
0569       8560 
0570       8564 
0571       8588 
0572       8593 
0573       8593 
0574       8593 
0575       8595 
0576       8619 
0577       8631 
0578       8638 
0579       8645 
0580       8646 
0581       8652 
0582       8662 
0583       8675 
0584       8679 
0585       8703 
0586       8703 
0587       8703 
0588       8726 
0589       8729 
0590       8749 
0591       8754 
0592       8768 
0593       8769 
0594       8778 
0595       8796 
0596       8800 
0597       8822 
0598       8826 
0599       8835 
0600       8841 
0601       8850 
0602       8857 
0603       8871 
0604       8888 
0605       8893 
0606       8896 
0607       8913 
0608       8913 
0609       8899 
0610       8899 
0611       8927 
0612       8959 
0613       8961 
0614       8959 
0615       8945 
0616       8943 
0617       8943 
0618       8960 
0619       8977 
0620       8977 
0621       8924 
0622       8776 
0623       8776 
0624       8858 
0625       8858 
0626       8839 
0627       8827 
0628       8812 
0629       8782 
0630       8648 
0631       8621 
0632       8617 
0633       8617 
0634       8604 
0635       8604 
0636       8655 
0637       8699 
0638       8700 
0639       8763 
0640       8822 
0641       8822 
0642       8810 
0643       8778 
0644       8778 
0645       8820 
0646       8832 
0647       8853 
0648       8853 
0649       8922 
0650       8922 
0651       8922 
0652       8867 
0653       8788 
0654       8737 
0655       8737 
0656       8738 
0657       10041 
0658       10041 
0659       10092 
0660       8719 
0661       10142 
0662       10159 
0663       10159 
0664       10159 
0665       10211 
0666       10224 
0667       10263 
0668       10263 
0669       10260 
0670       10260 
0671       10264 
0672       10313 
0673       10313 
0674       10313 
0675       10426 
0676       10535 
0677       10592 
0678       10610 
0679       10641 
0680       10689 
0681       10718 
0682       10762 
0683       10801 
0684       10828 
0685       10893 
0686       10929 
0687       10978 
0688       11009 
0689       11041 
0690       11086 
0691       11127 
0692       11189 
0693       11209 
0694       11270 
0695       11295 
0696       11359 
0697       11393 
0698       11459 
0699       11499 
0700       11561 
0701       11605 
0702       11656 
0703       11681 
0704       11771 
0705       11812 
0706       11876 
0707       11901 
0708       11948 
0709       12019 
0710       12042 
0711       12090 
0712       12128 
0713       12175 
0714       12218 
0715       12264 
0716       12292 
0717       12339 
0718       12432 
0719       12549 
0720       12549 
0721       1 
0722       1 
0723       1 
0724       1 
0725       1 
0726       13030 
0727       13140 
0728       13201 
0729       13243 
0730       13314 
0731       13381 
0732       13467 
0733       13521 
0734       13635 
0735       13653 
0736       13772 
0737       13841 
0738       13938 
0739       14012 
0740       14074 
0741       14152 
0742       14243 
0743       14352 
0744       14448 
0745       14515 
0746       14585 
0747       14715 
0748       14800 
0749       14869 
0750       14988 
0751       15063 
0752       15105 
0753       15236 
0754       15250 
0755       15427 
0756       15619 
0757       15841 
0758       16002 
0759       16002 
0760       15858 
0761       15751 
0762       15715 
0763       15674 
0764       15611 
0765       15584 
0766       15544 
0767       15485 
0768       15455 
0769       15445 
0770       15380 
0771       15346 
0772       15308 
0773       15255 
0774       15239 
0775       15208 
0776       15155 
0777       15155 
0778       15162 
0779       15212 
0780       15212 
0781       15180 
0782       15154 
0783       15119 
0784       15056 
0785       15041 
0786       14994 
0787       14981 
0788       14970 
0789       14908 
0790       14875 
0791       14873 
0792       14817 
0793       14803 
0794       14767 
0795       14750 
0796       14609 
0797       14516 
0798       14473 
0799       14464 
0800       14425 
0801       14403 
0802       14378 
0803       14352 
0804       14304 
0805       14296 
0806       14279 
0807       14262 
0808       14230 
0809       14199 
0810       14182 
0811       14158 
0812       14139 
0813       14126 
0814       14114 
0815       14093 
0816       14054 
0817       14044 
0818       14030 
0819       14019 
0820       13979 
0821       13968 
0822       13947 
0823       13929 
0824       13929 
0825       13955 
0826       13967 
0827       14006 
0828       14006 
0829       13995 
0830       13993 
0831       13969 
0832       13953 
0833       13953 
0834       13911 
0835       13898 
0836       13893 
0837       13883 
0838       13871 
0839       13857 
0840       13838 
0841       13817 
0842       13817 
0843       13812 
0844       13786 
0845       13782 
0846       13742 
0847       13615 
0848       13586 
0849       13569 
0850       13540 
0851       13539 
0852       13533 
0853       13533 
0854       13522 
0855       13496 
0856       13496 
0857       13684 
0858       13684 
0859       13680 
0860       13674 
0861       13668 
0862       13664 
0863       13639 
0864       13636 
0865       13614 
0866       1 
0867       1 
0868       1 
0869       1 
0870       1 
0871       1 
0872       1 
0873       1 
0874       1 
0875       1 
0876       1 
0877       1 
0878       1 
0879       1 
0880       1 
0881       1 
0882       1 
0883       1 
0884       1 
0885       1 
0886       1 
0887       1 
0888       1 
0889       1 
0890       1 
0891       1 
0892       1 
0893       1 
0894       1 
0895       1 
0896       1 
0897       1 
0898       1 
0899       1 
0900       1 
0901       1 
0902       1 
0903       1 
0904       1 
0905       1 
0906       1 
0907       1 
0908       1 
0909       1 
0910       1 
0911       1 
0912       1 
0913       1 
0914       1 
0915       1 
0916       1 
0917       1 
0918       1 
0919       1 
0920       1 
0921       1 
0922       1 
0923       1 
0924       1 
0925       1 
0926       1 
0927       1 
0928       1 
0929       1 
0930       1 
0931       1 
0932       1 
0933       1 
0934       1 
0935       1 
0936       1 
0937       1 
0938       1 
0939       1 
0940       1 
0941       1 
0942       1 
0943       1 
0944       1 
0945       1 
0946       1 
0947       1 
0948       1 
0949       1 
0950       1 
0951       1 
0952       1 
0953       1 
0954       1 
0955       1 
0956       1 
0957       1 
0958       1 
0959       1 
0960       1 
0961       1 
0962       1 
0963       1 
0964       1 
0965       1 
0966       1 
0967       1 
0968       1 
0969       1 
0970       1 
0971       1 
0972       1 
0973       1 
0974       1 
0975       1 
0976       1 
0977       1 
0978       1 
0979       1 
0980       1 
0981       1 
0982       1 
0983       1 
0984       1 
0985       1 
0986       1 
0987       1 
0988       1 
0989       1 
0990       1 
0991       1 
0992       1 
0993       1 
0994       1 
0995       1 
0996       1 
0997       1 
0998       1 
0999       1 
1000       1 
1001       1 
1002       1 
1003       1 
1004       1 
1005       1 
1006       1 
1007       1 
1008       4 
1009       43 
1010       45 
1011       60 
1012       60 
1013       59 
1014       59 
1015       4 
1016       4 
1017       51 
1018       51 
1019       52 
1020       59 
1021       64 
1022       67 
1023       64 
1024       67 
1025       70 
1026       71 
1027       70 
1028       70 
1029       61 
1030       60 
1031       57 
1032       57 
1033       58 
1034       60 
1035       61 
1036       65 
1037       74 
1038       75 
1039       74 
1040       74 
1041       67 
1042       67 
1043       67 
1044       67 
1045       67 
1046       65 
1047       65 
1048       63 
1049       65 
1050       68 
1051       69 
1052       69 
1053       69 
1054       69 
1055       68 
1056       68 
1057       73 
1058       74 
1059       73 
1060       73 
1061       69 
1062       65 
1063       64 
1064       64 
1065       69 
1066       69 
1067       69 
1068       70 
1069       69 
1070       68 
1071       68 
1072       68 
1073       68 
1074       66 
1075       69 
1076       66 
1077       71 
1078       71 
1079       71 
1297966718.105123
