0000       1 
0001       1 
0002       1 
0003       1 
0004       1 
0005       1 
0006       1 
0007       1 
0008       1 
0009       1 
0010       1 
0011       1 
0012       1 
0013       1 
0014       1 
0015       1 
0016       1 
0017       1 
0018       1 
0019       1 
0020       1 
0021       1 
0022       1 
0023       1 
0024       1 
0025       1 
0026       1 
0027       1 
0028       1 
0029       1 
0030       1 
0031       1 
0032       1 
0033       1 
0034       1 
0035       1 
0036       1 
0037       1 
0038       1 
0039       1 
0040       1 
0041       1 
0042       1 
0043       1 
0044       1 
0045       1 
0046       1 
0047       1 
0048       1 
0049       1 
0050       1 
0051       1 
0052       1 
0053       1 
0054       1 
0055       1 
0056       1 
0057       1 
0058       1 
0059       1 
0060       1 
0061       1 
0062       1 
0063       1 
0064       1 
0065       1 
0066       1 
0067       1 
0068       1 
0069       1 
0070       1 
0071       1 
0072       1 
0073       1 
0074       1 
0075       1 
0076       1 
0077       1 
0078       1 
0079       1 
0080       1 
0081       1 
0082       1 
0083       1 
0084       1 
0085       1 
0086       1 
0087       1 
0088       1 
0089       1 
0090       1 
0091       1 
0092       1 
0093       1 
0094       1 
0095       1 
0096       1 
0097       1 
0098       1 
0099       1 
0100       1 
0101       1 
0102       1 
0103       1 
0104       1 
0105       1 
0106       1 
0107       1 
0108       1 
0109       1 
0110       1 
0111       1 
0112       1 
0113       1 
0114       1 
0115       1 
0116       1 
0117       1 
0118       1 
0119       1 
0120       1 
0121       1 
0122       1 
0123       1 
0124       1 
0125       1 
0126       1 
0127       1 
0128       1 
0129       1 
0130       1 
0131       1 
0132       1 
0133       1 
0134       1 
0135       1 
0136       1 
0137       1 
0138       1 
0139       23857 
0140       23876 
0141       23876 
0142       23874 
0143       23857 
0144       23842 
0145       23835 
0146       23832 
0147       23826 
0148       23818 
0149       23826 
0150       23814 
0151       23814 
0152       23655 
0153       23641 
0154       23602 
0155       23602 
0156       23614 
0157       23633 
0158       23633 
0159       1 
0160       1 
0161       1 
0162       1 
0163       1 
0164       1 
0165       1 
0166       1 
0167       1 
0168       1 
0169       23695 
0170       23695 
0171       23660 
0172       23630 
0173       23640 
0174       23640 
0175       23654 
0176       23659 
0177       23659 
0178       23659 
0179       1 
0180       1 
0181       1 
0182       23627 
0183       23627 
0184       1 
0185       1 
0186       1 
0187       23722 
0188       23777 
0189       23851 
0190       23948 
0191       23975 
0192       23979 
0193       23994 
0194       24006 
0195       24024 
0196       24035 
0197       24041 
0198       24058 
0199       24088 
0200       24090 
0201       24090 
0202       24000 
0203       24000 
0204       24026 
0205       24043 
0206       24053 
0207       24063 
0208       24123 
0209       24131 
0210       24131 
0211       24132 
0212       24163 
0213       24195 
0214       24241 
0215       24261 
0216       24261 
0217       24284 
0218       24343 
0219       24360 
0220       24360 
0221       1 
0222       1 
0223       1 
0224       21592 
0225       21622 
0226       21634 
0227       21648 
0228       21701 
0229       21762 
0230       21770 
0231       21790 
0232       21806 
0233       21836 
0234       21881 
0235       21897 
0236       21897 
0237       1 
0238       1 
0239       1 
0240       1 
0241       1 
0242       1 
0243       1 
0244       1 
0245       1 
0246       1 
0247       1 
0248       1 
0249       1 
0250       18054 
0251       18095 
0252       18130 
0253       18169 
0254       18169 
0255       18219 
0256       18275 
0257       18295 
0258       18331 
0259       18373 
0260       18408 
0261       18430 
0262       18479 
0263       18532 
0264       18548 
0265       18582 
0266       18632 
0267       18683 
0268       18743 
0269       18768 
0270       18851 
0271       18851 
0272       1 
0273       1 
0274       1 
0275       1 
0276       1 
0277       1 
0278       1 
0279       1 
0280       1 
0281       1 
0282       1 
0283       1 
0284       1 
0285       1 
0286       1 
0287       16919 
0288       16919 
0289       16919 
0290       16831 
0291       1 
0292       1 
0293       1 
0294       16064 
0295       16147 
0296       16064 
0297       15873 
0298       15766 
0299       15766 
0300       15701 
0301       15670 
0302       13142 
0303       15070 
0304       15070 
0305       15070 
0306       15070 
0307       15015 
0308       15015 
0309       13434 
0310       1 
0311       1 
0312       1 
0313       1 
0314       1 
0315       1 
0316       1 
0317       1 
0318       13400 
0319       13400 
0320       13400 
0321       13271 
0322       13213 
0323       13213 
0324       13133 
0325       13025 
0326       12993 
0327       12944 
0328       12867 
0329       12799 
0330       12758 
0331       12648 
0332       12615 
0333       12516 
0334       12473 
0335       12428 
0336       12364 
0337       12324 
0338       12242 
0339       12186 
0340       12159 
0341       12095 
0342       12047 
0343       11958 
0344       11944 
0345       11897 
0346       11851 
0347       11793 
0348       11749 
0349       11662 
0350       11626 
0351       11574 
0352       11553 
0353       11508 
0354       11453 
0355       11410 
0356       11360 
0357       11331 
0358       11263 
0359       11233 
0360       11180 
0361       11143 
0362       11083 
0363       11059 
0364       10998 
0365       10956 
0366       10930 
0367       10884 
0368       10840 
0369       10823 
0370       10760 
0371       10726 
0372       10695 
0373       10652 
0374       10640 
0375       10596 
0376       10553 
0377       10505 
0378       10500 
0379       10458 
0380       10411 
0381       10386 
0382       10347 
0383       10312 
0384       7546 
0385       7538 
0386       7531 
0387       7500 
0388       7496 
0389       7452 
0390       7418 
0391       7400 
0392       7398 
0393       7390 
0394       7390 
0395       7390 
0396       7393 
0397       7430 
0398       7461 
0399       7470 
0400       7470 
0401       7460 
0402       7431 
0403       7412 
0404       7360 
0405       7336 
0406       7324 
0407       7324 
0408       7284 
0409       7281 
0410       7243 
0411       7225 
0412       7198 
0413       7136 
0414       7127 
0415       7126 
0416       7124 
0417       7118 
0418       7097 
0419       7067 
0420       7046 
0421       7018 
0422       6929 
0423       6929 
0424       6941 
0425       7020 
0426       7131 
0427       7231 
0428       7300 
0429       7365 
0430       7443 
0431       7526 
0432       7566 
0433       7654 
0434       7694 
0435       9071 
0436       9071 
0437       9063 
0438       9042 
0439       9042 
0440       9048 
0441       9048 
0442       9009 
0443       9009 
0444       9010 
0445       9010 
0446       9007 
0447       8998 
0448       8955 
0449       8940 
0450       8939 
0451       8936 
0452       8915 
0453       8915 
0454       8895 
0455       8886 
0456       8886 
0457       8872 
0458       8855 
0459       8855 
0460       8857 
0461       8857 
0462       8844 
0463       8843 
0464       8833 
0465       8833 
0466       8801 
0467       8775 
0468       8762 
0469       8762 
0470       8762 
0471       8762 
0472       8759 
0473       8755 
0474       8742 
0475       8733 
0476       8728 
0477       8726 
0478       8719 
0479       8692 
0480       8678 
0481       8678 
0482       8663 
0483       8665 
0484       8665 
0485       8665 
0486       8639 
0487       8630 
0488       8630 
0489       8630 
0490       8620 
0491       8620 
0492       8624 
0493       8624 
0494       8595 
0495       8595 
0496       8599 
0497       8599 
0498       8598 
0499       8592 
0500       8580 
0501       8560 
0502       8560 
0503       8574 
0504       8579 
0505       8579 
0506       8558 
0507       8558 
0508       8557 
0509       8556 
0510       8556 
0511       8556 
0512       8541 
0513       8541 
0514       8539 
0515       8550 
0516       8532 
0517       8531 
0518       8531 
0519       8537 
0520       8537 
0521       8524 
0522       8523 
0523       8522 
0524       8522 
0525       8523 
0526       8532 
0527       8532 
0528       8519 
0529       8519 
0530       8522 
0531       8522 
0532       8522 
0533       8540 
0534       8540 
0535       8557 
0536       8557 
0537       8557 
0538       8543 
0539       8543 
0540       8555 
0541       8555 
0542       8547 
0543       8545 
0544       8545 
0545       8558 
0546       8558 
0547       8558 
0548       8558 
0549       8576 
0550       8587 
0551       8587 
0552       8587 
0553       8577 
0554       8587 
0555       8589 
0556       8605 
0557       8625 
0558       8605 
0559       8625 
0560       8646 
0561       8648 
0562       8646 
0563       8652 
0564       8657 
0565       8663 
0566       8670 
0567       8670 
0568       8688 
0569       8699 
0570       8710 
0571       8723 
0572       8723 
0573       8723 
0574       8718 
0575       8732 
0576       8743 
0577       8755 
0578       8760 
0579       8774 
0580       8777 
0581       8799 
0582       8813 
0583       8817 
0584       8821 
0585       8821 
0586       8786 
0587       8734 
0588       8638 
0589       8475 
0590       8342 
0591       8274 
0592       8170 
0593       8065 
0594       7952 
0595       7845 
0596       7758 
0597       7653 
0598       7563 
0599       7469 
0600       7390 
0601       7299 
0602       7205 
0603       7112 
0604       7033 
0605       6969 
0606       6898 
0607       6814 
0608       6732 
0609       6665 
0610       6601 
0611       6511 
0612       6466 
0613       6395 
0614       6326 
0615       6154 
0616       6003 
0617       6003 
0618       6006 
0619       6018 
0620       6027 
0621       6043 
0622       6046 
0623       6073 
0624       6073 
0625       6070 
0626       6070 
0627       6102 
0628       6122 
0629       6136 
0630       6139 
0631       6166 
0632       6172 
0633       6177 
0634       6203 
0635       6204 
0636       6213 
0637       6217 
0638       6220 
0639       6257 
0640       6271 
0641       6293 
0642       6296 
0643       6316 
0644       6334 
0645       6358 
0646       6369 
0647       6379 
0648       6392 
0649       6399 
0650       6428 
0651       6448 
0652       6478 
0653       6488 
0654       6494 
0655       6525 
0656       6546 
0657       6549 
0658       6559 
0659       6588 
0660       6617 
0661       6636 
0662       6659 
0663       6680 
0664       6688 
0665       6728 
0666       6740 
0667       6740 
0668       6740 
0669       6768 
0670       6806 
0671       6839 
0672       6850 
0673       6884 
0674       6918 
0675       6926 
0676       6930 
0677       6939 
0678       6978 
0679       7023 
0680       7061 
0681       7066 
0682       7074 
0683       7110 
0684       7139 
0685       7154 
0686       7185 
0687       7217 
0688       7241 
0689       7249 
0690       7297 
0691       7349 
0692       7349 
0693       7349 
0694       7376 
0695       7450 
0696       7459 
0697       7519 
0698       7542 
0699       7547 
0700       7583 
0701       7589 
0702       7613 
0703       7662 
0704       7700 
0705       7723 
0706       7779 
0707       7804 
0708       7816 
0709       7858 
0710       7924 
0711       7955 
0712       8001 
0713       8023 
0714       8071 
0715       8082 
0716       8102 
0717       8157 
0718       8227 
0719       8250 
0720       8284 
0721       8319 
0722       8337 
0723       8405 
0724       8450 
0725       8502 
0726       8566 
0727       8568 
0728       8613 
0729       8667 
0730       8710 
0731       8740 
0732       8809 
0733       8815 
0734       8873 
0735       8884 
0736       8907 
0737       8907 
0738       8965 
0739       8975 
0740       9069 
0741       9116 
0742       9169 
0743       9229 
0744       9302 
0745       9370 
0746       9412 
0747       9488 
0748       9513 
0749       9580 
0750       9651 
0751       9789 
0752       9871 
0753       9943 
0754       10028 
0755       10119 
0756       10169 
0757       10169 
0758       1 
0759       1 
0760       1 
0761       1 
0762       1 
0763       1 
0764       1 
0765       1 
0766       1 
0767       1 
0768       1 
0769       1 
0770       1 
0771       1 
0772       1 
0773       1 
0774       1 
0775       8136 
0776       8136 
0777       8110 
0778       8107 
0779       8103 
0780       8097 
0781       8097 
0782       8069 
0783       8046 
0784       8034 
0785       7996 
0786       7996 
0787       7996 
0788       7970 
0789       7944 
0790       5199 
0791       5185 
0792       5199 
0793       5250 
0794       5268 
0795       5312 
0796       5330 
0797       5365 
0798       5401 
0799       5473 
0800       5541 
0801       5552 
0802       5552 
0803       4587 
0804       4569 
0805       4569 
0806       4587 
0807       4603 
0808       4675 
0809       4687 
0810       4735 
0811       4751 
0812       4819 
0813       4860 
0814       4898 
0815       4923 
0816       4984 
0817       5024 
0818       5092 
0819       5172 
0820       5221 
0821       5275 
0822       5334 
0823       5388 
0824       5512 
0825       5598 
0826       5677 
0827       5763 
0828       5869 
0829       6010 
0830       6134 
0831       6223 
0832       6452 
0833       8499 
0834       8499 
0835       8479 
0836       8457 
0837       8452 
0838       8433 
0839       8431 
0840       8416 
0841       8415 
0842       8402 
0843       8402 
0844       8404 
0845       8404 
0846       8392 
0847       8379 
0848       8331 
0849       8331 
0850       8347 
0851       8348 
0852       8348 
0853       8348 
0854       8347 
0855       8362 
0856       8349 
0857       8353 
0858       8353 
0859       8353 
0860       8353 
0861       1 
0862       1 
0863       1 
0864       1 
0865       1 
0866       1 
0867       8395 
0868       8395 
0869       8376 
0870       8343 
0871       8356 
0872       8356 
0873       8356 
0874       8333 
0875       8333 
0876       8336 
0877       8346 
0878       8336 
0879       1 
0880       1 
0881       1 
0882       1 
0883       1 
0884       1 
0885       1 
0886       1 
0887       1 
0888       1 
0889       1 
0890       1 
0891       1 
0892       1 
0893       1 
0894       1 
0895       1 
0896       1 
0897       1 
0898       1 
0899       1 
0900       1 
0901       1 
0902       1 
0903       1 
0904       1 
0905       1 
0906       1 
0907       1 
0908       1 
0909       1 
0910       1 
0911       1 
0912       1 
0913       1 
0914       1 
0915       1 
0916       1 
0917       1 
0918       1 
0919       1 
0920       1 
0921       1 
0922       1 
0923       1 
0924       1 
0925       1 
0926       1 
0927       1 
0928       1 
0929       1 
0930       1 
0931       1 
0932       1 
0933       1 
0934       1 
0935       1 
0936       1 
0937       1 
0938       1 
0939       1 
0940       1 
0941       1 
0942       1 
0943       1 
0944       1 
0945       1 
0946       1 
0947       1 
0948       1 
0949       1 
0950       1 
0951       1 
0952       1 
0953       1 
0954       1 
0955       1 
0956       1 
0957       1 
0958       1 
0959       1 
0960       1 
0961       1 
0962       1 
0963       1 
0964       1 
0965       1 
0966       1 
0967       1 
0968       1 
0969       1 
0970       1 
0971       1 
0972       1 
0973       1 
0974       1 
0975       1 
0976       1 
0977       1 
0978       1 
0979       1 
0980       1 
0981       1 
0982       1 
0983       1 
0984       1 
0985       1 
0986       1 
0987       1 
0988       1 
0989       1 
0990       1 
0991       1 
0992       1 
0993       1 
0994       1 
0995       1 
0996       1 
0997       1 
0998       1 
0999       1 
1000       1 
1001       1 
1002       1 
1003       1 
1004       1 
1005       1 
1006       49 
1007       55 
1008       56 
1009       56 
1010       56 
1011       56 
1012       50 
1013       50 
1014       58 
1015       58 
1016       58 
1017       67 
1018       67 
1019       54 
1020       54 
1021       54 
1022       54 
1023       55 
1024       70 
1025       70 
1026       70 
1027       59 
1028       55 
1029       54 
1030       54 
1031       54 
1032       54 
1033       54 
1034       59 
1035       68 
1036       70 
1037       76 
1038       76 
1039       76 
1040       71 
1041       71 
1042       71 
1043       71 
1044       71 
1045       70 
1046       70 
1047       68 
1048       66 
1049       65 
1050       65 
1051       65 
1052       65 
1053       65 
1054       62 
1055       62 
1056       62 
1057       62 
1058       65 
1059       65 
1060       66 
1061       69 
1062       71 
1063       69 
1064       69 
1065       66 
1066       65 
1067       65 
1068       66 
1069       67 
1070       67 
1071       67 
1072       67 
1073       67 
1074       66 
1075       65 
1076       65 
1077       66 
1078       66 
1079       66 
1297966669.941313
