0000       1 
0001       1 
0002       1 
0003       1 
0004       1 
0005       1 
0006       1 
0007       1 
0008       1 
0009       1 
0010       1 
0011       1 
0012       1 
0013       1 
0014       1 
0015       1 
0016       1 
0017       1 
0018       1 
0019       1 
0020       1 
0021       1 
0022       1 
0023       1 
0024       1 
0025       1 
0026       1 
0027       1 
0028       1 
0029       1 
0030       1 
0031       1 
0032       1 
0033       1 
0034       1 
0035       1 
0036       1 
0037       1 
0038       1 
0039       1 
0040       1 
0041       1 
0042       1 
0043       1 
0044       1 
0045       1 
0046       1 
0047       1 
0048       1 
0049       1 
0050       1 
0051       1 
0052       1 
0053       1 
0054       1 
0055       1 
0056       1 
0057       1 
0058       1 
0059       1 
0060       1 
0061       1 
0062       1 
0063       1 
0064       1 
0065       1 
0066       1 
0067       1 
0068       1 
0069       1 
0070       1 
0071       1 
0072       1 
0073       1 
0074       1 
0075       1 
0076       1 
0077       1 
0078       1 
0079       1 
0080       1 
0081       1 
0082       1 
0083       1 
0084       1 
0085       1 
0086       1 
0087       1 
0088       1 
0089       1 
0090       1 
0091       1 
0092       1 
0093       1 
0094       1 
0095       1 
0096       1 
0097       1 
0098       1 
0099       1 
0100       1 
0101       1 
0102       1 
0103       1 
0104       1 
0105       1 
0106       1 
0107       1 
0108       1 
0109       1 
0110       1 
0111       1 
0112       1 
0113       1 
0114       1 
0115       1 
0116       1 
0117       1 
0118       1 
0119       1 
0120       1 
0121       1 
0122       1 
0123       1 
0124       1 
0125       1 
0126       1 
0127       1 
0128       1 
0129       1 
0130       1 
0131       1 
0132       1 
0133       1 
0134       1 
0135       1 
0136       1 
0137       1 
0138       1 
0139       1 
0140       1 
0141       1 
0142       1 
0143       1 
0144       1 
0145       1 
0146       1 
0147       1 
0148       1 
0149       1 
0150       33469 
0151       33469 
0152       27764 
0153       27749 
0154       27733 
0155       27729 
0156       27712 
0157       27712 
0158       27712 
0159       27679 
0160       27715 
0161       27679 
0162       27671 
0163       27471 
0164       27451 
0165       27451 
0166       27471 
0167       27486 
0168       27650 
0169       27650 
0170       27662 
0171       27658 
0172       27662 
0173       27684 
0174       27684 
0175       27680 
0176       27659 
0177       27649 
0178       27604 
0179       27467 
0180       27428 
0181       27457 
0182       27434 
0183       27439 
0184       27439 
0185       27439 
0186       26883 
0187       1 
0188       26883 
0189       27474 
0190       27474 
0191       27474 
0192       27474 
0193       27551 
0194       27551 
0195       1 
0196       1 
0197       1 
0198       1 
0199       1 
0200       1 
0201       1 
0202       1 
0203       1 
0204       1 
0205       1 
0206       1 
0207       1 
0208       27702 
0209       27707 
0210       27732 
0211       27750 
0212       27750 
0213       27750 
0214       27770 
0215       27852 
0216       27870 
0217       27873 
0218       27912 
0219       27931 
0220       27943 
0221       27943 
0222       1 
0223       1 
0224       1 
0225       1 
0226       1 
0227       1 
0228       1 
0229       1 
0230       1 
0231       28354 
0232       28354 
0233       28360 
0234       28407 
0235       28410 
0236       28447 
0237       28451 
0238       28505 
0239       28555 
0240       28586 
0241       28592 
0242       28586 
0243       1 
0244       1 
0245       1 
0246       1 
0247       1 
0248       1 
0249       1 
0250       1 
0251       1 
0252       1 
0253       1 
0254       1 
0255       1 
0256       1 
0257       1 
0258       1 
0259       1 
0260       1 
0261       1 
0262       1 
0263       1 
0264       16010 
0265       16010 
0266       15758 
0267       15719 
0268       15468 
0269       15452 
0270       15155 
0271       15115 
0272       14854 
0273       14826 
0274       14632 
0275       14537 
0276       14363 
0277       14220 
0278       14156 
0279       13950 
0280       13919 
0281       13684 
0282       13649 
0283       13550 
0284       13364 
0285       13348 
0286       13224 
0287       13057 
0288       13052 
0289       12881 
0290       12768 
0291       12704 
0292       12576 
0293       12468 
0294       12402 
0295       12307 
0296       12198 
0297       12151 
0298       12046 
0299       11910 
0300       11875 
0301       11818 
0302       11703 
0303       11641 
0304       11569 
0305       11485 
0306       11353 
0307       11340 
0308       11265 
0309       11192 
0310       11055 
0311       11054 
0312       10963 
0313       10846 
0314       10782 
0315       10768 
0316       10705 
0317       10621 
0318       10531 
0319       10504 
0320       10460 
0321       10383 
0322       10268 
0323       10257 
0324       10236 
0325       10158 
0326       10084 
0327       10000 
0328       9983 
0329       9930 
0330       9881 
0331       9813 
0332       9747 
0333       9724 
0334       9646 
0335       9599 
0336       9540 
0337       9472 
0338       9467 
0339       9403 
0340       9370 
0341       9232 
0342       9194 
0343       9194 
0344       9228 
0345       9272 
0346       9336 
0347       9397 
0348       9442 
0349       9463 
0350       9509 
0351       9541 
0352       9588 
0353       9628 
0354       9685 
0355       9730 
0356       9754 
0357       9804 
0358       9843 
0359       9894 
0360       9934 
0361       9978 
0362       10016 
0363       10040 
0364       10051 
0365       10080 
0366       10080 
0367       10083 
0368       10084 
0369       10092 
0370       10115 
0371       10124 
0372       10124 
0373       10161 
0374       10174 
0375       10206 
0376       10233 
0377       10270 
0378       10281 
0379       10320 
0380       10345 
0381       10366 
0382       10402 
0383       10430 
0384       10453 
0385       10478 
0386       10478 
0387       10476 
0388       10443 
0389       10411 
0390       10403 
0391       10379 
0392       10345 
0393       10311 
0394       10280 
0395       10254 
0396       10224 
0397       10176 
0398       10152 
0399       10131 
0400       10093 
0401       10071 
0402       10044 
0403       10043 
0404       9995 
0405       9985 
0406       9938 
0407       9907 
0408       9858 
0409       9848 
0410       9842 
0411       9803 
0412       9788 
0413       9771 
0414       9718 
0415       9712 
0416       9654 
0417       9654 
0418       9647 
0419       9617 
0420       9597 
0421       9570 
0422       9541 
0423       9519 
0424       9498 
0425       9475 
0426       9451 
0427       9422 
0428       9400 
0429       9394 
0430       9342 
0431       9342 
0432       9337 
0433       9316 
0434       9304 
0435       9291 
0436       9285 
0437       9242 
0438       9222 
0439       9211 
0440       9196 
0441       9188 
0442       9162 
0443       9154 
0444       9130 
0445       9106 
0446       9104 
0447       9070 
0448       9054 
0449       9050 
0450       9036 
0451       9012 
0452       9011 
0453       9001 
0454       8985 
0455       8957 
0456       8957 
0457       8938 
0458       8933 
0459       8903 
0460       8897 
0461       8894 
0462       8856 
0463       8843 
0464       8843 
0465       8829 
0466       8824 
0467       8796 
0468       5662 
0469       5662 
0470       5665 
0471       5665 
0472       5656 
0473       5650 
0474       5639 
0475       5639 
0476       5638 
0477       5616 
0478       5608 
0479       5591 
0480       5591 
0481       5591 
0482       5595 
0483       5595 
0484       5584 
0485       5578 
0486       5578 
0487       5564 
0488       5563 
0489       5558 
0490       5545 
0491       5538 
0492       5518 
0493       5518 
0494       5518 
0495       5527 
0496       5515 
0497       5513 
0498       5513 
0499       5524 
0500       5524 
0501       5523 
0502       5516 
0503       5503 
0504       5495 
0505       5492 
0506       5479 
0507       5468 
0508       5479 
0509       5487 
0510       5487 
0511       5484 
0512       5481 
0513       5474 
0514       5474 
0515       5474 
0516       5469 
0517       5469 
0518       5469 
0519       5455 
0520       5454 
0521       5447 
0522       5447 
0523       5452 
0524       5467 
0525       5473 
0526       5473 
0527       5468 
0528       5451 
0529       5451 
0530       5463 
0531       5463 
0532       5463 
0533       5455 
0534       5445 
0535       5440 
0536       5440 
0537       5451 
0538       5460 
0539       5451 
0540       5456 
0541       5456 
0542       5457 
0543       5459 
0544       5475 
0545       5475 
0546       5469 
0547       5466 
0548       5462 
0549       5452 
0550       5452 
0551       5475 
0552       5479 
0553       5479 
0554       5476 
0555       5475 
0556       5475 
0557       5475 
0558       5483 
0559       5490 
0560       5490 
0561       5493 
0562       5485 
0563       5497 
0564       5497 
0565       5522 
0566       5522 
0567       5520 
0568       5520 
0569       5531 
0570       5534 
0571       5548 
0572       5548 
0573       5548 
0574       5542 
0575       5542 
0576       5547 
0577       5549 
0578       5550 
0579       5577 
0580       5577 
0581       5582 
0582       5582 
0583       5590 
0584       5616 
0585       5616 
0586       5616 
0587       5618 
0588       5618 
0589       5602 
0590       5602 
0591       5626 
0592       5655 
0593       5662 
0594       5662 
0595       5667 
0596       5672 
0597       5672 
0598       5694 
0599       5697 
0600       5718 
0601       5718 
0602       5702 
0603       5702 
0604       5717 
0605       5752 
0606       5753 
0607       5757 
0608       5760 
0609       5760 
0610       5767 
0611       5784 
0612       5811 
0613       5825 
0614       5825 
0615       5809 
0616       5809 
0617       5851 
0618       5851 
0619       5883 
0620       5885 
0621       5893 
0622       5901 
0623       5906 
0624       5913 
0625       5934 
0626       5934 
0627       5934 
0628       5944 
0629       5965 
0630       5966 
0631       5994 
0632       5998 
0633       6024 
0634       6031 
0635       6048 
0636       6057 
0637       6068 
0638       6070 
0639       6075 
0640       6105 
0641       6122 
0642       6141 
0643       6153 
0644       6159 
0645       6160 
0646       6189 
0647       6197 
0648       6216 
0649       6227 
0650       6227 
0651       6266 
0652       6276 
0653       6303 
0654       6308 
0655       6340 
0656       6353 
0657       6361 
0658       6372 
0659       6377 
0660       6379 
0661       6423 
0662       6446 
0663       6464 
0664       6470 
0665       6504 
0666       6518 
0667       6558 
0668       6558 
0669       6560 
0670       6560 
0671       6599 
0672       6637 
0673       6641 
0674       6694 
0675       6713 
0676       6725 
0677       6741 
0678       6762 
0679       6771 
0680       6783 
0681       6804 
0682       6863 
0683       6863 
0684       6898 
0685       6925 
0686       6952 
0687       6975 
0688       6975 
0689       6985 
0690       7053 
0691       7059 
0692       7107 
0693       7109 
0694       7161 
0695       7175 
0696       7175 
0697       7176 
0698       7233 
0699       7274 
0700       7301 
0701       7329 
0702       7356 
0703       7379 
0704       7401 
0705       7411 
0706       7467 
0707       7497 
0708       7542 
0709       7575 
0710       7604 
0711       7620 
0712       7652 
0713       7669 
0714       7729 
0715       7788 
0716       7816 
0717       7843 
0718       7882 
0719       7893 
0720       12739 
0721       12812 
0722       12873 
0723       12926 
0724       13005 
0725       13088 
0726       13159 
0727       13190 
0728       13276 
0729       13349 
0730       13431 
0731       13480 
0732       13579 
0733       13649 
0734       13703 
0735       13815 
0736       13885 
0737       13944 
0738       14062 
0739       14142 
0740       14225 
0741       14341 
0742       14447 
0743       14520 
0744       14574 
0745       14688 
0746       14807 
0747       14903 
0748       14973 
0749       15091 
0750       15194 
0751       15277 
0752       15409 
0753       15521 
0754       15651 
0755       15725 
0756       15820 
0757       15953 
0758       16081 
0759       16164 
0760       16275 
0761       16406 
0762       16453 
0763       16514 
0764       16541 
0765       16610 
0766       16743 
0767       16848 
0768       16958 
0769       16958 
0770       16945 
0771       16894 
0772       16850 
0773       16832 
0774       16785 
0775       16738 
0776       16690 
0777       16681 
0778       16614 
0779       16582 
0780       16531 
0781       16478 
0782       16448 
0783       16412 
0784       16396 
0785       16378 
0786       16315 
0787       16271 
0788       16240 
0789       16211 
0790       16176 
0791       16152 
0792       16101 
0793       16099 
0794       16040 
0795       16005 
0796       15966 
0797       15962 
0798       15923 
0799       15909 
0800       15882 
0801       1 
0802       1 
0803       1 
0804       1 
0805       1 
0806       1 
0807       1 
0808       1 
0809       1 
0810       1 
0811       1 
0812       1 
0813       1 
0814       1 
0815       18593 
0816       18593 
0817       18593 
0818       18593 
0819       1 
0820       1 
0821       1 
0822       1 
0823       1 
0824       1 
0825       1 
0826       18976 
0827       18976 
0828       18959 
0829       18632 
0830       18795 
0831       18632 
0832       18592 
0833       18557 
0834       1 
0835       1 
0836       1 
0837       1 
0838       1 
0839       1 
0840       1 
0841       19043 
0842       19043 
0843       19052 
0844       19043 
0845       1 
0846       1 
0847       1 
0848       1 
0849       1 
0850       1 
0851       1 
0852       1 
0853       1 
0854       1 
0855       1 
0856       1 
0857       1 
0858       1 
0859       1 
0860       1 
0861       1 
0862       1 
0863       1 
0864       1 
0865       1 
0866       1 
0867       1 
0868       1 
0869       1 
0870       1 
0871       1 
0872       1 
0873       1 
0874       1 
0875       1 
0876       1 
0877       1 
0878       1 
0879       1 
0880       1 
0881       1 
0882       1 
0883       1 
0884       1 
0885       1 
0886       1 
0887       1 
0888       1 
0889       1 
0890       1 
0891       1 
0892       1 
0893       1 
0894       1 
0895       1 
0896       1 
0897       1 
0898       1 
0899       1 
0900       1 
0901       1 
0902       1 
0903       1 
0904       1 
0905       1 
0906       1 
0907       1 
0908       1 
0909       1 
0910       1 
0911       1 
0912       1 
0913       1 
0914       1 
0915       1 
0916       1 
0917       1 
0918       1 
0919       1 
0920       1 
0921       1 
0922       1 
0923       1 
0924       1 
0925       1 
0926       1 
0927       1 
0928       1 
0929       1 
0930       1 
0931       1 
0932       1 
0933       1 
0934       1 
0935       1 
0936       1 
0937       1 
0938       1 
0939       1 
0940       1 
0941       1 
0942       1 
0943       1 
0944       1 
0945       1 
0946       1 
0947       1 
0948       1 
0949       1 
0950       1 
0951       1 
0952       1 
0953       1 
0954       1 
0955       1 
0956       1 
0957       1 
0958       1 
0959       1 
0960       1 
0961       1 
0962       1 
0963       1 
0964       1 
0965       1 
0966       1 
0967       1 
0968       1 
0969       1 
0970       1 
0971       1 
0972       1 
0973       1 
0974       1 
0975       1 
0976       1 
0977       1 
0978       1 
0979       1 
0980       1 
0981       1 
0982       1 
0983       1 
0984       1 
0985       1 
0986       1 
0987       1 
0988       1 
0989       1 
0990       1 
0991       1 
0992       1 
0993       1 
0994       1 
0995       1 
0996       1 
0997       1 
0998       1 
0999       1 
1000       1 
1001       1 
1002       1 
1003       1 
1004       1 
1005       1 
1006       1 
1007       4 
1008       50 
1009       50 
1010       43 
1011       4 
1012       4 
1013       4 
1014       43 
1015       52 
1016       52 
1017       52 
1018       59 
1019       56 
1020       50 
1021       53 
1022       56 
1023       56 
1024       54 
1025       59 
1026       60 
1027       62 
1028       62 
1029       62 
1030       59 
1031       59 
1032       59 
1033       59 
1034       66 
1035       66 
1036       67 
1037       67 
1038       74 
1039       75 
1040       75 
1041       74 
1042       66 
1043       66 
1044       66 
1045       66 
1046       66 
1047       67 
1048       67 
1049       67 
1050       67 
1051       68 
1052       68 
1053       67 
1054       64 
1055       64 
1056       64 
1057       66 
1058       66 
1059       66 
1060       66 
1061       66 
1062       68 
1063       68 
1064       69 
1065       69 
1066       69 
1067       69 
1068       69 
1069       69 
1070       69 
1071       70 
1072       69 
1073       69 
1074       70 
1075       70 
1076       67 
1077       67 
1078       69 
1079       67 
1297966665.975701
