0000       1 
0001       1 
0002       1 
0003       1 
0004       1 
0005       1 
0006       1 
0007       1 
0008       1 
0009       1 
0010       1 
0011       1 
0012       1 
0013       1 
0014       1 
0015       1 
0016       1 
0017       1 
0018       1 
0019       1 
0020       1 
0021       1 
0022       1 
0023       1 
0024       1 
0025       1 
0026       1 
0027       1 
0028       1 
0029       1 
0030       1 
0031       1 
0032       1 
0033       1 
0034       1 
0035       1 
0036       1 
0037       1 
0038       1 
0039       1 
0040       1 
0041       1 
0042       1 
0043       1 
0044       1 
0045       1 
0046       1 
0047       1 
0048       1 
0049       1 
0050       1 
0051       1 
0052       1 
0053       1 
0054       1 
0055       1 
0056       1 
0057       1 
0058       1 
0059       1 
0060       1 
0061       1 
0062       1 
0063       1 
0064       1 
0065       1 
0066       1 
0067       1 
0068       1 
0069       1 
0070       1 
0071       1 
0072       1 
0073       1 
0074       1 
0075       1 
0076       1 
0077       1 
0078       1 
0079       1 
0080       1 
0081       1 
0082       1 
0083       1 
0084       1 
0085       1 
0086       1 
0087       1 
0088       1 
0089       1 
0090       1 
0091       1 
0092       1 
0093       1 
0094       1 
0095       1 
0096       1 
0097       1 
0098       1 
0099       1 
0100       1 
0101       1 
0102       1 
0103       1 
0104       1 
0105       1 
0106       1 
0107       1 
0108       1 
0109       1 
0110       1 
0111       1 
0112       1 
0113       1 
0114       1 
0115       1 
0116       1 
0117       1 
0118       1 
0119       1 
0120       1 
0121       1 
0122       1 
0123       1 
0124       1 
0125       1 
0126       1 
0127       1 
0128       1 
0129       1 
0130       1 
0131       1 
0132       1 
0133       1 
0134       1 
0135       1 
0136       1 
0137       1 
0138       1 
0139       1 
0140       1 
0141       1 
0142       1 
0143       1 
0144       1 
0145       1 
0146       1 
0147       1 
0148       1 
0149       1 
0150       1 
0151       1 
0152       1 
0153       1 
0154       1 
0155       1 
0156       1 
0157       1 
0158       1 
0159       1 
0160       1 
0161       1 
0162       1 
0163       1 
0164       1 
0165       1 
0166       1 
0167       1 
0168       1 
0169       1 
0170       1 
0171       1 
0172       1 
0173       1 
0174       1 
0175       1 
0176       1 
0177       1 
0178       19138 
0179       19138 
0180       19166 
0181       19145 
0182       19145 
0183       19145 
0184       19124 
0185       18878 
0186       1 
0187       1 
0188       1 
0189       1 
0190       1 
0191       1 
0192       1 
0193       1 
0194       1 
0195       1 
0196       1 
0197       1 
0198       1 
0199       1 
0200       1 
0201       1 
0202       1 
0203       1 
0204       1 
0205       1 
0206       1 
0207       1 
0208       1 
0209       1 
0210       1 
0211       1 
0212       1 
0213       1 
0214       1 
0215       1 
0216       1 
0217       1 
0218       1 
0219       1 
0220       1 
0221       1 
0222       1 
0223       1 
0224       1 
0225       1 
0226       1 
0227       1 
0228       1 
0229       1 
0230       1 
0231       1 
0232       1 
0233       1 
0234       1 
0235       1 
0236       1 
0237       1 
0238       1 
0239       1 
0240       1 
0241       1 
0242       1 
0243       1 
0244       1 
0245       1 
0246       1 
0247       1 
0248       22420 
0249       22487 
0250       22487 
0251       22488 
0252       22583 
0253       22624 
0254       22624 
0255       1 
0256       1 
0257       1 
0258       1 
0259       1 
0260       1 
0261       1 
0262       1 
0263       1 
0264       1 
0265       1 
0266       1 
0267       1 
0268       1 
0269       20819 
0270       20819 
0271       20683 
0272       20526 
0273       20433 
0274       20342 
0275       20253 
0276       20149 
0277       20132 
0278       20105 
0279       20112 
0280       20112 
0281       20195 
0282       20201 
0283       20195 
0284       1 
0285       1 
0286       1 
0287       1 
0288       1 
0289       1 
0290       1 
0291       1 
0292       1 
0293       1 
0294       1 
0295       1 
0296       1 
0297       1 
0298       1 
0299       19295 
0300       19295 
0301       19201 
0302       18991 
0303       18881 
0304       18668 
0305       18528 
0306       18364 
0307       18236 
0308       18080 
0309       17956 
0310       17824 
0311       17686 
0312       17543 
0313       17417 
0314       17276 
0315       17145 
0316       17042 
0317       14317 
0318       12994 
0319       12742 
0320       12722 
0321       12711 
0322       12688 
0323       12688 
0324       12775 
0325       12775 
0326       12744 
0327       12621 
0328       12576 
0329       12517 
0330       12481 
0331       12373 
0332       12326 
0333       12302 
0334       12302 
0335       12329 
0336       12384 
0337       12329 
0338       12125 
0339       12113 
0340       12080 
0341       11990 
0342       11974 
0343       11966 
0344       11974 
0345       11972 
0346       11977 
0347       11972 
0348       11949 
0349       11928 
0350       11919 
0351       11906 
0352       11906 
0353       11921 
0354       11921 
0355       11876 
0356       11876 
0357       11895 
0358       11915 
0359       12990 
0360       12990 
0361       12895 
0362       12843 
0363       12798 
0364       12745 
0365       12669 
0366       12643 
0367       12598 
0368       12536 
0369       12479 
0370       12404 
0371       12400 
0372       12396 
0373       12294 
0374       12277 
0375       12235 
0376       12186 
0377       12129 
0378       12087 
0379       12035 
0380       11997 
0381       11928 
0382       11886 
0383       11828 
0384       11801 
0385       11757 
0386       11747 
0387       9999 
0388       9938 
0389       9923 
0390       9869 
0391       9816 
0392       9745 
0393       9708 
0394       9669 
0395       9638 
0396       9638 
0397       9628 
0398       9584 
0399       9510 
0400       9509 
0401       9484 
0402       9483 
0403       9408 
0404       9393 
0405       9366 
0406       9363 
0407       9359 
0408       1805 
0409       1800 
0410       1800 
0411       1782 
0412       1782 
0413       1781 
0414       1776 
0415       1776 
0416       1764 
0417       1764 
0418       1764 
0419       1763 
0420       1763 
0421       1755 
0422       1747 
0423       1745 
0424       1745 
0425       1743 
0426       1739 
0427       1730 
0428       1730 
0429       1728 
0430       1724 
0431       1724 
0432       1724 
0433       1724 
0434       1730 
0435       1734 
0436       1735 
0437       1739 
0438       1744 
0439       1777 
0440       1787 
0441       1803 
0442       1819 
0443       1831 
0444       1839 
0445       1860 
0446       1886 
0447       1891 
0448       1902 
0449       1920 
0450       1947 
0451       1965 
0452       1978 
0453       1997 
0454       2005 
0455       2007 
0456       2011 
0457       2011 
0458       2007 
0459       2003 
0460       2003 
0461       1996 
0462       1990 
0463       1987 
0464       1985 
0465       1985 
0466       1984 
0467       1984 
0468       1977 
0469       1977 
0470       1975 
0471       1968 
0472       1968 
0473       1968 
0474       1971 
0475       1971 
0476       1971 
0477       1971 
0478       1964 
0479       1962 
0480       1958 
0481       1954 
0482       1951 
0483       1951 
0484       1950 
0485       1950 
0486       1944 
0487       1937 
0488       1936 
0489       1934 
0490       1934 
0491       1933 
0492       1933 
0493       1932 
0494       1932 
0495       1920 
0496       1920 
0497       1918 
0498       1915 
0499       1913 
0500       1908 
0501       1906 
0502       1901 
0503       1901 
0504       1899 
0505       1896 
0506       1895 
0507       1895 
0508       1892 
0509       1881 
0510       1880 
0511       1878 
0512       1878 
0513       1864 
0514       1863 
0515       1862 
0516       1862 
0517       1862 
0518       1861 
0519       1861 
0520       1859 
0521       1859 
0522       1859 
0523       1859 
0524       1859 
0525       1859 
0526       1855 
0527       1852 
0528       1850 
0529       1847 
0530       1846 
0531       1846 
0532       1846 
0533       1843 
0534       1838 
0535       1835 
0536       1834 
0537       1835 
0538       1835 
0539       1835 
0540       1835 
0541       1835 
0542       1835 
0543       1834 
0544       1832 
0545       1831 
0546       1832 
0547       1832 
0548       1835 
0549       1838 
0550       1841 
0551       1841 
0552       1841 
0553       1838 
0554       1838 
0555       1838 
0556       1845 
0557       1845 
0558       1845 
0559       1839 
0560       1839 
0561       1839 
0562       1840 
0563       1840 
0564       1841 
0565       1840 
0566       1840 
0567       1840 
0568       1841 
0569       1852 
0570       1852 
0571       1852 
0572       1851 
0573       1851 
0574       1851 
0575       1852 
0576       1854 
0577       1855 
0578       1855 
0579       1855 
0580       1856 
0581       1858 
0582       1861 
0583       1861 
0584       1859 
0585       1859 
0586       1861 
0587       1859 
0588       1859 
0589       1864 
0590       1864 
0591       1866 
0592       1867 
0593       1874 
0594       1877 
0595       1882 
0596       1884 
0597       1882 
0598       1885 
0599       1892 
0600       1895 
0601       1895 
0602       1900 
0603       1904 
0604       1904 
0605       1904 
0606       1908 
0607       1909 
0608       1909 
0609       1915 
0610       1919 
0611       1919 
0612       1922 
0613       1921 
0614       1921 
0615       1922 
0616       1922 
0617       1925 
0618       1928 
0619       1935 
0620       1935 
0621       1935 
0622       1938 
0623       1941 
0624       1945 
0625       1948 
0626       1950 
0627       1951 
0628       1952 
0629       1951 
0630       1954 
0631       1957 
0632       1965 
0633       1964 
0634       1965 
0635       1966 
0636       1973 
0637       1976 
0638       1978 
0639       1977 
0640       1978 
0641       1978 
0642       1978 
0643       1995 
0644       1996 
0645       2007 
0646       2007 
0647       2010 
0648       2012 
0649       2012 
0650       2012 
0651       2015 
0652       2021 
0653       2021 
0654       2021 
0655       2021 
0656       2021 
0657       2024 
0658       2025 
0659       2025 
0660       2030 
0661       2033 
0662       2030 
0663       2025 
0664       2025 
0665       2024 
0666       2005 
0667       1991 
0668       1964 
0669       1953 
0670       1934 
0671       1918 
0672       1903 
0673       1887 
0674       1873 
0675       1861 
0676       1844 
0677       1834 
0678       1825 
0679       1805 
0680       1800 
0681       1799 
0682       1798 
0683       1795 
0684       1795 
0685       1797 
0686       1797 
0687       1797 
0688       1804 
0689       1808 
0690       1808 
0691       1811 
0692       1821 
0693       1821 
0694       1822 
0695       1829 
0696       1831 
0697       1841 
0698       1844 
0699       1845 
0700       1848 
0701       1855 
0702       1859 
0703       1859 
0704       1877 
0705       1890 
0706       1955 
0707       2509 
0708       2631 
0709       2631 
0710       2631 
0711       2631 
0712       2631 
0713       2634 
0714       2645 
0715       2653 
0716       2657 
0717       2657 
0718       2657 
0719       2657 
0720       2659 
0721       2674 
0722       2683 
0723       2683 
0724       2683 
0725       2420 
0726       2340 
0727       2332 
0728       2318 
0729       2302 
0730       2286 
0731       2271 
0732       2271 
0733       2271 
0734       2268 
0735       2261 
0736       2260 
0737       2245 
0738       2245 
0739       2232 
0740       2232 
0741       2244 
0742       2246 
0743       2248 
0744       2249 
0745       2257 
0746       2263 
0747       2266 
0748       2268 
0749       2268 
0750       2274 
0751       2275 
0752       2280 
0753       2281 
0754       2325 
0755       2325 
0756       2325 
0757       1 
0758       1 
0759       1 
0760       1 
0761       1 
0762       1 
0763       1 
0764       1 
0765       1 
0766       1 
0767       1 
0768       1 
0769       1 
0770       1 
0771       1 
0772       1 
0773       1 
0774       1 
0775       1 
0776       1 
0777       1 
0778       1 
0779       1 
0780       15829 
0781       15829 
0782       15816 
0783       15764 
0784       15684 
0785       15664 
0786       15623 
0787       15587 
0788       15542 
0789       15494 
0790       15411 
0791       15410 
0792       15394 
0793       15376 
0794       15317 
0795       15293 
0796       15235 
0797       15219 
0798       15184 
0799       15137 
0800       15121 
0801       15050 
0802       1 
0803       1 
0804       1 
0805       1 
0806       1 
0807       1 
0808       1 
0809       1 
0810       1 
0811       1 
0812       1 
0813       1 
0814       1 
0815       1 
0816       1 
0817       1 
0818       1 
0819       1 
0820       1 
0821       1 
0822       1 
0823       1 
0824       1 
0825       1 
0826       1 
0827       1 
0828       1 
0829       1 
0830       1 
0831       1 
0832       1 
0833       1 
0834       1 
0835       1 
0836       1 
0837       1 
0838       1 
0839       1 
0840       1 
0841       1 
0842       1 
0843       1 
0844       1 
0845       1 
0846       1 
0847       1 
0848       1 
0849       1 
0850       1 
0851       1 
0852       1 
0853       1 
0854       1 
0855       1 
0856       1 
0857       1 
0858       1 
0859       1 
0860       1 
0861       1 
0862       1 
0863       1 
0864       1 
0865       26151 
0866       26151 
0867       26151 
0868       1 
0869       1 
0870       1 
0871       26039 
0872       26039 
0873       26004 
0874       25959 
0875       1 
0876       1 
0877       1 
0878       1 
0879       1 
0880       1 
0881       1 
0882       1 
0883       1 
0884       26032 
0885       26032 
0886       26030 
0887       25993 
0888       25977 
0889       25970 
0890       1 
0891       25945 
0892       25945 
0893       25945 
0894       25947 
0895       25943 
0896       25933 
0897       25894 
0898       25911 
0899       25882 
0900       25883 
0901       25883 
0902       25886 
0903       25886 
0904       25854 
0905       25854 
0906       25845 
0907       25838 
0908       25838 
0909       25873 
0910       25873 
0911       25873 
0912       25857 
0913       25863 
0914       25863 
0915       25863 
0916       25876 
0917       25876 
0918       25876 
0919       25852 
0920       25852 
0921       25889 
0922       25890 
0923       25889 
0924       25905 
0925       25905 
0926       25905 
0927       1 
0928       1 
0929       1 
0930       1 
0931       1 
0932       1 
0933       1 
0934       1 
0935       1 
0936       1 
0937       1 
0938       1 
0939       1 
0940       1 
0941       1 
0942       1 
0943       1 
0944       1 
0945       1 
0946       1 
0947       1 
0948       1 
0949       1 
0950       1 
0951       1 
0952       1 
0953       1 
0954       1 
0955       1 
0956       1 
0957       1 
0958       1 
0959       1 
0960       1 
0961       1 
0962       1 
0963       1 
0964       1 
0965       1 
0966       1 
0967       1 
0968       1 
0969       1 
0970       1 
0971       1 
0972       1 
0973       1 
0974       1 
0975       1 
0976       1 
0977       1 
0978       1 
0979       1 
0980       1 
0981       1 
0982       1 
0983       1 
0984       1 
0985       1 
0986       1 
0987       1 
0988       1 
0989       1 
0990       1 
0991       1 
0992       1 
0993       1 
0994       1 
0995       1 
0996       1 
0997       1 
0998       1 
0999       1 
1000       1 
1001       1 
1002       1 
1003       1 
1004       1 
1005       1 
1006       1 
1007       4 
1008       56 
1009       62 
1010       74 
1011       62 
1012       56 
1013       53 
1014       50 
1015       4 
1016       50 
1017       50 
1018       50 
1019       51 
1020       51 
1021       51 
1022       51 
1023       54 
1024       53 
1025       53 
1026       53 
1027       53 
1028       48 
1029       48 
1030       52 
1031       50 
1032       52 
1033       55 
1034       58 
1035       58 
1036       60 
1037       64 
1038       74 
1039       74 
1040       74 
1041       69 
1042       64 
1043       59 
1044       59 
1045       59 
1046       70 
1047       70 
1048       73 
1049       70 
1050       71 
1051       63 
1052       66 
1053       63 
1054       66 
1055       63 
1056       66 
1057       66 
1058       66 
1059       65 
1060       66 
1061       66 
1062       65 
1063       65 
1064       58 
1065       58 
1066       58 
1067       58 
1068       58 
1069       60 
1070       63 
1071       63 
1072       63 
1073       68 
1074       68 
1075       66 
1076       65 
1077       65 
1078       65 
1079       62 
1297966684.602754
