0000       1 
0001       1 
0002       1 
0003       1 
0004       1 
0005       1 
0006       1 
0007       1 
0008       1 
0009       1 
0010       1 
0011       1 
0012       1 
0013       1 
0014       1 
0015       1 
0016       1 
0017       1 
0018       1 
0019       1 
0020       1 
0021       1 
0022       1 
0023       1 
0024       1 
0025       1 
0026       1 
0027       1 
0028       1 
0029       1 
0030       1 
0031       1 
0032       1 
0033       1 
0034       1 
0035       1 
0036       1 
0037       1 
0038       1 
0039       1 
0040       1 
0041       1 
0042       1 
0043       1 
0044       1 
0045       1 
0046       1 
0047       1 
0048       1 
0049       1 
0050       1 
0051       1 
0052       1 
0053       1 
0054       1 
0055       1 
0056       1 
0057       1 
0058       1 
0059       1 
0060       1 
0061       1 
0062       1 
0063       1 
0064       1 
0065       1 
0066       1 
0067       1 
0068       1 
0069       1 
0070       1 
0071       1 
0072       1 
0073       1 
0074       1 
0075       1 
0076       1 
0077       1 
0078       1 
0079       1 
0080       1 
0081       1 
0082       1 
0083       1 
0084       1 
0085       1 
0086       1 
0087       1 
0088       1 
0089       19123 
0090       19142 
0091       19123 
0092       19021 
0093       1 
0094       18151 
0095       18151 
0096       18151 
0097       18097 
0098       18027 
0099       18027 
0100       18185 
0101       18185 
0102       18103 
0103       17636 
0104       17636 
0105       17636 
0106       17660 
0107       17660 
0108       1 
0109       1 
0110       1 
0111       1 
0112       17618 
0113       17618 
0114       17502 
0115       1 
0116       1 
0117       1 
0118       1 
0119       1 
0120       1 
0121       1 
0122       16702 
0123       16742 
0124       16742 
0125       16640 
0126       16451 
0127       16451 
0128       16436 
0129       16530 
0130       16557 
0131       16589 
0132       16557 
0133       1 
0134       1 
0135       1 
0136       1 
0137       17217 
0138       17217 
0139       16268 
0140       16268 
0141       16268 
0142       1 
0143       1 
0144       1 
0145       1 
0146       1 
0147       1 
0148       1 
0149       1 
0150       1 
0151       1 
0152       1 
0153       16934 
0154       16934 
0155       16934 
0156       1 
0157       1 
0158       1 
0159       1 
0160       1 
0161       1 
0162       1 
0163       1 
0164       17220 
0165       17332 
0166       17332 
0167       17634 
0168       17688 
0169       17688 
0170       1 
0171       1 
0172       1 
0173       1 
0174       1 
0175       1 
0176       1 
0177       16823 
0178       16823 
0179       16823 
0180       16714 
0181       16509 
0182       16505 
0183       16505 
0184       16082 
0185       16054 
0186       16054 
0187       16020 
0188       15645 
0189       15579 
0190       15645 
0191       15579 
0192       1 
0193       1 
0194       1 
0195       16578 
0196       16578 
0197       16578 
0198       16577 
0199       16577 
0200       16660 
0201       17776 
0202       17776 
0203       17776 
0204       17682 
0205       17682 
0206       17438 
0207       1 
0208       1 
0209       1 
0210       1 
0211       1 
0212       1 
0213       1 
0214       1 
0215       1 
0216       1 
0217       1 
0218       17838 
0219       17853 
0220       17853 
0221       17968 
0222       22985 
0223       22985 
0224       22806 
0225       22620 
0226       22694 
0227       22620 
0228       22240 
0229       22064 
0230       22064 
0231       21792 
0232       21275 
0233       1 
0234       1 
0235       1 
0236       1 
0237       20372 
0238       20372 
0239       20372 
0240       20182 
0241       19681 
0242       19574 
0243       19574 
0244       19515 
0245       19345 
0246       19158 
0247       19036 
0248       18898 
0249       18672 
0250       1 
0251       1 
0252       1 
0253       1 
0254       1 
0255       17716 
0256       17716 
0257       17579 
0258       17454 
0259       17290 
0260       17176 
0261       17048 
0262       16949 
0263       16817 
0264       16670 
0265       16546 
0266       16453 
0267       16398 
0268       16257 
0269       16176 
0270       16115 
0271       16011 
0272       15938 
0273       15858 
0274       15761 
0275       15691 
0276       15549 
0277       15428 
0278       15379 
0279       15274 
0280       15232 
0281       15174 
0282       15027 
0283       14935 
0284       14795 
0285       14720 
0286       14652 
0287       14620 
0288       14580 
0289       14528 
0290       14457 
0291       14370 
0292       14301 
0293       14205 
0294       14141 
0295       14073 
0296       14014 
0297       13957 
0298       13879 
0299       13839 
0300       13773 
0301       13697 
0302       13628 
0303       13564 
0304       13508 
0305       13455 
0306       13432 
0307       13335 
0308       13298 
0309       13201 
0310       13169 
0311       13127 
0312       13055 
0313       12982 
0314       12935 
0315       12852 
0316       12806 
0317       12743 
0318       12694 
0319       12622 
0320       12588 
0321       12533 
0322       12478 
0323       12439 
0324       12375 
0325       12342 
0326       12283 
0327       12243 
0328       12218 
0329       12155 
0330       12102 
0331       12064 
0332       12023 
0333       11994 
0334       11943 
0335       11909 
0336       11862 
0337       11829 
0338       11796 
0339       11753 
0340       11705 
0341       11673 
0342       11647 
0343       11593 
0344       11554 
0345       11513 
0346       11508 
0347       11463 
0348       11415 
0349       11370 
0350       11327 
0351       11293 
0352       11272 
0353       11240 
0354       11219 
0355       11181 
0356       11145 
0357       11106 
0358       11074 
0359       11059 
0360       11038 
0361       10998 
0362       10973 
0363       10908 
0364       10904 
0365       10863 
0366       10846 
0367       10815 
0368       10792 
0369       10757 
0370       10721 
0371       10705 
0372       10680 
0373       10645 
0374       10637 
0375       10616 
0376       10567 
0377       10560 
0378       10526 
0379       10508 
0380       10484 
0381       10471 
0382       10447 
0383       10405 
0384       10370 
0385       10363 
0386       10346 
0387       10329 
0388       10311 
0389       10291 
0390       10284 
0391       10251 
0392       10217 
0393       10201 
0394       10176 
0395       10168 
0396       10136 
0397       10121 
0398       10119 
0399       10093 
0400       10066 
0401       10051 
0402       10021 
0403       10011 
0404       9982 
0405       9979 
0406       9964 
0407       9939 
0408       9930 
0409       9928 
0410       9884 
0411       9874 
0412       9864 
0413       9840 
0414       9827 
0415       9811 
0416       9803 
0417       9779 
0418       9768 
0419       9744 
0420       9726 
0421       9720 
0422       9712 
0423       9692 
0424       9675 
0425       9670 
0426       9652 
0427       9644 
0428       9635 
0429       9609 
0430       9596 
0431       9588 
0432       9587 
0433       9553 
0434       9551 
0435       9545 
0436       9543 
0437       9522 
0438       9500 
0439       9497 
0440       9488 
0441       9484 
0442       9468 
0443       9462 
0444       9455 
0445       9439 
0446       9432 
0447       9428 
0448       9425 
0449       9402 
0450       9399 
0451       9399 
0452       9379 
0453       9398 
0454       9386 
0455       9386 
0456       9361 
0457       9355 
0458       9329 
0459       9329 
0460       9329 
0461       9321 
0462       9311 
0463       9311 
0464       9309 
0465       9309 
0466       9300 
0467       9296 
0468       9296 
0469       9293 
0470       9292 
0471       9275 
0472       9262 
0473       9268 
0474       9262 
0475       9258 
0476       9252 
0477       9242 
0478       9242 
0479       9242 
0480       9247 
0481       9247 
0482       9244 
0483       9239 
0484       9239 
0485       9229 
0486       9229 
0487       9230 
0488       9235 
0489       9235 
0490       9236 
0491       9232 
0492       9236 
0493       9235 
0494       9246 
0495       9235 
0496       9235 
0497       9235 
0498       9239 
0499       9239 
0500       9239 
0501       9228 
0502       9228 
0503       9231 
0504       9238 
0505       9243 
0506       9245 
0507       9245 
0508       9245 
0509       9245 
0510       9265 
0511       9265 
0512       9265 
0513       9273 
0514       9274 
0515       9282 
0516       9282 
0517       9289 
0518       9289 
0519       9296 
0520       9296 
0521       9296 
0522       9315 
0523       9319 
0524       9326 
0525       9331 
0526       9331 
0527       9331 
0528       9343 
0529       9365 
0530       9367 
0531       9382 
0532       9382 
0533       9382 
0534       9385 
0535       9411 
0536       9425 
0537       9428 
0538       9429 
0539       9461 
0540       9473 
0541       9473 
0542       9474 
0543       9492 
0544       9493 
0545       9493 
0546       9518 
0547       9521 
0548       9532 
0549       9559 
0550       9588 
0551       9588 
0552       9593 
0553       9608 
0554       9632 
0555       9635 
0556       9645 
0557       9661 
0558       9680 
0559       9689 
0560       9698 
0561       9707 
0562       9765 
0563       9779 
0564       9782 
0565       9796 
0566       9804 
0567       9814 
0568       9832 
0569       9874 
0570       9888 
0571       9895 
0572       9896 
0573       9910 
0574       9958 
0575       9959 
0576       9981 
0577       9996 
0578       10011 
0579       10016 
0580       10039 
0581       10067 
0582       10073 
0583       10087 
0584       10113 
0585       10118 
0586       10144 
0587       10177 
0588       10178 
0589       10218 
0590       10227 
0591       10229 
0592       10262 
0593       10273 
0594       10296 
0595       10334 
0596       10335 
0597       10363 
0598       10384 
0599       10418 
0600       10424 
0601       10463 
0602       10475 
0603       10512 
0604       10537 
0605       10549 
0606       10596 
0607       10610 
0608       10636 
0609       10636 
0610       10636 
0611       10586 
0612       10563 
0613       10542 
0614       7761 
0615       7738 
0616       7733 
0617       5068 
0618       5068 
0619       5068 
0620       4975 
0621       4974 
0622       4968 
0623       4955 
0624       4953 
0625       4921 
0626       4902 
0627       2944 
0628       2856 
0629       2783 
0630       2694 
0631       2587 
0632       2499 
0633       2428 
0634       2219 
0635       1908 
0636       1899 
0637       1899 
0638       1899 
0639       1899 
0640       1899 
0641       1899 
0642       1852 
0643       1811 
0644       1782 
0645       1770 
0646       1770 
0647       1770 
0648       1771 
0649       1776 
0650       1778 
0651       1799 
0652       1811 
0653       1818 
0654       1818 
0655       1828 
0656       1833 
0657       1849 
0658       1850 
0659       1855 
0660       1868 
0661       1882 
0662       1893 
0663       1898 
0664       1902 
0665       1916 
0666       1928 
0667       1936 
0668       1945 
0669       1958 
0670       1965 
0671       1965 
0672       1965 
0673       1952 
0674       1827 
0675       1733 
0676       1733 
0677       1733 
0678       1787 
0679       1893 
0680       2038 
0681       2045 
0682       2045 
0683       2045 
0684       1639 
0685       1530 
0686       1530 
0687       1530 
0688       1554 
0689       1621 
0690       1992 
0691       2269 
0692       2320 
0693       2338 
0694       2341 
0695       2341 
0696       2350 
0697       2350 
0698       2215 
0699       1306 
0700       1291 
0701       1288 
0702       1288 
0703       1291 
0704       1291 
0705       1270 
0706       1127 
0707       1115 
0708       1114 
0709       1105 
0710       1102 
0711       1099 
0712       1090 
0713       1088 
0714       1083 
0715       1080 
0716       1077 
0717       1072 
0718       1072 
0719       1070 
0720       1070 
0721       1070 
0722       1070 
0723       1070 
0724       1070 
0725       1070 
0726       1065 
0727       1065 
0728       1069 
0729       1069 
0730       1069 
0731       1069 
0732       1056 
0733       1056 
0734       1056 
0735       1060 
0736       1064 
0737       1072 
0738       1077 
0739       3195 
0740       3214 
0741       3214 
0742       3214 
0743       904 
0744       850 
0745       849 
0746       850 
0747       850 
0748       851 
0749       854 
0750       854 
0751       854 
0752       854 
0753       863 
0754       871 
0755       873 
0756       907 
0757       3660 
0758       3660 
0759       3662 
0760       3662 
0761       3686 
0762       3725 
0763       3764 
0764       3783 
0765       3796 
0766       3846 
0767       3892 
0768       3925 
0769       10274 
0770       10395 
0771       10522 
0772       10659 
0773       10808 
0774       10994 
0775       10994 
0776       10994 
0777       11086 
0778       11545 
0779       11706 
0780       11849 
0781       11849 
0782       11849 
0783       1 
0784       1 
0785       12246 
0786       13076 
0787       13076 
0788       13076 
0789       3732 
0790       3732 
0791       3732 
0792       13935 
0793       14755 
0794       14755 
0795       1 
0796       1 
0797       1 
0798       1 
0799       1 
0800       1 
0801       1 
0802       1 
0803       1 
0804       1 
0805       1 
0806       1 
0807       1 
0808       1 
0809       1 
0810       1 
0811       1 
0812       1 
0813       1 
0814       1 
0815       1 
0816       1 
0817       1 
0818       1 
0819       1 
0820       1 
0821       1 
0822       1 
0823       1 
0824       3710 
0825       3710 
0826       3710 
0827       1 
0828       1 
0829       1 
0830       1 
0831       1 
0832       1 
0833       1 
0834       1 
0835       1 
0836       1 
0837       1 
0838       1 
0839       1 
0840       1 
0841       1 
0842       1 
0843       1 
0844       1 
0845       1 
0846       1 
0847       1 
0848       1 
0849       1 
0850       1 
0851       1 
0852       1 
0853       1 
0854       1 
0855       1 
0856       1 
0857       1 
0858       1 
0859       1 
0860       1 
0861       1 
0862       1 
0863       1 
0864       1 
0865       1 
0866       1 
0867       1 
0868       1 
0869       1 
0870       1 
0871       1 
0872       1 
0873       1 
0874       1 
0875       1 
0876       1 
0877       1 
0878       1 
0879       1 
0880       1 
0881       1 
0882       1 
0883       1 
0884       1 
0885       1 
0886       1 
0887       1 
0888       1 
0889       1 
0890       1 
0891       1 
0892       1 
0893       1 
0894       1 
0895       1 
0896       1 
0897       1 
0898       1 
0899       1 
0900       1 
0901       1 
0902       1 
0903       1 
0904       1 
0905       1 
0906       1 
0907       1 
0908       1 
0909       1 
0910       1 
0911       1 
0912       1 
0913       1 
0914       1 
0915       1 
0916       1 
0917       1 
0918       1 
0919       1 
0920       1 
0921       1 
0922       1 
0923       1 
0924       1 
0925       1 
0926       1 
0927       1 
0928       1 
0929       1 
0930       1 
0931       1 
0932       1 
0933       1 
0934       1 
0935       1 
0936       1 
0937       1 
0938       1 
0939       1 
0940       1 
0941       1 
0942       1 
0943       1 
0944       1 
0945       1 
0946       1 
0947       1 
0948       1 
0949       1 
0950       1 
0951       1 
0952       1 
0953       1 
0954       1 
0955       1 
0956       1 
0957       1 
0958       1 
0959       1 
0960       1 
0961       1 
0962       1 
0963       1 
0964       1 
0965       1 
0966       1 
0967       1 
0968       1 
0969       1 
0970       1 
0971       1 
0972       1 
0973       1 
0974       1 
0975       1 
0976       1 
0977       1 
0978       1 
0979       1 
0980       1 
0981       1 
0982       1 
0983       1 
0984       1 
0985       1 
0986       1 
0987       1 
0988       1 
0989       1 
0990       1 
0991       1 
0992       1 
0993       1 
0994       1 
0995       1 
0996       1 
0997       1 
0998       1 
0999       1 
1000       1 
1001       1 
1002       1 
1003       1 
1004       1 
1005       1 
1006       1 
1007       1 
1008       4 
1009       45 
1010       45 
1011       45 
1012       56 
1013       4 
1014       4 
1015       51 
1016       51 
1017       51 
1018       51 
1019       51 
1020       48 
1021       48 
1022       48 
1023       51 
1024       63 
1025       64 
1026       64 
1027       64 
1028       64 
1029       59 
1030       59 
1031       55 
1032       55 
1033       64 
1034       64 
1035       66 
1036       71 
1037       74 
1038       74 
1039       74 
1040       73 
1041       69 
1042       69 
1043       69 
1044       71 
1045       71 
1046       71 
1047       69 
1048       68 
1049       63 
1050       63 
1051       68 
1052       63 
1053       68 
1054       70 
1055       70 
1056       68 
1057       70 
1058       68 
1059       65 
1060       68 
1061       70 
1062       67 
1063       67 
1064       70 
1065       73 
1066       67 
1067       71 
1068       71 
1069       71 
1070       70 
1071       70 
1072       70 
1073       70 
1074       70 
1075       69 
1076       71 
1077       71 
1078       69 
1079       62 
1297966615.275479
