0000       1 
0001       1 
0002       1 
0003       1 
0004       1 
0005       1 
0006       1 
0007       1 
0008       1 
0009       1 
0010       1 
0011       1 
0012       1 
0013       1 
0014       1 
0015       1 
0016       1 
0017       1 
0018       1 
0019       1 
0020       1 
0021       1 
0022       1 
0023       1 
0024       1 
0025       1 
0026       1 
0027       1 
0028       1 
0029       1 
0030       1 
0031       1 
0032       1 
0033       1 
0034       1 
0035       1 
0036       1 
0037       1 
0038       1 
0039       1 
0040       1 
0041       1 
0042       1 
0043       1 
0044       1 
0045       1 
0046       1 
0047       1 
0048       1 
0049       1 
0050       1 
0051       1 
0052       1 
0053       1 
0054       1 
0055       1 
0056       1 
0057       1 
0058       1 
0059       1 
0060       1 
0061       1 
0062       1 
0063       1 
0064       1 
0065       1 
0066       1 
0067       1 
0068       1 
0069       1 
0070       1 
0071       1 
0072       1 
0073       1 
0074       1 
0075       1 
0076       1 
0077       1 
0078       1 
0079       1 
0080       1 
0081       1 
0082       1 
0083       1 
0084       1 
0085       1 
0086       1 
0087       1 
0088       1 
0089       1 
0090       1 
0091       1 
0092       1 
0093       1 
0094       1 
0095       1 
0096       1 
0097       1 
0098       1 
0099       1 
0100       1 
0101       1 
0102       1 
0103       1 
0104       1 
0105       1 
0106       1 
0107       1 
0108       1 
0109       1 
0110       1 
0111       1 
0112       1 
0113       1 
0114       1 
0115       1 
0116       1 
0117       1 
0118       1 
0119       1 
0120       1 
0121       1 
0122       1 
0123       1 
0124       1 
0125       1 
0126       1 
0127       1 
0128       1 
0129       1 
0130       1 
0131       1 
0132       1 
0133       1 
0134       1 
0135       1 
0136       1 
0137       1 
0138       1 
0139       1 
0140       1 
0141       1 
0142       1 
0143       1 
0144       1 
0145       1 
0146       1 
0147       1 
0148       1 
0149       1 
0150       1 
0151       1 
0152       1 
0153       1 
0154       1 
0155       1 
0156       1 
0157       1 
0158       1 
0159       1 
0160       1 
0161       1 
0162       1 
0163       1 
0164       1 
0165       1 
0166       1 
0167       1 
0168       1 
0169       1 
0170       1 
0171       1 
0172       1 
0173       1 
0174       1 
0175       1 
0176       1 
0177       1 
0178       1 
0179       1 
0180       1 
0181       1 
0182       1 
0183       1 
0184       1 
0185       1 
0186       1 
0187       1 
0188       1 
0189       1 
0190       1 
0191       1 
0192       1 
0193       1 
0194       1 
0195       1 
0196       1 
0197       1 
0198       1 
0199       1 
0200       1 
0201       1 
0202       1 
0203       1 
0204       1 
0205       1 
0206       1 
0207       1 
0208       1 
0209       1 
0210       1 
0211       1 
0212       1 
0213       1 
0214       1 
0215       1 
0216       1 
0217       1 
0218       1 
0219       1 
0220       1 
0221       1 
0222       1 
0223       1 
0224       1 
0225       1 
0226       1 
0227       1 
0228       1 
0229       1 
0230       1 
0231       1 
0232       1 
0233       1 
0234       1 
0235       1 
0236       1 
0237       1 
0238       1 
0239       1 
0240       1 
0241       1 
0242       1 
0243       1 
0244       1 
0245       1 
0246       1 
0247       1 
0248       1 
0249       1 
0250       1 
0251       1 
0252       1 
0253       1 
0254       1 
0255       1 
0256       1 
0257       1 
0258       1 
0259       1 
0260       1 
0261       1 
0262       1 
0263       1 
0264       1 
0265       1 
0266       1 
0267       1 
0268       1 
0269       1 
0270       1 
0271       1 
0272       1 
0273       1 
0274       1 
0275       1 
0276       1 
0277       1 
0278       1 
0279       1 
0280       1 
0281       1 
0282       1 
0283       1 
0284       1 
0285       1 
0286       1 
0287       1 
0288       1 
0289       1 
0290       1 
0291       1 
0292       1 
0293       1 
0294       1 
0295       1 
0296       1 
0297       18114 
0298       18114 
0299       17929 
0300       17851 
0301       17701 
0302       17534 
0303       17425 
0304       17266 
0305       17150 
0306       17029 
0307       16891 
0308       16750 
0309       16633 
0310       16536 
0311       16414 
0312       16283 
0313       16057 
0314       15999 
0315       15982 
0316       15848 
0317       15749 
0318       15595 
0319       15528 
0320       15475 
0321       15339 
0322       15251 
0323       15122 
0324       15044 
0325       14959 
0326       14862 
0327       14732 
0328       14666 
0329       9255 
0330       9254 
0331       9221 
0332       9171 
0333       9171 
0334       9228 
0335       9264 
0336       9264 
0337       9224 
0338       9201 
0339       9131 
0340       9060 
0341       9040 
0342       8965 
0343       8956 
0344       8884 
0345       8876 
0346       8811 
0347       8796 
0348       8734 
0349       8685 
0350       8661 
0351       8633 
0352       8573 
0353       8543 
0354       8474 
0355       8458 
0356       8418 
0357       8374 
0358       8359 
0359       8317 
0360       8248 
0361       8216 
0362       8186 
0363       8148 
0364       8129 
0365       8075 
0366       8044 
0367       8004 
0368       7990 
0369       7972 
0370       7906 
0371       7901 
0372       7869 
0373       7841 
0374       7826 
0375       7768 
0376       7742 
0377       7729 
0378       7690 
0379       7665 
0380       7629 
0381       7623 
0382       7589 
0383       7530 
0384       7513 
0385       7485 
0386       7459 
0387       7432 
0388       7406 
0389       7392 
0390       7383 
0391       7354 
0392       7326 
0393       7285 
0394       7272 
0395       7241 
0396       7235 
0397       7235 
0398       7180 
0399       7150 
0400       7147 
0401       7121 
0402       7088 
0403       7061 
0404       7046 
0405       7020 
0406       6996 
0407       6984 
0408       6967 
0409       6967 
0410       6946 
0411       6912 
0412       6907 
0413       6880 
0414       6847 
0415       6847 
0416       6837 
0417       6800 
0418       6780 
0419       6761 
0420       6757 
0421       6740 
0422       6710 
0423       6699 
0424       6689 
0425       6658 
0426       6647 
0427       6629 
0428       6621 
0429       6600 
0430       6596 
0431       6573 
0432       6555 
0433       6553 
0434       6526 
0435       6515 
0436       6508 
0437       6505 
0438       6480 
0439       6469 
0440       6445 
0441       6435 
0442       6434 
0443       6431 
0444       6401 
0445       6388 
0446       6379 
0447       6356 
0448       6353 
0449       6345 
0450       6343 
0451       6318 
0452       6299 
0453       6298 
0454       6273 
0455       6269 
0456       6256 
0457       6254 
0458       6251 
0459       6251 
0460       6230 
0461       6215 
0462       6203 
0463       6202 
0464       6200 
0465       6175 
0466       6173 
0467       6166 
0468       6164 
0469       6152 
0470       6144 
0471       6125 
0472       6115 
0473       6117 
0474       6115 
0475       6104 
0476       6080 
0477       6076 
0478       6063 
0479       6063 
0480       6063 
0481       6056 
0482       6053 
0483       6036 
0484       6027 
0485       6023 
0486       6022 
0487       6019 
0488       5991 
0489       5991 
0490       5992 
0491       5998 
0492       5998 
0493       5986 
0494       5981 
0495       5978 
0496       5966 
0497       5959 
0498       5956 
0499       5949 
0500       5942 
0501       5942 
0502       5934 
0503       5933 
0504       5924 
0505       5921 
0506       5910 
0507       5910 
0508       5916 
0509       5916 
0510       5911 
0511       5907 
0512       5907 
0513       5895 
0514       5895 
0515       5895 
0516       5886 
0517       5874 
0518       5874 
0519       5872 
0520       5882 
0521       5872 
0522       5863 
0523       5863 
0524       5867 
0525       5867 
0526       5859 
0527       5858 
0528       5857 
0529       5848 
0530       5848 
0531       5848 
0532       5858 
0533       5857 
0534       5857 
0535       5849 
0536       5840 
0537       5840 
0538       5840 
0539       5844 
0540       5837 
0541       5839 
0542       5839 
0543       5855 
0544       5855 
0545       5846 
0546       5846 
0547       5846 
0548       5847 
0549       5847 
0550       5845 
0551       5845 
0552       5848 
0553       5857 
0554       5857 
0555       5857 
0556       5857 
0557       5848 
0558       5848 
0559       5873 
0560       5881 
0561       5881 
0562       5876 
0563       5876 
0564       5878 
0565       5884 
0566       5883 
0567       5890 
0568       5890 
0569       5890 
0570       5899 
0571       5899 
0572       5904 
0573       5916 
0574       5916 
0575       5913 
0576       5913 
0577       5916 
0578       5927 
0579       5935 
0580       5927 
0581       5939 
0582       5941 
0583       5942 
0584       5944 
0585       5942 
0586       5944 
0587       5967 
0588       5967 
0589       5979 
0590       5979 
0591       5991 
0592       6001 
0593       6007 
0594       6007 
0595       6010 
0596       6025 
0597       6027 
0598       6033 
0599       6043 
0600       6047 
0601       6056 
0602       6075 
0603       6080 
0604       6082 
0605       6088 
0606       6095 
0607       6115 
0608       6116 
0609       6121 
0610       6123 
0611       6139 
0612       6145 
0613       6147 
0614       6151 
0615       6174 
0616       6180 
0617       6184 
0618       6207 
0619       6222 
0620       6225 
0621       6225 
0622       6225 
0623       6256 
0624       6263 
0625       6280 
0626       6281 
0627       6287 
0628       6304 
0629       6304 
0630       6310 
0631       6350 
0632       6351 
0633       6351 
0634       6363 
0635       6381 
0636       6382 
0637       6407 
0638       6412 
0639       6431 
0640       6433 
0641       6449 
0642       6468 
0643       6474 
0644       6496 
0645       6506 
0646       6529 
0647       6536 
0648       6564 
0649       6570 
0650       6583 
0651       6603 
0652       6633 
0653       6640 
0654       6647 
0655       6650 
0656       6676 
0657       6704 
0658       6713 
0659       6723 
0660       6760 
0661       6764 
0662       6777 
0663       6813 
0664       6820 
0665       6853 
0666       6859 
0667       6880 
0668       6888 
0669       6908 
0670       6929 
0671       6937 
0672       6974 
0673       6986 
0674       6994 
0675       7017 
0676       7057 
0677       7075 
0678       7099 
0679       7108 
0680       7143 
0681       7164 
0682       7181 
0683       7201 
0684       7231 
0685       7252 
0686       7262 
0687       7306 
0688       7314 
0689       7336 
0690       7352 
0691       7390 
0692       7412 
0693       7439 
0694       7459 
0695       7493 
0696       7501 
0697       7538 
0698       7571 
0699       7587 
0700       7620 
0701       7642 
0702       7658 
0703       7710 
0704       7729 
0705       7758 
0706       7775 
0707       7801 
0708       7860 
0709       7870 
0710       7905 
0711       7933 
0712       7966 
0713       8022 
0714       8062 
0715       8095 
0716       8110 
0717       8156 
0718       8162 
0719       8230 
0720       8260 
0721       8284 
0722       8336 
0723       8370 
0724       8407 
0725       8443 
0726       8473 
0727       8511 
0728       8580 
0729       8592 
0730       8643 
0731       8702 
0732       8713 
0733       8768 
0734       8791 
0735       8880 
0736       8883 
0737       8938 
0738       8978 
0739       9030 
0740       9074 
0741       9078 
0742       9149 
0743       9199 
0744       9256 
0745       9291 
0746       9345 
0747       9424 
0748       9456 
0749       9520 
0750       9577 
0751       9621 
0752       9684 
0753       9739 
0754       9794 
0755       9810 
0756       9898 
0757       9898 
0758       9898 
0759       9997 
0760       10815 
0761       10901 
0762       10992 
0763       11126 
0764       11165 
0765       11281 
0766       11381 
0767       11476 
0768       11553 
0769       11634 
0770       11739 
0771       11797 
0772       11864 
0773       11954 
0774       12051 
0775       12079 
0776       12079 
0777       12031 
0778       12005 
0779       12005 
0780       11995 
0781       11941 
0782       11919 
0783       11874 
0784       11872 
0785       11846 
0786       11821 
0787       11783 
0788       11756 
0789       11725 
0790       11700 
0791       11660 
0792       11651 
0793       11614 
0794       11603 
0795       11564 
0796       11538 
0797       11515 
0798       11494 
0799       11471 
0800       11447 
0801       11422 
0802       11408 
0803       11375 
0804       11358 
0805       11340 
0806       11320 
0807       11299 
0808       11266 
0809       11266 
0810       11247 
0811       11227 
0812       11194 
0813       11187 
0814       11150 
0815       11137 
0816       11136 
0817       11108 
0818       11073 
0819       11041 
0820       10959 
0821       10959 
0822       10986 
0823       10986 
0824       9256 
0825       9256 
0826       9256 
0827       9230 
0828       9222 
0829       9222 
0830       9220 
0831       9201 
0832       9186 
0833       7371 
0834       7371 
0835       7371 
0836       7340 
0837       7299 
0838       7278 
0839       7216 
0840       7204 
0841       7166 
0842       7150 
0843       7083 
0844       7080 
0845       7040 
0846       6964 
0847       6957 
0848       6938 
0849       6886 
0850       6849 
0851       6848 
0852       6813 
0853       6740 
0854       6727 
0855       6711 
0856       6606 
0857       6594 
0858       6594 
0859       6594 
0860       6605 
0861       6651 
0862       6747 
0863       6928 
0864       7153 
0865       7363 
0866       7600 
0867       7830 
0868       8355 
0869       8973 
0870       9352 
0871       9642 
0872       9956 
0873       10268 
0874       10268 
0875       10720 
0876       11582 
0877       11582 
0878       11582 
0879       1 
0880       1 
0881       1 
0882       6498 
0883       6498 
0884       6498 
0885       6492 
0886       6490 
0887       6492 
0888       6488 
0889       6500 
0890       6505 
0891       6505 
0892       6490 
0893       6478 
0894       1 
0895       1 
0896       1 
0897       1 
0898       1 
0899       1 
0900       1 
0901       1 
0902       1 
0903       1 
0904       1 
0905       1 
0906       1 
0907       1 
0908       1 
0909       1 
0910       1 
0911       1 
0912       1 
0913       1 
0914       1 
0915       1 
0916       1 
0917       1 
0918       1 
0919       1 
0920       1 
0921       1 
0922       1 
0923       1 
0924       1 
0925       1 
0926       1 
0927       1 
0928       1 
0929       1 
0930       1 
0931       1 
0932       1 
0933       1 
0934       1 
0935       1 
0936       1 
0937       1 
0938       1 
0939       1 
0940       1 
0941       1 
0942       1 
0943       1 
0944       1 
0945       1 
0946       1 
0947       1 
0948       1 
0949       1 
0950       1 
0951       1 
0952       1 
0953       1 
0954       1 
0955       1 
0956       1 
0957       1 
0958       1 
0959       1 
0960       1 
0961       1 
0962       1 
0963       1 
0964       1 
0965       1 
0966       1 
0967       1 
0968       1 
0969       1 
0970       1 
0971       1 
0972       1 
0973       1 
0974       1 
0975       1 
0976       1 
0977       1 
0978       1 
0979       1 
0980       1 
0981       1 
0982       1 
0983       1 
0984       1 
0985       1 
0986       1 
0987       1 
0988       1 
0989       1 
0990       1 
0991       1 
0992       1 
0993       1 
0994       1 
0995       1 
0996       1 
0997       1 
0998       1 
0999       1 
1000       1 
1001       1 
1002       1 
1003       1 
1004       1 
1005       1 
1006       4 
1007       4 
1008       4 
1009       56 
1010       56 
1011       56 
1012       56 
1013       51 
1014       51 
1015       51 
1016       53 
1017       58 
1018       58 
1019       56 
1020       56 
1021       50 
1022       50 
1023       53 
1024       53 
1025       57 
1026       58 
1027       64 
1028       58 
1029       58 
1030       54 
1031       54 
1032       54 
1033       65 
1034       65 
1035       67 
1036       70 
1037       70 
1038       70 
1039       74 
1040       74 
1041       74 
1042       74 
1043       75 
1044       71 
1045       72 
1046       72 
1047       71 
1048       66 
1049       65 
1050       65 
1051       66 
1052       65 
1053       70 
1054       71 
1055       71 
1056       77 
1057       77 
1058       77 
1059       74 
1060       72 
1061       72 
1062       72 
1063       72 
1064       66 
1065       66 
1066       66 
1067       66 
1068       68 
1069       72 
1070       72 
1071       71 
1072       68 
1073       71 
1074       71 
1075       71 
1076       70 
1077       70 
1078       68 
1079       66 
1297966651.716440
