0000       1 
0001       1 
0002       1 
0003       1 
0004       1 
0005       1 
0006       1 
0007       1 
0008       1 
0009       1 
0010       1 
0011       1 
0012       1 
0013       1 
0014       1 
0015       1 
0016       1 
0017       1 
0018       1 
0019       1 
0020       1 
0021       1 
0022       1 
0023       1 
0024       1 
0025       1 
0026       1 
0027       1 
0028       1 
0029       1 
0030       1 
0031       1 
0032       1 
0033       1 
0034       1 
0035       1 
0036       1 
0037       1 
0038       1 
0039       1 
0040       1 
0041       1 
0042       1 
0043       1 
0044       1 
0045       1 
0046       1 
0047       1 
0048       1 
0049       1 
0050       1 
0051       1 
0052       1 
0053       1 
0054       1 
0055       1 
0056       1 
0057       1 
0058       1 
0059       1 
0060       1 
0061       1 
0062       1 
0063       1 
0064       1 
0065       1 
0066       1 
0067       1 
0068       1 
0069       1 
0070       1 
0071       1 
0072       1 
0073       1 
0074       1 
0075       1 
0076       1 
0077       1 
0078       1 
0079       1 
0080       1 
0081       1 
0082       1 
0083       1 
0084       1 
0085       1 
0086       1 
0087       1 
0088       1 
0089       1 
0090       1 
0091       1 
0092       1 
0093       1 
0094       1 
0095       1 
0096       1 
0097       1 
0098       1 
0099       1 
0100       1 
0101       1 
0102       1 
0103       1 
0104       1 
0105       1 
0106       1 
0107       1 
0108       1 
0109       1 
0110       1 
0111       1 
0112       1 
0113       1 
0114       1 
0115       1 
0116       1 
0117       1 
0118       1 
0119       1 
0120       1 
0121       1 
0122       1 
0123       1 
0124       1 
0125       1 
0126       1 
0127       1 
0128       1 
0129       1 
0130       1 
0131       1 
0132       1 
0133       1 
0134       1 
0135       1 
0136       1 
0137       1 
0138       1 
0139       1 
0140       1 
0141       1 
0142       1 
0143       1 
0144       1 
0145       1 
0146       1 
0147       1 
0148       1 
0149       1 
0150       1 
0151       1 
0152       1 
0153       1 
0154       1 
0155       1 
0156       1 
0157       1 
0158       1 
0159       1 
0160       1 
0161       1 
0162       1 
0163       1 
0164       1 
0165       1 
0166       1 
0167       1 
0168       1 
0169       1 
0170       1 
0171       1 
0172       1 
0173       1 
0174       1 
0175       1 
0176       1 
0177       1 
0178       1 
0179       1 
0180       1 
0181       1 
0182       1 
0183       1 
0184       1 
0185       1 
0186       1 
0187       1 
0188       1 
0189       1 
0190       1 
0191       1 
0192       1 
0193       1 
0194       1 
0195       1 
0196       1 
0197       1 
0198       1 
0199       1 
0200       1 
0201       1 
0202       1 
0203       1 
0204       1 
0205       1 
0206       1 
0207       1 
0208       1 
0209       1 
0210       1 
0211       1 
0212       1 
0213       1 
0214       1 
0215       1 
0216       1 
0217       1 
0218       1 
0219       1 
0220       1 
0221       1 
0222       1 
0223       1 
0224       1 
0225       1 
0226       1 
0227       1 
0228       1 
0229       1 
0230       1 
0231       1 
0232       1 
0233       1 
0234       1 
0235       1 
0236       1 
0237       1 
0238       1 
0239       1 
0240       1 
0241       1 
0242       1 
0243       1 
0244       1 
0245       1 
0246       1 
0247       1 
0248       1 
0249       1 
0250       1 
0251       1 
0252       1 
0253       1 
0254       1 
0255       1 
0256       1 
0257       1 
0258       1 
0259       1 
0260       1 
0261       1 
0262       1 
0263       1 
0264       1 
0265       1 
0266       1 
0267       1 
0268       13128 
0269       13128 
0270       13128 
0271       13182 
0272       13182 
0273       13087 
0274       12979 
0275       12872 
0276       12773 
0277       12614 
0278       12505 
0279       12312 
0280       12240 
0281       12240 
0282       12156 
0283       12020 
0284       11926 
0285       11851 
0286       11760 
0287       11721 
0288       11594 
0289       11546 
0290       11438 
0291       11315 
0292       11252 
0293       11170 
0294       11069 
0295       11004 
0296       10944 
0297       10873 
0298       10752 
0299       10711 
0300       10634 
0301       10578 
0302       10494 
0303       10406 
0304       10346 
0305       10282 
0306       10242 
0307       10194 
0308       10105 
0309       10055 
0310       10016 
0311       9967 
0312       9904 
0313       9817 
0314       9763 
0315       9692 
0316       9667 
0317       9565 
0318       9538 
0319       9483 
0320       9417 
0321       9368 
0322       9345 
0323       9245 
0324       9222 
0325       9159 
0326       9152 
0327       9060 
0328       9026 
0329       8957 
0330       8897 
0331       8890 
0332       8834 
0333       8807 
0334       8766 
0335       8728 
0336       8681 
0337       8611 
0338       8575 
0339       8573 
0340       8537 
0341       8456 
0342       8419 
0343       8389 
0344       8354 
0345       8311 
0346       8295 
0347       8260 
0348       8207 
0349       8182 
0350       8139 
0351       8107 
0352       8051 
0353       8026 
0354       8000 
0355       7965 
0356       7939 
0357       7912 
0358       7881 
0359       7848 
0360       7820 
0361       7779 
0362       7777 
0363       7741 
0364       7710 
0365       7652 
0366       7636 
0367       7607 
0368       7578 
0369       7541 
0370       7514 
0371       7485 
0372       7482 
0373       7441 
0374       7407 
0375       7396 
0376       7382 
0377       7353 
0378       7334 
0379       7310 
0380       7255 
0381       7248 
0382       7239 
0383       7185 
0384       7180 
0385       7147 
0386       7131 
0387       7096 
0388       7090 
0389       7061 
0390       7059 
0391       7037 
0392       7000 
0393       6974 
0394       6967 
0395       6953 
0396       6936 
0397       6915 
0398       6886 
0399       6876 
0400       6850 
0401       6829 
0402       6802 
0403       6791 
0404       6766 
0405       6762 
0406       6730 
0407       6709 
0408       6701 
0409       6683 
0410       6669 
0411       6647 
0412       6639 
0413       6639 
0414       6615 
0415       6612 
0416       6582 
0417       6568 
0418       6555 
0419       6539 
0420       6535 
0421       6510 
0422       6490 
0423       6469 
0424       6461 
0425       6460 
0426       6448 
0427       6414 
0428       6414 
0429       6401 
0430       6391 
0431       6382 
0432       6367 
0433       6361 
0434       6357 
0435       6333 
0436       6312 
0437       6303 
0438       6301 
0439       6299 
0440       6282 
0441       6249 
0442       6245 
0443       6241 
0444       6223 
0445       6211 
0446       6209 
0447       6205 
0448       6187 
0449       6179 
0450       6173 
0451       6162 
0452       6146 
0453       6137 
0454       6126 
0455       6126 
0456       6126 
0457       6104 
0458       6092 
0459       6092 
0460       6085 
0461       6085 
0462       6073 
0463       6064 
0464       6067 
0465       6051 
0466       6050 
0467       6033 
0468       6031 
0469       6031 
0470       6022 
0471       6010 
0472       6010 
0473       6006 
0474       5988 
0475       5980 
0476       5980 
0477       5980 
0478       5958 
0479       5958 
0480       5945 
0481       5940 
0482       5928 
0483       5928 
0484       5928 
0485       5931 
0486       5927 
0487       5931 
0488       5917 
0489       5925 
0490       5919 
0491       5919 
0492       5907 
0493       5898 
0494       5889 
0495       5889 
0496       5889 
0497       5878 
0498       5866 
0499       5855 
0500       5855 
0501       5863 
0502       5863 
0503       5861 
0504       5859 
0505       5859 
0506       5850 
0507       5849 
0508       5849 
0509       5844 
0510       5840 
0511       5840 
0512       5840 
0513       5831 
0514       5831 
0515       5833 
0516       5836 
0517       5837 
0518       5837 
0519       5837 
0520       5833 
0521       5835 
0522       5833 
0523       5835 
0524       5832 
0525       5832 
0526       5818 
0527       5818 
0528       5832 
0529       5832 
0530       5828 
0531       5818 
0532       5818 
0533       5822 
0534       5832 
0535       5834 
0536       5845 
0537       5845 
0538       5841 
0539       5839 
0540       5839 
0541       5839 
0542       5825 
0543       5840 
0544       5843 
0545       5850 
0546       5850 
0547       5850 
0548       5854 
0549       5863 
0550       5864 
0551       5864 
0552       5864 
0553       5852 
0554       5852 
0555       5859 
0556       5879 
0557       5884 
0558       5898 
0559       5898 
0560       5892 
0561       5886 
0562       5892 
0563       5900 
0564       5906 
0565       5913 
0566       5913 
0567       5927 
0568       5931 
0569       5935 
0570       5937 
0571       5939 
0572       5943 
0573       5945 
0574       5945 
0575       5953 
0576       5953 
0577       5953 
0578       5963 
0579       5974 
0580       5977 
0581       6002 
0582       6006 
0583       6006 
0584       6003 
0585       6003 
0586       6029 
0587       6029 
0588       6029 
0589       6033 
0590       6051 
0591       6052 
0592       6058 
0593       6078 
0594       6087 
0595       6095 
0596       6102 
0597       6108 
0598       6111 
0599       6113 
0600       6135 
0601       6129 
0602       6135 
0603       6147 
0604       6153 
0605       6171 
0606       6183 
0607       6191 
0608       6197 
0609       6211 
0610       6215 
0611       6215 
0612       6238 
0613       6272 
0614       6278 
0615       6282 
0616       6291 
0617       6291 
0618       6312 
0619       6327 
0620       6342 
0621       6342 
0622       6342 
0623       6348 
0624       6377 
0625       6384 
0626       6403 
0627       6414 
0628       6429 
0629       6450 
0630       6451 
0631       6463 
0632       6483 
0633       6487 
0634       6507 
0635       6518 
0636       6533 
0637       6546 
0638       6563 
0639       6579 
0640       6586 
0641       6622 
0642       6636 
0643       6644 
0644       6658 
0645       6668 
0646       6702 
0647       6708 
0648       6739 
0649       6756 
0650       6766 
0651       6789 
0652       6812 
0653       6828 
0654       6847 
0655       6857 
0656       6875 
0657       6903 
0658       6911 
0659       6943 
0660       6961 
0661       6980 
0662       6988 
0663       7023 
0664       7027 
0665       7064 
0666       7064 
0667       7109 
0668       7124 
0669       7129 
0670       7173 
0671       7186 
0672       7209 
0673       7222 
0674       7269 
0675       7273 
0676       7305 
0677       7317 
0678       7351 
0679       7371 
0680       7404 
0681       7413 
0682       7442 
0683       7468 
0684       7502 
0685       7522 
0686       7525 
0687       7591 
0688       7609 
0689       7627 
0690       7665 
0691       7689 
0692       7728 
0693       7745 
0694       7789 
0695       7819 
0696       7849 
0697       7870 
0698       7889 
0699       7947 
0700       7964 
0701       8011 
0702       8029 
0703       8095 
0704       8107 
0705       8125 
0706       8174 
0707       8208 
0708       8261 
0709       8261 
0710       8258 
0711       8187 
0712       8149 
0713       8149 
0714       8163 
0715       8181 
0716       8215 
0717       12662 
0718       12713 
0719       12750 
0720       12819 
0721       12835 
0722       12905 
0723       12926 
0724       12999 
0725       13033 
0726       13033 
0727       9812 
0728       9894 
0729       9894 
0730       9921 
0731       9946 
0732       10047 
0733       10051 
0734       10109 
0735       10188 
0736       10244 
0737       10286 
0738       10383 
0739       10384 
0740       10470 
0741       10519 
0742       10609 
0743       10647 
0744       10702 
0745       10749 
0746       10845 
0747       10897 
0748       10942 
0749       11044 
0750       11101 
0751       11198 
0752       11251 
0753       11293 
0754       11406 
0755       11482 
0756       11562 
0757       11634 
0758       11715 
0759       11787 
0760       11836 
0761       11952 
0762       12044 
0763       12130 
0764       12210 
0765       12272 
0766       12379 
0767       12379 
0768       7077 
0769       7074 
0770       7074 
0771       7051 
0772       7040 
0773       7040 
0774       7050 
0775       7062 
0776       7084 
0777       7084 
0778       1 
0779       1 
0780       1 
0781       1 
0782       1 
0783       1 
0784       1 
0785       1 
0786       1 
0787       1 
0788       1 
0789       1 
0790       1 
0791       1 
0792       1 
0793       1 
0794       1 
0795       1 
0796       1 
0797       1 
0798       1 
0799       1 
0800       1 
0801       1 
0802       1 
0803       1 
0804       1 
0805       1 
0806       1 
0807       1 
0808       1 
0809       1 
0810       15221 
0811       15221 
0812       15218 
0813       15203 
0814       15187 
0815       15151 
0816       15131 
0817       15127 
0818       15075 
0819       15072 
0820       15055 
0821       15054 
0822       15046 
0823       15026 
0824       1 
0825       1 
0826       1 
0827       1 
0828       14679 
0829       14874 
0830       14874 
0831       14854 
0832       14848 
0833       14839 
0834       14813 
0835       14797 
0836       14769 
0837       14754 
0838       14719 
0839       14661 
0840       14661 
0841       14694 
0842       14694 
0843       14613 
0844       14613 
0845       14569 
0846       14569 
0847       1 
0848       1 
0849       1 
0850       1 
0851       1 
0852       1 
0853       1 
0854       1 
0855       1 
0856       1 
0857       1 
0858       1 
0859       1 
0860       1 
0861       1 
0862       1 
0863       1 
0864       1 
0865       1 
0866       1 
0867       1 
0868       1 
0869       1 
0870       1 
0871       1 
0872       1 
0873       1 
0874       1 
0875       1 
0876       1 
0877       1 
0878       1 
0879       1 
0880       1 
0881       1 
0882       1 
0883       1 
0884       1 
0885       1 
0886       1 
0887       1 
0888       1 
0889       1 
0890       1 
0891       1 
0892       1 
0893       1 
0894       1 
0895       1 
0896       1 
0897       1 
0898       1 
0899       1 
0900       1 
0901       1 
0902       1 
0903       1 
0904       1 
0905       1 
0906       1 
0907       1 
0908       1 
0909       1 
0910       1 
0911       1 
0912       1 
0913       1 
0914       1 
0915       1 
0916       1 
0917       1 
0918       1 
0919       1 
0920       1 
0921       1 
0922       1 
0923       1 
0924       1 
0925       1 
0926       1 
0927       1 
0928       1 
0929       1 
0930       1 
0931       1 
0932       1 
0933       1 
0934       1 
0935       1 
0936       1 
0937       1 
0938       1 
0939       1 
0940       1 
0941       1 
0942       1 
0943       1 
0944       1 
0945       1 
0946       1 
0947       1 
0948       1 
0949       1 
0950       1 
0951       1 
0952       1 
0953       1 
0954       1 
0955       1 
0956       1 
0957       1 
0958       1 
0959       1 
0960       1 
0961       1 
0962       1 
0963       1 
0964       1 
0965       1 
0966       1 
0967       1 
0968       1 
0969       1 
0970       1 
0971       1 
0972       1 
0973       1 
0974       1 
0975       1 
0976       1 
0977       1 
0978       1 
0979       1 
0980       1 
0981       1 
0982       1 
0983       1 
0984       1 
0985       1 
0986       1 
0987       1 
0988       1 
0989       1 
0990       1 
0991       1 
0992       1 
0993       1 
0994       1 
0995       1 
0996       1 
0997       1 
0998       1 
0999       1 
1000       1 
1001       1 
1002       1 
1003       1 
1004       1 
1005       1 
1006       1 
1007       1 
1008       4 
1009       4 
1010       4 
1011       42 
1012       41 
1013       42 
1014       46 
1015       51 
1016       49 
1017       49 
1018       54 
1019       49 
1020       49 
1021       60 
1022       60 
1023       60 
1024       60 
1025       60 
1026       60 
1027       64 
1028       60 
1029       58 
1030       49 
1031       49 
1032       49 
1033       56 
1034       58 
1035       61 
1036       66 
1037       67 
1038       67 
1039       67 
1040       66 
1041       67 
1042       67 
1043       67 
1044       66 
1045       64 
1046       64 
1047       64 
1048       64 
1049       67 
1050       67 
1051       68 
1052       66 
1053       68 
1054       69 
1055       69 
1056       66 
1057       66 
1058       63 
1059       62 
1060       63 
1061       63 
1062       70 
1063       70 
1064       70 
1065       68 
1066       62 
1067       62 
1068       62 
1069       63 
1070       63 
1071       66 
1072       66 
1073       66 
1074       65 
1075       70 
1076       65 
1077       64 
1078       64 
1079       61 
1297966646.870982
