0000       1 
0001       1 
0002       1 
0003       1 
0004       1 
0005       1 
0006       1 
0007       1 
0008       1 
0009       1 
0010       1 
0011       1 
0012       1 
0013       1 
0014       1 
0015       1 
0016       1 
0017       1 
0018       1 
0019       1 
0020       1 
0021       1 
0022       1 
0023       1 
0024       1 
0025       1 
0026       1 
0027       1 
0028       1 
0029       1 
0030       1 
0031       1 
0032       1 
0033       1 
0034       1 
0035       1 
0036       1 
0037       1 
0038       1 
0039       1 
0040       1 
0041       1 
0042       1 
0043       1 
0044       1 
0045       1 
0046       1 
0047       1 
0048       1 
0049       1 
0050       1 
0051       1 
0052       1 
0053       1 
0054       1 
0055       1 
0056       1 
0057       1 
0058       1 
0059       1 
0060       1 
0061       1 
0062       1 
0063       1 
0064       1 
0065       1 
0066       1 
0067       1 
0068       1 
0069       1 
0070       1 
0071       1 
0072       1 
0073       1 
0074       1 
0075       1 
0076       1 
0077       1 
0078       1 
0079       1 
0080       1 
0081       1 
0082       1 
0083       1 
0084       1 
0085       1 
0086       1 
0087       1 
0088       1 
0089       1 
0090       1 
0091       1 
0092       1 
0093       1 
0094       1 
0095       1 
0096       1 
0097       1 
0098       1 
0099       1 
0100       1 
0101       1 
0102       1 
0103       1 
0104       1 
0105       1 
0106       1 
0107       1 
0108       1 
0109       1 
0110       1 
0111       1 
0112       1 
0113       1 
0114       1 
0115       1 
0116       1 
0117       1 
0118       1 
0119       1 
0120       1 
0121       1 
0122       1 
0123       1 
0124       1 
0125       1 
0126       1 
0127       1 
0128       1 
0129       1 
0130       1 
0131       1 
0132       1 
0133       1 
0134       1 
0135       1 
0136       1 
0137       1 
0138       1 
0139       1 
0140       1 
0141       1 
0142       1 
0143       1 
0144       1 
0145       1 
0146       1 
0147       1 
0148       1 
0149       1 
0150       1 
0151       1 
0152       1 
0153       1 
0154       1 
0155       1 
0156       1 
0157       1 
0158       1 
0159       1 
0160       1 
0161       1 
0162       1 
0163       1 
0164       1 
0165       1 
0166       1 
0167       1 
0168       1 
0169       1 
0170       1 
0171       1 
0172       1 
0173       1 
0174       1 
0175       1 
0176       1 
0177       1 
0178       1 
0179       1 
0180       1 
0181       1 
0182       1 
0183       1 
0184       1 
0185       1 
0186       1 
0187       1 
0188       1 
0189       1 
0190       1 
0191       1 
0192       1 
0193       1 
0194       1 
0195       1 
0196       1 
0197       1 
0198       1 
0199       1 
0200       1 
0201       1 
0202       1 
0203       1 
0204       1 
0205       1 
0206       1 
0207       1 
0208       1 
0209       1 
0210       1 
0211       1 
0212       1 
0213       1 
0214       1 
0215       1 
0216       1 
0217       1 
0218       1 
0219       1 
0220       1 
0221       1 
0222       1 
0223       1 
0224       1 
0225       1 
0226       1 
0227       1 
0228       1 
0229       1 
0230       1 
0231       1 
0232       1 
0233       1 
0234       1 
0235       1 
0236       1 
0237       1 
0238       1 
0239       1 
0240       1 
0241       1 
0242       1 
0243       1 
0244       1 
0245       1 
0246       1 
0247       1 
0248       1 
0249       1 
0250       1 
0251       1 
0252       1 
0253       1 
0254       1 
0255       1 
0256       1 
0257       1 
0258       1 
0259       1 
0260       1 
0261       1 
0262       1 
0263       1 
0264       1 
0265       1 
0266       1 
0267       1 
0268       1 
0269       1 
0270       1 
0271       1 
0272       1 
0273       1 
0274       1 
0275       1 
0276       1 
0277       1 
0278       1 
0279       1 
0280       1 
0281       1 
0282       1 
0283       1 
0284       1 
0285       1 
0286       1 
0287       1 
0288       1 
0289       1 
0290       1 
0291       1 
0292       1 
0293       1 
0294       1 
0295       1 
0296       1 
0297       1 
0298       1 
0299       1 
0300       1 
0301       18858 
0302       18867 
0303       18858 
0304       18380 
0305       1 
0306       1 
0307       17755 
0308       17755 
0309       17828 
0310       17755 
0311       17698 
0312       17596 
0313       17413 
0314       17276 
0315       17136 
0316       17058 
0317       16756 
0318       16678 
0319       16603 
0320       16503 
0321       16414 
0322       16275 
0323       16179 
0324       16113 
0325       15975 
0326       15881 
0327       15776 
0328       15639 
0329       15560 
0330       15467 
0331       15360 
0332       15247 
0333       15173 
0334       15055 
0335       14952 
0336       14874 
0337       14787 
0338       14672 
0339       14594 
0340       14528 
0341       14422 
0342       14326 
0343       14257 
0344       14206 
0345       14084 
0346       14011 
0347       13970 
0348       13869 
0349       13781 
0350       13696 
0351       13628 
0352       13562 
0353       13487 
0354       13428 
0355       13389 
0356       13276 
0357       13210 
0358       13167 
0359       13089 
0360       13035 
0361       12970 
0362       12873 
0363       12865 
0364       12764 
0365       12710 
0366       12648 
0367       12559 
0368       12537 
0369       12474 
0370       12404 
0371       12398 
0372       12322 
0373       12251 
0374       12217 
0375       12150 
0376       12105 
0377       12056 
0378       11998 
0379       11937 
0380       11902 
0381       11860 
0382       11805 
0383       11748 
0384       11687 
0385       11650 
0386       11635 
0387       11551 
0388       11546 
0389       11496 
0390       11440 
0391       11427 
0392       11369 
0393       11304 
0394       11279 
0395       11232 
0396       11179 
0397       11156 
0398       11117 
0399       11043 
0400       10934 
0401       10787 
0402       10729 
0403       10701 
0404       6960 
0405       6942 
0406       6936 
0407       6906 
0408       6885 
0409       6878 
0410       6878 
0411       6915 
0412       6984 
0413       6991 
0414       6984 
0415       6964 
0416       6961 
0417       6951 
0418       6940 
0419       6893 
0420       6875 
0421       6861 
0422       6847 
0423       6823 
0424       6814 
0425       6806 
0426       6784 
0427       6770 
0428       6758 
0429       6713 
0430       6708 
0431       6699 
0432       6689 
0433       6665 
0434       6655 
0435       6641 
0436       6633 
0437       6610 
0438       6592 
0439       6584 
0440       6572 
0441       6562 
0442       6550 
0443       6526 
0444       6526 
0445       6508 
0446       6484 
0447       6469 
0448       6463 
0449       6440 
0450       6432 
0451       6416 
0452       6410 
0453       6391 
0454       6382 
0455       6362 
0456       6339 
0457       6329 
0458       6320 
0459       6316 
0460       6293 
0461       6285 
0462       6283 
0463       6277 
0464       6272 
0465       6242 
0466       6242 
0467       6226 
0468       6224 
0469       6217 
0470       6210 
0471       6193 
0472       6173 
0473       6173 
0474       6164 
0475       6157 
0476       6145 
0477       6133 
0478       6128 
0479       6118 
0480       6114 
0481       6105 
0482       6090 
0483       6087 
0484       6072 
0485       6068 
0486       6068 
0487       6068 
0488       6059 
0489       6040 
0490       6039 
0491       6033 
0492       6028 
0493       6014 
0494       6003 
0495       5998 
0496       5988 
0497       5988 
0498       5973 
0499       5970 
0500       5952 
0501       5952 
0502       5956 
0503       5958 
0504       5958 
0505       5943 
0506       5937 
0507       5937 
0508       5937 
0509       5926 
0510       5919 
0511       5911 
0512       5900 
0513       5899 
0514       5899 
0515       5914 
0516       5914 
0517       5904 
0518       5898 
0519       5897 
0520       5897 
0521       5896 
0522       5893 
0523       5890 
0524       5883 
0525       5883 
0526       5883 
0527       5870 
0528       5858 
0529       5854 
0530       5854 
0531       5854 
0532       5849 
0533       5849 
0534       5845 
0535       5850 
0536       5850 
0537       5850 
0538       5844 
0539       5844 
0540       5841 
0541       5844 
0542       5844 
0543       5848 
0544       5848 
0545       5843 
0546       5843 
0547       5843 
0548       5844 
0549       5844 
0550       5850 
0551       5850 
0552       5848 
0553       5848 
0554       5838 
0555       5840 
0556       5840 
0557       5847 
0558       5848 
0559       5848 
0560       5842 
0561       5842 
0562       5848 
0563       5861 
0564       5861 
0565       5861 
0566       5860 
0567       5869 
0568       5865 
0569       5869 
0570       5869 
0571       5869 
0572       5869 
0573       5889 
0574       5893 
0575       5889 
0576       5888 
0577       5881 
0578       5881 
0579       5895 
0580       5895 
0581       5897 
0582       5911 
0583       5915 
0584       5911 
0585       5915 
0586       5915 
0587       5921 
0588       5931 
0589       5937 
0590       5937 
0591       5937 
0592       5937 
0593       5939 
0594       5942 
0595       5966 
0596       5980 
0597       5980 
0598       5973 
0599       5973 
0600       5991 
0601       6000 
0602       6009 
0603       6009 
0604       6009 
0605       6025 
0606       6025 
0607       6041 
0608       6042 
0609       6046 
0610       6053 
0611       6054 
0612       6068 
0613       6073 
0614       6076 
0615       6096 
0616       6099 
0617       6099 
0618       6100 
0619       6134 
0620       6138 
0621       6144 
0622       6147 
0623       6147 
0624       6167 
0625       6167 
0626       6171 
0627       6197 
0628       6202 
0629       6215 
0630       6215 
0631       6223 
0632       6232 
0633       6249 
0634       6255 
0635       6263 
0636       6277 
0637       6288 
0638       6308 
0639       6323 
0640       6325 
0641       6351 
0642       6365 
0643       6372 
0644       6374 
0645       6374 
0646       6384 
0647       6419 
0648       6419 
0649       6419 
0650       6442 
0651       6455 
0652       6482 
0653       6493 
0654       6509 
0655       6515 
0656       6531 
0657       6546 
0658       6571 
0659       6587 
0660       6590 
0661       6608 
0662       6611 
0663       6641 
0664       6666 
0665       6667 
0666       6694 
0667       6717 
0668       6729 
0669       6731 
0670       6762 
0671       6766 
0672       6789 
0673       6817 
0674       6818 
0675       6831 
0676       6861 
0677       6879 
0678       6901 
0679       6922 
0680       6944 
0681       6973 
0682       6985 
0683       6994 
0684       7003 
0685       7052 
0686       7063 
0687       7118 
0688       7118 
0689       7119 
0690       7163 
0691       7170 
0692       7182 
0693       7216 
0694       7238 
0695       7256 
0696       7284 
0697       7316 
0698       7341 
0699       7357 
0700       7372 
0701       7411 
0702       7419 
0703       7461 
0704       7482 
0705       7494 
0706       7523 
0707       7555 
0708       7586 
0709       7623 
0710       7635 
0711       7681 
0712       7715 
0713       7716 
0714       7767 
0715       7775 
0716       7825 
0717       7829 
0718       7876 
0719       7915 
0720       7943 
0721       7949 
0722       8002 
0723       8042 
0724       8072 
0725       8096 
0726       8135 
0727       8155 
0728       8190 
0729       8236 
0730       8256 
0731       8294 
0732       8319 
0733       8346 
0734       8435 
0735       8568 
0736       8651 
0737       8964 
0738       9059 
0739       9191 
0740       9297 
0741       9365 
0742       9400 
0743       9472 
0744       9552 
0745       9605 
0746       9642 
0747       9694 
0748       9772 
0749       9794 
0750       9847 
0751       9890 
0752       9978 
0753       10002 
0754       10040 
0755       10099 
0756       10162 
0757       10185 
0758       10260 
0759       10310 
0760       10335 
0761       10442 
0762       10473 
0763       10527 
0764       10544 
0765       10643 
0766       10680 
0767       10751 
0768       10805 
0769       10842 
0770       10874 
0771       10874 
0772       10808 
0773       10784 
0774       10767 
0775       10732 
0776       10694 
0777       10680 
0778       10660 
0779       10601 
0780       10590 
0781       10552 
0782       10514 
0783       10507 
0784       10473 
0785       10407 
0786       1 
0787       1 
0788       1 
0789       1 
0790       1 
0791       1 
0792       1 
0793       8427 
0794       8427 
0795       8427 
0796       8381 
0797       8359 
0798       8355 
0799       8314 
0800       8301 
0801       8277 
0802       8267 
0803       8255 
0804       8209 
0805       8197 
0806       8196 
0807       8176 
0808       8158 
0809       8149 
0810       8126 
0811       8103 
0812       8084 
0813       8076 
0814       8061 
0815       8043 
0816       8039 
0817       8024 
0818       8005 
0819       7984 
0820       7959 
0821       7950 
0822       7937 
0823       5963 
0824       5954 
0825       5952 
0826       5932 
0827       5931 
0828       5905 
0829       5867 
0830       5837 
0831       5804 
0832       5799 
0833       5771 
0834       5731 
0835       5721 
0836       5685 
0837       5657 
0838       5632 
0839       5628 
0840       5596 
0841       5547 
0842       5508 
0843       5491 
0844       5458 
0845       5429 
0846       5421 
0847       5370 
0848       5363 
0849       5309 
0850       5204 
0851       5204 
0852       5250 
0853       5250 
0854       5241 
0855       5231 
0856       5231 
0857       5223 
0858       5223 
0859       5276 
0860       5363 
0861       5482 
0862       5618 
0863       5729 
0864       5900 
0865       6051 
0866       6182 
0867       6336 
0868       6819 
0869       6819 
0870       5477 
0871       5423 
0872       5367 
0873       5330 
0874       5330 
0875       5322 
0876       5336 
0877       5336 
0878       5336 
0879       5340 
0880       5329 
0881       5328 
0882       5300 
0883       5294 
0884       5294 
0885       5323 
0886       5323 
0887       5320 
0888       5316 
0889       5313 
0890       5311 
0891       5292 
0892       5292 
0893       5294 
0894       5294 
0895       5298 
0896       5288 
0897       5299 
0898       5286 
0899       5278 
0900       5084 
0901       1 
0902       1 
0903       1 
0904       1 
0905       1 
0906       1 
0907       1 
0908       1 
0909       1 
0910       1 
0911       1 
0912       1 
0913       1 
0914       1 
0915       1 
0916       1 
0917       1 
0918       1 
0919       1 
0920       1 
0921       1 
0922       1 
0923       1 
0924       1 
0925       1 
0926       1 
0927       1 
0928       1 
0929       1 
0930       1 
0931       1 
0932       1 
0933       1 
0934       1 
0935       1 
0936       1 
0937       1 
0938       1 
0939       1 
0940       1 
0941       1 
0942       1 
0943       1 
0944       1 
0945       1 
0946       1 
0947       1 
0948       1 
0949       1 
0950       1 
0951       1 
0952       1 
0953       1 
0954       1 
0955       1 
0956       1 
0957       1 
0958       1 
0959       1 
0960       1 
0961       1 
0962       1 
0963       1 
0964       1 
0965       1 
0966       1 
0967       1 
0968       1 
0969       1 
0970       1 
0971       1 
0972       1 
0973       1 
0974       1 
0975       1 
0976       1 
0977       1 
0978       1 
0979       1 
0980       1 
0981       1 
0982       1 
0983       1 
0984       1 
0985       1 
0986       1 
0987       1 
0988       1 
0989       1 
0990       1 
0991       1 
0992       1 
0993       1 
0994       1 
0995       1 
0996       1 
0997       1 
0998       1 
0999       1 
1000       1 
1001       1 
1002       1 
1003       1 
1004       1 
1005       1 
1006       4 
1007       49 
1008       49 
1009       49 
1010       56 
1011       56 
1012       49 
1013       47 
1014       47 
1015       47 
1016       50 
1017       52 
1018       55 
1019       55 
1020       53 
1021       53 
1022       53 
1023       53 
1024       57 
1025       57 
1026       62 
1027       62 
1028       62 
1029       58 
1030       58 
1031       54 
1032       53 
1033       54 
1034       54 
1035       57 
1036       71 
1037       71 
1038       71 
1039       68 
1040       68 
1041       66 
1042       66 
1043       71 
1044       71 
1045       71 
1046       71 
1047       71 
1048       71 
1049       76 
1050       71 
1051       66 
1052       66 
1053       73 
1054       66 
1055       69 
1056       73 
1057       69 
1058       66 
1059       66 
1060       66 
1061       62 
1062       62 
1063       62 
1064       62 
1065       65 
1066       65 
1067       62 
1068       62 
1069       70 
1070       70 
1071       70 
1072       70 
1073       70 
1074       69 
1075       69 
1076       72 
1077       72 
1078       72 
1079       72 
1297966654.959754
