0000       1 
0001       1 
0002       1 
0003       1 
0004       1 
0005       1 
0006       1 
0007       1 
0008       1 
0009       1 
0010       1 
0011       1 
0012       1 
0013       1 
0014       1 
0015       1 
0016       1 
0017       1 
0018       1 
0019       1 
0020       1 
0021       1 
0022       1 
0023       1 
0024       1 
0025       1 
0026       1 
0027       1 
0028       1 
0029       1 
0030       1 
0031       1 
0032       1 
0033       1 
0034       1 
0035       1 
0036       1 
0037       1 
0038       1 
0039       1 
0040       1 
0041       1 
0042       1 
0043       1 
0044       1 
0045       1 
0046       1 
0047       1 
0048       1 
0049       1 
0050       1 
0051       1 
0052       1 
0053       1 
0054       1 
0055       1 
0056       1 
0057       1 
0058       1 
0059       1 
0060       1 
0061       1 
0062       1 
0063       1 
0064       1 
0065       1 
0066       1 
0067       1 
0068       1 
0069       1 
0070       1 
0071       1 
0072       1 
0073       1 
0074       1 
0075       1 
0076       1 
0077       1 
0078       1 
0079       1 
0080       1 
0081       1 
0082       1 
0083       1 
0084       1 
0085       1 
0086       1 
0087       1 
0088       1 
0089       1 
0090       1 
0091       1 
0092       1 
0093       1 
0094       1 
0095       1 
0096       1 
0097       1 
0098       1 
0099       1 
0100       1 
0101       1 
0102       1 
0103       1 
0104       1 
0105       1 
0106       1 
0107       1 
0108       1 
0109       1 
0110       1 
0111       1 
0112       1 
0113       1 
0114       1 
0115       1 
0116       1 
0117       1 
0118       1 
0119       1 
0120       1 
0121       1 
0122       1 
0123       1 
0124       1 
0125       1 
0126       1 
0127       1 
0128       1 
0129       1 
0130       1 
0131       1 
0132       1 
0133       1 
0134       1 
0135       1 
0136       1 
0137       1 
0138       1 
0139       1 
0140       1 
0141       1 
0142       1 
0143       22190 
0144       22190 
0145       22173 
0146       22146 
0147       22106 
0148       22072 
0149       22057 
0150       22029 
0151       21997 
0152       21960 
0153       21941 
0154       1 
0155       1 
0156       1 
0157       21915 
0158       21915 
0159       21892 
0160       21891 
0161       21858 
0162       21816 
0163       21816 
0164       21826 
0165       21826 
0166       16055 
0167       16049 
0168       16029 
0169       16025 
0170       16010 
0171       16002 
0172       15980 
0173       15980 
0174       15980 
0175       15969 
0176       15961 
0177       15947 
0178       15947 
0179       15945 
0180       15949 
0181       15945 
0182       15918 
0183       15918 
0184       15918 
0185       15804 
0186       15715 
0187       15714 
0188       15701 
0189       15677 
0190       15682 
0191       15682 
0192       15702 
0193       15747 
0194       15847 
0195       15870 
0196       16289 
0197       16313 
0198       16289 
0199       16312 
0200       16293 
0201       16312 
0202       16308 
0203       16308 
0204       1 
0205       1 
0206       1 
0207       1 
0208       1 
0209       1 
0210       1 
0211       15836 
0212       15836 
0213       15757 
0214       15721 
0215       15718 
0216       15718 
0217       15732 
0218       15744 
0219       15747 
0220       15752 
0221       15783 
0222       15766 
0223       15776 
0224       15776 
0225       15776 
0226       15756 
0227       15220 
0228       15209 
0229       15209 
0230       15220 
0231       15848 
0232       15848 
0233       15847 
0234       15306 
0235       1 
0236       1 
0237       1 
0238       15306 
0239       15920 
0240       15943 
0241       16048 
0242       16111 
0243       16144 
0244       16145 
0245       16162 
0246       16164 
0247       16181 
0248       16213 
0249       16227 
0250       16236 
0251       16284 
0252       16284 
0253       16312 
0254       16313 
0255       16335 
0256       16344 
0257       16344 
0258       16343 
0259       16288 
0260       16269 
0261       16269 
0262       16280 
0263       16309 
0264       16319 
0265       16347 
0266       16356 
0267       16381 
0268       16408 
0269       16426 
0270       16454 
0271       16454 
0272       16410 
0273       16410 
0274       16411 
0275       16581 
0276       16618 
0277       16618 
0278       16618 
0279       16620 
0280       16681 
0281       16681 
0282       16705 
0283       16792 
0284       16805 
0285       16805 
0286       1 
0287       1 
0288       1 
0289       1 
0290       1 
0291       1 
0292       1 
0293       1 
0294       1 
0295       14141 
0296       14141 
0297       14139 
0298       14139 
0299       14144 
0300       14155 
0301       14176 
0302       14210 
0303       14259 
0304       14286 
0305       14315 
0306       14332 
0307       14390 
0308       14405 
0309       14443 
0310       14493 
0311       14534 
0312       14555 
0313       14588 
0314       14626 
0315       14650 
0316       14650 
0317       13206 
0318       1 
0319       1 
0320       1 
0321       1 
0322       1 
0323       1 
0324       1 
0325       12670 
0326       12882 
0327       12882 
0328       12794 
0329       12703 
0330       12601 
0331       12517 
0332       12413 
0333       12326 
0334       12248 
0335       12175 
0336       12067 
0337       12007 
0338       11906 
0339       1 
0340       1 
0341       1 
0342       1 
0343       1 
0344       11431 
0345       11431 
0346       11370 
0347       11289 
0348       11228 
0349       11139 
0350       11083 
0351       11083 
0352       11090 
0353       11131 
0354       11195 
0355       11214 
0356       11237 
0357       11288 
0358       11312 
0359       11373 
0360       11400 
0361       11473 
0362       11480 
0363       11532 
0364       11579 
0365       11640 
0366       11671 
0367       11726 
0368       11775 
0369       11831 
0370       11883 
0371       11916 
0372       11972 
0373       12057 
0374       12084 
0375       12133 
0376       12166 
0377       12235 
0378       12278 
0379       12315 
0380       12315 
0381       12298 
0382       12251 
0383       12251 
0384       12271 
0385       12271 
0386       12207 
0387       12171 
0388       12129 
0389       12066 
0390       12026 
0391       12000 
0392       11938 
0393       11880 
0394       11826 
0395       11763 
0396       11760 
0397       11726 
0398       11641 
0399       11603 
0400       11557 
0401       11524 
0402       11463 
0403       11438 
0404       11389 
0405       11347 
0406       11294 
0407       11259 
0408       11241 
0409       11209 
0410       11118 
0411       11101 
0412       11082 
0413       11028 
0414       10994 
0415       10922 
0416       10907 
0417       10875 
0418       10845 
0419       10805 
0420       10779 
0421       10742 
0422       10721 
0423       10648 
0424       10648 
0425       10605 
0426       10565 
0427       10560 
0428       10552 
0429       10535 
0430       10509 
0431       10473 
0432       10454 
0433       10411 
0434       10403 
0435       10352 
0436       10348 
0437       10308 
0438       10306 
0439       10238 
0440       10236 
0441       10228 
0442       10186 
0443       10168 
0444       10139 
0445       10102 
0446       10090 
0447       10082 
0448       10053 
0449       10028 
0450       9993 
0451       9988 
0452       9939 
0453       9937 
0454       9895 
0455       9880 
0456       9852 
0457       9822 
0458       9819 
0459       9811 
0460       6925 
0461       6925 
0462       6958 
0463       7028 
0464       7058 
0465       7058 
0466       7018 
0467       7007 
0468       7000 
0469       6978 
0470       6947 
0471       6923 
0472       6894 
0473       6872 
0474       6872 
0475       6872 
0476       6863 
0477       6849 
0478       6844 
0479       6843 
0480       6809 
0481       6799 
0482       6778 
0483       6751 
0484       6739 
0485       6739 
0486       6739 
0487       6738 
0488       6722 
0489       6722 
0490       6701 
0491       6699 
0492       6682 
0493       6664 
0494       6642 
0495       6637 
0496       6637 
0497       6637 
0498       6629 
0499       6628 
0500       6617 
0501       6605 
0502       6592 
0503       6590 
0504       6571 
0505       6554 
0506       6549 
0507       6552 
0508       6549 
0509       6546 
0510       6537 
0511       6530 
0512       6517 
0513       6517 
0514       6510 
0515       6510 
0516       6477 
0517       6463 
0518       6463 
0519       6466 
0520       6466 
0521       6449 
0522       6449 
0523       6458 
0524       6458 
0525       6451 
0526       6450 
0527       6431 
0528       6389 
0529       6389 
0530       6389 
0531       6397 
0532       6390 
0533       6398 
0534       6390 
0535       6393 
0536       6393 
0537       6394 
0538       6394 
0539       6391 
0540       6371 
0541       6352 
0542       6352 
0543       6372 
0544       6372 
0545       6366 
0546       6362 
0547       6362 
0548       6360 
0549       6360 
0550       6356 
0551       6354 
0552       6330 
0553       6322 
0554       6322 
0555       6340 
0556       6346 
0557       6346 
0558       6348 
0559       6348 
0560       6342 
0561       6342 
0562       6342 
0563       6342 
0564       6327 
0565       6310 
0566       6310 
0567       6335 
0568       6343 
0569       6343 
0570       6340 
0571       6340 
0572       6343 
0573       6346 
0574       6349 
0575       6349 
0576       6325 
0577       6321 
0578       6321 
0579       6334 
0580       6343 
0581       6345 
0582       6351 
0583       6364 
0584       6364 
0585       6359 
0586       6359 
0587       6369 
0588       6369 
0589       6346 
0590       6343 
0591       6343 
0592       6369 
0593       6381 
0594       6381 
0595       6395 
0596       6395 
0597       6394 
0598       6394 
0599       6395 
0600       6395 
0601       6390 
0602       6390 
0603       6389 
0604       6390 
0605       6404 
0606       6412 
0607       6429 
0608       6434 
0609       6455 
0610       6455 
0611       6453 
0612       6449 
0613       6449 
0614       6449 
0615       6463 
0616       6487 
0617       6492 
0618       6505 
0619       6514 
0620       6517 
0621       6521 
0622       6529 
0623       6536 
0624       6536 
0625       6539 
0626       6539 
0627       6553 
0628       6563 
0629       6577 
0630       6596 
0631       6600 
0632       6615 
0633       6622 
0634       6625 
0635       6625 
0636       6619 
0637       6619 
0638       6647 
0639       6675 
0640       6680 
0641       6684 
0642       6686 
0643       6692 
0644       6715 
0645       6728 
0646       6728 
0647       6727 
0648       6727 
0649       6736 
0650       6774 
0651       6790 
0652       6808 
0653       6808 
0654       6826 
0655       6836 
0656       6856 
0657       6856 
0658       6856 
0659       6864 
0660       6897 
0661       6919 
0662       6925 
0663       6936 
0664       6951 
0665       6973 
0666       6992 
0667       6992 
0668       6986 
0669       6986 
0670       7022 
0671       7049 
0672       7057 
0673       7070 
0674       7104 
0675       7116 
0676       7133 
0677       7139 
0678       7139 
0679       7145 
0680       7198 
0681       7215 
0682       7229 
0683       7251 
0684       7266 
0685       7280 
0686       7300 
0687       7301 
0688       7301 
0689       7345 
0690       7373 
0691       7395 
0692       7425 
0693       7445 
0694       7450 
0695       7475 
0696       7476 
0697       7482 
0698       7531 
0699       7565 
0700       7570 
0701       7589 
0702       7618 
0703       7656 
0704       7656 
0705       7673 
0706       7673 
0707       7753 
0708       7761 
0709       7788 
0710       7808 
0711       7843 
0712       7858 
0713       7874 
0714       7878 
0715       7940 
0716       7969 
0717       7995 
0718       8030 
0719       8038 
0720       8063 
0721       8067 
0722       8073 
0723       8099 
0724       11143 
0725       11158 
0726       11179 
0727       11237 
0728       11298 
0729       11323 
0730       11374 
0731       11412 
0732       11476 
0733       11509 
0734       11553 
0735       11608 
0736       11633 
0737       11693 
0738       11736 
0739       11769 
0740       11843 
0741       11866 
0742       11924 
0743       11973 
0744       12030 
0745       12085 
0746       12172 
0747       12193 
0748       12260 
0749       12275 
0750       12304 
0751       12418 
0752       12456 
0753       12515 
0754       12584 
0755       12648 
0756       12687 
0757       12724 
0758       12784 
0759       12853 
0760       12853 
0761       12835 
0762       12771 
0763       12715 
0764       12682 
0765       7547 
0766       7547 
0767       7547 
0768       7549 
0769       7557 
0770       7557 
0771       7492 
0772       7484 
0773       7461 
0774       7447 
0775       7421 
0776       7405 
0777       7373 
0778       7372 
0779       7347 
0780       7344 
0781       7317 
0782       7303 
0783       7262 
0784       7063 
0785       3746 
0786       3746 
0787       3746 
0788       3760 
0789       3770 
0790       3772 
0791       3789 
0792       3811 
0793       3826 
0794       3846 
0795       3858 
0796       3877 
0797       3890 
0798       3900 
0799       3906 
0800       3949 
0801       3949 
0802       3949 
0803       3948 
0804       3859 
0805       3691 
0806       3394 
0807       3340 
0808       3340 
0809       3340 
0810       3340 
0811       3361 
0812       3367 
0813       3378 
0814       3407 
0815       3417 
0816       3440 
0817       3457 
0818       3461 
0819       3464 
0820       3504 
0821       3526 
0822       3528 
0823       3546 
0824       3588 
0825       3624 
0826       3644 
0827       3660 
0828       3672 
0829       3718 
0830       3772 
0831       3788 
0832       3825 
0833       3864 
0834       3874 
0835       3920 
0836       3973 
0837       3988 
0838       4071 
0839       4114 
0840       4162 
0841       4208 
0842       4267 
0843       4340 
0844       4404 
0845       4474 
0846       4550 
0847       4616 
0848       6369 
0849       6369 
0850       6344 
0851       6329 
0852       6285 
0853       6262 
0854       6235 
0855       6224 
0856       6175 
0857       6151 
0858       6121 
0859       6099 
0860       6097 
0861       6053 
0862       6032 
0863       5994 
0864       5969 
0865       5943 
0866       5902 
0867       5901 
0868       5884 
0869       5657 
0870       5657 
0871       5727 
0872       5752 
0873       5727 
0874       5725 
0875       5725 
0876       5757 
0877       5840 
0878       5948 
0879       6096 
0880       6258 
0881       6442 
0882       6516 
0883       6650 
0884       8195 
0885       8369 
0886       8566 
0887       8781 
0888       8959 
0889       9285 
0890       9532 
0891       9805 
0892       9805 
0893       10123 
0894       10720 
0895       11092 
0896       11442 
0897       11716 
0898       11716 
0899       11716 
0900       1 
0901       1 
0902       1 
0903       1 
0904       1 
0905       5760 
0906       5760 
0907       5760 
0908       1 
0909       1 
0910       1 
0911       1 
0912       1 
0913       1 
0914       1 
0915       1 
0916       1 
0917       1 
0918       1 
0919       1 
0920       1 
0921       1 
0922       1 
0923       1 
0924       1 
0925       1 
0926       1 
0927       1 
0928       1 
0929       1 
0930       1 
0931       1 
0932       1 
0933       1 
0934       1 
0935       1 
0936       1 
0937       1 
0938       1 
0939       1 
0940       1 
0941       1 
0942       1 
0943       1 
0944       1 
0945       1 
0946       1 
0947       1 
0948       1 
0949       1 
0950       1 
0951       1 
0952       1 
0953       1 
0954       1 
0955       1 
0956       1 
0957       1 
0958       1 
0959       1 
0960       1 
0961       1 
0962       1 
0963       1 
0964       1 
0965       1 
0966       1 
0967       1 
0968       1 
0969       1 
0970       1 
0971       1 
0972       1 
0973       1 
0974       1 
0975       1 
0976       1 
0977       1 
0978       1 
0979       1 
0980       1 
0981       1 
0982       1 
0983       1 
0984       1 
0985       1 
0986       1 
0987       1 
0988       1 
0989       1 
0990       1 
0991       1 
0992       1 
0993       1 
0994       1 
0995       1 
0996       1 
0997       1 
0998       1 
0999       1 
1000       1 
1001       1 
1002       1 
1003       1 
1004       1 
1005       1 
1006       1 
1007       4 
1008       4 
1009       4 
1010       4 
1011       4 
1012       47 
1013       55 
1014       55 
1015       48 
1016       47 
1017       43 
1018       4 
1019       4 
1020       4 
1021       4 
1022       50 
1023       50 
1024       53 
1025       53 
1026       61 
1027       53 
1028       53 
1029       49 
1030       48 
1031       48 
1032       48 
1033       54 
1034       61 
1035       63 
1036       68 
1037       69 
1038       69 
1039       69 
1040       68 
1041       67 
1042       65 
1043       65 
1044       67 
1045       67 
1046       68 
1047       68 
1048       68 
1049       65 
1050       65 
1051       65 
1052       66 
1053       66 
1054       68 
1055       66 
1056       66 
1057       68 
1058       68 
1059       65 
1060       65 
1061       64 
1062       60 
1063       60 
1064       60 
1065       69 
1066       69 
1067       69 
1068       62 
1069       62 
1070       62 
1071       70 
1072       71 
1073       71 
1074       72 
1075       72 
1076       72 
1077       72 
1078       73 
1079       72 
1297966678.481283
