0000       1 
0001       1 
0002       1 
0003       1 
0004       1 
0005       1 
0006       1 
0007       1 
0008       1 
0009       1 
0010       1 
0011       1 
0012       1 
0013       1 
0014       1 
0015       1 
0016       1 
0017       1 
0018       1 
0019       1 
0020       1 
0021       1 
0022       1 
0023       1 
0024       1 
0025       1 
0026       1 
0027       1 
0028       1 
0029       1 
0030       1 
0031       1 
0032       1 
0033       1 
0034       1 
0035       1 
0036       1 
0037       1 
0038       1 
0039       1 
0040       1 
0041       1 
0042       1 
0043       1 
0044       1 
0045       1 
0046       1 
0047       1 
0048       1 
0049       1 
0050       1 
0051       1 
0052       1 
0053       1 
0054       1 
0055       1 
0056       1 
0057       1 
0058       1 
0059       1 
0060       1 
0061       1 
0062       1 
0063       1 
0064       1 
0065       1 
0066       1 
0067       1 
0068       1 
0069       1 
0070       1 
0071       1 
0072       1 
0073       1 
0074       1 
0075       1 
0076       1 
0077       1 
0078       1 
0079       1 
0080       1 
0081       1 
0082       1 
0083       1 
0084       1 
0085       1 
0086       1 
0087       1 
0088       1 
0089       1 
0090       1 
0091       1 
0092       1 
0093       1 
0094       1 
0095       1 
0096       1 
0097       1 
0098       1 
0099       1 
0100       1 
0101       1 
0102       1 
0103       1 
0104       1 
0105       1 
0106       1 
0107       1 
0108       1 
0109       1 
0110       1 
0111       1 
0112       1 
0113       1 
0114       1 
0115       1 
0116       1 
0117       1 
0118       1 
0119       1 
0120       1 
0121       1 
0122       1 
0123       1 
0124       1 
0125       1 
0126       1 
0127       1 
0128       1 
0129       1 
0130       1 
0131       1 
0132       1 
0133       1 
0134       1 
0135       1 
0136       1 
0137       1 
0138       1 
0139       1 
0140       1 
0141       1 
0142       1 
0143       1 
0144       1 
0145       1 
0146       1 
0147       1 
0148       1 
0149       1 
0150       1 
0151       1 
0152       1 
0153       1 
0154       1 
0155       1 
0156       1 
0157       1 
0158       1 
0159       1 
0160       1 
0161       1 
0162       1 
0163       1 
0164       1 
0165       1 
0166       1 
0167       1 
0168       1 
0169       1 
0170       1 
0171       1 
0172       1 
0173       1 
0174       1 
0175       1 
0176       1 
0177       1 
0178       1 
0179       1 
0180       1 
0181       1 
0182       1 
0183       1 
0184       1 
0185       1 
0186       1 
0187       1 
0188       1 
0189       1 
0190       1 
0191       1 
0192       1 
0193       1 
0194       1 
0195       1 
0196       1 
0197       1 
0198       1 
0199       1 
0200       1 
0201       1 
0202       1 
0203       1 
0204       1 
0205       1 
0206       1 
0207       1 
0208       1 
0209       1 
0210       1 
0211       1 
0212       1 
0213       1 
0214       1 
0215       1 
0216       1 
0217       1 
0218       1 
0219       1 
0220       1 
0221       1 
0222       1 
0223       1 
0224       1 
0225       1 
0226       1 
0227       1 
0228       1 
0229       1 
0230       1 
0231       1 
0232       1 
0233       1 
0234       1 
0235       1 
0236       1 
0237       1 
0238       1 
0239       1 
0240       1 
0241       1 
0242       1 
0243       1 
0244       1 
0245       1 
0246       1 
0247       1 
0248       1 
0249       1 
0250       1 
0251       1 
0252       1 
0253       1 
0254       1 
0255       1 
0256       1 
0257       1 
0258       1 
0259       1 
0260       1 
0261       1 
0262       1 
0263       1 
0264       1 
0265       1 
0266       1 
0267       1 
0268       1 
0269       1 
0270       1 
0271       1 
0272       1 
0273       1 
0274       1 
0275       1 
0276       1 
0277       1 
0278       1 
0279       14904 
0280       14904 
0281       14924 
0282       14927 
0283       14927 
0284       14902 
0285       14767 
0286       14613 
0287       14393 
0288       14240 
0289       14090 
0290       13962 
0291       13772 
0292       13651 
0293       13492 
0294       13404 
0295       13243 
0296       13109 
0297       12846 
0298       12689 
0299       12689 
0300       11901 
0301       11900 
0302       11901 
0303       11932 
0304       11970 
0305       12012 
0306       12014 
0307       12017 
0308       12044 
0309       12081 
0310       12120 
0311       12164 
0312       12165 
0313       12189 
0314       12196 
0315       12200 
0316       12245 
0317       12372 
0318       12423 
0319       12446 
0320       12471 
0321       12527 
0322       12563 
0323       12600 
0324       12638 
0325       12655 
0326       12690 
0327       12724 
0328       12770 
0329       12828 
0330       12828 
0331       12857 
0332       12786 
0333       12786 
0334       1 
0335       1 
0336       1 
0337       1 
0338       1 
0339       1 
0340       1 
0341       12285 
0342       12285 
0343       12173 
0344       12067 
0345       11882 
0346       11768 
0347       11678 
0348       11577 
0349       11500 
0350       11430 
0351       11291 
0352       11221 
0353       11177 
0354       11128 
0355       11071 
0356       11056 
0357       10993 
0358       10897 
0359       10892 
0360       10865 
0361       10819 
0362       10814 
0363       10737 
0364       10705 
0365       10679 
0366       10633 
0367       10632 
0368       10624 
0369       10587 
0370       10559 
0371       10549 
0372       10538 
0373       10527 
0374       10527 
0375       10540 
0376       10551 
0377       10568 
0378       10578 
0379       10601 
0380       10612 
0381       10661 
0382       10689 
0383       10691 
0384       10689 
0385       10571 
0386       10560 
0387       10571 
0388       10636 
0389       10697 
0390       10697 
0391       10141 
0392       9992 
0393       9946 
0394       9912 
0395       9792 
0396       9766 
0397       9694 
0398       9672 
0399       9672 
0400       9549 
0401       9488 
0402       9466 
0403       9452 
0404       9384 
0405       9303 
0406       9283 
0407       9283 
0408       9276 
0409       9214 
0410       9176 
0411       9079 
0412       9068 
0413       9068 
0414       9068 
0415       9039 
0416       8997 
0417       8997 
0418       9007 
0419       9009 
0420       9036 
0421       9037 
0422       9053 
0423       9062 
0424       9068 
0425       9086 
0426       9099 
0427       9171 
0428       9196 
0429       9225 
0430       9349 
0431       9413 
0432       9429 
0433       9750 
0434       9750 
0435       9785 
0436       9733 
0437       9687 
0438       9687 
0439       9713 
0440       9784 
0441       9797 
0442       9845 
0443       9876 
0444       9848 
0445       9848 
0446       9828 
0447       9828 
0448       9831 
0449       9831 
0450       9827 
0451       9805 
0452       9804 
0453       9772 
0454       9764 
0455       9749 
0456       9746 
0457       9709 
0458       9684 
0459       9675 
0460       9647 
0461       9607 
0462       9590 
0463       9586 
0464       9565 
0465       9534 
0466       9524 
0467       9489 
0468       9475 
0469       9470 
0470       9450 
0471       9447 
0472       9410 
0473       9409 
0474       9390 
0475       9378 
0476       9367 
0477       9340 
0478       9323 
0479       9300 
0480       9270 
0481       9270 
0482       9241 
0483       9234 
0484       9226 
0485       9213 
0486       9207 
0487       9191 
0488       9176 
0489       9144 
0490       9143 
0491       9133 
0492       9088 
0493       9078 
0494       9066 
0495       9062 
0496       9045 
0497       9041 
0498       9034 
0499       9026 
0500       9020 
0501       9006 
0502       8986 
0503       8972 
0504       8965 
0505       8960 
0506       8947 
0507       8943 
0508       8935 
0509       8921 
0510       8920 
0511       8905 
0512       8890 
0513       8870 
0514       8862 
0515       8855 
0516       7713 
0517       7701 
0518       7665 
0519       7619 
0520       7570 
0521       7510 
0522       7496 
0523       7467 
0524       7437 
0525       7405 
0526       7376 
0527       7368 
0528       7348 
0529       7330 
0530       7323 
0531       7320 
0532       7300 
0533       7300 
0534       7312 
0535       7312 
0536       7310 
0537       7251 
0538       7251 
0539       7275 
0540       7300 
0541       7314 
0542       7321 
0543       7362 
0544       7379 
0545       7379 
0546       7383 
0547       7387 
0548       7438 
0549       7521 
0550       7612 
0551       7785 
0552       7885 
0553       8163 
0554       8337 
0555       8337 
0556       8293 
0557       8183 
0558       8035 
0559       7975 
0560       7973 
0561       7948 
0562       7822 
0563       7618 
0564       6593 
0565       6593 
0566       6674 
0567       6756 
0568       6756 
0569       6676 
0570       6676 
0571       6679 
0572       6687 
0573       6736 
0574       6743 
0575       6748 
0576       6745 
0577       6745 
0578       6708 
0579       6708 
0580       6694 
0581       6694 
0582       6694 
0583       6792 
0584       7037 
0585       7181 
0586       7262 
0587       7262 
0588       7247 
0589       7247 
0590       7276 
0591       7276 
0592       7268 
0593       7245 
0594       7187 
0595       7103 
0596       7103 
0597       7113 
0598       7113 
0599       7075 
0600       7065 
0601       7065 
0602       7104 
0603       7140 
0604       7175 
0605       7190 
0606       7266 
0607       7290 
0608       7399 
0609       7420 
0610       7434 
0611       7481 
0612       7481 
0613       7471 
0614       7471 
0615       7471 
0616       7477 
0617       7480 
0618       7527 
0619       7527 
0620       7527 
0621       7530 
0622       7542 
0623       7573 
0624       7589 
0625       7629 
0626       7745 
0627       7897 
0628       7915 
0629       7946 
0630       9117 
0631       9138 
0632       9158 
0633       9166 
0634       9190 
0635       9201 
0636       9210 
0637       9215 
0638       9232 
0639       9243 
0640       9264 
0641       9277 
0642       9282 
0643       9309 
0644       9312 
0645       9319 
0646       9350 
0647       9374 
0648       9378 
0649       9379 
0650       9388 
0651       9429 
0652       9438 
0653       9464 
0654       9490 
0655       9494 
0656       9510 
0657       9546 
0658       9574 
0659       9590 
0660       9592 
0661       9617 
0662       9634 
0663       9660 
0664       9680 
0665       9682 
0666       9684 
0667       9706 
0668       9712 
0669       9743 
0670       9781 
0671       9794 
0672       9809 
0673       9825 
0674       9840 
0675       9849 
0676       9840 
0677       9673 
0678       9662 
0679       9633 
0680       9627 
0681       9567 
0682       9292 
0683       9292 
0684       9250 
0685       9206 
0686       9053 
0687       8996 
0688       8940 
0689       8935 
0690       8897 
0691       8849 
0692       8846 
0693       8846 
0694       8864 
0695       8864 
0696       8864 
0697       8884 
0698       8913 
0699       8923 
0700       8958 
0701       8966 
0702       8995 
0703       9016 
0704       9052 
0705       9098 
0706       9167 
0707       9204 
0708       9246 
0709       9278 
0710       10505 
0711       10505 
0712       10505 
0713       10500 
0714       10507 
0715       10500 
0716       10512 
0717       10736 
0718       10915 
0719       10915 
0720       10821 
0721       10674 
0722       10313 
0723       10186 
0724       10169 
0725       10168 
0726       10169 
0727       10180 
0728       10180 
0729       10175 
0730       10046 
0731       10020 
0732       10015 
0733       9978 
0734       10015 
0735       9978 
0736       9948 
0737       9948 
0738       9991 
0739       9992 
0740       10048 
0741       10090 
0742       10134 
0743       10189 
0744       10258 
0745       10331 
0746       10399 
0747       10456 
0748       10456 
0749       10456 
0750       11956 
0751       12219 
0752       12320 
0753       12315 
0754       12315 
0755       12224 
0756       12173 
0757       12136 
0758       12114 
0759       12136 
0760       12979 
0761       12979 
0762       12920 
0763       12871 
0764       12841 
0765       12777 
0766       12733 
0767       12686 
0768       12634 
0769       12609 
0770       12554 
0771       12506 
0772       12460 
0773       12430 
0774       12405 
0775       12365 
0776       12294 
0777       12266 
0778       12256 
0779       12245 
0780       12256 
0781       12275 
0782       12296 
0783       12309 
0784       12309 
0785       14423 
0786       14423 
0787       14359 
0788       12045 
0789       12042 
0790       12000 
0791       11960 
0792       11941 
0793       11918 
0794       11866 
0795       11819 
0796       11812 
0797       11768 
0798       11738 
0799       11705 
0800       11661 
0801       11422 
0802       11387 
0803       11354 
0804       11324 
0805       11295 
0806       11270 
0807       11243 
0808       11219 
0809       11184 
0810       11156 
0811       11151 
0812       11100 
0813       11088 
0814       11063 
0815       11043 
0816       11005 
0817       10964 
0818       10949 
0819       10921 
0820       10900 
0821       10887 
0822       10861 
0823       10845 
0824       10822 
0825       10790 
0826       10767 
0827       10748 
0828       10727 
0829       10717 
0830       10707 
0831       10670 
0832       10643 
0833       10632 
0834       10612 
0835       10612 
0836       10628 
0837       10637 
0838       10678 
0839       10761 
0840       10767 
0841       10779 
0842       10782 
0843       12688 
0844       12688 
0845       12643 
0846       12642 
0847       12599 
0848       12597 
0849       12580 
0850       12578 
0851       12578 
0852       12717 
0853       12718 
0854       12718 
0855       1 
0856       1 
0857       1 
0858       1 
0859       1 
0860       1 
0861       1 
0862       1 
0863       10224 
0864       10224 
0865       10164 
0866       10135 
0867       10116 
0868       10109 
0869       10085 
0870       10071 
0871       10070 
0872       10040 
0873       10040 
0874       10037 
0875       10031 
0876       10031 
0877       10129 
0878       10211 
0879       10211 
0880       10211 
0881       10193 
0882       10193 
0883       10183 
0884       10182 
0885       10171 
0886       10158 
0887       10160 
0888       10158 
0889       10160 
0890       12136 
0891       12148 
0892       12136 
0893       12135 
0894       12135 
0895       12135 
0896       1 
0897       1 
0898       1 
0899       1 
0900       1 
0901       1 
0902       1 
0903       1 
0904       1 
0905       1 
0906       1 
0907       1 
0908       1 
0909       1 
0910       1 
0911       1 
0912       1 
0913       1 
0914       1 
0915       1 
0916       1 
0917       1 
0918       1 
0919       1 
0920       1 
0921       1 
0922       1 
0923       1 
0924       1 
0925       1 
0926       1 
0927       1 
0928       1 
0929       1 
0930       1 
0931       1 
0932       1 
0933       1 
0934       1 
0935       1 
0936       1 
0937       1 
0938       1 
0939       1 
0940       1 
0941       1 
0942       1 
0943       1 
0944       1 
0945       1 
0946       1 
0947       1 
0948       1 
0949       1 
0950       1 
0951       1 
0952       1 
0953       1 
0954       1 
0955       1 
0956       1 
0957       1 
0958       1 
0959       1 
0960       1 
0961       1 
0962       1 
0963       1 
0964       1 
0965       1 
0966       1 
0967       1 
0968       1 
0969       1 
0970       1 
0971       1 
0972       1 
0973       1 
0974       1 
0975       1 
0976       1 
0977       1 
0978       1 
0979       1 
0980       1 
0981       1 
0982       1 
0983       1 
0984       1 
0985       1 
0986       1 
0987       1 
0988       1 
0989       1 
0990       1 
0991       1 
0992       1 
0993       1 
0994       1 
0995       1 
0996       1 
0997       1 
0998       1 
0999       1 
1000       1 
1001       1 
1002       1 
1003       1 
1004       1 
1005       1 
1006       1 
1007       4 
1008       4 
1009       4 
1010       41 
1011       41 
1012       41 
1013       43 
1014       43 
1015       42 
1016       43 
1017       43 
1018       42 
1019       52 
1020       52 
1021       52 
1022       52 
1023       56 
1024       56 
1025       56 
1026       56 
1027       56 
1028       56 
1029       56 
1030       53 
1031       53 
1032       53 
1033       53 
1034       55 
1035       55 
1036       71 
1037       71 
1038       71 
1039       68 
1040       68 
1041       68 
1042       68 
1043       68 
1044       71 
1045       71 
1046       71 
1047       71 
1048       71 
1049       71 
1050       70 
1051       67 
1052       70 
1053       70 
1054       71 
1055       71 
1056       71 
1057       66 
1058       66 
1059       66 
1060       66 
1061       67 
1062       67 
1063       68 
1064       68 
1065       70 
1066       70 
1067       70 
1068       72 
1069       72 
1070       71 
1071       60 
1072       71 
1073       68 
1074       61 
1075       62 
1076       64 
1077       64 
1078       64 
1079       64 
1297966696.111158
