0000       1 
0001       1 
0002       1 
0003       1 
0004       1 
0005       1 
0006       1 
0007       1 
0008       1 
0009       1 
0010       1 
0011       1 
0012       1 
0013       1 
0014       1 
0015       1 
0016       1 
0017       1 
0018       1 
0019       1 
0020       1 
0021       1 
0022       1 
0023       1 
0024       1 
0025       1 
0026       1 
0027       1 
0028       1 
0029       1 
0030       1 
0031       1 
0032       1 
0033       1 
0034       1 
0035       1 
0036       1 
0037       1 
0038       1 
0039       1 
0040       1 
0041       1 
0042       1 
0043       1 
0044       1 
0045       1 
0046       1 
0047       1 
0048       1 
0049       1 
0050       1 
0051       1 
0052       1 
0053       1 
0054       1 
0055       1 
0056       1 
0057       1 
0058       1 
0059       1 
0060       1 
0061       1 
0062       1 
0063       1 
0064       1 
0065       1 
0066       1 
0067       1 
0068       1 
0069       1 
0070       1 
0071       1 
0072       1 
0073       1 
0074       1 
0075       1 
0076       1 
0077       1 
0078       1 
0079       1 
0080       1 
0081       1 
0082       1 
0083       1 
0084       1 
0085       1 
0086       1 
0087       1 
0088       1 
0089       1 
0090       1 
0091       1 
0092       1 
0093       1 
0094       1 
0095       1 
0096       1 
0097       1 
0098       1 
0099       1 
0100       1 
0101       1 
0102       1 
0103       1 
0104       1 
0105       1 
0106       1 
0107       1 
0108       1 
0109       1 
0110       1 
0111       1 
0112       1 
0113       1 
0114       1 
0115       1 
0116       1 
0117       1 
0118       1 
0119       1 
0120       1 
0121       1 
0122       1 
0123       1 
0124       1 
0125       1 
0126       1 
0127       1 
0128       1 
0129       1 
0130       1 
0131       1 
0132       1 
0133       1 
0134       1 
0135       1 
0136       1 
0137       1 
0138       1 
0139       1 
0140       1 
0141       1 
0142       1 
0143       1 
0144       1 
0145       1 
0146       1 
0147       1 
0148       1 
0149       1 
0150       1 
0151       1 
0152       1 
0153       1 
0154       1 
0155       1 
0156       1 
0157       1 
0158       1 
0159       1 
0160       1 
0161       1 
0162       1 
0163       1 
0164       1 
0165       1 
0166       1 
0167       1 
0168       1 
0169       1 
0170       1 
0171       1 
0172       1 
0173       1 
0174       1 
0175       1 
0176       1 
0177       1 
0178       1 
0179       1 
0180       1 
0181       1 
0182       1 
0183       1 
0184       1 
0185       1 
0186       1 
0187       1 
0188       1 
0189       1 
0190       1 
0191       1 
0192       1 
0193       1 
0194       1 
0195       1 
0196       1 
0197       1 
0198       1 
0199       1 
0200       1 
0201       1 
0202       1 
0203       1 
0204       1 
0205       1 
0206       1 
0207       1 
0208       1 
0209       1 
0210       1 
0211       1 
0212       1 
0213       1 
0214       1 
0215       1 
0216       1 
0217       1 
0218       1 
0219       1 
0220       1 
0221       1 
0222       1 
0223       1 
0224       1 
0225       1 
0226       1 
0227       1 
0228       1 
0229       1 
0230       1 
0231       1 
0232       1 
0233       1 
0234       1 
0235       1 
0236       1 
0237       1 
0238       1 
0239       1 
0240       1 
0241       1 
0242       1 
0243       1 
0244       1 
0245       1 
0246       1 
0247       1 
0248       1 
0249       1 
0250       1 
0251       1 
0252       1 
0253       1 
0254       1 
0255       1 
0256       1 
0257       16005 
0258       16022 
0259       16022 
0260       1 
0261       1 
0262       1 
0263       1 
0264       1 
0265       1 
0266       1 
0267       1 
0268       1 
0269       1 
0270       1 
0271       1 
0272       1 
0273       1 
0274       1 
0275       1 
0276       1 
0277       1 
0278       13128 
0279       13128 
0280       13027 
0281       12886 
0282       12849 
0283       12597 
0284       12489 
0285       12489 
0286       12394 
0287       12308 
0288       12205 
0289       12089 
0290       11983 
0291       11870 
0292       11844 
0293       11733 
0294       11633 
0295       11585 
0296       11471 
0297       11393 
0298       11300 
0299       11224 
0300       11167 
0301       11094 
0302       11014 
0303       10877 
0304       10811 
0305       10765 
0306       10668 
0307       10639 
0308       10552 
0309       10489 
0310       10426 
0311       10367 
0312       10253 
0313       10220 
0314       10165 
0315       10107 
0316       10035 
0317       9978 
0318       9899 
0319       9842 
0320       9765 
0321       9719 
0322       9669 
0323       9623 
0324       9566 
0325       9466 
0326       9457 
0327       9409 
0328       9338 
0329       9272 
0330       9238 
0331       9170 
0332       9142 
0333       9101 
0334       9035 
0335       9006 
0336       8943 
0337       8914 
0338       8868 
0339       8791 
0340       8760 
0341       8731 
0342       8705 
0343       8661 
0344       8645 
0345       8591 
0346       8539 
0347       8496 
0348       8466 
0349       8435 
0350       8385 
0351       8384 
0352       8323 
0353       8287 
0354       8235 
0355       8209 
0356       8140 
0357       8136 
0358       8093 
0359       8075 
0360       8019 
0361       8003 
0362       7974 
0363       7934 
0364       7915 
0365       7865 
0366       7838 
0367       7784 
0368       7766 
0369       7745 
0370       7727 
0371       7682 
0372       7661 
0373       7653 
0374       7622 
0375       7592 
0376       7567 
0377       7539 
0378       7534 
0379       7484 
0380       7478 
0381       7421 
0382       7400 
0383       7375 
0384       7356 
0385       7346 
0386       7321 
0387       7290 
0388       7276 
0389       7214 
0390       7214 
0391       7187 
0392       7172 
0393       7147 
0394       7121 
0395       7116 
0396       7070 
0397       7062 
0398       7044 
0399       7019 
0400       7008 
0401       6988 
0402       6979 
0403       6942 
0404       6905 
0405       6901 
0406       6885 
0407       6877 
0408       6840 
0409       6815 
0410       6810 
0411       6777 
0412       6773 
0413       6767 
0414       6757 
0415       6709 
0416       6705 
0417       6683 
0418       6673 
0419       6656 
0420       6647 
0421       6603 
0422       6603 
0423       6603 
0424       6590 
0425       6579 
0426       6570 
0427       6543 
0428       6517 
0429       6502 
0430       6493 
0431       6487 
0432       6469 
0433       6447 
0434       6445 
0435       6421 
0436       6414 
0437       6412 
0438       6399 
0439       6366 
0440       6361 
0441       6349 
0442       6349 
0443       6335 
0444       6317 
0445       6314 
0446       6314 
0447       6278 
0448       6264 
0449       6264 
0450       6264 
0451       6252 
0452       6233 
0453       6215 
0454       6195 
0455       6195 
0456       6195 
0457       6192 
0458       6176 
0459       6174 
0460       6161 
0461       6159 
0462       6149 
0463       6138 
0464       6133 
0465       6118 
0466       6118 
0467       6102 
0468       6084 
0469       6075 
0470       6067 
0471       6063 
0472       6056 
0473       6056 
0474       6045 
0475       6038 
0476       6038 
0477       6032 
0478       6013 
0479       6007 
0480       6001 
0481       6001 
0482       6001 
0483       5991 
0484       5990 
0485       5990 
0486       5975 
0487       5968 
0488       5951 
0489       5951 
0490       5951 
0491       5951 
0492       5944 
0493       5939 
0494       5938 
0495       5931 
0496       5928 
0497       5927 
0498       5914 
0499       5914 
0500       5914 
0501       5896 
0502       5896 
0503       5896 
0504       5884 
0505       5884 
0506       5883 
0507       5879 
0508       5879 
0509       5879 
0510       5899 
0511       5879 
0512       5868 
0513       5868 
0514       5866 
0515       5862 
0516       5861 
0517       5861 
0518       5860 
0519       5860 
0520       5859 
0521       5847 
0522       5847 
0523       5847 
0524       5846 
0525       5846 
0526       5843 
0527       5843 
0528       5843 
0529       5836 
0530       5850 
0531       5841 
0532       5841 
0533       5841 
0534       5841 
0535       5842 
0536       5842 
0537       5844 
0538       5851 
0539       5851 
0540       5848 
0541       5848 
0542       5854 
0543       5854 
0544       5851 
0545       5851 
0546       5854 
0547       5859 
0548       5864 
0549       5870 
0550       5876 
0551       5876 
0552       5872 
0553       5871 
0554       5871 
0555       5873 
0556       5873 
0557       5871 
0558       5867 
0559       5867 
0560       5885 
0561       5885 
0562       5896 
0563       5894 
0564       5897 
0565       5897 
0566       5898 
0567       5914 
0568       5914 
0569       5911 
0570       5911 
0571       5915 
0572       5933 
0573       5943 
0574       5946 
0575       5954 
0576       5961 
0577       5967 
0578       5967 
0579       5967 
0580       5972 
0581       5986 
0582       5989 
0583       5995 
0584       5997 
0585       5996 
0586       5996 
0587       5996 
0588       6010 
0589       6012 
0590       6027 
0591       6027 
0592       6036 
0593       6055 
0594       6063 
0595       6067 
0596       6069 
0597       6075 
0598       6086 
0599       6100 
0600       6100 
0601       6100 
0602       6117 
0603       6124 
0604       6136 
0605       6138 
0606       6143 
0607       6151 
0608       6179 
0609       6184 
0610       6188 
0611       6209 
0612       6209 
0613       6215 
0614       6216 
0615       6255 
0616       6269 
0617       6271 
0618       6274 
0619       6279 
0620       6287 
0621       6292 
0622       6315 
0623       6321 
0624       6342 
0625       6352 
0626       6366 
0627       6364 
0628       6371 
0629       6371 
0630       6385 
0631       6397 
0632       6401 
0633       6401 
0634       6327 
0635       6254 
0636       6245 
0637       6245 
0638       6266 
0639       6269 
0640       6269 
0641       6280 
0642       6302 
0643       9709 
0644       9752 
0645       9776 
0646       9803 
0647       9839 
0648       9848 
0649       9872 
0650       9892 
0651       9905 
0652       9946 
0653       9973 
0654       9998 
0655       10027 
0656       10065 
0657       10066 
0658       10089 
0659       10140 
0660       10153 
0661       10192 
0662       10212 
0663       10235 
0664       10256 
0665       10303 
0666       10307 
0667       10340 
0668       10350 
0669       10419 
0670       10420 
0671       10453 
0672       10485 
0673       10514 
0674       10544 
0675       10585 
0676       10598 
0677       10655 
0678       10687 
0679       10716 
0680       10738 
0681       10770 
0682       10804 
0683       10839 
0684       10917 
0685       10919 
0686       10992 
0687       10992 
0688       11044 
0689       11083 
0690       11099 
0691       11131 
0692       11203 
0693       11210 
0694       11270 
0695       11312 
0696       11350 
0697       11428 
0698       11434 
0699       11477 
0700       11524 
0701       11578 
0702       11593 
0703       11633 
0704       11722 
0705       11754 
0706       11779 
0707       11798 
0708       11849 
0709       11870 
0710       11904 
0711       11988 
0712       12036 
0713       12094 
0714       12129 
0715       12156 
0716       12241 
0717       12264 
0718       12347 
0719       12433 
0720       12443 
0721       12491 
0722       12566 
0723       12656 
0724       12684 
0725       12742 
0726       12828 
0727       12893 
0728       12941 
0729       13007 
0730       13080 
0731       13147 
0732       13236 
0733       13298 
0734       13376 
0735       13424 
0736       13533 
0737       13568 
0738       13638 
0739       13743 
0740       13824 
0741       13918 
0742       14001 
0743       14068 
0744       14190 
0745       14268 
0746       14384 
0747       14384 
0748       14384 
0749       14483 
0750       14741 
0751       14836 
0752       14965 
0753       15054 
0754       15171 
0755       15232 
0756       15357 
0757       15453 
0758       15549 
0759       15634 
0760       15748 
0761       15863 
0762       15921 
0763       16032 
0764       16163 
0765       16225 
0766       16349 
0767       16463 
0768       16566 
0769       16692 
0770       16841 
0771       16956 
0772       17081 
0773       17195 
0774       17321 
0775       17451 
0776       17616 
0777       17755 
0778       17861 
0779       17998 
0780       18151 
0781       18151 
0782       18267 
0783       18624 
0784       18624 
0785       18624 
0786       1 
0787       1 
0788       1 
0789       1 
0790       1 
0791       1 
0792       1 
0793       1 
0794       1 
0795       1 
0796       1 
0797       1 
0798       1 
0799       1 
0800       1 
0801       1 
0802       1 
0803       1 
0804       1 
0805       1 
0806       1 
0807       1 
0808       1 
0809       1 
0810       1 
0811       1 
0812       1 
0813       1 
0814       1 
0815       1 
0816       1 
0817       1 
0818       1 
0819       1 
0820       1 
0821       26930 
0822       26934 
0823       26930 
0824       26881 
0825       26845 
0826       26765 
0827       1 
0828       1 
0829       1 
0830       1 
0831       11329 
0832       11329 
0833       1 
0834       1 
0835       1 
0836       1 
0837       1 
0838       1 
0839       1 
0840       1 
0841       1 
0842       1 
0843       1 
0844       1 
0845       1 
0846       1 
0847       1 
0848       1 
0849       1 
0850       1 
0851       1 
0852       1 
0853       1 
0854       1 
0855       1 
0856       1 
0857       1 
0858       1 
0859       1 
0860       1 
0861       1 
0862       1 
0863       1 
0864       1 
0865       1 
0866       1 
0867       1 
0868       1 
0869       1 
0870       1 
0871       1 
0872       1 
0873       1 
0874       1 
0875       1 
0876       1 
0877       1 
0878       1 
0879       1 
0880       1 
0881       1 
0882       1 
0883       1 
0884       1 
0885       1 
0886       1 
0887       1 
0888       1 
0889       1 
0890       1 
0891       1 
0892       1 
0893       1 
0894       1 
0895       1 
0896       1 
0897       1 
0898       1 
0899       1 
0900       1 
0901       1 
0902       1 
0903       1 
0904       1 
0905       1 
0906       1 
0907       1 
0908       1 
0909       1 
0910       1 
0911       1 
0912       1 
0913       1 
0914       1 
0915       1 
0916       1 
0917       1 
0918       1 
0919       1 
0920       1 
0921       1 
0922       1 
0923       1 
0924       1 
0925       1 
0926       1 
0927       1 
0928       1 
0929       1 
0930       1 
0931       1 
0932       1 
0933       1 
0934       1 
0935       1 
0936       1 
0937       1 
0938       1 
0939       1 
0940       1 
0941       1 
0942       1 
0943       1 
0944       1 
0945       1 
0946       1 
0947       1 
0948       1 
0949       1 
0950       1 
0951       1 
0952       1 
0953       1 
0954       1 
0955       1 
0956       1 
0957       1 
0958       1 
0959       1 
0960       1 
0961       1 
0962       1 
0963       1 
0964       1 
0965       1 
0966       1 
0967       1 
0968       1 
0969       1 
0970       1 
0971       1 
0972       1 
0973       1 
0974       1 
0975       1 
0976       1 
0977       1 
0978       1 
0979       1 
0980       1 
0981       1 
0982       1 
0983       1 
0984       1 
0985       1 
0986       1 
0987       1 
0988       1 
0989       1 
0990       1 
0991       1 
0992       1 
0993       1 
0994       1 
0995       1 
0996       1 
0997       1 
0998       1 
0999       1 
1000       1 
1001       1 
1002       1 
1003       1 
1004       1 
1005       1 
1006       1 
1007       4 
1008       4 
1009       4 
1010       46 
1011       57 
1012       57 
1013       57 
1014       54 
1015       48 
1016       48 
1017       48 
1018       61 
1019       61 
1020       61 
1021       53 
1022       53 
1023       53 
1024       54 
1025       60 
1026       60 
1027       60 
1028       59 
1029       59 
1030       55 
1031       53 
1032       53 
1033       53 
1034       53 
1035       63 
1036       70 
1037       70 
1038       71 
1039       73 
1040       75 
1041       71 
1042       74 
1043       74 
1044       66 
1045       62 
1046       62 
1047       62 
1048       64 
1049       70 
1050       70 
1051       70 
1052       64 
1053       59 
1054       59 
1055       59 
1056       62 
1057       63 
1058       63 
1059       63 
1060       63 
1061       63 
1062       63 
1063       61 
1064       69 
1065       69 
1066       69 
1067       65 
1068       69 
1069       69 
1070       69 
1071       70 
1072       70 
1073       70 
1074       68 
1075       68 
1076       67 
1077       68 
1078       67 
1079       62 
1297966643.530879
