0000       1 
0001       1 
0002       1 
0003       1 
0004       1 
0005       1 
0006       1 
0007       1 
0008       1 
0009       1 
0010       1 
0011       1 
0012       1 
0013       1 
0014       1 
0015       1 
0016       1 
0017       1 
0018       1 
0019       1 
0020       1 
0021       1 
0022       1 
0023       1 
0024       1 
0025       1 
0026       1 
0027       1 
0028       1 
0029       1 
0030       1 
0031       1 
0032       1 
0033       1 
0034       1 
0035       1 
0036       1 
0037       1 
0038       1 
0039       1 
0040       1 
0041       1 
0042       1 
0043       1 
0044       1 
0045       1 
0046       1 
0047       1 
0048       1 
0049       1 
0050       1 
0051       1 
0052       1 
0053       1 
0054       1 
0055       1 
0056       1 
0057       1 
0058       1 
0059       1 
0060       1 
0061       1 
0062       1 
0063       1 
0064       1 
0065       1 
0066       1 
0067       1 
0068       1 
0069       1 
0070       1 
0071       1 
0072       1 
0073       1 
0074       1 
0075       1 
0076       1 
0077       1 
0078       1 
0079       1 
0080       1 
0081       1 
0082       1 
0083       1 
0084       1 
0085       1 
0086       1 
0087       1 
0088       1 
0089       1 
0090       1 
0091       1 
0092       1 
0093       1 
0094       1 
0095       1 
0096       1 
0097       1 
0098       1 
0099       1 
0100       1 
0101       1 
0102       1 
0103       1 
0104       1 
0105       1 
0106       1 
0107       4512 
0108       4517 
0109       4517 
0110       4513 
0111       4512 
0112       4506 
0113       4506 
0114       4506 
0115       4497 
0116       4489 
0117       4487 
0118       4483 
0119       4477 
0120       4477 
0121       4476 
0122       4476 
0123       4471 
0124       4468 
0125       4467 
0126       4464 
0127       4457 
0128       4449 
0129       4446 
0130       4445 
0131       4444 
0132       4444 
0133       4443 
0134       4441 
0135       4441 
0136       4437 
0137       4436 
0138       4436 
0139       4435 
0140       4429 
0141       4429 
0142       4432 
0143       4432 
0144       4432 
0145       4432 
0146       4422 
0147       4422 
0148       4422 
0149       4422 
0150       4422 
0151       4422 
0152       4420 
0153       4422 
0154       4422 
0155       4427 
0156       4427 
0157       4427 
0158       4425 
0159       4423 
0160       4423 
0161       4423 
0162       4423 
0163       4424 
0164       4424 
0165       4424 
0166       4424 
0167       4423 
0168       4423 
0169       4424 
0170       4424 
0171       4430 
0172       4431 
0173       4436 
0174       4434 
0175       4434 
0176       4436 
0177       4436 
0178       4436 
0179       4437 
0180       4441 
0181       4447 
0182       4447 
0183       4448 
0184       4449 
0185       4459 
0186       4460 
0187       4461 
0188       4462 
0189       4465 
0190       4471 
0191       4471 
0192       4471 
0193       4471 
0194       4472 
0195       4484 
0196       4487 
0197       4489 
0198       4492 
0199       4496 
0200       4496 
0201       4496 
0202       4502 
0203       4502 
0204       4507 
0205       4507 
0206       4499 
0207       1 
0208       1 
0209       1 
0210       1 
0211       1 
0212       1 
0213       1 
0214       1 
0215       1 
0216       1 
0217       1 
0218       1 
0219       1 
0220       1 
0221       1 
0222       1 
0223       1 
0224       1 
0225       1 
0226       1 
0227       1 
0228       22992 
0229       23243 
0230       23302 
0231       23313 
0232       23359 
0233       23398 
0234       23406 
0235       23406 
0236       23406 
0237       1 
0238       1 
0239       23579 
0240       23655 
0241       23655 
0242       1 
0243       1 
0244       1 
0245       1 
0246       1 
0247       1 
0248       1 
0249       1 
0250       1 
0251       1 
0252       1 
0253       1 
0254       1 
0255       1 
0256       1 
0257       1 
0258       1 
0259       1 
0260       1 
0261       1 
0262       1 
0263       1 
0264       1 
0265       24047 
0266       24047 
0267       1 
0268       1 
0269       1 
0270       1 
0271       24359 
0272       24482 
0273       24582 
0274       24582 
0275       1 
0276       1 
0277       1 
0278       15402 
0279       15402 
0280       15306 
0281       15192 
0282       15066 
0283       14956 
0284       14869 
0285       14770 
0286       14638 
0287       14560 
0288       14446 
0289       14342 
0290       14223 
0291       14161 
0292       14037 
0293       13942 
0294       13844 
0295       13773 
0296       13656 
0297       13613 
0298       13483 
0299       13394 
0300       13334 
0301       13245 
0302       13046 
0303       12975 
0304       12918 
0305       12863 
0306       12778 
0307       12680 
0308       12620 
0309       12555 
0310       12435 
0311       12360 
0312       12360 
0313       12357 
0314       12367 
0315       12359 
0316       12359 
0317       12281 
0318       12200 
0319       12142 
0320       12100 
0321       12033 
0322       11984 
0323       11952 
0324       11895 
0325       11845 
0326       11785 
0327       11769 
0328       11685 
0329       11638 
0330       11575 
0331       11147 
0332       11065 
0333       11065 
0334       11015 
0335       10969 
0336       10914 
0337       10881 
0338       10851 
0339       10770 
0340       10741 
0341       10703 
0342       10664 
0343       10594 
0344       10552 
0345       10519 
0346       10495 
0347       10431 
0348       10406 
0349       10358 
0350       10321 
0351       10286 
0352       10255 
0353       10228 
0354       10180 
0355       10148 
0356       10111 
0357       10064 
0358       10027 
0359       10008 
0360       9940 
0361       9922 
0362       9879 
0363       9843 
0364       9814 
0365       9794 
0366       9716 
0367       9710 
0368       9689 
0369       9683 
0370       9635 
0371       9613 
0372       9566 
0373       9543 
0374       9513 
0375       9484 
0376       9475 
0377       9413 
0378       9406 
0379       9357 
0380       9353 
0381       9308 
0382       9292 
0383       9290 
0384       9254 
0385       9231 
0386       9185 
0387       9162 
0388       9142 
0389       9105 
0390       9101 
0391       9061 
0392       9036 
0393       9035 
0394       9011 
0395       9002 
0396       8998 
0397       8976 
0398       8924 
0399       8902 
0400       8856 
0401       8856 
0402       8856 
0403       8825 
0404       8824 
0405       8788 
0406       8788 
0407       8848 
0408       8869 
0409       8928 
0410       8995 
0411       9064 
0412       9188 
0413       9295 
0414       9404 
0415       9515 
0416       9555 
0417       9630 
0418       9667 
0419       9750 
0420       9789 
0421       10301 
0422       10301 
0423       1 
0424       1 
0425       1 
0426       1 
0427       1 
0428       1 
0429       1 
0430       1 
0431       1 
0432       1 
0433       1 
0434       1 
0435       1 
0436       1 
0437       1 
0438       1 
0439       1 
0440       12485 
0441       12544 
0442       12545 
0443       12695 
0444       13014 
0445       13187 
0446       13236 
0447       13390 
0448       13722 
0449       13775 
0450       13775 
0451       13773 
0452       13684 
0453       13588 
0454       13582 
0455       13497 
0456       13416 
0457       13373 
0458       13372 
0459       13373 
0460       13432 
0461       13432 
0462       13393 
0463       13393 
0464       13393 
0465       13432 
0466       13482 
0467       13504 
0468       13515 
0469       13515 
0470       13471 
0471       13446 
0472       13435 
0473       13414 
0474       13402 
0475       13378 
0476       13373 
0477       13317 
0478       13290 
0479       13290 
0480       13279 
0481       13273 
0482       13271 
0483       13237 
0484       13237 
0485       13176 
0486       13168 
0487       13135 
0488       13097 
0489       13096 
0490       13096 
0491       13074 
0492       13060 
0493       13048 
0494       13015 
0495       12964 
0496       12956 
0497       12956 
0498       12968 
0499       13001 
0500       13025 
0501       13025 
0502       13011 
0503       12997 
0504       12984 
0505       12984 
0506       12968 
0507       12955 
0508       8331 
0509       8331 
0510       13008 
0511       13037 
0512       13038 
0513       13038 
0514       13039 
0515       13032 
0516       13036 
0517       13032 
0518       13021 
0519       12999 
0520       12983 
0521       12983 
0522       12986 
0523       12986 
0524       12953 
0525       12945 
0526       12904 
0527       12888 
0528       12870 
0529       12859 
0530       12840 
0531       12840 
0532       12886 
0533       12953 
0534       13034 
0535       13034 
0536       13048 
0537       13103 
0538       13105 
0539       13133 
0540       13156 
0541       13170 
0542       13184 
0543       13206 
0544       13184 
0545       8120 
0546       8120 
0547       8238 
0548       8283 
0549       13230 
0550       13272 
0551       13282 
0552       13282 
0553       13328 
0554       13351 
0555       13375 
0556       13351 
0557       9442 
0558       9442 
0559       13472 
0560       13478 
0561       13480 
0562       13514 
0563       13532 
0564       13532 
0565       7957 
0566       7947 
0567       7947 
0568       7957 
0569       13636 
0570       13642 
0571       13683 
0572       13694 
0573       13723 
0574       13723 
0575       9852 
0576       9852 
0577       9846 
0578       9857 
0579       13874 
0580       13878 
0581       13907 
0582       13933 
0583       13978 
0584       14023 
0585       14023 
0586       14069 
0587       14089 
0588       14089 
0589       9403 
0590       9304 
0591       9304 
0592       1 
0593       1 
0594       1 
0595       14384 
0596       14437 
0597       14491 
0598       14491 
0599       14318 
0600       14259 
0601       9565 
0602       1 
0603       1 
0604       1 
0605       1 
0606       1 
0607       8897 
0608       8897 
0609       8897 
0610       9050 
0611       14871 
0612       14871 
0613       14871 
0614       1 
0615       1 
0616       1 
0617       1 
0618       1 
0619       1 
0620       1 
0621       1 
0622       1 
0623       1 
0624       1 
0625       1 
0626       1 
0627       1 
0628       1 
0629       1 
0630       15322 
0631       15322 
0632       1 
0633       1 
0634       1 
0635       15695 
0636       15727 
0637       15740 
0638       15804 
0639       15805 
0640       15859 
0641       15879 
0642       15914 
0643       15932 
0644       15952 
0645       15955 
0646       16038 
0647       16044 
0648       16125 
0649       16172 
0650       16242 
0651       16312 
0652       16317 
0653       16371 
0654       16371 
0655       16371 
0656       1 
0657       1 
0658       1 
0659       1 
0660       1 
0661       1 
0662       1 
0663       1 
0664       1 
0665       1 
0666       1 
0667       1 
0668       1 
0669       1 
0670       1 
0671       1 
0672       1 
0673       1 
0674       17742 
0675       17837 
0676       17837 
0677       17961 
0678       18117 
0679       18137 
0680       18137 
0681       18151 
0682       18440 
0683       18495 
0684       18518 
0685       18518 
0686       1 
0687       1 
0688       1 
0689       1 
0690       1 
0691       1 
0692       1 
0693       1 
0694       1 
0695       1 
0696       1 
0697       1 
0698       18925 
0699       18925 
0700       18810 
0701       18739 
0702       18688 
0703       18588 
0704       18481 
0705       18428 
0706       18390 
0707       15170 
0708       1 
0709       1 
0710       1 
0711       1 
0712       15016 
0713       15016 
0714       15016 
0715       15009 
0716       14907 
0717       14907 
0718       1 
0719       1 
0720       1 
0721       19915 
0722       19915 
0723       19832 
0724       19757 
0725       19693 
0726       19602 
0727       19556 
0728       19503 
0729       19429 
0730       19419 
0731       1 
0732       1 
0733       1 
0734       1 
0735       1 
0736       16451 
0737       16451 
0738       16381 
0739       16357 
0740       16289 
0741       16277 
0742       16208 
0743       16166 
0744       16122 
0745       16083 
0746       16032 
0747       15992 
0748       15933 
0749       15884 
0750       15859 
0751       15814 
0752       15780 
0753       15741 
0754       15689 
0755       15645 
0756       15615 
0757       15560 
0758       15516 
0759       15503 
0760       15420 
0761       15404 
0762       15366 
0763       15343 
0764       15298 
0765       15267 
0766       15220 
0767       15177 
0768       15174 
0769       15174 
0770       15198 
0771       15241 
0772       15241 
0773       15128 
0774       15123 
0775       15121 
0776       15070 
0777       15052 
0778       15029 
0779       14972 
0780       14970 
0781       14966 
0782       14934 
0783       1 
0784       1 
0785       1 
0786       16820 
0787       16820 
0788       16788 
0789       16740 
0790       16731 
0791       16724 
0792       16724 
0793       16674 
0794       14493 
0795       14404 
0796       14404 
0797       14332 
0798       14311 
0799       14283 
0800       14245 
0801       14223 
0802       14216 
0803       14187 
0804       14179 
0805       14166 
0806       14133 
0807       14133 
0808       14183 
0809       14232 
0810       14238 
0811       14232 
0812       14214 
0813       14209 
0814       14165 
0815       14163 
0816       14152 
0817       14137 
0818       14132 
0819       14096 
0820       14096 
0821       16100 
0822       16100 
0823       16087 
0824       16084 
0825       16031 
0826       1 
0827       1 
0828       1 
0829       1 
0830       1 
0831       1 
0832       1 
0833       1 
0834       1 
0835       1 
0836       1 
0837       1 
0838       1 
0839       1 
0840       1 
0841       1 
0842       1 
0843       1 
0844       1 
0845       1 
0846       1 
0847       1 
0848       1 
0849       1 
0850       1 
0851       1 
0852       1 
0853       1 
0854       1 
0855       1 
0856       1 
0857       1 
0858       1 
0859       1 
0860       1 
0861       1 
0862       1 
0863       1 
0864       1 
0865       1 
0866       1 
0867       1 
0868       1 
0869       1 
0870       1 
0871       1 
0872       1 
0873       1 
0874       1 
0875       1 
0876       1 
0877       1 
0878       1 
0879       1 
0880       1 
0881       1 
0882       1 
0883       1 
0884       1 
0885       1 
0886       1 
0887       1 
0888       1 
0889       1 
0890       1 
0891       1 
0892       1 
0893       1 
0894       1 
0895       1 
0896       1 
0897       1 
0898       1 
0899       1 
0900       1 
0901       1 
0902       1 
0903       1 
0904       1 
0905       1 
0906       1 
0907       1 
0908       1 
0909       1 
0910       1 
0911       1 
0912       1 
0913       1 
0914       1 
0915       1 
0916       1 
0917       1 
0918       1 
0919       1 
0920       1 
0921       1 
0922       1 
0923       1 
0924       1 
0925       1 
0926       1 
0927       1 
0928       1 
0929       1 
0930       1 
0931       1 
0932       1 
0933       1 
0934       1 
0935       1 
0936       1 
0937       1 
0938       1 
0939       1 
0940       1 
0941       1 
0942       1 
0943       1 
0944       1 
0945       1 
0946       1 
0947       1 
0948       1 
0949       1 
0950       1 
0951       1 
0952       1 
0953       1 
0954       1 
0955       1 
0956       1 
0957       1 
0958       1 
0959       1 
0960       1 
0961       1 
0962       1 
0963       1 
0964       1 
0965       1 
0966       1 
0967       1 
0968       1 
0969       1 
0970       1 
0971       1 
0972       1 
0973       1 
0974       1 
0975       1 
0976       1 
0977       1 
0978       1 
0979       1 
0980       1 
0981       1 
0982       1 
0983       1 
0984       1 
0985       1 
0986       1 
0987       1 
0988       1 
0989       1 
0990       1 
0991       1 
0992       1 
0993       1 
0994       1 
0995       1 
0996       1 
0997       1 
0998       1 
0999       1 
1000       1 
1001       1 
1002       1 
1003       1 
1004       1 
1005       1 
1006       1 
1007       1 
1008       4 
1009       4 
1010       4 
1011       4 
1012       4 
1013       4 
1014       4 
1015       4 
1016       4 
1017       42 
1018       49 
1019       49 
1020       48 
1021       51 
1022       53 
1023       63 
1024       71 
1025       71 
1026       63 
1027       63 
1028       54 
1029       49 
1030       48 
1031       49 
1032       49 
1033       51 
1034       56 
1035       57 
1036       67 
1037       67 
1038       67 
1039       67 
1040       67 
1041       67 
1042       76 
1043       77 
1044       77 
1045       77 
1046       70 
1047       70 
1048       70 
1049       70 
1050       70 
1051       70 
1052       69 
1053       69 
1054       69 
1055       69 
1056       64 
1057       66 
1058       69 
1059       66 
1060       66 
1061       69 
1062       69 
1063       70 
1064       71 
1065       71 
1066       71 
1067       71 
1068       67 
1069       67 
1070       66 
1071       66 
1072       71 
1073       71 
1074       71 
1075       72 
1076       72 
1077       72 
1078       72 
1079       71 
1297966704.205802
