0000       1 
0001       1 
0002       1 
0003       1 
0004       1 
0005       1 
0006       1 
0007       1 
0008       1 
0009       1 
0010       1 
0011       1 
0012       1 
0013       1 
0014       1 
0015       1 
0016       1 
0017       1 
0018       1 
0019       1 
0020       1 
0021       1 
0022       1 
0023       1 
0024       1 
0025       1 
0026       1 
0027       1 
0028       1 
0029       1 
0030       1 
0031       1 
0032       1 
0033       1 
0034       1 
0035       1 
0036       1 
0037       1 
0038       1 
0039       1 
0040       1 
0041       1 
0042       1 
0043       1 
0044       1 
0045       1 
0046       1 
0047       1 
0048       1 
0049       1 
0050       1 
0051       1 
0052       1 
0053       1 
0054       1 
0055       1 
0056       1 
0057       1 
0058       1 
0059       1 
0060       1 
0061       1 
0062       1 
0063       1 
0064       1 
0065       1 
0066       1 
0067       1 
0068       1 
0069       1 
0070       1 
0071       1 
0072       1 
0073       1 
0074       1 
0075       1 
0076       1 
0077       1 
0078       1 
0079       1 
0080       1 
0081       1 
0082       1 
0083       1 
0084       1 
0085       1 
0086       1 
0087       1 
0088       1 
0089       1 
0090       1 
0091       1 
0092       1 
0093       1 
0094       1 
0095       1 
0096       1 
0097       1 
0098       1 
0099       1 
0100       1 
0101       1 
0102       1 
0103       1 
0104       1 
0105       1 
0106       1 
0107       1 
0108       1 
0109       1 
0110       1 
0111       1 
0112       1 
0113       1 
0114       1 
0115       1 
0116       1 
0117       1 
0118       1 
0119       1 
0120       1 
0121       1 
0122       1 
0123       1 
0124       1 
0125       1 
0126       1 
0127       1 
0128       1 
0129       1 
0130       1 
0131       1 
0132       1 
0133       1 
0134       1 
0135       1 
0136       1 
0137       1 
0138       1 
0139       1 
0140       1 
0141       1 
0142       1 
0143       1 
0144       1 
0145       1 
0146       1 
0147       1 
0148       1 
0149       1 
0150       1 
0151       1 
0152       1 
0153       1 
0154       1 
0155       1 
0156       1 
0157       1 
0158       1 
0159       1 
0160       1 
0161       1 
0162       1 
0163       1 
0164       1 
0165       1 
0166       1 
0167       1 
0168       1 
0169       1 
0170       1 
0171       1 
0172       1 
0173       1 
0174       1 
0175       1 
0176       1 
0177       1 
0178       1 
0179       1 
0180       1 
0181       1 
0182       1 
0183       1 
0184       1 
0185       1 
0186       1 
0187       1 
0188       1 
0189       1 
0190       1 
0191       1 
0192       1 
0193       1 
0194       1 
0195       1 
0196       1 
0197       1 
0198       1 
0199       1 
0200       1 
0201       1 
0202       1 
0203       1 
0204       1 
0205       1 
0206       1 
0207       1 
0208       1 
0209       1 
0210       1 
0211       1 
0212       1 
0213       1 
0214       1 
0215       1 
0216       1 
0217       1 
0218       1 
0219       1 
0220       1 
0221       1 
0222       1 
0223       1 
0224       1 
0225       1 
0226       1 
0227       1 
0228       1 
0229       1 
0230       1 
0231       1 
0232       1 
0233       1 
0234       1 
0235       1 
0236       1 
0237       1 
0238       1 
0239       1 
0240       1 
0241       1 
0242       1 
0243       1 
0244       1 
0245       1 
0246       1 
0247       1 
0248       1 
0249       1 
0250       1 
0251       1 
0252       1 
0253       1 
0254       1 
0255       1 
0256       1 
0257       1 
0258       1 
0259       1 
0260       1 
0261       1 
0262       1 
0263       1 
0264       15570 
0265       15593 
0266       15642 
0267       15689 
0268       15731 
0269       15752 
0270       15759 
0271       15783 
0272       15820 
0273       15829 
0274       15857 
0275       15857 
0276       15863 
0277       15938 
0278       16055 
0279       16098 
0280       19598 
0281       19632 
0282       19673 
0283       19706 
0284       19745 
0285       19802 
0286       19805 
0287       19890 
0288       19905 
0289       19963 
0290       19963 
0291       1 
0292       1 
0293       1 
0294       1 
0295       1 
0296       1 
0297       1 
0298       1 
0299       1 
0300       1 
0301       1 
0302       1 
0303       1 
0304       1 
0305       1 
0306       1 
0307       1 
0308       1 
0309       17058 
0310       17058 
0311       16920 
0312       16639 
0313       16576 
0314       16531 
0315       16400 
0316       16328 
0317       16244 
0318       16118 
0319       16051 
0320       15973 
0321       15879 
0322       15770 
0323       15669 
0324       15621 
0325       15532 
0326       15436 
0327       15344 
0328       15275 
0329       15217 
0330       15123 
0331       15024 
0332       14988 
0333       14855 
0334       14808 
0335       14750 
0336       14726 
0337       14564 
0338       14521 
0339       14465 
0340       1 
0341       1 
0342       1 
0343       1 
0344       1 
0345       1 
0346       1 
0347       1 
0348       1 
0349       1 
0350       13461 
0351       13461 
0352       13461 
0353       13324 
0354       13292 
0355       13292 
0356       13100 
0357       1 
0358       1 
0359       1 
0360       1 
0361       1 
0362       1 
0363       1 
0364       1 
0365       1 
0366       1 
0367       1 
0368       12375 
0369       12375 
0370       12375 
0371       12339 
0372       12292 
0373       12243 
0374       12148 
0375       12016 
0376       11958 
0377       11958 
0378       11898 
0379       11876 
0380       11847 
0381       11764 
0382       11747 
0383       11691 
0384       11650 
0385       11587 
0386       11548 
0387       11526 
0388       11489 
0389       11429 
0390       11389 
0391       11329 
0392       11265 
0393       11223 
0394       11186 
0395       11159 
0396       11111 
0397       11064 
0398       11029 
0399       11023 
0400       10962 
0401       10888 
0402       10887 
0403       10852 
0404       10795 
0405       10785 
0406       10759 
0407       10724 
0408       10690 
0409       10653 
0410       10609 
0411       10586 
0412       10552 
0413       10502 
0414       10501 
0415       10449 
0416       10434 
0417       10403 
0418       10365 
0419       10332 
0420       10301 
0421       10256 
0422       10253 
0423       10211 
0424       10175 
0425       10160 
0426       10141 
0427       8047 
0428       8039 
0429       7937 
0430       7924 
0431       7912 
0432       7898 
0433       7907 
0434       7907 
0435       7947 
0436       7976 
0437       7959 
0438       7959 
0439       7937 
0440       7870 
0441       7721 
0442       7684 
0443       7675 
0444       7617 
0445       7496 
0446       7426 
0447       7426 
0448       7606 
0449       7771 
0450       7783 
0451       7814 
0452       7814 
0453       7770 
0454       7643 
0455       7580 
0456       7577 
0457       7580 
0458       7577 
0459       7573 
0460       7564 
0461       7549 
0462       7549 
0463       7549 
0464       7481 
0465       7479 
0466       7477 
0467       7477 
0468       7419 
0469       7419 
0470       7499 
0471       7977 
0472       8024 
0473       8049 
0474       8075 
0475       8229 
0476       8411 
0477       8411 
0478       7494 
0479       7432 
0480       7432 
0481       7482 
0482       7482 
0483       7456 
0484       7456 
0485       7503 
0486       7524 
0487       7559 
0488       8910 
0489       8910 
0490       8900 
0491       8891 
0492       7605 
0493       7605 
0494       7637 
0495       7637 
0496       7636 
0497       7578 
0498       7578 
0499       7628 
0500       7646 
0501       7647 
0502       7675 
0503       7757 
0504       7852 
0505       7919 
0506       8005 
0507       8653 
0508       8729 
0509       8729 
0510       8718 
0511       8718 
0512       8718 
0513       8707 
0514       8707 
0515       8707 
0516       8717 
0517       8709 
0518       8717 
0519       8712 
0520       8712 
0521       8712 
0522       8712 
0523       8715 
0524       8715 
0525       8698 
0526       8690 
0527       8690 
0528       8690 
0529       8681 
0530       8680 
0531       8673 
0532       8663 
0533       8663 
0534       8659 
0535       8658 
0536       8658 
0537       8645 
0538       8645 
0539       8635 
0540       8626 
0541       8633 
0542       8621 
0543       8633 
0544       8640 
0545       8644 
0546       8644 
0547       8640 
0548       8638 
0549       8638 
0550       8639 
0551       8645 
0552       8645 
0553       8645 
0554       8653 
0555       8669 
0556       8669 
0557       8657 
0558       8637 
0559       8629 
0560       8629 
0561       8631 
0562       8634 
0563       8646 
0564       8646 
0565       8623 
0566       8623 
0567       8630 
0568       8630 
0569       8630 
0570       8636 
0571       8646 
0572       8646 
0573       8549 
0574       8320 
0575       8186 
0576       7911 
0577       7612 
0578       7559 
0579       7543 
0580       7538 
0581       7536 
0582       7492 
0583       7449 
0584       7446 
0585       7434 
0586       7434 
0587       7434 
0588       7429 
0589       7418 
0590       7401 
0591       7398 
0592       7397 
0593       7395 
0594       7389 
0595       7385 
0596       7385 
0597       7409 
0598       7410 
0599       7423 
0600       7428 
0601       7435 
0602       7449 
0603       7467 
0604       7470 
0605       7503 
0606       7533 
0607       7568 
0608       7604 
0609       7635 
0610       7942 
0611       8077 
0612       8548 
0613       8653 
0614       8660 
0615       8795 
0616       8864 
0617       8902 
0618       8906 
0619       8915 
0620       8930 
0621       8933 
0622       8932 
0623       8943 
0624       8932 
0625       8931 
0626       8722 
0627       8650 
0628       8589 
0629       8539 
0630       8516 
0631       8502 
0632       8492 
0633       8416 
0634       8416 
0635       8422 
0636       8443 
0637       8444 
0638       8448 
0639       8472 
0640       8480 
0641       8603 
0642       8804 
0643       9093 
0644       9139 
0645       9208 
0646       9259 
0647       9333 
0648       9351 
0649       9367 
0650       9381 
0651       9426 
0652       9437 
0653       9442 
0654       9468 
0655       9491 
0656       9511 
0657       9542 
0658       9549 
0659       9549 
0660       9580 
0661       9581 
0662       9624 
0663       9667 
0664       9689 
0665       9696 
0666       9726 
0667       9738 
0668       9772 
0669       9787 
0670       9807 
0671       9846 
0672       9849 
0673       9891 
0674       9916 
0675       9954 
0676       9970 
0677       9993 
0678       10014 
0679       10040 
0680       10043 
0681       10074 
0682       10111 
0683       10135 
0684       10160 
0685       10183 
0686       10205 
0687       10217 
0688       10235 
0689       10268 
0690       10317 
0691       10379 
0692       10431 
0693       10448 
0694       10450 
0695       10470 
0696       10470 
0697       10384 
0698       10268 
0699       10175 
0700       10063 
0701       9945 
0702       9834 
0703       9731 
0704       9619 
0705       9564 
0706       9427 
0707       9354 
0708       9199 
0709       9179 
0710       9118 
0711       9008 
0712       8966 
0713       8924 
0714       8865 
0715       8819 
0716       8758 
0717       8704 
0718       8674 
0719       8625 
0720       8569 
0721       8526 
0722       8470 
0723       8430 
0724       8388 
0725       8359 
0726       8316 
0727       8281 
0728       8249 
0729       8219 
0730       8172 
0731       8131 
0732       8102 
0733       8067 
0734       8051 
0735       8012 
0736       7971 
0737       7930 
0738       7912 
0739       7872 
0740       7840 
0741       7815 
0742       7789 
0743       7756 
0744       7724 
0745       7682 
0746       7671 
0747       7634 
0748       7604 
0749       7574 
0750       7539 
0751       7528 
0752       7502 
0753       7479 
0754       7441 
0755       7415 
0756       7396 
0757       7375 
0758       7347 
0759       7327 
0760       7304 
0761       7276 
0762       7254 
0763       7231 
0764       7200 
0765       7168 
0766       7140 
0767       7119 
0768       7109 
0769       7091 
0770       7085 
0771       7055 
0772       7030 
0773       7014 
0774       6990 
0775       6973 
0776       6955 
0777       6925 
0778       6912 
0779       6892 
0780       6866 
0781       6852 
0782       6826 
0783       6819 
0784       6803 
0785       6780 
0786       6763 
0787       6745 
0788       6732 
0789       6723 
0790       6694 
0791       6678 
0792       6673 
0793       6658 
0794       6638 
0795       6626 
0796       6605 
0797       6585 
0798       6561 
0799       6552 
0800       6550 
0801       6528 
0802       6521 
0803       6490 
0804       6483 
0805       6465 
0806       6456 
0807       6446 
0808       6427 
0809       6426 
0810       4977 
0811       4970 
0812       4968 
0813       4968 
0814       4968 
0815       4966 
0816       4962 
0817       4945 
0818       4929 
0819       4914 
0820       4892 
0821       4856 
0822       4848 
0823       4832 
0824       4832 
0825       4812 
0826       4790 
0827       4786 
0828       4770 
0829       4755 
0830       4728 
0831       4724 
0832       4712 
0833       4691 
0834       4676 
0835       4663 
0836       4647 
0837       4634 
0838       4609 
0839       4596 
0840       4593 
0841       4568 
0842       4559 
0843       4543 
0844       4539 
0845       4520 
0846       4510 
0847       4493 
0848       4483 
0849       4476 
0850       4474 
0851       4466 
0852       4423 
0853       4420 
0854       4420 
0855       4420 
0856       4456 
0857       4494 
0858       4583 
0859       4632 
0860       4729 
0861       4873 
0862       4983 
0863       5053 
0864       5124 
0865       5139 
0866       5139 
0867       5109 
0868       5097 
0869       5081 
0870       5040 
0871       5014 
0872       5040 
0873       5053 
0874       5063 
0875       5063 
0876       5072 
0877       5072 
0878       5072 
0879       5032 
0880       5032 
0881       5051 
0882       5051 
0883       5051 
0884       5058 
0885       5058 
0886       5058 
0887       5043 
0888       5009 
0889       5009 
0890       5009 
0891       5009 
0892       4859 
0893       1 
0894       1 
0895       1 
0896       1 
0897       1 
0898       1 
0899       1 
0900       1 
0901       1 
0902       1 
0903       1 
0904       1 
0905       1 
0906       1 
0907       1 
0908       1 
0909       1 
0910       1 
0911       1 
0912       1 
0913       1 
0914       1 
0915       1 
0916       1 
0917       1 
0918       1 
0919       1 
0920       1 
0921       1 
0922       1 
0923       1 
0924       1 
0925       1 
0926       1 
0927       1 
0928       1 
0929       1 
0930       1 
0931       1 
0932       1 
0933       1 
0934       1 
0935       1 
0936       1 
0937       1 
0938       1 
0939       1 
0940       1 
0941       1 
0942       1 
0943       1 
0944       1 
0945       1 
0946       1 
0947       1 
0948       1 
0949       1 
0950       1 
0951       1 
0952       1 
0953       1 
0954       1 
0955       1 
0956       1 
0957       1 
0958       1 
0959       1 
0960       1 
0961       1 
0962       1 
0963       1 
0964       1 
0965       1 
0966       1 
0967       1 
0968       1 
0969       1 
0970       1 
0971       1 
0972       1 
0973       1 
0974       1 
0975       1 
0976       1 
0977       1 
0978       1 
0979       1 
0980       1 
0981       1 
0982       1 
0983       1 
0984       1 
0985       1 
0986       1 
0987       1 
0988       1 
0989       1 
0990       1 
0991       1 
0992       1 
0993       1 
0994       1 
0995       1 
0996       1 
0997       1 
0998       1 
0999       1 
1000       1 
1001       1 
1002       1 
1003       1 
1004       1 
1005       1 
1006       1 
1007       4 
1008       4 
1009       4 
1010       4 
1011       4 
1012       4 
1013       43 
1014       46 
1015       46 
1016       56 
1017       58 
1018       62 
1019       67 
1020       67 
1021       67 
1022       60 
1023       47 
1024       47 
1025       58 
1026       60 
1027       58 
1028       58 
1029       56 
1030       55 
1031       55 
1032       56 
1033       62 
1034       63 
1035       68 
1036       68 
1037       68 
1038       68 
1039       68 
1040       68 
1041       65 
1042       63 
1043       65 
1044       65 
1045       65 
1046       67 
1047       67 
1048       65 
1049       65 
1050       65 
1051       65 
1052       65 
1053       66 
1054       61 
1055       65 
1056       68 
1057       66 
1058       65 
1059       66 
1060       68 
1061       66 
1062       67 
1063       68 
1064       67 
1065       67 
1066       67 
1067       70 
1068       68 
1069       70 
1070       69 
1071       69 
1072       69 
1073       69 
1074       69 
1075       65 
1076       68 
1077       68 
1078       69 
1079       68 
1297966692.466766
