0000       1 
0001       1 
0002       1 
0003       1 
0004       1 
0005       1 
0006       1 
0007       1 
0008       1 
0009       1 
0010       1 
0011       1 
0012       1 
0013       1 
0014       1 
0015       1 
0016       1 
0017       1 
0018       1 
0019       1 
0020       1 
0021       1 
0022       1 
0023       1 
0024       1 
0025       1 
0026       1 
0027       1 
0028       1 
0029       1 
0030       1 
0031       1 
0032       1 
0033       1 
0034       1 
0035       1 
0036       1 
0037       1 
0038       1 
0039       1 
0040       1 
0041       1 
0042       1 
0043       1 
0044       1 
0045       1 
0046       1 
0047       1 
0048       1 
0049       1 
0050       1 
0051       1 
0052       1 
0053       1 
0054       1 
0055       1 
0056       1 
0057       1 
0058       1 
0059       1 
0060       1 
0061       1 
0062       1 
0063       1 
0064       1 
0065       1 
0066       1 
0067       1 
0068       1 
0069       1 
0070       1 
0071       1 
0072       1 
0073       1 
0074       1 
0075       1 
0076       1 
0077       1 
0078       1 
0079       1 
0080       1 
0081       1 
0082       1 
0083       1 
0084       1 
0085       1 
0086       1 
0087       1 
0088       1 
0089       1 
0090       1 
0091       1 
0092       1 
0093       1 
0094       1 
0095       1 
0096       1 
0097       1 
0098       1 
0099       1 
0100       1 
0101       1 
0102       1 
0103       1 
0104       1 
0105       1 
0106       1 
0107       1 
0108       1 
0109       1 
0110       1 
0111       1 
0112       1 
0113       1 
0114       1 
0115       1 
0116       1 
0117       1 
0118       1 
0119       1 
0120       1 
0121       1 
0122       1 
0123       1 
0124       1 
0125       1 
0126       1 
0127       1 
0128       1 
0129       1 
0130       1 
0131       1 
0132       1 
0133       1 
0134       1 
0135       1 
0136       1 
0137       1 
0138       1 
0139       1 
0140       1 
0141       1 
0142       1 
0143       1 
0144       1 
0145       1 
0146       1 
0147       1 
0148       1 
0149       1 
0150       1 
0151       1 
0152       1 
0153       1 
0154       1 
0155       1 
0156       1 
0157       1 
0158       1 
0159       1 
0160       1 
0161       1 
0162       1 
0163       1 
0164       1 
0165       1 
0166       1 
0167       1 
0168       1 
0169       1 
0170       1 
0171       1 
0172       1 
0173       1 
0174       1 
0175       1 
0176       1 
0177       1 
0178       1 
0179       1 
0180       1 
0181       1 
0182       1 
0183       1 
0184       1 
0185       1 
0186       1 
0187       1 
0188       1 
0189       1 
0190       1 
0191       1 
0192       1 
0193       1 
0194       1 
0195       1 
0196       1 
0197       1 
0198       1 
0199       1 
0200       1 
0201       1 
0202       1 
0203       1 
0204       1 
0205       1 
0206       1 
0207       1 
0208       1 
0209       1 
0210       1 
0211       1 
0212       1 
0213       1 
0214       1 
0215       1 
0216       1 
0217       1 
0218       1 
0219       1 
0220       1 
0221       1 
0222       1 
0223       1 
0224       1 
0225       1 
0226       1 
0227       1 
0228       1 
0229       1 
0230       1 
0231       1 
0232       1 
0233       1 
0234       1 
0235       1 
0236       1 
0237       1 
0238       1 
0239       1 
0240       18132 
0241       18132 
0242       1 
0243       1 
0244       1 
0245       1 
0246       1 
0247       1 
0248       1 
0249       1 
0250       1 
0251       1 
0252       1 
0253       1 
0254       1 
0255       1 
0256       1 
0257       1 
0258       1 
0259       1 
0260       1 
0261       1 
0262       1 
0263       1 
0264       1 
0265       1 
0266       1 
0267       1 
0268       1 
0269       1 
0270       1 
0271       12990 
0272       12990 
0273       12870 
0274       12830 
0275       12723 
0276       12723 
0277       12615 
0278       12560 
0279       12412 
0280       12292 
0281       12185 
0282       12127 
0283       11957 
0284       11872 
0285       11865 
0286       11725 
0287       11548 
0288       11470 
0289       11470 
0290       11400 
0291       11261 
0292       11215 
0293       11098 
0294       11039 
0295       10969 
0296       10906 
0297       10842 
0298       10746 
0299       10646 
0300       10605 
0301       10553 
0302       10457 
0303       10432 
0304       10315 
0305       10258 
0306       10197 
0307       10155 
0308       10075 
0309       10024 
0310       9950 
0311       9911 
0312       9857 
0313       9758 
0314       9757 
0315       9649 
0316       9605 
0317       9547 
0318       9510 
0319       9449 
0320       9398 
0321       9324 
0322       9281 
0323       9254 
0324       9222 
0325       9143 
0326       9093 
0327       9082 
0328       8969 
0329       8961 
0330       8927 
0331       8893 
0332       8803 
0333       8768 
0334       8739 
0335       8710 
0336       8660 
0337       8617 
0338       8560 
0339       8550 
0340       8472 
0341       8462 
0342       8421 
0343       8392 
0344       8342 
0345       8290 
0346       8263 
0347       8223 
0348       8196 
0349       8129 
0350       8127 
0351       8086 
0352       8070 
0353       8008 
0354       7997 
0355       7952 
0356       7908 
0357       7888 
0358       7869 
0359       7835 
0360       7803 
0361       7774 
0362       7749 
0363       7716 
0364       7702 
0365       7655 
0366       7632 
0367       7616 
0368       7576 
0369       7560 
0370       7524 
0371       7495 
0372       7459 
0373       7442 
0374       7403 
0375       7403 
0376       7354 
0377       7351 
0378       7310 
0379       7274 
0380       7273 
0381       7259 
0382       7240 
0383       7203 
0384       7178 
0385       7137 
0386       7135 
0387       7125 
0388       7098 
0389       7064 
0390       7060 
0391       7043 
0392       6987 
0393       6976 
0394       6960 
0395       6950 
0396       6935 
0397       6916 
0398       6884 
0399       6853 
0400       6851 
0401       6844 
0402       6817 
0403       6788 
0404       6771 
0405       6770 
0406       6743 
0407       6733 
0408       6705 
0409       6683 
0410       6682 
0411       6657 
0412       6649 
0413       6616 
0414       6605 
0415       6590 
0416       6577 
0417       6551 
0418       6535 
0419       6527 
0420       6521 
0421       6491 
0422       6487 
0423       6469 
0424       6463 
0425       6439 
0426       6438 
0427       6426 
0428       6405 
0429       6395 
0430       6376 
0431       6368 
0432       6350 
0433       6342 
0434       6331 
0435       6316 
0436       6291 
0437       6290 
0438       6273 
0439       6269 
0440       6259 
0441       6237 
0442       6220 
0443       6211 
0444       6211 
0445       6210 
0446       6210 
0447       6204 
0448       6178 
0449       6161 
0450       6161 
0451       6148 
0452       6148 
0453       6129 
0454       6125 
0455       6124 
0456       6117 
0457       6102 
0458       6091 
0459       6083 
0460       6060 
0461       6060 
0462       6051 
0463       6051 
0464       6051 
0465       6032 
0466       6024 
0467       6010 
0468       6010 
0469       6010 
0470       6011 
0471       6009 
0472       5982 
0473       5979 
0474       5976 
0475       5965 
0476       5965 
0477       5962 
0478       5962 
0479       5953 
0480       5943 
0481       5941 
0482       5941 
0483       5924 
0484       5923 
0485       5910 
0486       5910 
0487       5908 
0488       5904 
0489       5896 
0490       5896 
0491       5892 
0492       5892 
0493       5892 
0494       5880 
0495       5873 
0496       5867 
0497       5864 
0498       5863 
0499       5853 
0500       5853 
0501       5843 
0502       5843 
0503       5843 
0504       5847 
0505       5841 
0506       5847 
0507       5841 
0508       5836 
0509       5836 
0510       5844 
0511       5844 
0512       5829 
0513       5829 
0514       5832 
0515       5832 
0516       5834 
0517       5831 
0518       5824 
0519       5816 
0520       5824 
0521       5835 
0522       5835 
0523       5835 
0524       5828 
0525       5834 
0526       5819 
0527       5816 
0528       5814 
0529       5816 
0530       5817 
0531       5818 
0532       5820 
0533       5820 
0534       5825 
0535       5825 
0536       5825 
0537       5817 
0538       5802 
0539       5798 
0540       5798 
0541       5806 
0542       5811 
0543       5806 
0544       5742 
0545       5667 
0546       5637 
0547       5634 
0548       5633 
0549       5632 
0550       5625 
0551       5624 
0552       5620 
0553       5620 
0554       5604 
0555       5644 
0556       8512 
0557       8512 
0558       8518 
0559       8542 
0560       8542 
0561       8546 
0562       8553 
0563       8553 
0564       8553 
0565       8555 
0566       8566 
0567       8571 
0568       8572 
0569       8572 
0570       8596 
0571       8597 
0572       8602 
0573       8613 
0574       8630 
0575       8691 
0576       8749 
0577       8800 
0578       8804 
0579       8808 
0580       8812 
0581       8836 
0582       8836 
0583       8857 
0584       8873 
0585       8876 
0586       8880 
0587       8893 
0588       8910 
0589       8915 
0590       8942 
0591       8950 
0592       8959 
0593       8959 
0594       8971 
0595       8983 
0596       9011 
0597       9041 
0598       9049 
0599       9050 
0600       9066 
0601       9067 
0602       9072 
0603       9085 
0604       9106 
0605       9127 
0606       9127 
0607       9131 
0608       9163 
0609       9192 
0610       9194 
0611       9205 
0612       9243 
0613       9244 
0614       9254 
0615       9269 
0616       9272 
0617       9307 
0618       9316 
0619       9317 
0620       9348 
0621       9367 
0622       9386 
0623       9393 
0624       9398 
0625       9426 
0626       9458 
0627       9461 
0628       9461 
0629       9502 
0630       9536 
0631       9559 
0632       9562 
0633       9570 
0634       9602 
0635       9617 
0636       9647 
0637       9683 
0638       9685 
0639       9719 
0640       9731 
0641       9784 
0642       9800 
0643       9817 
0644       9830 
0645       9864 
0646       9869 
0647       9905 
0648       9909 
0649       9938 
0650       9963 
0651       9977 
0652       9990 
0653       10041 
0654       10075 
0655       10092 
0656       10136 
0657       10147 
0658       10185 
0659       10225 
0660       10236 
0661       10251 
0662       10294 
0663       10317 
0664       10318 
0665       10344 
0666       10383 
0667       10399 
0668       10424 
0669       10470 
0670       10497 
0671       10516 
0672       10579 
0673       10588 
0674       10609 
0675       10637 
0676       10682 
0677       10723 
0678       10752 
0679       10794 
0680       10834 
0681       10849 
0682       10907 
0683       10964 
0684       10969 
0685       11029 
0686       11058 
0687       11114 
0688       11153 
0689       11163 
0690       11222 
0691       11257 
0692       11308 
0693       11358 
0694       11388 
0695       11452 
0696       11521 
0697       11537 
0698       11595 
0699       11626 
0700       11700 
0701       11701 
0702       11781 
0703       11838 
0704       11878 
0705       11916 
0706       12002 
0707       12035 
0708       12073 
0709       12142 
0710       12217 
0711       12261 
0712       12284 
0713       12397 
0714       12423 
0715       12518 
0716       12549 
0717       12648 
0718       12684 
0719       12788 
0720       12863 
0721       12885 
0722       13009 
0723       13067 
0724       13127 
0725       13184 
0726       13261 
0727       13324 
0728       13413 
0729       13475 
0730       13553 
0731       13638 
0732       13709 
0733       13751 
0734       13821 
0735       13905 
0736       13964 
0737       14053 
0738       14112 
0739       14184 
0740       14286 
0741       14357 
0742       14457 
0743       14563 
0744       14641 
0745       14734 
0746       14814 
0747       14925 
0748       14991 
0749       15102 
0750       15135 
0751       15237 
0752       15366 
0753       15478 
0754       15553 
0755       15674 
0756       15770 
0757       15877 
0758       15990 
0759       16112 
0760       16173 
0761       16292 
0762       16416 
0763       16547 
0764       16636 
0765       16752 
0766       16892 
0767       17031 
0768       17145 
0769       17306 
0770       17437 
0771       17559 
0772       17727 
0773       17856 
0774       18017 
0775       18153 
0776       18303 
0777       18409 
0778       18570 
0779       18756 
0780       18894 
0781       19070 
0782       19240 
0783       19404 
0784       19567 
0785       19711 
0786       19762 
0787       19762 
0788       19762 
0789       1 
0790       1 
0791       1 
0792       1 
0793       1 
0794       1 
0795       1 
0796       1 
0797       1 
0798       1 
0799       1 
0800       1 
0801       1 
0802       1 
0803       1 
0804       1 
0805       1 
0806       1 
0807       1 
0808       1 
0809       1 
0810       1 
0811       1 
0812       1 
0813       1 
0814       1 
0815       1 
0816       1 
0817       1 
0818       1 
0819       1 
0820       1 
0821       1 
0822       1 
0823       1 
0824       1 
0825       1 
0826       1 
0827       8864 
0828       8864 
0829       8864 
0830       8864 
0831       24123 
0832       24123 
0833       24123 
0834       24120 
0835       24045 
0836       24029 
0837       24006 
0838       23978 
0839       23962 
0840       23930 
0841       23929 
0842       23886 
0843       23653 
0844       1 
0845       1 
0846       1 
0847       1 
0848       1 
0849       1 
0850       1 
0851       1 
0852       1 
0853       1 
0854       1 
0855       1 
0856       1 
0857       1 
0858       1 
0859       1 
0860       1 
0861       1 
0862       1 
0863       1 
0864       1 
0865       1 
0866       1 
0867       1 
0868       1 
0869       1 
0870       1 
0871       1 
0872       1 
0873       1 
0874       1 
0875       1 
0876       1 
0877       1 
0878       1 
0879       1 
0880       1 
0881       1 
0882       1 
0883       1 
0884       1 
0885       1 
0886       1 
0887       1 
0888       1 
0889       1 
0890       1 
0891       1 
0892       1 
0893       1 
0894       1 
0895       1 
0896       1 
0897       1 
0898       1 
0899       1 
0900       1 
0901       1 
0902       1 
0903       1 
0904       1 
0905       1 
0906       1 
0907       1 
0908       1 
0909       1 
0910       1 
0911       1 
0912       1 
0913       1 
0914       1 
0915       1 
0916       1 
0917       1 
0918       1 
0919       1 
0920       1 
0921       1 
0922       1 
0923       1 
0924       1 
0925       1 
0926       1 
0927       1 
0928       1 
0929       1 
0930       1 
0931       1 
0932       1 
0933       1 
0934       1 
0935       1 
0936       1 
0937       1 
0938       1 
0939       1 
0940       1 
0941       1 
0942       1 
0943       1 
0944       1 
0945       1 
0946       1 
0947       1 
0948       1 
0949       1 
0950       1 
0951       1 
0952       1 
0953       1 
0954       1 
0955       1 
0956       1 
0957       1 
0958       1 
0959       1 
0960       1 
0961       1 
0962       1 
0963       1 
0964       1 
0965       1 
0966       1 
0967       1 
0968       1 
0969       1 
0970       1 
0971       1 
0972       1 
0973       1 
0974       1 
0975       1 
0976       1 
0977       1 
0978       1 
0979       1 
0980       1 
0981       1 
0982       1 
0983       1 
0984       1 
0985       1 
0986       1 
0987       1 
0988       1 
0989       1 
0990       1 
0991       1 
0992       1 
0993       1 
0994       1 
0995       1 
0996       1 
0997       1 
0998       1 
0999       1 
1000       1 
1001       1 
1002       1 
1003       1 
1004       1 
1005       1 
1006       1 
1007       4 
1008       42 
1009       42 
1010       42 
1011       4 
1012       4 
1013       4 
1014       46 
1015       48 
1016       60 
1017       60 
1018       60 
1019       60 
1020       54 
1021       54 
1022       54 
1023       54 
1024       59 
1025       59 
1026       59 
1027       59 
1028       59 
1029       56 
1030       56 
1031       48 
1032       48 
1033       56 
1034       59 
1035       71 
1036       71 
1037       71 
1038       72 
1039       72 
1040       71 
1041       71 
1042       71 
1043       69 
1044       67 
1045       67 
1046       69 
1047       67 
1048       62 
1049       63 
1050       63 
1051       63 
1052       67 
1053       67 
1054       71 
1055       71 
1056       66 
1057       66 
1058       67 
1059       67 
1060       67 
1061       67 
1062       62 
1063       62 
1064       62 
1065       62 
1066       60 
1067       68 
1068       70 
1069       60 
1070       65 
1071       65 
1072       65 
1073       65 
1074       65 
1075       64 
1076       65 
1077       75 
1078       75 
1079       75 
1297966641.190613
