0000       1 
0001       1 
0002       1 
0003       1 
0004       1 
0005       1 
0006       1 
0007       1 
0008       1 
0009       1 
0010       1 
0011       1 
0012       1 
0013       1 
0014       1 
0015       1 
0016       1 
0017       1 
0018       1 
0019       1 
0020       1 
0021       1 
0022       1 
0023       1 
0024       1 
0025       1 
0026       1 
0027       1 
0028       1 
0029       1 
0030       1 
0031       1 
0032       1 
0033       1 
0034       1 
0035       1 
0036       1 
0037       1 
0038       1 
0039       1 
0040       1 
0041       1 
0042       1 
0043       1 
0044       1 
0045       1 
0046       1 
0047       1 
0048       1 
0049       1 
0050       1 
0051       1 
0052       1 
0053       1 
0054       1 
0055       1 
0056       1 
0057       1 
0058       1 
0059       1 
0060       1 
0061       1 
0062       1 
0063       1 
0064       1 
0065       1 
0066       1 
0067       1 
0068       1 
0069       1 
0070       1 
0071       1 
0072       1 
0073       1 
0074       1 
0075       1 
0076       1 
0077       1 
0078       1 
0079       1 
0080       1 
0081       1 
0082       1 
0083       1 
0084       1 
0085       1 
0086       1 
0087       1 
0088       1 
0089       1 
0090       1 
0091       1 
0092       1 
0093       1 
0094       1 
0095       1 
0096       1 
0097       1 
0098       1 
0099       1 
0100       1 
0101       1 
0102       1 
0103       1 
0104       1 
0105       1 
0106       1 
0107       1 
0108       1 
0109       1 
0110       1 
0111       1 
0112       1 
0113       1 
0114       1 
0115       1 
0116       1 
0117       1 
0118       1 
0119       29545 
0120       29545 
0121       29531 
0122       1 
0123       1 
0124       1 
0125       1 
0126       1 
0127       1 
0128       1 
0129       1 
0130       1 
0131       1 
0132       1 
0133       1 
0134       29198 
0135       29198 
0136       29198 
0137       29148 
0138       23513 
0139       23513 
0140       23505 
0141       23505 
0142       23498 
0143       23501 
0144       23490 
0145       23491 
0146       23470 
0147       23459 
0148       23459 
0149       23461 
0150       23461 
0151       23400 
0152       23251 
0153       23243 
0154       23248 
0155       23247 
0156       23248 
0157       23260 
0158       23395 
0159       23796 
0160       23820 
0161       23796 
0162       23820 
0163       23793 
0164       1 
0165       1 
0166       1 
0167       1 
0168       1 
0169       23323 
0170       23323 
0171       23249 
0172       23249 
0173       23254 
0174       23255 
0175       23262 
0176       23278 
0177       23278 
0178       23286 
0179       23286 
0180       22691 
0181       1 
0182       1 
0183       1 
0184       1 
0185       1 
0186       1 
0187       1 
0188       23383 
0189       23392 
0190       23573 
0191       23573 
0192       23573 
0193       23634 
0194       23638 
0195       23650 
0196       23663 
0197       23672 
0198       23683 
0199       23684 
0200       23709 
0201       23709 
0202       23635 
0203       23594 
0204       23594 
0205       23638 
0206       23641 
0207       23690 
0208       23729 
0209       23730 
0210       23730 
0211       23730 
0212       23753 
0213       23823 
0214       23826 
0215       23873 
0216       23888 
0217       23873 
0218       23913 
0219       23946 
0220       23990 
0221       24179 
0222       24179 
0223       24171 
0224       21221 
0225       21194 
0226       21221 
0227       21241 
0228       21269 
0229       21299 
0230       21319 
0231       21370 
0232       21382 
0233       21426 
0234       21428 
0235       21479 
0236       21479 
0237       1 
0238       1 
0239       1 
0240       1 
0241       1 
0242       1 
0243       1 
0244       1 
0245       1 
0246       1 
0247       1 
0248       1 
0249       1 
0250       1 
0251       17673 
0252       17698 
0253       17698 
0254       17758 
0255       17790 
0256       17833 
0257       17841 
0258       17879 
0259       17935 
0260       17967 
0261       18007 
0262       18011 
0263       18068 
0264       18126 
0265       18143 
0266       18198 
0267       18229 
0268       18291 
0269       18375 
0270       18378 
0271       18410 
0272       18442 
0273       18442 
0274       1 
0275       1 
0276       1 
0277       1 
0278       1 
0279       1 
0280       1 
0281       1 
0282       1 
0283       1 
0284       1 
0285       1 
0286       1 
0287       1 
0288       1 
0289       1 
0290       16492 
0291       16492 
0292       16492 
0293       16359 
0294       16263 
0295       16075 
0296       15934 
0297       15837 
0298       15791 
0299       15778 
0300       15610 
0301       1 
0302       1 
0303       1 
0304       1 
0305       1 
0306       1 
0307       1 
0308       1 
0309       1 
0310       1 
0311       1 
0312       1 
0313       1 
0314       1 
0315       1 
0316       1 
0317       1 
0318       1 
0319       13099 
0320       13099 
0321       13219 
0322       13219 
0323       13152 
0324       13079 
0325       13027 
0326       12933 
0327       12852 
0328       12797 
0329       12744 
0330       12640 
0331       12580 
0332       12552 
0333       12508 
0334       12417 
0335       12360 
0336       12307 
0337       12233 
0338       12172 
0339       12113 
0340       12060 
0341       12037 
0342       11940 
0343       11931 
0344       11872 
0345       11804 
0346       11755 
0347       11681 
0348       11670 
0349       11616 
0350       11568 
0351       11510 
0352       11475 
0353       11419 
0354       11363 
0355       11341 
0356       8341 
0357       8293 
0358       8247 
0359       8222 
0360       8203 
0361       8184 
0362       8181 
0363       8181 
0364       8173 
0365       8173 
0366       8183 
0367       8185 
0368       8185 
0369       8149 
0370       8112 
0371       8112 
0372       8034 
0373       8031 
0374       8014 
0375       7964 
0376       7950 
0377       7916 
0378       7895 
0379       7807 
0380       7792 
0381       7774 
0382       7761 
0383       7736 
0384       7708 
0385       7687 
0386       7665 
0387       7605 
0388       7592 
0389       7592 
0390       7592 
0391       7558 
0392       7535 
0393       7500 
0394       7484 
0395       7461 
0396       7428 
0397       7407 
0398       7407 
0399       7381 
0400       7379 
0401       7344 
0402       7326 
0403       7297 
0404       7274 
0405       7240 
0406       7229 
0407       7229 
0408       7221 
0409       7203 
0410       7186 
0411       7158 
0412       7147 
0413       7139 
0414       7087 
0415       7070 
0416       7063 
0417       7048 
0418       7047 
0419       7029 
0420       7010 
0421       6998 
0422       6987 
0423       6967 
0424       6926 
0425       6906 
0426       6906 
0427       6901 
0428       6890 
0429       6875 
0430       6867 
0431       6849 
0432       6822 
0433       6786 
0434       6713 
0435       6713 
0436       6722 
0437       6843 
0438       6979 
0439       7085 
0440       7160 
0441       7251 
0442       7339 
0443       7418 
0444       7514 
0445       7603 
0446       7712 
0447       7804 
0448       7915 
0449       8030 
0450       8144 
0451       8250 
0452       8366 
0453       8501 
0454       8633 
0455       8725 
0456       8766 
0457       8766 
0458       8768 
0459       8762 
0460       8768 
0461       8776 
0462       8778 
0463       8778 
0464       8778 
0465       8776 
0466       8767 
0467       8762 
0468       8749 
0469       8740 
0470       8713 
0471       8710 
0472       8713 
0473       8694 
0474       8690 
0475       8688 
0476       8686 
0477       8678 
0478       8676 
0479       8676 
0480       8645 
0481       8633 
0482       8627 
0483       8623 
0484       8627 
0485       8620 
0486       8602 
0487       8598 
0488       8598 
0489       8596 
0490       8595 
0491       8595 
0492       8565 
0493       8565 
0494       8565 
0495       8560 
0496       8560 
0497       8560 
0498       8549 
0499       8545 
0500       8539 
0501       8530 
0502       8524 
0503       8524 
0504       8524 
0505       8522 
0506       8507 
0507       8522 
0508       8507 
0509       8507 
0510       8507 
0511       8506 
0512       8495 
0513       8495 
0514       8495 
0515       8491 
0516       8491 
0517       8504 
0518       8504 
0519       8498 
0520       8488 
0521       8498 
0522       8493 
0523       8493 
0524       8480 
0525       8480 
0526       8480 
0527       8480 
0528       8479 
0529       8477 
0530       8477 
0531       8490 
0532       8495 
0533       8490 
0534       8494 
0535       8494 
0536       8513 
0537       8513 
0538       8507 
0539       8501 
0540       8501 
0541       8501 
0542       8502 
0543       8508 
0544       8525 
0545       8531 
0546       8531 
0547       8536 
0548       8519 
0549       8549 
0550       8549 
0551       8549 
0552       8547 
0553       8547 
0554       8549 
0555       8552 
0556       8563 
0557       8591 
0558       8591 
0559       8601 
0560       8589 
0561       8589 
0562       8589 
0563       8588 
0564       8615 
0565       8622 
0566       8654 
0567       8654 
0568       8652 
0569       8647 
0570       8651 
0571       8651 
0572       8670 
0573       8689 
0574       8696 
0575       8689 
0576       8678 
0577       8671 
0578       8671 
0579       8662 
0580       8662 
0581       8671 
0582       8712 
0583       8728 
0584       8746 
0585       8778 
0586       8790 
0587       8810 
0588       8813 
0589       8820 
0590       8844 
0591       8872 
0592       8882 
0593       8882 
0594       8894 
0595       8864 
0596       8861 
0597       8826 
0598       8777 
0599       8695 
0600       8551 
0601       8408 
0602       8369 
0603       8279 
0604       8182 
0605       8089 
0606       7992 
0607       7895 
0608       7825 
0609       7726 
0610       7667 
0611       7559 
0612       7496 
0613       7410 
0614       7329 
0615       7257 
0616       7186 
0617       7127 
0618       7070 
0619       6998 
0620       6926 
0621       6859 
0622       6785 
0623       6723 
0624       6672 
0625       6622 
0626       6575 
0627       6506 
0628       6430 
0629       6353 
0630       6198 
0631       6134 
0632       6134 
0633       6135 
0634       6159 
0635       6162 
0636       6182 
0637       6189 
0638       6203 
0639       6203 
0640       6226 
0641       6229 
0642       6259 
0643       6291 
0644       6304 
0645       6326 
0646       6332 
0647       6348 
0648       6363 
0649       6364 
0650       6367 
0651       6382 
0652       6413 
0653       6457 
0654       6468 
0655       6482 
0656       6484 
0657       6491 
0658       6531 
0659       6547 
0660       6547 
0661       6547 
0662       6590 
0663       6631 
0664       6643 
0665       6649 
0666       6690 
0667       6695 
0668       6719 
0669       6743 
0670       6753 
0671       6767 
0672       6822 
0673       6831 
0674       6868 
0675       6882 
0676       6906 
0677       6923 
0678       6924 
0679       6944 
0680       6960 
0681       7022 
0682       7024 
0683       7065 
0684       7102 
0685       7107 
0686       7134 
0687       7172 
0688       7176 
0689       7217 
0690       7241 
0691       7252 
0692       7303 
0693       7338 
0694       7370 
0695       7376 
0696       7401 
0697       7425 
0698       7470 
0699       7513 
0700       7536 
0701       7569 
0702       7593 
0703       7617 
0704       7640 
0705       7703 
0706       7733 
0707       7770 
0708       7790 
0709       7843 
0710       7846 
0711       7859 
0712       7940 
0713       7972 
0714       7989 
0715       8046 
0716       8091 
0717       8093 
0718       8141 
0719       8206 
0720       8246 
0721       8284 
0722       8324 
0723       8327 
0724       8369 
0725       8458 
0726       8501 
0727       8523 
0728       8565 
0729       8587 
0730       8659 
0731       8724 
0732       8767 
0733       8816 
0734       8857 
0735       8858 
0736       8950 
0737       9010 
0738       9059 
0739       9107 
0740       9112 
0741       9205 
0742       9207 
0743       9245 
0744       9283 
0745       9301 
0746       9301 
0747       1 
0748       1 
0749       1 
0750       1 
0751       1 
0752       1 
0753       1 
0754       1 
0755       1 
0756       1 
0757       1 
0758       1 
0759       1 
0760       1 
0761       1 
0762       1 
0763       1 
0764       1 
0765       1 
0766       1 
0767       1 
0768       1 
0769       1 
0770       1 
0771       1 
0772       1 
0773       1 
0774       1 
0775       1 
0776       4508 
0777       4524 
0778       4538 
0779       4558 
0780       4593 
0781       4640 
0782       4667 
0783       4682 
0784       4688 
0785       4744 
0786       4767 
0787       4806 
0788       4808 
0789       4808 
0790       4808 
0791       4113 
0792       4023 
0793       4023 
0794       4035 
0795       4035 
0796       4067 
0797       4084 
0798       4139 
0799       4139 
0800       4180 
0801       4201 
0802       4226 
0803       4284 
0804       4308 
0805       4350 
0806       4357 
0807       4415 
0808       4469 
0809       4525 
0810       4543 
0811       4608 
0812       4642 
0813       4712 
0814       4766 
0815       4820 
0816       4891 
0817       4973 
0818       5038 
0819       5101 
0820       5180 
0821       5261 
0822       5362 
0823       5475 
0824       5583 
0825       5684 
0826       5885 
0827       6419 
0828       8513 
0829       8556 
0830       8601 
0831       8601 
0832       8562 
0833       8554 
0834       8529 
0835       8365 
0836       8261 
0837       8158 
0838       8080 
0839       8054 
0840       8020 
0841       7966 
0842       7944 
0843       7916 
0844       7844 
0845       7588 
0846       7588 
0847       7588 
0848       7628 
0849       7664 
0850       7678 
0851       7810 
0852       8033 
0853       8381 
0854       8621 
0855       8634 
0856       8634 
0857       8634 
0858       1 
0859       1 
0860       1 
0861       1 
0862       1 
0863       1 
0864       1 
0865       1 
0866       1 
0867       1 
0868       7738 
0869       7763 
0870       7744 
0871       7760 
0872       7744 
0873       7749 
0874       7749 
0875       7749 
0876       7757 
0877       7730 
0878       7730 
0879       1 
0880       1 
0881       1 
0882       1 
0883       1 
0884       1 
0885       1 
0886       1 
0887       1 
0888       1 
0889       1 
0890       1 
0891       1 
0892       1 
0893       1 
0894       1 
0895       1 
0896       1 
0897       1 
0898       1 
0899       1 
0900       1 
0901       1 
0902       1 
0903       1 
0904       1 
0905       1 
0906       1 
0907       1 
0908       1 
0909       1 
0910       1 
0911       1 
0912       1 
0913       1 
0914       1 
0915       1 
0916       1 
0917       1 
0918       1 
0919       1 
0920       1 
0921       1 
0922       1 
0923       1 
0924       1 
0925       1 
0926       1 
0927       1 
0928       1 
0929       1 
0930       1 
0931       1 
0932       1 
0933       1 
0934       1 
0935       1 
0936       1 
0937       1 
0938       1 
0939       1 
0940       1 
0941       1 
0942       1 
0943       1 
0944       1 
0945       1 
0946       1 
0947       1 
0948       1 
0949       1 
0950       1 
0951       1 
0952       1 
0953       1 
0954       1 
0955       1 
0956       1 
0957       1 
0958       1 
0959       1 
0960       1 
0961       1 
0962       1 
0963       1 
0964       1 
0965       1 
0966       1 
0967       1 
0968       1 
0969       1 
0970       1 
0971       1 
0972       1 
0973       1 
0974       1 
0975       1 
0976       1 
0977       1 
0978       1 
0979       1 
0980       1 
0981       1 
0982       1 
0983       1 
0984       1 
0985       1 
0986       1 
0987       1 
0988       1 
0989       1 
0990       1 
0991       1 
0992       1 
0993       1 
0994       1 
0995       1 
0996       1 
0997       1 
0998       1 
0999       1 
1000       1 
1001       1 
1002       1 
1003       1 
1004       1 
1005       1 
1006       1 
1007       1 
1008       4 
1009       4 
1010       4 
1011       4 
1012       62 
1013       62 
1014       62 
1015       4 
1016       4 
1017       4 
1018       4 
1019       50 
1020       50 
1021       49 
1022       50 
1023       51 
1024       51 
1025       51 
1026       63 
1027       63 
1028       56 
1029       56 
1030       56 
1031       55 
1032       55 
1033       56 
1034       59 
1035       63 
1036       69 
1037       69 
1038       67 
1039       67 
1040       67 
1041       65 
1042       67 
1043       64 
1044       69 
1045       64 
1046       62 
1047       62 
1048       70 
1049       70 
1050       70 
1051       70 
1052       68 
1053       60 
1054       60 
1055       60 
1056       64 
1057       64 
1058       64 
1059       64 
1060       67 
1061       68 
1062       62 
1063       62 
1064       65 
1065       61 
1066       61 
1067       64 
1068       65 
1069       66 
1070       67 
1071       66 
1072       66 
1073       67 
1074       67 
1075       69 
1076       69 
1077       69 
1078       65 
1079       64 
1297966670.310554
