0000       1 
0001       1 
0002       1 
0003       1 
0004       1 
0005       1 
0006       1 
0007       1 
0008       1 
0009       1 
0010       1 
0011       1 
0012       1 
0013       1 
0014       1 
0015       1 
0016       1 
0017       1 
0018       1 
0019       1 
0020       1 
0021       1 
0022       1 
0023       1 
0024       1 
0025       1 
0026       1 
0027       1 
0028       1 
0029       1 
0030       1 
0031       1 
0032       1 
0033       1 
0034       1 
0035       1 
0036       1 
0037       1 
0038       1 
0039       1 
0040       1 
0041       1 
0042       1 
0043       1 
0044       1 
0045       1 
0046       1 
0047       1 
0048       1 
0049       1 
0050       1 
0051       1 
0052       1 
0053       1 
0054       1 
0055       1 
0056       1 
0057       1 
0058       1 
0059       1 
0060       1 
0061       1 
0062       1 
0063       1 
0064       1 
0065       1 
0066       1 
0067       1 
0068       1 
0069       1 
0070       1 
0071       1 
0072       1 
0073       1 
0074       1 
0075       1 
0076       1 
0077       1 
0078       1 
0079       1 
0080       1 
0081       1 
0082       1 
0083       1 
0084       1 
0085       1 
0086       1 
0087       1 
0088       1 
0089       1 
0090       1 
0091       1 
0092       1 
0093       1 
0094       1 
0095       1 
0096       1 
0097       1 
0098       1 
0099       1 
0100       1 
0101       1 
0102       1 
0103       1 
0104       1 
0105       1 
0106       1 
0107       1 
0108       1 
0109       1 
0110       1 
0111       1 
0112       1 
0113       1 
0114       1 
0115       1 
0116       1 
0117       1 
0118       1 
0119       1 
0120       1 
0121       1 
0122       1 
0123       1 
0124       1 
0125       1 
0126       1 
0127       1 
0128       1 
0129       1 
0130       1 
0131       1 
0132       1 
0133       1 
0134       21633 
0135       21655 
0136       21655 
0137       1 
0138       1 
0139       1 
0140       1 
0141       20992 
0142       21080 
0143       21220 
0144       21269 
0145       21269 
0146       1 
0147       1 
0148       1 
0149       21350 
0150       21350 
0151       21325 
0152       21323 
0153       21320 
0154       21295 
0155       21291 
0156       21270 
0157       21268 
0158       15478 
0159       15469 
0160       15469 
0161       15458 
0162       15434 
0163       15418 
0164       15411 
0165       15406 
0166       15404 
0167       15386 
0168       15386 
0169       15386 
0170       15381 
0171       15361 
0172       15361 
0173       15365 
0174       15365 
0175       15360 
0176       15355 
0177       15347 
0178       15142 
0179       15141 
0180       15136 
0181       15124 
0182       15124 
0183       15130 
0184       15130 
0185       15130 
0186       15151 
0187       15278 
0188       15284 
0189       15319 
0190       15323 
0191       15323 
0192       15295 
0193       15292 
0194       15292 
0195       15297 
0196       15297 
0197       15281 
0198       15280 
0199       15279 
0200       15276 
0201       15279 
0202       15301 
0203       15301 
0204       15287 
0205       15286 
0206       15205 
0207       15167 
0208       15167 
0209       15150 
0210       15153 
0211       15153 
0212       15168 
0213       15177 
0214       15178 
0215       15191 
0216       15198 
0217       15200 
0218       15202 
0219       15209 
0220       15202 
0221       14613 
0222       1 
0223       1 
0224       1 
0225       14613 
0226       15242 
0227       15242 
0228       14747 
0229       14742 
0230       14742 
0231       14742 
0232       14742 
0233       14742 
0234       15245 
0235       15392 
0236       15511 
0237       15563 
0238       15586 
0239       15586 
0240       15601 
0241       15610 
0242       15638 
0243       15642 
0244       15653 
0245       15654 
0246       15671 
0247       15706 
0248       15721 
0249       15724 
0250       15762 
0251       15762 
0252       15762 
0253       15742 
0254       15721 
0255       15708 
0256       15697 
0257       15697 
0258       15720 
0259       15744 
0260       15768 
0261       15779 
0262       15799 
0263       15830 
0264       15865 
0265       15871 
0266       15898 
0267       15898 
0268       15826 
0269       15578 
0270       15826 
0271       16014 
0272       16014 
0273       16031 
0274       16031 
0275       15958 
0276       15777 
0277       15774 
0278       15777 
0279       16210 
0280       16232 
0281       16232 
0282       1 
0283       1 
0284       1 
0285       1 
0286       1 
0287       1 
0288       1 
0289       1 
0290       1 
0291       1 
0292       1 
0293       13557 
0294       13557 
0295       13557 
0296       13571 
0297       13622 
0298       13643 
0299       13664 
0300       13691 
0301       13744 
0302       13779 
0303       13790 
0304       13837 
0305       13856 
0306       13891 
0307       13944 
0308       13960 
0309       13977 
0310       14025 
0311       14063 
0312       14089 
0313       14124 
0314       14124 
0315       1 
0316       1 
0317       1 
0318       1 
0319       1 
0320       1 
0321       1 
0322       1 
0323       1 
0324       12332 
0325       12332 
0326       12332 
0327       12282 
0328       12196 
0329       12124 
0330       12005 
0331       11921 
0332       11849 
0333       11773 
0334       11738 
0335       11616 
0336       11555 
0337       11483 
0338       11447 
0339       11359 
0340       11303 
0341       11253 
0342       11173 
0343       11105 
0344       11009 
0345       10935 
0346       10912 
0347       10850 
0348       10766 
0349       10702 
0350       10647 
0351       10603 
0352       10591 
0353       10591 
0354       10618 
0355       10672 
0356       10698 
0357       10740 
0358       10787 
0359       10814 
0360       10877 
0361       10905 
0362       10944 
0363       11007 
0364       11036 
0365       11079 
0366       11145 
0367       11168 
0368       11187 
0369       11256 
0370       11308 
0371       11351 
0372       11439 
0373       11473 
0374       11547 
0375       11619 
0376       11646 
0377       11681 
0378       11750 
0379       11797 
0380       11854 
0381       11900 
0382       11900 
0383       11833 
0384       11832 
0385       11832 
0386       11832 
0387       11798 
0388       11783 
0389       11720 
0390       11707 
0391       11627 
0392       11584 
0393       11553 
0394       11484 
0395       11449 
0396       11431 
0397       11393 
0398       11333 
0399       11303 
0400       11265 
0401       11191 
0402       11143 
0403       11082 
0404       11077 
0405       11025 
0406       11021 
0407       10987 
0408       10926 
0409       10893 
0410       10875 
0411       10839 
0412       10782 
0413       10747 
0414       10744 
0415       10697 
0416       10653 
0417       10627 
0418       10623 
0419       10544 
0420       10519 
0421       10506 
0422       10462 
0423       10450 
0424       10394 
0425       10368 
0426       10337 
0427       10304 
0428       10303 
0429       10255 
0430       10231 
0431       10228 
0432       10183 
0433       10167 
0434       10167 
0435       10143 
0436       10121 
0437       10098 
0438       10094 
0439       10056 
0440       10033 
0441       10000 
0442       9979 
0443       9964 
0444       9946 
0445       9917 
0446       9893 
0447       9885 
0448       9856 
0449       9822 
0450       9816 
0451       9790 
0452       9777 
0453       9741 
0454       9716 
0455       9698 
0456       9688 
0457       9663 
0458       9644 
0459       9638 
0460       9613 
0461       9604 
0462       9593 
0463       9546 
0464       9540 
0465       9529 
0466       9508 
0467       9477 
0468       9459 
0469       9442 
0470       9435 
0471       9417 
0472       9411 
0473       9394 
0474       6634 
0475       6634 
0476       6677 
0477       6718 
0478       6718 
0479       6713 
0480       6693 
0481       6693 
0482       6689 
0483       6675 
0484       6668 
0485       6658 
0486       6639 
0487       6621 
0488       6621 
0489       6615 
0490       6614 
0491       6611 
0492       6594 
0493       6583 
0494       6581 
0495       6568 
0496       6565 
0497       6537 
0498       6519 
0499       6519 
0500       6511 
0501       6514 
0502       6511 
0503       6512 
0504       6504 
0505       6494 
0506       6485 
0507       6478 
0508       6456 
0509       6443 
0510       6443 
0511       6439 
0512       6439 
0513       6439 
0514       6437 
0515       6436 
0516       6432 
0517       6431 
0518       6411 
0519       6406 
0520       6403 
0521       6378 
0522       6371 
0523       6364 
0524       6364 
0525       6371 
0526       6379 
0527       6371 
0528       6373 
0529       6366 
0530       6361 
0531       6359 
0532       6352 
0533       6325 
0534       6305 
0535       6305 
0536       6341 
0537       6347 
0538       6347 
0539       6342 
0540       6332 
0541       6328 
0542       6316 
0543       6322 
0544       6316 
0545       6300 
0546       6280 
0547       6280 
0548       6299 
0549       6306 
0550       6309 
0551       6309 
0552       6299 
0553       6298 
0554       6298 
0555       6307 
0556       6307 
0557       6291 
0558       6276 
0559       6276 
0560       6283 
0561       6293 
0562       6304 
0563       6304 
0564       6304 
0565       6303 
0566       6303 
0567       6304 
0568       6304 
0569       6293 
0570       6276 
0571       6276 
0572       6297 
0573       6310 
0574       6314 
0575       6317 
0576       6317 
0577       6315 
0578       6315 
0579       6320 
0580       6322 
0581       6322 
0582       6300 
0583       6297 
0584       6297 
0585       6326 
0586       6335 
0587       6335 
0588       6346 
0589       6346 
0590       6348 
0591       6357 
0592       6357 
0593       6360 
0594       6360 
0595       6343 
0596       6343 
0597       6365 
0598       6368 
0599       6379 
0600       6391 
0601       6396 
0602       6405 
0603       6411 
0604       6415 
0605       6424 
0606       6424 
0607       6403 
0608       6403 
0609       6420 
0610       6444 
0611       6453 
0612       6456 
0613       6467 
0614       6474 
0615       6481 
0616       6490 
0617       6498 
0618       6498 
0619       6477 
0620       6477 
0621       6498 
0622       6519 
0623       6526 
0624       6529 
0625       6538 
0626       6542 
0627       6561 
0628       6579 
0629       6579 
0630       6569 
0631       6569 
0632       6599 
0633       6613 
0634       6634 
0635       6646 
0636       6650 
0637       6661 
0638       6668 
0639       6681 
0640       6689 
0641       6689 
0642       6692 
0643       6709 
0644       6724 
0645       6737 
0646       6750 
0647       6778 
0648       6784 
0649       6792 
0650       6795 
0651       6808 
0652       6808 
0653       6808 
0654       6850 
0655       6858 
0656       6872 
0657       6885 
0658       6905 
0659       6917 
0660       6925 
0661       6941 
0662       6941 
0663       6941 
0664       6967 
0665       7015 
0666       7020 
0667       7034 
0668       7049 
0669       7061 
0670       7089 
0671       7092 
0672       7094 
0673       7106 
0674       7126 
0675       7171 
0676       7178 
0677       7197 
0678       7222 
0679       7226 
0680       7247 
0681       7252 
0682       7260 
0683       7271 
0684       7303 
0685       7347 
0686       7356 
0687       7370 
0688       7400 
0689       7432 
0690       7432 
0691       7434 
0692       7445 
0693       7514 
0694       7529 
0695       7534 
0696       7577 
0697       7605 
0698       7614 
0699       7615 
0700       7624 
0701       7666 
0702       7708 
0703       7728 
0704       7764 
0705       7778 
0706       7798 
0707       7804 
0708       7804 
0709       7845 
0710       7907 
0711       7933 
0712       7968 
0713       7985 
0714       8018 
0715       8018 
0716       8018 
0717       8073 
0718       8150 
0719       8166 
0720       8182 
0721       8216 
0722       8244 
0723       8266 
0724       8275 
0725       8341 
0726       8381 
0727       8394 
0728       8418 
0729       8438 
0730       8474 
0731       8477 
0732       8493 
0733       11672 
0734       11672 
0735       11657 
0736       11615 
0737       1 
0738       1 
0739       1 
0740       1 
0741       1 
0742       1 
0743       6886 
0744       6887 
0745       6911 
0746       6965 
0747       6986 
0748       7028 
0749       7073 
0750       7129 
0751       7132 
0752       7166 
0753       7223 
0754       7252 
0755       7270 
0756       7299 
0757       7299 
0758       7340 
0759       7405 
0760       7439 
0761       7470 
0762       7505 
0763       7505 
0764       3402 
0765       3386 
0766       3386 
0767       3402 
0768       3434 
0769       3438 
0770       3438 
0771       3438 
0772       3438 
0773       3438 
0774       3465 
0775       3478 
0776       3478 
0777       3494 
0778       3510 
0779       3519 
0780       3534 
0781       3555 
0782       3571 
0783       3576 
0784       3596 
0785       3596 
0786       3596 
0787       3568 
0788       3461 
0789       3257 
0790       3062 
0791       3032 
0792       3032 
0793       3032 
0794       3036 
0795       3047 
0796       3050 
0797       3061 
0798       3082 
0799       3086 
0800       3111 
0801       3114 
0802       3116 
0803       3133 
0804       3154 
0805       3181 
0806       3184 
0807       3194 
0808       3211 
0809       3239 
0810       3240 
0811       3283 
0812       3299 
0813       3319 
0814       3354 
0815       3361 
0816       3401 
0817       3419 
0818       3464 
0819       3489 
0820       3525 
0821       3557 
0822       3583 
0823       3630 
0824       3647 
0825       3703 
0826       3723 
0827       3768 
0828       3829 
0829       3876 
0830       3958 
0831       3999 
0832       4037 
0833       5696 
0834       5698 
0835       5701 
0836       5701 
0837       5693 
0838       5657 
0839       5644 
0840       5618 
0841       5602 
0842       5563 
0843       5552 
0844       5522 
0845       5494 
0846       5481 
0847       5462 
0848       5445 
0849       5430 
0850       5388 
0851       5361 
0852       5359 
0853       5346 
0854       5327 
0855       5306 
0856       5281 
0857       5269 
0858       5250 
0859       5222 
0860       5210 
0861       5138 
0862       5138 
0863       5140 
0864       5140 
0865       5135 
0866       5135 
0867       5189 
0868       5285 
0869       5408 
0870       5558 
0871       5650 
0872       5684 
0873       5684 
0874       5689 
0875       5663 
0876       5647 
0877       5631 
0878       5631 
0879       5639 
0880       5639 
0881       5637 
0882       5637 
0883       5637 
0884       5627 
0885       5577 
0886       5577 
0887       5635 
0888       5635 
0889       5632 
0890       5627 
0891       5625 
0892       5466 
0893       5466 
0894       5418 
0895       5418 
0896       1 
0897       1 
0898       5202 
0899       5202 
0900       5202 
0901       15752 
0902       18250 
0903       18250 
0904       1 
0905       1 
0906       1 
0907       1 
0908       1 
0909       1 
0910       1 
0911       1 
0912       1 
0913       1 
0914       1 
0915       1 
0916       1 
0917       1 
0918       1 
0919       1 
0920       1 
0921       1 
0922       1 
0923       1 
0924       1 
0925       1 
0926       1 
0927       1 
0928       1 
0929       1 
0930       1 
0931       1 
0932       1 
0933       1 
0934       1 
0935       1 
0936       1 
0937       1 
0938       1 
0939       1 
0940       1 
0941       1 
0942       1 
0943       1 
0944       1 
0945       1 
0946       1 
0947       1 
0948       1 
0949       1 
0950       1 
0951       1 
0952       1 
0953       1 
0954       1 
0955       1 
0956       1 
0957       1 
0958       1 
0959       1 
0960       1 
0961       1 
0962       1 
0963       1 
0964       1 
0965       1 
0966       1 
0967       1 
0968       1 
0969       1 
0970       1 
0971       1 
0972       1 
0973       1 
0974       1 
0975       1 
0976       1 
0977       1 
0978       1 
0979       1 
0980       1 
0981       1 
0982       1 
0983       1 
0984       1 
0985       1 
0986       1 
0987       1 
0988       1 
0989       1 
0990       1 
0991       1 
0992       1 
0993       1 
0994       1 
0995       1 
0996       1 
0997       1 
0998       1 
0999       1 
1000       1 
1001       1 
1002       1 
1003       1 
1004       1 
1005       1 
1006       1 
1007       1 
1008       4 
1009       4 
1010       4 
1011       4 
1012       45 
1013       41 
1014       46 
1015       46 
1016       54 
1017       54 
1018       54 
1019       54 
1020       53 
1021       53 
1022       54 
1023       62 
1024       62 
1025       63 
1026       63 
1027       63 
1028       63 
1029       63 
1030       58 
1031       50 
1032       50 
1033       50 
1034       57 
1035       59 
1036       60 
1037       65 
1038       66 
1039       67 
1040       67 
1041       71 
1042       71 
1043       70 
1044       70 
1045       69 
1046       69 
1047       69 
1048       73 
1049       75 
1050       75 
1051       73 
1052       68 
1053       68 
1054       68 
1055       67 
1056       69 
1057       69 
1058       69 
1059       69 
1060       69 
1061       72 
1062       72 
1063       67 
1064       67 
1065       67 
1066       67 
1067       67 
1068       67 
1069       67 
1070       70 
1071       68 
1072       67 
1073       67 
1074       64 
1075       63 
1076       62 
1077       63 
1078       62 
1079       62 
1297966679.265702
