0000       1 
0001       1 
0002       1 
0003       1 
0004       1 
0005       1 
0006       1 
0007       1 
0008       1 
0009       1 
0010       1 
0011       1 
0012       1 
0013       1 
0014       1 
0015       1 
0016       1 
0017       1 
0018       1 
0019       1 
0020       1 
0021       1 
0022       1 
0023       1 
0024       1 
0025       1 
0026       1 
0027       1 
0028       1 
0029       1 
0030       1 
0031       1 
0032       1 
0033       1 
0034       1 
0035       1 
0036       1 
0037       1 
0038       1 
0039       1 
0040       1 
0041       1 
0042       1 
0043       1 
0044       1 
0045       1 
0046       1 
0047       1 
0048       1 
0049       1 
0050       1 
0051       1 
0052       1 
0053       1 
0054       1 
0055       1 
0056       1 
0057       1 
0058       1 
0059       1 
0060       1 
0061       1 
0062       1 
0063       1 
0064       1 
0065       1 
0066       1 
0067       1 
0068       1 
0069       1 
0070       1 
0071       1 
0072       1 
0073       1 
0074       1 
0075       1 
0076       1 
0077       1 
0078       1 
0079       1 
0080       1 
0081       1 
0082       1 
0083       1 
0084       1 
0085       1 
0086       1 
0087       1 
0088       1 
0089       1 
0090       1 
0091       1 
0092       1 
0093       1 
0094       1 
0095       1 
0096       1 
0097       1 
0098       1 
0099       1 
0100       1 
0101       1 
0102       1 
0103       1 
0104       1 
0105       1 
0106       1 
0107       1 
0108       1 
0109       1 
0110       1 
0111       1 
0112       1 
0113       1 
0114       1 
0115       1 
0116       1 
0117       1 
0118       1 
0119       1 
0120       1 
0121       1 
0122       1 
0123       1 
0124       1 
0125       1 
0126       1 
0127       1 
0128       1 
0129       1 
0130       1 
0131       1 
0132       1 
0133       1 
0134       1 
0135       1 
0136       1 
0137       1 
0138       1 
0139       1 
0140       1 
0141       1 
0142       1 
0143       1 
0144       1 
0145       1 
0146       1 
0147       1 
0148       1 
0149       1 
0150       1 
0151       1 
0152       1 
0153       1 
0154       1 
0155       1 
0156       1 
0157       1 
0158       1 
0159       1 
0160       1 
0161       1 
0162       1 
0163       1 
0164       1 
0165       1 
0166       1 
0167       1 
0168       1 
0169       1 
0170       1 
0171       1 
0172       1 
0173       1 
0174       1 
0175       1 
0176       1 
0177       1 
0178       1 
0179       1 
0180       1 
0181       1 
0182       1 
0183       1 
0184       1 
0185       1 
0186       1 
0187       1 
0188       1 
0189       1 
0190       1 
0191       1 
0192       1 
0193       1 
0194       1 
0195       1 
0196       1 
0197       1 
0198       1 
0199       1 
0200       1 
0201       1 
0202       1 
0203       1 
0204       1 
0205       1 
0206       1 
0207       1 
0208       1 
0209       1 
0210       1 
0211       1 
0212       1 
0213       1 
0214       1 
0215       1 
0216       1 
0217       1 
0218       1 
0219       1 
0220       1 
0221       1 
0222       1 
0223       1 
0224       1 
0225       1 
0226       1 
0227       1 
0228       1 
0229       1 
0230       1 
0231       1 
0232       1 
0233       1 
0234       1 
0235       1 
0236       1 
0237       1 
0238       1 
0239       1 
0240       1 
0241       1 
0242       1 
0243       1 
0244       1 
0245       1 
0246       1 
0247       1 
0248       1 
0249       1 
0250       1 
0251       1 
0252       1 
0253       18285 
0254       18285 
0255       18251 
0256       18100 
0257       17885 
0258       17642 
0259       17453 
0260       17007 
0261       1 
0262       1 
0263       14880 
0264       14880 
0265       15075 
0266       15091 
0267       15142 
0268       15205 
0269       15214 
0270       15272 
0271       15272 
0272       15305 
0273       15305 
0274       15317 
0275       15362 
0276       15369 
0277       15369 
0278       15387 
0279       15489 
0280       15489 
0281       1 
0282       1 
0283       1 
0284       1 
0285       1 
0286       1 
0287       1 
0288       1 
0289       1 
0290       1 
0291       1 
0292       1 
0293       1 
0294       1 
0295       1 
0296       1 
0297       1 
0298       1 
0299       1 
0300       1 
0301       1 
0302       1 
0303       1 
0304       1 
0305       1 
0306       1 
0307       1 
0308       1 
0309       1 
0310       16650 
0311       16650 
0312       16617 
0313       16506 
0314       16144 
0315       16033 
0316       16033 
0317       16020 
0318       15911 
0319       15840 
0320       15727 
0321       15658 
0322       15569 
0323       15474 
0324       15396 
0325       15333 
0326       15266 
0327       15169 
0328       15081 
0329       15035 
0330       14957 
0331       14859 
0332       14760 
0333       14659 
0334       14597 
0335       14592 
0336       14469 
0337       14447 
0338       14376 
0339       14297 
0340       14197 
0341       14143 
0342       14062 
0343       1 
0344       1 
0345       1 
0346       1 
0347       1 
0348       1 
0349       1 
0350       1 
0351       1 
0352       1 
0353       1 
0354       1 
0355       1 
0356       1 
0357       1 
0358       1 
0359       1 
0360       1 
0361       1 
0362       1 
0363       1 
0364       1 
0365       1 
0366       12427 
0367       12427 
0368       12404 
0369       12241 
0370       12195 
0371       12195 
0372       12116 
0373       11860 
0374       11992 
0375       11860 
0376       11860 
0377       11817 
0378       11817 
0379       11817 
0380       11753 
0381       11701 
0382       11700 
0383       11613 
0384       11570 
0385       11534 
0386       11454 
0387       11426 
0388       11399 
0389       11334 
0390       11320 
0391       11281 
0392       11228 
0393       11161 
0394       11094 
0395       11083 
0396       11021 
0397       11011 
0398       10992 
0399       10946 
0400       10895 
0401       10862 
0402       10832 
0403       10780 
0404       10743 
0405       10711 
0406       10671 
0407       10661 
0408       10595 
0409       10589 
0410       10566 
0411       10529 
0412       10484 
0413       10443 
0414       10416 
0415       10413 
0416       10357 
0417       10341 
0418       10291 
0419       10280 
0420       10258 
0421       10211 
0422       10180 
0423       10154 
0424       10105 
0425       10088 
0426       10033 
0427       10029 
0428       10025 
0429       10025 
0430       10025 
0431       8677 
0432       8584 
0433       8550 
0434       8550 
0435       8549 
0436       8549 
0437       8516 
0438       8491 
0439       8448 
0440       8382 
0441       7489 
0442       7468 
0443       7489 
0444       7540 
0445       7540 
0446       7499 
0447       7485 
0448       7382 
0449       7367 
0450       7346 
0451       7340 
0452       7326 
0453       7305 
0454       7262 
0455       7245 
0456       7244 
0457       7244 
0458       7272 
0459       7290 
0460       7297 
0461       7376 
0462       7383 
0463       7418 
0464       7418 
0465       7392 
0466       7392 
0467       7392 
0468       7381 
0469       7281 
0470       7179 
0471       7179 
0472       7157 
0473       7157 
0474       7184 
0475       7184 
0476       7166 
0477       7138 
0478       7138 
0479       7146 
0480       7146 
0481       7100 
0482       7088 
0483       7088 
0484       7098 
0485       7133 
0486       7175 
0487       7349 
0488       7448 
0489       7473 
0490       7563 
0491       7643 
0492       7652 
0493       7652 
0494       7623 
0495       7623 
0496       7623 
0497       7308 
0498       7300 
0499       7300 
0500       7357 
0501       7366 
0502       7366 
0503       7360 
0504       7356 
0505       7360 
0506       7356 
0507       7362 
0508       7391 
0509       7488 
0510       7548 
0511       7583 
0512       7679 
0513       7703 
0514       7797 
0515       7883 
0516       7904 
0517       7960 
0518       8287 
0519       8611 
0520       8630 
0521       8630 
0522       8630 
0523       8646 
0524       8646 
0525       8646 
0526       8650 
0527       8637 
0528       8650 
0529       8655 
0530       8655 
0531       8653 
0532       8633 
0533       8633 
0534       8638 
0535       8644 
0536       8646 
0537       8645 
0538       8645 
0539       8643 
0540       8625 
0541       8621 
0542       8620 
0543       8620 
0544       8613 
0545       8625 
0546       8625 
0547       8625 
0548       8608 
0549       8608 
0550       8613 
0551       8613 
0552       8624 
0553       8612 
0554       8611 
0555       8611 
0556       8628 
0557       8630 
0558       8634 
0559       8634 
0560       8634 
0561       8631 
0562       8631 
0563       8631 
0564       8629 
0565       8632 
0566       8638 
0567       8642 
0568       8649 
0569       8654 
0570       8653 
0571       8654 
0572       8661 
0573       8661 
0574       8667 
0575       8669 
0576       8674 
0577       8674 
0578       8662 
0579       8649 
0580       8649 
0581       8676 
0582       8684 
0583       8684 
0584       8687 
0585       8687 
0586       8657 
0587       8587 
0588       8538 
0589       8209 
0590       8049 
0591       7966 
0592       7814 
0593       7677 
0594       7622 
0595       7547 
0596       7512 
0597       7504 
0598       7472 
0599       7472 
0600       7475 
0601       7481 
0602       7476 
0603       7476 
0604       7476 
0605       7479 
0606       7486 
0607       7488 
0608       7509 
0609       7547 
0610       7561 
0611       7584 
0612       7601 
0613       7613 
0614       7627 
0615       7646 
0616       7704 
0617       8253 
0618       8452 
0619       8490 
0620       8539 
0621       8654 
0622       8880 
0623       8909 
0624       8973 
0625       8987 
0626       8998 
0627       9000 
0628       9014 
0629       9014 
0630       8937 
0631       8834 
0632       8494 
0633       8473 
0634       8494 
0635       8489 
0636       8494 
0637       8489 
0638       8496 
0639       8495 
0640       8496 
0641       8512 
0642       8522 
0643       8546 
0644       8547 
0645       8577 
0646       8647 
0647       8815 
0648       9157 
0649       9267 
0650       9365 
0651       9391 
0652       9419 
0653       9433 
0654       9481 
0655       9499 
0656       9522 
0657       9543 
0658       9560 
0659       9560 
0660       9595 
0661       9631 
0662       9666 
0663       9668 
0664       9698 
0665       9715 
0666       9735 
0667       9747 
0668       9777 
0669       9816 
0670       9858 
0671       9877 
0672       9881 
0673       9898 
0674       9943 
0675       9960 
0676       10009 
0677       10030 
0678       10035 
0679       10060 
0680       10104 
0681       10131 
0682       10166 
0683       10171 
0684       10215 
0685       10243 
0686       10261 
0687       10285 
0688       10333 
0689       10335 
0690       10386 
0691       10407 
0692       10426 
0693       10430 
0694       10466 
0695       10481 
0696       10559 
0697       10650 
0698       10650 
0699       10697 
0700       10758 
0701       10859 
0702       10879 
0703       10920 
0704       10920 
0705       10862 
0706       10845 
0707       10691 
0708       10638 
0709       10573 
0710       10496 
0711       10423 
0712       10391 
0713       10318 
0714       10254 
0715       10168 
0716       10071 
0717       10016 
0718       9910 
0719       9805 
0720       9703 
0721       9621 
0722       9572 
0723       9514 
0724       9436 
0725       9366 
0726       9266 
0727       9212 
0728       9095 
0729       9016 
0730       8991 
0731       8906 
0732       8806 
0733       8777 
0734       8716 
0735       8668 
0736       8606 
0737       8557 
0738       8484 
0739       8427 
0740       8408 
0741       8354 
0742       8321 
0743       8275 
0744       8239 
0745       8186 
0746       8165 
0747       8118 
0748       8085 
0749       8058 
0750       8017 
0751       7989 
0752       7951 
0753       7921 
0754       7887 
0755       7854 
0756       7823 
0757       7795 
0758       7769 
0759       7743 
0760       7730 
0761       7695 
0762       7677 
0763       7653 
0764       7637 
0765       7612 
0766       7576 
0767       7560 
0768       7525 
0769       7516 
0770       7488 
0771       7464 
0772       7455 
0773       7431 
0774       7401 
0775       7392 
0776       7360 
0777       7341 
0778       7318 
0779       7307 
0780       7280 
0781       7269 
0782       7245 
0783       7232 
0784       7204 
0785       7181 
0786       7172 
0787       7148 
0788       7130 
0789       7105 
0790       7088 
0791       7087 
0792       7075 
0793       7044 
0794       7030 
0795       7006 
0796       7000 
0797       6982 
0798       6967 
0799       6944 
0800       6928 
0801       6918 
0802       6913 
0803       6893 
0804       6878 
0805       6861 
0806       6845 
0807       6831 
0808       6821 
0809       6799 
0810       6778 
0811       6771 
0812       6750 
0813       6747 
0814       6747 
0815       6723 
0816       6703 
0817       6691 
0818       6678 
0819       6661 
0820       6649 
0821       6645 
0822       6476 
0823       6458 
0824       6417 
0825       6313 
0826       6303 
0827       5688 
0828       5667 
0829       5650 
0830       5643 
0831       5632 
0832       5609 
0833       5591 
0834       5567 
0835       5567 
0836       5548 
0837       5543 
0838       5507 
0839       5507 
0840       5507 
0841       5476 
0842       5455 
0843       5455 
0844       5441 
0845       5430 
0846       5389 
0847       5380 
0848       5376 
0849       5354 
0850       5345 
0851       5322 
0852       5315 
0853       5312 
0854       5290 
0855       5290 
0856       5256 
0857       5255 
0858       5239 
0859       5231 
0860       5230 
0861       5208 
0862       5208 
0863       5232 
0864       5285 
0865       5387 
0866       5495 
0867       5630 
0868       5757 
0869       5894 
0870       6055 
0871       6233 
0872       6402 
0873       7612 
0874       7818 
0875       8012 
0876       8290 
0877       8529 
0878       8705 
0879       8968 
0880       9139 
0881       9480 
0882       9818 
0883       9946 
0884       9948 
0885       9948 
0886       9954 
0887       9954 
0888       1 
0889       1 
0890       1 
0891       1 
0892       1 
0893       1 
0894       1 
0895       1 
0896       1 
0897       1 
0898       1 
0899       1 
0900       1 
0901       1 
0902       1 
0903       1 
0904       1 
0905       1 
0906       1 
0907       1 
0908       1 
0909       1 
0910       1 
0911       1 
0912       1 
0913       1 
0914       1 
0915       1 
0916       1 
0917       1 
0918       1 
0919       1 
0920       1 
0921       1 
0922       1 
0923       1 
0924       1 
0925       1 
0926       1 
0927       1 
0928       1 
0929       1 
0930       1 
0931       1 
0932       1 
0933       1 
0934       1 
0935       1 
0936       1 
0937       1 
0938       1 
0939       1 
0940       1 
0941       1 
0942       1 
0943       1 
0944       1 
0945       1 
0946       1 
0947       1 
0948       1 
0949       1 
0950       1 
0951       1 
0952       1 
0953       1 
0954       1 
0955       1 
0956       1 
0957       1 
0958       1 
0959       1 
0960       1 
0961       1 
0962       1 
0963       1 
0964       1 
0965       1 
0966       1 
0967       1 
0968       1 
0969       1 
0970       1 
0971       1 
0972       1 
0973       1 
0974       1 
0975       1 
0976       1 
0977       1 
0978       1 
0979       1 
0980       1 
0981       1 
0982       1 
0983       1 
0984       1 
0985       1 
0986       1 
0987       1 
0988       1 
0989       1 
0990       1 
0991       1 
0992       1 
0993       1 
0994       1 
0995       1 
0996       1 
0997       1 
0998       1 
0999       1 
1000       1 
1001       1 
1002       1 
1003       1 
1004       1 
1005       1 
1006       1 
1007       4 
1008       4 
1009       4 
1010       49 
1011       53 
1012       55 
1013       68 
1014       55 
1015       55 
1016       55 
1017       52 
1018       52 
1019       54 
1020       57 
1021       58 
1022       58 
1023       58 
1024       58 
1025       58 
1026       59 
1027       64 
1028       64 
1029       64 
1030       52 
1031       48 
1032       48 
1033       48 
1034       48 
1035       59 
1036       69 
1037       71 
1038       73 
1039       71 
1040       71 
1041       69 
1042       68 
1043       64 
1044       64 
1045       64 
1046       69 
1047       69 
1048       69 
1049       69 
1050       64 
1051       64 
1052       63 
1053       63 
1054       63 
1055       63 
1056       63 
1057       63 
1058       64 
1059       66 
1060       66 
1061       66 
1062       66 
1063       67 
1064       66 
1065       66 
1066       65 
1067       65 
1068       65 
1069       65 
1070       65 
1071       67 
1072       65 
1073       65 
1074       69 
1075       69 
1076       65 
1077       65 
1078       65 
1079       59 
1297966692.814599
