0000       1 
0001       1 
0002       1 
0003       1 
0004       1 
0005       1 
0006       1 
0007       1 
0008       1 
0009       1 
0010       1 
0011       1 
0012       1 
0013       1 
0014       1 
0015       1 
0016       1 
0017       1 
0018       1 
0019       1 
0020       1 
0021       1 
0022       1 
0023       1 
0024       1 
0025       1 
0026       1 
0027       1 
0028       1 
0029       1 
0030       1 
0031       1 
0032       1 
0033       1 
0034       1 
0035       1 
0036       1 
0037       1 
0038       1 
0039       1 
0040       1 
0041       1 
0042       1 
0043       1 
0044       1 
0045       1 
0046       1 
0047       1 
0048       1 
0049       1 
0050       1 
0051       1 
0052       1 
0053       1 
0054       1 
0055       1 
0056       1 
0057       1 
0058       1 
0059       1 
0060       1 
0061       1 
0062       1 
0063       1 
0064       1 
0065       1 
0066       1 
0067       1 
0068       1 
0069       1 
0070       1 
0071       1 
0072       1 
0073       1 
0074       1 
0075       1 
0076       1 
0077       1 
0078       1 
0079       1 
0080       1 
0081       1 
0082       1 
0083       1 
0084       1 
0085       1 
0086       1 
0087       1 
0088       1 
0089       1 
0090       1 
0091       1 
0092       1 
0093       1 
0094       1 
0095       1 
0096       20896 
0097       20896 
0098       1 
0099       1 
0100       1 
0101       1 
0102       1 
0103       1 
0104       1 
0105       20674 
0106       21014 
0107       21014 
0108       21000 
0109       1 
0110       1 
0111       1 
0112       1 
0113       1 
0114       1 
0115       1 
0116       1 
0117       20704 
0118       20704 
0119       20704 
0120       20704 
0121       1 
0122       1 
0123       1 
0124       1 
0125       1 
0126       1 
0127       1 
0128       1 
0129       1 
0130       1 
0131       1 
0132       1 
0133       1 
0134       1 
0135       1 
0136       1 
0137       1 
0138       1 
0139       1 
0140       1 
0141       1 
0142       1 
0143       1 
0144       1 
0145       1 
0146       1 
0147       1 
0148       1 
0149       1 
0150       1 
0151       1 
0152       1 
0153       1 
0154       1 
0155       1 
0156       1 
0157       1 
0158       1 
0159       1 
0160       1 
0161       1 
0162       1 
0163       1 
0164       1 
0165       1 
0166       1 
0167       1 
0168       1 
0169       1 
0170       1 
0171       1 
0172       1 
0173       1 
0174       1 
0175       1 
0176       1 
0177       1 
0178       1 
0179       1 
0180       1 
0181       1 
0182       1 
0183       1 
0184       1 
0185       1 
0186       1 
0187       1 
0188       1 
0189       1 
0190       1 
0191       1 
0192       1 
0193       1 
0194       1 
0195       1 
0196       1 
0197       1 
0198       1 
0199       1 
0200       1 
0201       1 
0202       1 
0203       1 
0204       1 
0205       1 
0206       1 
0207       1 
0208       1 
0209       1 
0210       1 
0211       1 
0212       1 
0213       1 
0214       1 
0215       1 
0216       1 
0217       1 
0218       1 
0219       1 
0220       1 
0221       1 
0222       1 
0223       1 
0224       1 
0225       1 
0226       1 
0227       1 
0228       1 
0229       1 
0230       1 
0231       1 
0232       1 
0233       1 
0234       1 
0235       1 
0236       1 
0237       1 
0238       1 
0239       20430 
0240       20430 
0241       1 
0242       1 
0243       1 
0244       1 
0245       1 
0246       1 
0247       1 
0248       1 
0249       1 
0250       1 
0251       1 
0252       1 
0253       1 
0254       1 
0255       1 
0256       1 
0257       19166 
0258       19166 
0259       18831 
0260       1 
0261       18254 
0262       18254 
0263       18254 
0264       1 
0265       1 
0266       1 
0267       1 
0268       17262 
0269       17262 
0270       17262 
0271       16983 
0272       16921 
0273       16921 
0274       16803 
0275       16759 
0276       16636 
0277       16507 
0278       16428 
0279       16400 
0280       16335 
0281       16236 
0282       16059 
0283       15988 
0284       15890 
0285       15840 
0286       15740 
0287       15672 
0288       15549 
0289       15487 
0290       15398 
0291       15326 
0292       15224 
0293       15116 
0294       15085 
0295       15052 
0296       15033 
0297       15012 
0298       14889 
0299       14799 
0300       14726 
0301       14641 
0302       14544 
0303       14465 
0304       14392 
0305       14293 
0306       14215 
0307       14140 
0308       14051 
0309       13991 
0310       13933 
0311       13839 
0312       13765 
0313       13725 
0314       13635 
0315       13548 
0316       13508 
0317       13438 
0318       13395 
0319       13315 
0320       13262 
0321       13221 
0322       13146 
0323       13101 
0324       13054 
0325       12976 
0326       12949 
0327       12884 
0328       12840 
0329       12762 
0330       12704 
0331       12682 
0332       12627 
0333       12593 
0334       12528 
0335       12491 
0336       12420 
0337       12347 
0338       12325 
0339       12265 
0340       12237 
0341       12171 
0342       12133 
0343       12059 
0344       12051 
0345       12009 
0346       11973 
0347       11936 
0348       11880 
0349       11831 
0350       11794 
0351       11755 
0352       11721 
0353       11662 
0354       11657 
0355       11631 
0356       11577 
0357       11510 
0358       11479 
0359       11470 
0360       11441 
0361       11405 
0362       11375 
0363       11329 
0364       11287 
0365       11264 
0366       11238 
0367       11192 
0368       11176 
0369       11149 
0370       11080 
0371       11056 
0372       11032 
0373       11008 
0374       10960 
0375       10950 
0376       10925 
0377       10898 
0378       10863 
0379       10827 
0380       10803 
0381       10774 
0382       10759 
0383       10751 
0384       10709 
0385       10676 
0386       10646 
0387       10623 
0388       10595 
0389       10577 
0390       10573 
0391       10536 
0392       10499 
0393       10477 
0394       10466 
0395       10435 
0396       10401 
0397       10374 
0398       10359 
0399       10350 
0400       10340 
0401       10305 
0402       10287 
0403       10264 
0404       10248 
0405       10239 
0406       10200 
0407       10192 
0408       10156 
0409       10156 
0410       10156 
0411       10120 
0412       10109 
0413       10078 
0414       10055 
0415       10050 
0416       10025 
0417       10013 
0418       9986 
0419       9979 
0420       9969 
0421       9934 
0422       9923 
0423       9905 
0424       9900 
0425       9883 
0426       9873 
0427       9860 
0428       9820 
0429       9806 
0430       9790 
0431       9770 
0432       9761 
0433       9761 
0434       9731 
0435       9692 
0436       9691 
0437       9688 
0438       9684 
0439       9677 
0440       9667 
0441       9640 
0442       9633 
0443       9616 
0444       9612 
0445       9603 
0446       9579 
0447       9578 
0448       9573 
0449       9573 
0450       9568 
0451       9550 
0452       9543 
0453       9528 
0454       9515 
0455       9503 
0456       9493 
0457       9484 
0458       9478 
0459       9471 
0460       9471 
0461       9471 
0462       9452 
0463       9440 
0464       9426 
0465       9425 
0466       9424 
0467       9409 
0468       9409 
0469       9410 
0470       9410 
0471       9376 
0472       9376 
0473       9376 
0474       9372 
0475       9372 
0476       9365 
0477       9365 
0478       9361 
0479       9360 
0480       9353 
0481       9353 
0482       9344 
0483       9344 
0484       9344 
0485       9336 
0486       9329 
0487       9336 
0488       9339 
0489       9339 
0490       9325 
0491       9320 
0492       9320 
0493       9307 
0494       9307 
0495       9309 
0496       9309 
0497       9309 
0498       9297 
0499       9297 
0500       9297 
0501       9299 
0502       9299 
0503       9299 
0504       9298 
0505       9298 
0506       9298 
0507       9298 
0508       9283 
0509       9283 
0510       9296 
0511       9296 
0512       9277 
0513       9277 
0514       9287 
0515       9289 
0516       9308 
0517       9310 
0518       9314 
0519       9314 
0520       9329 
0521       9329 
0522       9332 
0523       9336 
0524       9332 
0525       9339 
0526       9339 
0527       9339 
0528       9356 
0529       9360 
0530       9361 
0531       9372 
0532       9372 
0533       9384 
0534       9386 
0535       9409 
0536       9417 
0537       9409 
0538       2741 
0539       2738 
0540       2738 
0541       2740 
0542       2740 
0543       2740 
0544       2740 
0545       2731 
0546       2719 
0547       2710 
0548       2710 
0549       2708 
0550       2707 
0551       2707 
0552       2708 
0553       2718 
0554       2727 
0555       2737 
0556       2759 
0557       2772 
0558       2781 
0559       2793 
0560       2801 
0561       2802 
0562       2839 
0563       2841 
0564       9687 
0565       9692 
0566       9709 
0567       9709 
0568       9713 
0569       9726 
0570       9739 
0571       9753 
0572       9763 
0573       9778 
0574       9810 
0575       9811 
0576       9821 
0577       9827 
0578       9842 
0579       9867 
0580       9871 
0581       9900 
0582       9901 
0583       9904 
0584       9944 
0585       9951 
0586       9989 
0587       9999 
0588       10018 
0589       10034 
0590       10045 
0591       10064 
0592       10100 
0593       10130 
0594       10149 
0595       10162 
0596       10175 
0597       10188 
0598       10221 
0599       10223 
0600       10237 
0601       10237 
0602       3262 
0603       3262 
0604       3262 
0605       3270 
0606       3275 
0607       3275 
0608       3275 
0609       3281 
0610       3310 
0611       3325 
0612       3378 
0613       3764 
0614       3764 
0615       3764 
0616       2564 
0617       2550 
0618       2532 
0619       2431 
0620       2355 
0621       2016 
0622       1764 
0623       1764 
0624       1764 
0625       1775 
0626       1794 
0627       1794 
0628       1794 
0629       1730 
0630       1677 
0631       1662 
0632       1655 
0633       1655 
0634       1655 
0635       1655 
0636       1657 
0637       1669 
0638       1669 
0639       1687 
0640       1687 
0641       1687 
0642       1689 
0643       1699 
0644       1714 
0645       1715 
0646       1728 
0647       1735 
0648       1736 
0649       1736 
0650       1749 
0651       1754 
0652       1765 
0653       1777 
0654       1780 
0655       1780 
0656       1779 
0657       1777 
0658       1676 
0659       1585 
0660       1580 
0661       1580 
0662       1580 
0663       1643 
0664       1808 
0665       1808 
0666       1808 
0667       1743 
0668       1446 
0669       1375 
0670       1369 
0671       1369 
0672       1369 
0673       1450 
0674       1698 
0675       1894 
0676       1923 
0677       1935 
0678       1935 
0679       1935 
0680       1551 
0681       1181 
0682       1143 
0683       1143 
0684       1143 
0685       1155 
0686       1217 
0687       1458 
0688       1805 
0689       2052 
0690       2062 
0691       2073 
0692       2084 
0693       2085 
0694       2093 
0695       2093 
0696       2093 
0697       2098 
0698       2088 
0699       1955 
0700       946 
0701       928 
0702       927 
0703       927 
0704       927 
0705       932 
0706       940 
0707       1861 
0708       1917 
0709       1919 
0710       1926 
0711       3854 
0712       3878 
0713       3907 
0714       3922 
0715       3953 
0716       3968 
0717       3996 
0718       4009 
0719       4040 
0720       4065 
0721       4081 
0722       4108 
0723       4143 
0724       4143 
0725       4143 
0726       721 
0727       707 
0728       697 
0729       697 
0730       692 
0731       692 
0732       692 
0733       705 
0734       705 
0735       705 
0736       704 
0737       704 
0738       704 
0739       709 
0740       723 
0741       723 
0742       725 
0743       725 
0744       7244 
0745       7248 
0746       7248 
0747       7220 
0748       7220 
0749       7229 
0750       7231 
0751       7231 
0752       7055 
0753       1803 
0754       1803 
0755       1803 
0756       1806 
0757       8098 
0758       8192 
0759       8265 
0760       8408 
0761       8445 
0762       8546 
0763       8622 
0764       8670 
0765       8774 
0766       8889 
0767       8960 
0768       9064 
0769       9188 
0770       9258 
0771       9382 
0772       9451 
0773       9562 
0774       9677 
0775       9768 
0776       9881 
0777       10042 
0778       10042 
0779       1761 
0780       1756 
0781       1756 
0782       1761 
0783       10678 
0784       10881 
0785       11122 
0786       11279 
0787       11444 
0788       11613 
0789       11729 
0790       11890 
0791       12053 
0792       12265 
0793       12402 
0794       12662 
0795       12838 
0796       13073 
0797       13279 
0798       13495 
0799       13723 
0800       13793 
0801       13793 
0802       1 
0803       1 
0804       1 
0805       1 
0806       1730 
0807       1735 
0808       1740 
0809       1740 
0810       1740 
0811       1740 
0812       1734 
0813       1 
0814       1 
0815       1 
0816       1 
0817       1 
0818       1 
0819       1 
0820       1 
0821       1 
0822       1 
0823       1 
0824       1 
0825       1 
0826       1 
0827       1 
0828       1 
0829       1 
0830       1 
0831       1 
0832       1 
0833       1 
0834       1 
0835       1 
0836       1 
0837       1 
0838       1 
0839       1 
0840       1 
0841       1 
0842       1 
0843       1 
0844       1 
0845       1 
0846       1 
0847       1 
0848       1 
0849       1 
0850       1 
0851       1 
0852       1 
0853       1 
0854       1 
0855       1 
0856       1 
0857       1 
0858       1 
0859       1 
0860       1 
0861       1 
0862       1 
0863       1 
0864       1 
0865       1 
0866       1 
0867       1 
0868       1 
0869       1 
0870       1 
0871       1 
0872       1 
0873       1 
0874       1 
0875       1 
0876       1 
0877       1 
0878       1 
0879       1 
0880       1 
0881       1 
0882       1 
0883       1 
0884       1 
0885       1 
0886       1 
0887       1 
0888       1 
0889       1 
0890       1 
0891       1 
0892       1 
0893       1 
0894       1 
0895       1 
0896       1 
0897       1 
0898       1 
0899       1 
0900       1 
0901       1 
0902       1 
0903       1 
0904       1 
0905       1 
0906       1 
0907       1 
0908       1 
0909       1 
0910       1 
0911       1 
0912       1 
0913       1 
0914       1 
0915       1 
0916       1 
0917       1 
0918       1 
0919       1 
0920       1 
0921       1 
0922       1 
0923       1 
0924       1 
0925       1 
0926       1 
0927       1 
0928       1 
0929       1 
0930       1 
0931       1 
0932       1 
0933       1 
0934       1 
0935       1 
0936       1 
0937       1 
0938       1 
0939       1 
0940       1 
0941       1 
0942       1 
0943       1 
0944       1 
0945       1 
0946       1 
0947       1 
0948       1 
0949       1 
0950       1 
0951       1 
0952       1 
0953       1 
0954       1 
0955       1 
0956       1 
0957       1 
0958       1 
0959       1 
0960       1 
0961       1 
0962       1 
0963       1 
0964       1 
0965       1 
0966       1 
0967       1 
0968       1 
0969       1 
0970       1 
0971       1 
0972       1 
0973       1 
0974       1 
0975       1 
0976       1 
0977       1 
0978       1 
0979       1 
0980       1 
0981       1 
0982       1 
0983       1 
0984       1 
0985       1 
0986       1 
0987       1 
0988       1 
0989       1 
0990       1 
0991       1 
0992       1 
0993       1 
0994       1 
0995       1 
0996       1 
0997       1 
0998       1 
0999       1 
1000       1 
1001       1 
1002       1 
1003       1 
1004       1 
1005       1 
1006       4 
1007       4 
1008       4 
1009       4 
1010       43 
1011       43 
1012       46 
1013       59 
1014       59 
1015       52 
1016       52 
1017       52 
1018       52 
1019       45 
1020       45 
1021       45 
1022       45 
1023       45 
1024       50 
1025       61 
1026       66 
1027       66 
1028       66 
1029       61 
1030       49 
1031       49 
1032       49 
1033       59 
1034       59 
1035       60 
1036       61 
1037       61 
1038       60 
1039       66 
1040       66 
1041       66 
1042       65 
1043       66 
1044       65 
1045       64 
1046       64 
1047       72 
1048       64 
1049       65 
1050       65 
1051       65 
1052       65 
1053       65 
1054       64 
1055       67 
1056       66 
1057       65 
1058       66 
1059       66 
1060       65 
1061       65 
1062       66 
1063       66 
1064       66 
1065       66 
1066       66 
1067       66 
1068       66 
1069       66 
1070       66 
1071       66 
1072       69 
1073       69 
1074       66 
1075       69 
1076       69 
1077       67 
1078       67 
1079       67 
1297966616.902797
