0000       1 
0001       1 
0002       1 
0003       1 
0004       1 
0005       1 
0006       1 
0007       1 
0008       1 
0009       1 
0010       1 
0011       1 
0012       1 
0013       1 
0014       1 
0015       1 
0016       1 
0017       1 
0018       1 
0019       1 
0020       1 
0021       1 
0022       1 
0023       1 
0024       1 
0025       1 
0026       1 
0027       1 
0028       1 
0029       1 
0030       1 
0031       1 
0032       1 
0033       1 
0034       1 
0035       1 
0036       1 
0037       1 
0038       1 
0039       1 
0040       1 
0041       1 
0042       1 
0043       1 
0044       1 
0045       1 
0046       1 
0047       1 
0048       1 
0049       1 
0050       1 
0051       1 
0052       1 
0053       1 
0054       1 
0055       1 
0056       1 
0057       1 
0058       1 
0059       1 
0060       1 
0061       1 
0062       1 
0063       1 
0064       1 
0065       1 
0066       1 
0067       1 
0068       1 
0069       1 
0070       1 
0071       1 
0072       1 
0073       1 
0074       1 
0075       1 
0076       1 
0077       1 
0078       1 
0079       1 
0080       1 
0081       1 
0082       1 
0083       1 
0084       1 
0085       1 
0086       1 
0087       1 
0088       1 
0089       1 
0090       1 
0091       1 
0092       1 
0093       1 
0094       1 
0095       1 
0096       1 
0097       1 
0098       1 
0099       1 
0100       1 
0101       1 
0102       1 
0103       1 
0104       1 
0105       1 
0106       1 
0107       1 
0108       1 
0109       1 
0110       1 
0111       1 
0112       1 
0113       1 
0114       1 
0115       1 
0116       1 
0117       1 
0118       1 
0119       1 
0120       1 
0121       1 
0122       1 
0123       1 
0124       1 
0125       1 
0126       1 
0127       1 
0128       1 
0129       1 
0130       1 
0131       1 
0132       1 
0133       1 
0134       1 
0135       1 
0136       1 
0137       1 
0138       1 
0139       1 
0140       1 
0141       1 
0142       1 
0143       1 
0144       1 
0145       1 
0146       1 
0147       1 
0148       1 
0149       1 
0150       1 
0151       1 
0152       1 
0153       1 
0154       1 
0155       1 
0156       1 
0157       1 
0158       1 
0159       1 
0160       1 
0161       1 
0162       1 
0163       1 
0164       1 
0165       1 
0166       1 
0167       1 
0168       1 
0169       1 
0170       1 
0171       1 
0172       1 
0173       1 
0174       1 
0175       1 
0176       1 
0177       1 
0178       1 
0179       1 
0180       1 
0181       1 
0182       1 
0183       1 
0184       1 
0185       1 
0186       1 
0187       1 
0188       1 
0189       1 
0190       1 
0191       1 
0192       1 
0193       1 
0194       1 
0195       1 
0196       1 
0197       1 
0198       1 
0199       1 
0200       1 
0201       1 
0202       1 
0203       1 
0204       1 
0205       1 
0206       1 
0207       1 
0208       1 
0209       1 
0210       1 
0211       1 
0212       1 
0213       1 
0214       1 
0215       1 
0216       1 
0217       1 
0218       1 
0219       1 
0220       1 
0221       1 
0222       1 
0223       1 
0224       1 
0225       1 
0226       1 
0227       1 
0228       1 
0229       1 
0230       1 
0231       1 
0232       1 
0233       1 
0234       1 
0235       1 
0236       1 
0237       1 
0238       1 
0239       1 
0240       1 
0241       1 
0242       1 
0243       1 
0244       1 
0245       1 
0246       1 
0247       1 
0248       1 
0249       1 
0250       1 
0251       1 
0252       1 
0253       1 
0254       1 
0255       1 
0256       1 
0257       18015 
0258       18042 
0259       18042 
0260       18015 
0261       17805 
0262       17599 
0263       17403 
0264       16441 
0265       1 
0266       1 
0267       1 
0268       14843 
0269       14843 
0270       14876 
0271       14888 
0272       14924 
0273       14964 
0274       14999 
0275       15038 
0276       15042 
0277       15081 
0278       15088 
0279       15125 
0280       15147 
0281       15148 
0282       15149 
0283       15189 
0284       15261 
0285       15261 
0286       1 
0287       1 
0288       1 
0289       1 
0290       1 
0291       1 
0292       1 
0293       1 
0294       1 
0295       1 
0296       1 
0297       1 
0298       1 
0299       1 
0300       1 
0301       1 
0302       1 
0303       1 
0304       1 
0305       1 
0306       1 
0307       1 
0308       1 
0309       1 
0310       1 
0311       1 
0312       1 
0313       1 
0314       1 
0315       1 
0316       16446 
0317       16446 
0318       16341 
0319       16277 
0320       16102 
0321       15782 
0322       15693 
0323       15725 
0324       15725 
0325       15578 
0326       15548 
0327       15487 
0328       15326 
0329       15286 
0330       15177 
0331       15151 
0332       15042 
0333       14974 
0334       14872 
0335       14815 
0336       14762 
0337       14641 
0338       14601 
0339       14509 
0340       14504 
0341       14409 
0342       14363 
0343       14244 
0344       14184 
0345       14097 
0346       14041 
0347       13970 
0348       13959 
0349       13709 
0350       1 
0351       1 
0352       1 
0353       13229 
0354       13229 
0355       13229 
0356       1 
0357       1 
0358       1 
0359       1 
0360       1 
0361       1 
0362       1 
0363       1 
0364       1 
0365       1 
0366       1 
0367       1 
0368       1 
0369       1 
0370       1 
0371       12258 
0372       12303 
0373       12303 
0374       12277 
0375       12166 
0376       11922 
0377       11922 
0378       11922 
0379       11907 
0380       11907 
0381       11907 
0382       11873 
0383       11802 
0384       11748 
0385       11713 
0386       11657 
0387       11593 
0388       11548 
0389       11544 
0390       11492 
0391       11453 
0392       11408 
0393       11333 
0394       11291 
0395       11256 
0396       11220 
0397       11209 
0398       11116 
0399       11091 
0400       11082 
0401       11005 
0402       10989 
0403       10941 
0404       10938 
0405       10863 
0406       10847 
0407       10812 
0408       10766 
0409       10741 
0410       10710 
0411       10654 
0412       10639 
0413       10599 
0414       10578 
0415       10525 
0416       10505 
0417       10449 
0418       10423 
0419       10382 
0420       10345 
0421       10334 
0422       10306 
0423       10298 
0424       10246 
0425       10216 
0426       10196 
0427       10164 
0428       10149 
0429       10118 
0430       10107 
0431       10075 
0432       8568 
0433       8548 
0434       8485 
0435       8406 
0436       8380 
0437       8366 
0438       8365 
0439       8320 
0440       8315 
0441       8294 
0442       8263 
0443       8256 
0444       8256 
0445       8258 
0446       8258 
0447       8212 
0448       8167 
0449       8133 
0450       7768 
0451       7595 
0452       7595 
0453       7373 
0454       7373 
0455       7377 
0456       7387 
0457       7387 
0458       7341 
0459       7314 
0460       7300 
0461       7277 
0462       7261 
0463       7264 
0464       7264 
0465       7288 
0466       7329 
0467       7344 
0468       7401 
0469       7401 
0470       7353 
0471       7316 
0472       7316 
0473       7340 
0474       7340 
0475       7306 
0476       7306 
0477       7270 
0478       7170 
0479       7104 
0480       7104 
0481       7118 
0482       7118 
0483       7118 
0484       7122 
0485       7122 
0486       7120 
0487       7118 
0488       7069 
0489       7067 
0490       7064 
0491       7067 
0492       7074 
0493       7126 
0494       7193 
0495       7298 
0496       7356 
0497       7429 
0498       7431 
0499       7522 
0500       7715 
0501       7715 
0502       7527 
0503       7444 
0504       7444 
0505       7403 
0506       7337 
0507       7320 
0508       7320 
0509       7336 
0510       7336 
0511       7329 
0512       7329 
0513       7341 
0514       7398 
0515       7410 
0516       7447 
0517       7479 
0518       7514 
0519       7568 
0520       7652 
0521       7682 
0522       7719 
0523       7739 
0524       7837 
0525       7942 
0526       8249 
0527       8603 
0528       8633 
0529       8644 
0530       8648 
0531       8652 
0532       8652 
0533       8656 
0534       8656 
0535       8656 
0536       8655 
0537       8648 
0538       8655 
0539       8645 
0540       8663 
0541       8643 
0542       8646 
0543       8646 
0544       8659 
0545       8659 
0546       8651 
0547       8647 
0548       8647 
0549       8647 
0550       8632 
0551       8636 
0552       8631 
0553       8636 
0554       8631 
0555       8628 
0556       8628 
0557       8635 
0558       8638 
0559       8638 
0560       8638 
0561       8640 
0562       8640 
0563       8640 
0564       8645 
0565       8650 
0566       8645 
0567       8650 
0568       8670 
0569       8670 
0570       8670 
0571       8663 
0572       8663 
0573       8663 
0574       8666 
0575       8678 
0576       8678 
0577       8673 
0578       8673 
0579       8696 
0580       8704 
0581       8706 
0582       8706 
0583       8687 
0584       8685 
0585       8685 
0586       8685 
0587       8697 
0588       8727 
0589       8727 
0590       8713 
0591       8697 
0592       8473 
0593       8306 
0594       8272 
0595       8193 
0596       7957 
0597       7702 
0598       7648 
0599       7648 
0600       7670 
0601       7670 
0602       7633 
0603       7583 
0604       7536 
0605       7536 
0606       7536 
0607       7534 
0608       7503 
0609       7503 
0610       7512 
0611       7521 
0612       7521 
0613       7496 
0614       7496 
0615       7508 
0616       7547 
0617       7549 
0618       7555 
0619       7557 
0620       7571 
0621       7598 
0622       7618 
0623       7657 
0624       7676 
0625       7679 
0626       7731 
0627       7767 
0628       7793 
0629       9027 
0630       9031 
0631       9052 
0632       9052 
0633       9070 
0634       9074 
0635       9089 
0636       9100 
0637       9100 
0638       9100 
0639       9112 
0640       9131 
0641       9136 
0642       9131 
0643       8813 
0644       8731 
0645       8728 
0646       8731 
0647       8778 
0648       8817 
0649       9167 
0650       9231 
0651       9273 
0652       9307 
0653       9356 
0654       9385 
0655       9385 
0656       9368 
0657       9362 
0658       9356 
0659       9294 
0660       8465 
0661       8463 
0662       8463 
0663       8458 
0664       8412 
0665       8412 
0666       8416 
0667       8421 
0668       8421 
0669       8360 
0670       8360 
0671       8325 
0672       8360 
0673       8394 
0674       8439 
0675       8511 
0676       9895 
0677       9895 
0678       9895 
0679       9914 
0680       9966 
0681       9966 
0682       9970 
0683       10004 
0684       10038 
0685       10104 
0686       10162 
0687       10211 
0688       10227 
0689       10257 
0690       10285 
0691       10339 
0692       10342 
0693       10398 
0694       10398 
0695       10412 
0696       10480 
0697       10503 
0698       10529 
0699       10560 
0700       10612 
0701       10670 
0702       10671 
0703       10748 
0704       10774 
0705       10830 
0706       10906 
0707       10937 
0708       10979 
0709       11026 
0710       11026 
0711       10979 
0712       10812 
0713       10772 
0714       10687 
0715       10650 
0716       10594 
0717       10534 
0718       10476 
0719       10425 
0720       10371 
0721       10326 
0722       10268 
0723       10227 
0724       10142 
0725       10121 
0726       10071 
0727       10038 
0728       9983 
0729       9930 
0730       9893 
0731       9861 
0732       9858 
0733       9861 
0734       9875 
0735       9877 
0736       9877 
0737       9833 
0738       9762 
0739       9726 
0740       9696 
0741       9656 
0742       9605 
0743       9564 
0744       9533 
0745       9507 
0746       9449 
0747       9408 
0748       9347 
0749       9343 
0750       9313 
0751       9276 
0752       9209 
0753       9204 
0754       9163 
0755       9122 
0756       8885 
0757       8815 
0758       8783 
0759       8754 
0760       8726 
0761       8698 
0762       8678 
0763       8642 
0764       8600 
0765       8576 
0766       8549 
0767       8532 
0768       8500 
0769       8468 
0770       8448 
0771       8414 
0772       8383 
0773       8374 
0774       8345 
0775       8320 
0776       8288 
0777       8256 
0778       8237 
0779       8222 
0780       8197 
0781       8175 
0782       8153 
0783       8114 
0784       8096 
0785       8082 
0786       8043 
0787       8040 
0788       8018 
0789       7989 
0790       7975 
0791       7947 
0792       7929 
0793       7909 
0794       7890 
0795       7864 
0796       7838 
0797       7838 
0798       7835 
0799       7840 
0800       7852 
0801       7858 
0802       7868 
0803       7878 
0804       7878 
0805       7854 
0806       7827 
0807       7807 
0808       7791 
0809       7761 
0810       7753 
0811       7716 
0812       7685 
0813       7675 
0814       7652 
0815       7623 
0816       7597 
0817       7573 
0818       7556 
0819       7542 
0820       7519 
0821       7494 
0822       7473 
0823       7446 
0824       7429 
0825       7406 
0826       7371 
0827       7335 
0828       7308 
0829       7289 
0830       7252 
0831       7235 
0832       7228 
0833       7198 
0834       7191 
0835       7153 
0836       7110 
0837       7083 
0838       7078 
0839       7056 
0840       7051 
0841       7040 
0842       7040 
0843       7040 
0844       6993 
0845       6967 
0846       6953 
0847       6893 
0848       6869 
0849       6841 
0850       6837 
0851       6823 
0852       6795 
0853       6736 
0854       6696 
0855       6686 
0856       6662 
0857       6657 
0858       6621 
0859       6617 
0860       6615 
0861       6606 
0862       6599 
0863       6581 
0864       6540 
0865       6539 
0866       6519 
0867       6501 
0868       6499 
0869       6484 
0870       6482 
0871       6482 
0872       6427 
0873       6413 
0874       6399 
0875       6399 
0876       6438 
0877       6562 
0878       6728 
0879       6947 
0880       7080 
0881       7080 
0882       7065 
0883       7062 
0884       7047 
0885       7047 
0886       7043 
0887       7013 
0888       7043 
0889       7028 
0890       7028 
0891       7025 
0892       7025 
0893       7022 
0894       7025 
0895       7022 
0896       7015 
0897       7015 
0898       6998 
0899       7010 
0900       6993 
0901       6991 
0902       6988 
0903       6974 
0904       6974 
0905       6976 
0906       6982 
0907       6976 
0908       6980 
0909       6963 
0910       6963 
0911       1 
0912       1 
0913       1 
0914       1 
0915       1 
0916       1 
0917       1 
0918       1 
0919       1 
0920       1 
0921       1 
0922       1 
0923       1 
0924       1 
0925       1 
0926       1 
0927       1 
0928       1 
0929       1 
0930       1 
0931       1 
0932       1 
0933       1 
0934       1 
0935       1 
0936       1 
0937       1 
0938       1 
0939       1 
0940       1 
0941       1 
0942       1 
0943       1 
0944       1 
0945       1 
0946       1 
0947       1 
0948       1 
0949       1 
0950       1 
0951       1 
0952       1 
0953       1 
0954       1 
0955       1 
0956       1 
0957       1 
0958       1 
0959       1 
0960       1 
0961       1 
0962       1 
0963       1 
0964       1 
0965       1 
0966       1 
0967       1 
0968       1 
0969       1 
0970       1 
0971       1 
0972       1 
0973       1 
0974       1 
0975       1 
0976       1 
0977       1 
0978       1 
0979       1 
0980       1 
0981       1 
0982       1 
0983       1 
0984       1 
0985       1 
0986       1 
0987       1 
0988       1 
0989       1 
0990       1 
0991       1 
0992       1 
0993       1 
0994       1 
0995       1 
0996       1 
0997       1 
0998       1 
0999       1 
1000       1 
1001       1 
1002       1 
1003       1 
1004       1 
1005       1 
1006       1 
1007       1 
1008       57 
1009       57 
1010       42 
1011       42 
1012       42 
1013       42 
1014       44 
1015       44 
1016       44 
1017       4 
1018       4 
1019       4 
1020       44 
1021       48 
1022       48 
1023       60 
1024       45 
1025       59 
1026       59 
1027       60 
1028       59 
1029       59 
1030       55 
1031       53 
1032       53 
1033       48 
1034       53 
1035       59 
1036       66 
1037       66 
1038       66 
1039       66 
1040       66 
1041       73 
1042       73 
1043       73 
1044       73 
1045       72 
1046       69 
1047       69 
1048       66 
1049       65 
1050       65 
1051       66 
1052       69 
1053       69 
1054       70 
1055       70 
1056       69 
1057       69 
1058       69 
1059       69 
1060       69 
1061       69 
1062       69 
1063       69 
1064       68 
1065       66 
1066       66 
1067       66 
1068       66 
1069       66 
1070       68 
1071       68 
1072       67 
1073       67 
1074       68 
1075       67 
1076       67 
1077       65 
1078       65 
1079       64 
1297966692.914479
