0000       1 
0001       1 
0002       1 
0003       1 
0004       1 
0005       1 
0006       1 
0007       1 
0008       1 
0009       1 
0010       1 
0011       1 
0012       1 
0013       1 
0014       1 
0015       1 
0016       1 
0017       1 
0018       1 
0019       1 
0020       1 
0021       1 
0022       1 
0023       1 
0024       1 
0025       1 
0026       1 
0027       1 
0028       1 
0029       1 
0030       1 
0031       1 
0032       1 
0033       1 
0034       1 
0035       1 
0036       1 
0037       1 
0038       1 
0039       1 
0040       1 
0041       1 
0042       1 
0043       1 
0044       1 
0045       1 
0046       1 
0047       1 
0048       1 
0049       1 
0050       1 
0051       1 
0052       1 
0053       1 
0054       1 
0055       1 
0056       1 
0057       1 
0058       1 
0059       1 
0060       1 
0061       1 
0062       1 
0063       1 
0064       1 
0065       1 
0066       1 
0067       1 
0068       1 
0069       1 
0070       1 
0071       1 
0072       1 
0073       1 
0074       1 
0075       1 
0076       1 
0077       1 
0078       1 
0079       1 
0080       1 
0081       1 
0082       1 
0083       1 
0084       1 
0085       1 
0086       1 
0087       1 
0088       1 
0089       1 
0090       1 
0091       1 
0092       1 
0093       1 
0094       1 
0095       1 
0096       1 
0097       1 
0098       1 
0099       1 
0100       1 
0101       1 
0102       1 
0103       1 
0104       1 
0105       1 
0106       1 
0107       1 
0108       1 
0109       1 
0110       1 
0111       1 
0112       1 
0113       1 
0114       1 
0115       1 
0116       1 
0117       1 
0118       1 
0119       1 
0120       1 
0121       1 
0122       1 
0123       1 
0124       4697 
0125       4697 
0126       4697 
0127       4677 
0128       4676 
0129       4672 
0130       4672 
0131       4668 
0132       4665 
0133       4655 
0134       4647 
0135       4636 
0136       4634 
0137       4630 
0138       4627 
0139       4622 
0140       4618 
0141       4613 
0142       4605 
0143       4604 
0144       4600 
0145       4599 
0146       4592 
0147       4585 
0148       4583 
0149       4583 
0150       4580 
0151       4573 
0152       4572 
0153       4571 
0154       4571 
0155       4565 
0156       4554 
0157       4551 
0158       4551 
0159       4550 
0160       4540 
0161       4540 
0162       4536 
0163       4536 
0164       4535 
0165       4535 
0166       4531 
0167       4531 
0168       4528 
0169       4529 
0170       4528 
0171       4521 
0172       4528 
0173       4520 
0174       4516 
0175       4509 
0176       4507 
0177       4504 
0178       4503 
0179       4502 
0180       4502 
0181       4500 
0182       4500 
0183       4500 
0184       4500 
0185       4498 
0186       4491 
0187       4491 
0188       4491 
0189       4495 
0190       4498 
0191       4498 
0192       4498 
0193       4498 
0194       4496 
0195       4496 
0196       4500 
0197       4500 
0198       4496 
0199       4500 
0200       4492 
0201       4492 
0202       4501 
0203       4501 
0204       4501 
0205       4502 
0206       4502 
0207       4500 
0208       4502 
0209       4503 
0210       4502 
0211       4503 
0212       4506 
0213       4516 
0214       4516 
0215       4516 
0216       4516 
0217       4516 
0218       4516 
0219       4526 
0220       4527 
0221       4531 
0222       4531 
0223       4533 
0224       4536 
0225       4538 
0226       4544 
0227       4544 
0228       4547 
0229       4547 
0230       4549 
0231       4564 
0232       4564 
0233       4564 
0234       4564 
0235       4565 
0236       4566 
0237       4569 
0238       4576 
0239       4584 
0240       4586 
0241       4586 
0242       4587 
0243       4596 
0244       4599 
0245       4604 
0246       4612 
0247       4616 
0248       4617 
0249       4621 
0250       4635 
0251       4639 
0252       4642 
0253       4645 
0254       4649 
0255       4654 
0256       4666 
0257       4673 
0258       4675 
0259       4677 
0260       4681 
0261       4686 
0262       4693 
0263       4714 
0264       4715 
0265       4716 
0266       4723 
0267       4727 
0268       4732 
0269       4734 
0270       4747 
0271       4747 
0272       4752 
0273       4754 
0274       4778 
0275       4782 
0276       4784 
0277       4810 
0278       4811 
0279       4813 
0280       4816 
0281       4821 
0282       4840 
0283       4856 
0284       4861 
0285       4864 
0286       4868 
0287       4884 
0288       4888 
0289       4904 
0290       4908 
0291       4925 
0292       5010 
0293       5150 
0294       5186 
0295       5198 
0296       5211 
0297       5244 
0298       5244 
0299       5249 
0300       5257 
0301       5273 
0302       5278 
0303       5294 
0304       5295 
0305       5321 
0306       5326 
0307       5349 
0308       5357 
0309       5364 
0310       5382 
0311       5387 
0312       5408 
0313       5424 
0314       5440 
0315       5459 
0316       5467 
0317       5490 
0318       5502 
0319       5518 
0320       5527 
0321       5545 
0322       5547 
0323       5573 
0324       5581 
0325       5617 
0326       5626 
0327       5632 
0328       5649 
0329       5675 
0330       5686 
0331       5698 
0332       5720 
0333       5722 
0334       5722 
0335       5722 
0336       5753 
0337       5753 
0338       5751 
0339       5746 
0340       5711 
0341       5698 
0342       5658 
0343       5658 
0344       5674 
0345       5710 
0346       5736 
0347       5741 
0348       5781 
0349       5782 
0350       5826 
0351       5826 
0352       1 
0353       1 
0354       1 
0355       1 
0356       1 
0357       1 
0358       1 
0359       1 
0360       1 
0361       1 
0362       1 
0363       1 
0364       1 
0365       1 
0366       1 
0367       1 
0368       1 
0369       1 
0370       1 
0371       1 
0372       1 
0373       1 
0374       1 
0375       1 
0376       9201 
0377       9201 
0378       9154 
0379       1 
0380       1 
0381       9014 
0382       9014 
0383       9015 
0384       9014 
0385       8926 
0386       8921 
0387       8673 
0388       7160 
0389       7160 
0390       7160 
0391       7201 
0392       7203 
0393       7240 
0394       7271 
0395       7288 
0396       8572 
0397       8572 
0398       8550 
0399       8522 
0400       8446 
0401       8421 
0402       8392 
0403       8380 
0404       8317 
0405       8308 
0406       8280 
0407       8268 
0408       8230 
0409       8104 
0410       8023 
0411       8023 
0412       8038 
0413       8053 
0414       8074 
0415       8074 
0416       8060 
0417       8060 
0418       8069 
0419       8108 
0420       8178 
0421       8178 
0422       1 
0423       1 
0424       1 
0425       1 
0426       1 
0427       1 
0428       1 
0429       1 
0430       1 
0431       1 
0432       1 
0433       1 
0434       9395 
0435       9428 
0436       9443 
0437       9443 
0438       9440 
0439       9427 
0440       9427 
0441       9444 
0442       9477 
0443       9477 
0444       9472 
0445       9453 
0446       9429 
0447       9422 
0448       9398 
0449       9393 
0450       9393 
0451       9392 
0452       9382 
0453       9371 
0454       9310 
0455       9027 
0456       9003 
0457       8922 
0458       8922 
0459       7868 
0460       7779 
0461       7779 
0462       7779 
0463       7763 
0464       7726 
0465       7716 
0466       7709 
0467       7656 
0468       7648 
0469       7588 
0470       7569 
0471       7564 
0472       7549 
0473       7527 
0474       7527 
0475       7568 
0476       7568 
0477       7456 
0478       7428 
0479       7419 
0480       7399 
0481       7376 
0482       7376 
0483       7326 
0484       7323 
0485       7294 
0486       7281 
0487       7294 
0488       7321 
0489       7321 
0490       7264 
0491       7256 
0492       7264 
0493       7267 
0494       7267 
0495       7279 
0496       7282 
0497       7282 
0498       7231 
0499       7218 
0500       7218 
0501       7253 
0502       7340 
0503       7392 
0504       7422 
0505       7467 
0506       7467 
0507       7457 
0508       7457 
0509       8574 
0510       8603 
0511       8603 
0512       8562 
0513       8553 
0514       8558 
0515       8553 
0516       8551 
0517       8539 
0518       8536 
0519       8536 
0520       8528 
0521       8527 
0522       8520 
0523       8502 
0524       8498 
0525       8471 
0526       8471 
0527       8487 
0528       8487 
0529       8477 
0530       8476 
0531       8476 
0532       8476 
0533       8464 
0534       8464 
0535       8453 
0536       8442 
0537       8436 
0538       8436 
0539       8433 
0540       8431 
0541       8429 
0542       8429 
0543       8428 
0544       8441 
0545       8427 
0546       8435 
0547       8424 
0548       8419 
0549       8419 
0550       8419 
0551       8419 
0552       8407 
0553       8407 
0554       8416 
0555       8418 
0556       8418 
0557       8418 
0558       8418 
0559       8418 
0560       8425 
0561       8425 
0562       8433 
0563       8431 
0564       8431 
0565       8431 
0566       8431 
0567       8445 
0568       8445 
0569       8438 
0570       8438 
0571       8458 
0572       8471 
0573       8475 
0574       8477 
0575       8478 
0576       8478 
0577       8478 
0578       8475 
0579       8491 
0580       8504 
0581       8504 
0582       8512 
0583       8516 
0584       8517 
0585       8528 
0586       8528 
0587       8530 
0588       8564 
0589       8564 
0590       8561 
0591       8561 
0592       8573 
0593       8575 
0594       8581 
0595       8581 
0596       8597 
0597       8598 
0598       8616 
0599       8628 
0600       8633 
0601       8641 
0602       8641 
0603       8646 
0604       8654 
0605       8660 
0606       8666 
0607       8679 
0608       8684 
0609       8692 
0610       8708 
0611       8714 
0612       8735 
0613       8745 
0614       8749 
0615       8762 
0616       8772 
0617       8776 
0618       8792 
0619       8792 
0620       8800 
0621       8840 
0622       8846 
0623       8855 
0624       8856 
0625       8859 
0626       8881 
0627       8886 
0628       8888 
0629       8912 
0630       8923 
0631       8948 
0632       8948 
0633       8948 
0634       8964 
0635       8967 
0636       9008 
0637       9012 
0638       9012 
0639       9017 
0640       9023 
0641       9042 
0642       9044 
0643       9044 
0644       8987 
0645       8896 
0646       8869 
0647       8845 
0648       8797 
0649       8768 
0650       8710 
0651       8710 
0652       8707 
0653       8707 
0654       8646 
0655       8646 
0656       8659 
0657       8662 
0658       8662 
0659       8670 
0660       8696 
0661       8745 
0662       8817 
0663       8817 
0664       8803 
0665       8778 
0666       8778 
0667       8762 
0668       8747 
0669       8742 
0670       8742 
0671       8678 
0672       8620 
0673       8496 
0674       8448 
0675       8428 
0676       8414 
0677       8414 
0678       8556 
0679       8767 
0680       8767 
0681       8767 
0682       8875 
0683       9588 
0684       9588 
0685       9519 
0686       9241 
0687       8332 
0688       8321 
0689       8321 
0690       8373 
0691       8373 
0692       8794 
0693       10221 
0694       10221 
0695       10171 
0696       10154 
0697       10076 
0698       10012 
0699       9880 
0700       9278 
0701       9278 
0702       9292 
0703       9353 
0704       9353 
0705       9290 
0706       9290 
0707       9322 
0708       9322 
0709       9322 
0710       1 
0711       1 
0712       1 
0713       1 
0714       1 
0715       1 
0716       1 
0717       1 
0718       1 
0719       1 
0720       1 
0721       1 
0722       1 
0723       1 
0724       1 
0725       11458 
0726       11524 
0727       11581 
0728       11623 
0729       11703 
0730       11712 
0731       11775 
0732       11775 
0733       11775 
0734       11868 
0735       11880 
0736       11896 
0737       11905 
0738       11907 
0739       11907 
0740       11872 
0741       11857 
0742       11857 
0743       11848 
0744       11848 
0745       11728 
0746       11728 
0747       11728 
0748       11728 
0749       11713 
0750       11607 
0751       1 
0752       1 
0753       1 
0754       1 
0755       1 
0756       1 
0757       1 
0758       1 
0759       1 
0760       12719 
0761       12721 
0762       12747 
0763       12841 
0764       12841 
0765       1 
0766       1 
0767       1 
0768       1 
0769       1 
0770       12799 
0771       12799 
0772       12863 
0773       12799 
0774       12763 
0775       12712 
0776       12664 
0777       12664 
0778       12664 
0779       12642 
0780       12642 
0781       12668 
0782       12795 
0783       12850 
0784       12850 
0785       12850 
0786       12929 
0787       14892 
0788       14892 
0789       14938 
0790       15647 
0791       15647 
0792       15603 
0793       15571 
0794       15521 
0795       15471 
0796       15425 
0797       15399 
0798       15393 
0799       15317 
0800       15286 
0801       15245 
0802       15229 
0803       15185 
0804       15163 
0805       15163 
0806       15208 
0807       15256 
0808       15257 
0809       15275 
0810       17216 
0811       17216 
0812       15065 
0813       15035 
0814       15015 
0815       14998 
0816       14939 
0817       14913 
0818       14889 
0819       14874 
0820       14856 
0821       14816 
0822       14805 
0823       14732 
0824       14513 
0825       14496 
0826       14466 
0827       14442 
0828       14401 
0829       14393 
0830       14350 
0831       14336 
0832       14315 
0833       14275 
0834       14256 
0835       14248 
0836       14243 
0837       14190 
0838       14173 
0839       14139 
0840       14123 
0841       14101 
0842       14084 
0843       14072 
0844       14040 
0845       14034 
0846       14007 
0847       14001 
0848       13984 
0849       13952 
0850       13948 
0851       13918 
0852       13918 
0853       13944 
0854       13989 
0855       14077 
0856       14077 
0857       14045 
0858       13999 
0859       13979 
0860       13974 
0861       13966 
0862       13966 
0863       13962 
0864       13918 
0865       13902 
0866       13882 
0867       13879 
0868       13879 
0869       13869 
0870       13831 
0871       13831 
0872       13846 
0873       13846 
0874       13676 
0875       13592 
0876       13576 
0877       13573 
0878       13550 
0879       13524 
0880       13520 
0881       13515 
0882       13496 
0883       13496 
0884       13591 
0885       13657 
0886       13663 
0887       13658 
0888       13658 
0889       13658 
0890       13632 
0891       13640 
0892       13640 
0893       15609 
0894       15609 
0895       1 
0896       1 
0897       1 
0898       1 
0899       1 
0900       1 
0901       1 
0902       1 
0903       1 
0904       1 
0905       1 
0906       1 
0907       1 
0908       1 
0909       1 
0910       1 
0911       1 
0912       1 
0913       1 
0914       1 
0915       1 
0916       1 
0917       1 
0918       1 
0919       1 
0920       1 
0921       1 
0922       1 
0923       1 
0924       1 
0925       1 
0926       1 
0927       1 
0928       1 
0929       1 
0930       1 
0931       1 
0932       1 
0933       1 
0934       1 
0935       1 
0936       1 
0937       1 
0938       1 
0939       1 
0940       1 
0941       1 
0942       1 
0943       1 
0944       1 
0945       1 
0946       1 
0947       1 
0948       1 
0949       1 
0950       1 
0951       1 
0952       1 
0953       1 
0954       1 
0955       1 
0956       1 
0957       1 
0958       1 
0959       1 
0960       1 
0961       1 
0962       1 
0963       1 
0964       1 
0965       1 
0966       1 
0967       1 
0968       1 
0969       1 
0970       1 
0971       1 
0972       1 
0973       1 
0974       1 
0975       1 
0976       1 
0977       1 
0978       1 
0979       1 
0980       1 
0981       1 
0982       1 
0983       1 
0984       1 
0985       1 
0986       1 
0987       1 
0988       1 
0989       1 
0990       1 
0991       1 
0992       1 
0993       1 
0994       1 
0995       1 
0996       1 
0997       1 
0998       1 
0999       1 
1000       1 
1001       1 
1002       1 
1003       1 
1004       1 
1005       1 
1006       1 
1007       4 
1008       4 
1009       4 
1010       48 
1011       61 
1012       61 
1013       48 
1014       46 
1015       46 
1016       46 
1017       45 
1018       43 
1019       47 
1020       47 
1021       47 
1022       61 
1023       61 
1024       61 
1025       59 
1026       59 
1027       59 
1028       62 
1029       62 
1030       62 
1031       55 
1032       55 
1033       55 
1034       66 
1035       66 
1036       66 
1037       67 
1038       67 
1039       67 
1040       67 
1041       67 
1042       69 
1043       69 
1044       69 
1045       69 
1046       69 
1047       69 
1048       72 
1049       73 
1050       72 
1051       72 
1052       72 
1053       68 
1054       68 
1055       68 
1056       63 
1057       63 
1058       71 
1059       70 
1060       66 
1061       70 
1062       70 
1063       66 
1064       65 
1065       65 
1066       65 
1067       69 
1068       74 
1069       74 
1070       74 
1071       63 
1072       63 
1073       63 
1074       64 
1075       64 
1076       64 
1077       67 
1078       67 
1079       61 
1297966701.843460
