0000       1 
0001       1 
0002       1 
0003       1 
0004       1 
0005       1 
0006       1 
0007       1 
0008       1 
0009       1 
0010       1 
0011       1 
0012       1 
0013       1 
0014       1 
0015       1 
0016       1 
0017       1 
0018       1 
0019       1 
0020       1 
0021       1 
0022       1 
0023       1 
0024       1 
0025       1 
0026       1 
0027       1 
0028       1 
0029       1 
0030       1 
0031       1 
0032       1 
0033       1 
0034       1 
0035       1 
0036       1 
0037       1 
0038       1 
0039       1 
0040       1 
0041       1 
0042       1 
0043       1 
0044       1 
0045       1 
0046       1 
0047       1 
0048       1 
0049       1 
0050       1 
0051       1 
0052       1 
0053       1 
0054       1 
0055       1 
0056       1 
0057       1 
0058       1 
0059       1 
0060       1 
0061       1 
0062       1 
0063       1 
0064       1 
0065       1 
0066       1 
0067       1 
0068       1 
0069       1 
0070       1 
0071       1 
0072       1 
0073       1 
0074       1 
0075       1 
0076       1 
0077       1 
0078       1 
0079       1 
0080       1 
0081       1 
0082       1 
0083       1 
0084       1 
0085       1 
0086       1 
0087       1 
0088       1 
0089       1 
0090       1 
0091       1 
0092       1 
0093       1 
0094       1 
0095       1 
0096       1 
0097       1 
0098       1 
0099       1 
0100       1 
0101       1 
0102       1 
0103       1 
0104       1 
0105       1 
0106       1 
0107       1 
0108       1 
0109       1 
0110       1 
0111       1 
0112       1 
0113       1 
0114       1 
0115       1 
0116       1 
0117       1 
0118       1 
0119       1 
0120       1 
0121       1 
0122       1 
0123       1 
0124       1 
0125       1 
0126       1 
0127       1 
0128       1 
0129       1 
0130       1 
0131       1 
0132       1 
0133       1 
0134       1 
0135       1 
0136       1 
0137       1 
0138       1 
0139       1 
0140       1 
0141       1 
0142       1 
0143       1 
0144       1 
0145       1 
0146       1 
0147       1 
0148       1 
0149       1 
0150       1 
0151       1 
0152       1 
0153       1 
0154       1 
0155       1 
0156       1 
0157       1 
0158       1 
0159       1 
0160       1 
0161       1 
0162       1 
0163       1 
0164       1 
0165       1 
0166       1 
0167       1 
0168       1 
0169       1 
0170       1 
0171       1 
0172       1 
0173       1 
0174       1 
0175       1 
0176       1 
0177       1 
0178       1 
0179       1 
0180       1 
0181       1 
0182       1 
0183       1 
0184       1 
0185       1 
0186       1 
0187       1 
0188       1 
0189       1 
0190       1 
0191       1 
0192       1 
0193       1 
0194       1 
0195       1 
0196       1 
0197       1 
0198       1 
0199       1 
0200       1 
0201       1 
0202       1 
0203       1 
0204       1 
0205       1 
0206       1 
0207       1 
0208       1 
0209       1 
0210       1 
0211       1 
0212       1 
0213       1 
0214       1 
0215       1 
0216       1 
0217       1 
0218       1 
0219       1 
0220       1 
0221       1 
0222       1 
0223       1 
0224       1 
0225       1 
0226       1 
0227       1 
0228       1 
0229       1 
0230       1 
0231       1 
0232       1 
0233       1 
0234       1 
0235       1 
0236       1 
0237       1 
0238       1 
0239       1 
0240       1 
0241       1 
0242       1 
0243       1 
0244       1 
0245       1 
0246       1 
0247       1 
0248       1 
0249       1 
0250       1 
0251       1 
0252       1 
0253       1 
0254       1 
0255       1 
0256       1 
0257       1 
0258       1 
0259       1 
0260       1 
0261       1 
0262       1 
0263       1 
0264       1 
0265       1 
0266       13198 
0267       13218 
0268       13218 
0269       13275 
0270       13275 
0271       13146 
0272       13034 
0273       12994 
0274       12839 
0275       12724 
0276       12643 
0277       12560 
0278       12419 
0279       12239 
0280       12161 
0281       12161 
0282       12011 
0283       11931 
0284       11847 
0285       11760 
0286       11684 
0287       11594 
0288       11491 
0289       11402 
0290       11320 
0291       11246 
0292       11125 
0293       11091 
0294       10996 
0295       10922 
0296       10847 
0297       10775 
0298       10719 
0299       10641 
0300       10535 
0301       10445 
0302       10381 
0303       10336 
0304       10293 
0305       10247 
0306       10176 
0307       10095 
0308       10022 
0309       9977 
0310       9924 
0311       9825 
0312       9807 
0313       9749 
0314       9698 
0315       9613 
0316       9566 
0317       9511 
0318       9479 
0319       9413 
0320       9355 
0321       9306 
0322       9247 
0323       9186 
0324       9165 
0325       9111 
0326       9049 
0327       9015 
0328       8945 
0329       8931 
0330       8869 
0331       8842 
0332       8793 
0333       8788 
0334       8710 
0335       8684 
0336       8619 
0337       8589 
0338       8534 
0339       8486 
0340       8472 
0341       8408 
0342       8397 
0343       8355 
0344       8301 
0345       8271 
0346       8223 
0347       8187 
0348       8155 
0349       8128 
0350       8098 
0351       8067 
0352       7997 
0353       7987 
0354       7960 
0355       7925 
0356       7891 
0357       7840 
0358       7832 
0359       7797 
0360       7766 
0361       7752 
0362       7716 
0363       7673 
0364       7641 
0365       7627 
0366       7599 
0367       7568 
0368       7552 
0369       7516 
0370       7466 
0371       7443 
0372       7433 
0373       7394 
0374       7383 
0375       7350 
0376       7330 
0377       7302 
0378       7294 
0379       7259 
0380       7231 
0381       7224 
0382       7193 
0383       7158 
0384       7158 
0385       7124 
0386       7107 
0387       7097 
0388       7049 
0389       7035 
0390       6990 
0391       6975 
0392       6961 
0393       6950 
0394       6929 
0395       6919 
0396       6904 
0397       6874 
0398       6855 
0399       6839 
0400       6812 
0401       6795 
0402       6791 
0403       6778 
0404       6738 
0405       6729 
0406       6727 
0407       6709 
0408       6690 
0409       6682 
0410       6664 
0411       6634 
0412       6623 
0413       6608 
0414       6602 
0415       6578 
0416       6559 
0417       6551 
0418       6529 
0419       6520 
0420       6501 
0421       6482 
0422       6481 
0423       6456 
0424       6449 
0425       6424 
0426       6421 
0427       6402 
0428       6381 
0429       6374 
0430       6364 
0431       6340 
0432       6337 
0433       6330 
0434       6321 
0435       6308 
0436       6295 
0437       6285 
0438       6285 
0439       6266 
0440       6250 
0441       6246 
0442       6241 
0443       6225 
0444       6202 
0445       6197 
0446       6183 
0447       6182 
0448       6182 
0449       6165 
0450       6155 
0451       6154 
0452       6144 
0453       6122 
0454       6122 
0455       6122 
0456       6107 
0457       6099 
0458       6086 
0459       6085 
0460       6080 
0461       6075 
0462       6052 
0463       6052 
0464       6042 
0465       6038 
0466       6025 
0467       6012 
0468       6008 
0469       6001 
0470       6000 
0471       5989 
0472       5989 
0473       5989 
0474       5972 
0475       5964 
0476       5955 
0477       5946 
0478       5946 
0479       5942 
0480       5933 
0481       5932 
0482       5931 
0483       5932 
0484       5929 
0485       5908 
0486       5907 
0487       5905 
0488       5894 
0489       5877 
0490       5894 
0491       5877 
0492       5879 
0493       5879 
0494       5879 
0495       5882 
0496       5875 
0497       5863 
0498       5852 
0499       5848 
0500       5848 
0501       5854 
0502       5856 
0503       5854 
0504       5846 
0505       5843 
0506       5836 
0507       5836 
0508       5830 
0509       5829 
0510       5829 
0511       5846 
0512       5846 
0513       5825 
0514       5825 
0515       5824 
0516       5827 
0517       5824 
0518       5824 
0519       5817 
0520       5816 
0521       5808 
0522       5804 
0523       5808 
0524       5809 
0525       5827 
0526       5822 
0527       5822 
0528       5822 
0529       5825 
0530       5830 
0531       5830 
0532       5833 
0533       5833 
0534       5832 
0535       5823 
0536       5823 
0537       5823 
0538       5827 
0539       5830 
0540       5830 
0541       5834 
0542       5832 
0543       5834 
0544       5840 
0545       5843 
0546       5857 
0547       5857 
0548       5845 
0549       5841 
0550       5841 
0551       5858 
0552       5864 
0553       5870 
0554       5870 
0555       5872 
0556       5866 
0557       5868 
0558       5868 
0559       5877 
0560       5884 
0561       5885 
0562       5885 
0563       5889 
0564       5895 
0565       5907 
0566       5914 
0567       5907 
0568       5911 
0569       5911 
0570       5930 
0571       5936 
0572       5947 
0573       5954 
0574       5954 
0575       5954 
0576       5954 
0577       5961 
0578       5961 
0579       5972 
0580       5976 
0581       5982 
0582       5986 
0583       6000 
0584       6012 
0585       6014 
0586       6015 
0587       6028 
0588       6032 
0589       6036 
0590       6051 
0591       6057 
0592       6067 
0593       6082 
0594       6082 
0595       6082 
0596       6094 
0597       6099 
0598       6100 
0599       6113 
0600       6135 
0601       6135 
0602       6135 
0603       6139 
0604       6163 
0605       6188 
0606       6190 
0607       6196 
0608       6208 
0609       6214 
0610       6230 
0611       6238 
0612       6255 
0613       6256 
0614       6258 
0615       6258 
0616       6274 
0617       6286 
0618       6300 
0619       6308 
0620       6318 
0621       6351 
0622       6351 
0623       6351 
0624       6378 
0625       6385 
0626       6400 
0627       6407 
0628       6409 
0629       6446 
0630       6453 
0631       6482 
0632       6482 
0633       6482 
0634       6510 
0635       6515 
0636       6531 
0637       6554 
0638       6563 
0639       6582 
0640       6606 
0641       6611 
0642       6615 
0643       6658 
0644       6672 
0645       6686 
0646       6709 
0647       6712 
0648       6748 
0649       6755 
0650       6779 
0651       6792 
0652       6795 
0653       6817 
0654       6849 
0655       6867 
0656       6872 
0657       6909 
0658       6924 
0659       6948 
0660       6963 
0661       6986 
0662       7013 
0663       7014 
0664       7040 
0665       7072 
0666       7083 
0667       7092 
0668       7119 
0669       7146 
0670       7195 
0671       7197 
0672       7214 
0673       7253 
0674       7259 
0675       7299 
0676       7318 
0677       7334 
0678       7337 
0679       7365 
0680       7425 
0681       7433 
0682       7467 
0683       7487 
0684       7517 
0685       7545 
0686       7586 
0687       7602 
0688       7620 
0689       7659 
0690       7667 
0691       7717 
0692       7730 
0693       7753 
0694       7785 
0695       7825 
0696       7845 
0697       7866 
0698       7928 
0699       7980 
0700       7998 
0701       8022 
0702       8062 
0703       8083 
0704       8134 
0705       8155 
0706       8199 
0707       8199 
0708       8119 
0709       8054 
0710       8054 
0711       8078 
0712       8082 
0713       8115 
0714       10123 
0715       10123 
0716       10101 
0717       10062 
0718       10007 
0719       9985 
0720       9946 
0721       9916 
0722       9861 
0723       9827 
0724       9803 
0725       9759 
0726       9759 
0727       9776 
0728       9830 
0729       9885 
0730       9922 
0731       9997 
0732       10036 
0733       10094 
0734       10170 
0735       10226 
0736       10257 
0737       10308 
0738       10376 
0739       10428 
0740       10501 
0741       10563 
0742       10597 
0743       10697 
0744       10736 
0745       10811 
0746       10866 
0747       10933 
0748       11027 
0749       11044 
0750       11149 
0751       11226 
0752       11317 
0753       11383 
0754       11491 
0755       11526 
0756       11603 
0757       11690 
0758       11765 
0759       11863 
0760       11901 
0761       12003 
0762       12119 
0763       12119 
0764       7022 
0765       6975 
0766       6972 
0767       6942 
0768       6923 
0769       6912 
0770       6909 
0771       6902 
0772       6909 
0773       6934 
0774       6944 
0775       6955 
0776       6955 
0777       1 
0778       1 
0779       1 
0780       1 
0781       1 
0782       1 
0783       1 
0784       1 
0785       1 
0786       1 
0787       1 
0788       1 
0789       1 
0790       15648 
0791       15648 
0792       15580 
0793       15555 
0794       15520 
0795       15514 
0796       15498 
0797       15462 
0798       15426 
0799       15390 
0800       15374 
0801       15348 
0802       15308 
0803       15300 
0804       15271 
0805       15235 
0806       15198 
0807       15194 
0808       15177 
0809       15156 
0810       15123 
0811       15114 
0812       15097 
0813       15073 
0814       15045 
0815       15023 
0816       15019 
0817       14984 
0818       14960 
0819       13153 
0820       13153 
0821       13332 
0822       13448 
0823       13672 
0824       13870 
0825       14016 
0826       14016 
0827       14016 
0828       11237 
0829       11237 
0830       11231 
0831       11200 
0832       11163 
0833       11135 
0834       11124 
0835       11124 
0836       11087 
0837       11070 
0838       11060 
0839       11060 
0840       14581 
0841       14581 
0842       1 
0843       1 
0844       1 
0845       1 
0846       1 
0847       1 
0848       1 
0849       1 
0850       1 
0851       1 
0852       1 
0853       1 
0854       1 
0855       1 
0856       1 
0857       1 
0858       1 
0859       1 
0860       1 
0861       1 
0862       1 
0863       10707 
0864       10707 
0865       10677 
0866       10677 
0867       1 
0868       1 
0869       1 
0870       1 
0871       1 
0872       10627 
0873       10627 
0874       10627 
0875       10454 
0876       10454 
0877       10422 
0878       10425 
0879       10425 
0880       10425 
0881       1 
0882       1 
0883       1 
0884       1 
0885       1 
0886       1 
0887       1 
0888       1 
0889       1 
0890       1 
0891       1 
0892       1 
0893       1 
0894       1 
0895       1 
0896       1 
0897       1 
0898       1 
0899       1 
0900       1 
0901       1 
0902       1 
0903       1 
0904       1 
0905       1 
0906       1 
0907       1 
0908       1 
0909       1 
0910       1 
0911       1 
0912       1 
0913       1 
0914       1 
0915       1 
0916       1 
0917       1 
0918       1 
0919       1 
0920       1 
0921       1 
0922       1 
0923       1 
0924       1 
0925       1 
0926       1 
0927       1 
0928       1 
0929       1 
0930       1 
0931       1 
0932       1 
0933       1 
0934       1 
0935       1 
0936       1 
0937       1 
0938       1 
0939       1 
0940       1 
0941       1 
0942       1 
0943       1 
0944       1 
0945       1 
0946       1 
0947       1 
0948       1 
0949       1 
0950       1 
0951       1 
0952       1 
0953       1 
0954       1 
0955       1 
0956       1 
0957       1 
0958       1 
0959       1 
0960       1 
0961       1 
0962       1 
0963       1 
0964       1 
0965       1 
0966       1 
0967       1 
0968       1 
0969       1 
0970       1 
0971       1 
0972       1 
0973       1 
0974       1 
0975       1 
0976       1 
0977       1 
0978       1 
0979       1 
0980       1 
0981       1 
0982       1 
0983       1 
0984       1 
0985       1 
0986       1 
0987       1 
0988       1 
0989       1 
0990       1 
0991       1 
0992       1 
0993       1 
0994       1 
0995       1 
0996       1 
0997       1 
0998       1 
0999       1 
1000       1 
1001       1 
1002       1 
1003       1 
1004       1 
1005       1 
1006       1 
1007       4 
1008       4 
1009       4 
1010       45 
1011       45 
1012       45 
1013       50 
1014       50 
1015       57 
1016       57 
1017       59 
1018       59 
1019       58 
1020       58 
1021       58 
1022       52 
1023       52 
1024       52 
1025       61 
1026       61 
1027       62 
1028       62 
1029       62 
1030       49 
1031       47 
1032       47 
1033       47 
1034       49 
1035       69 
1036       69 
1037       69 
1038       68 
1039       68 
1040       68 
1041       68 
1042       68 
1043       69 
1044       69 
1045       71 
1046       73 
1047       73 
1048       73 
1049       69 
1050       67 
1051       67 
1052       69 
1053       70 
1054       74 
1055       74 
1056       70 
1057       72 
1058       66 
1059       66 
1060       65 
1061       65 
1062       65 
1063       65 
1064       65 
1065       70 
1066       70 
1067       64 
1068       64 
1069       64 
1070       64 
1071       64 
1072       65 
1073       65 
1074       64 
1075       64 
1076       65 
1077       64 
1078       67 
1079       67 
1297966646.758190
