0000       1 
0001       1 
0002       1 
0003       1 
0004       1 
0005       1 
0006       1 
0007       1 
0008       1 
0009       1 
0010       1 
0011       1 
0012       1 
0013       1 
0014       1 
0015       1 
0016       1 
0017       1 
0018       1 
0019       1 
0020       1 
0021       1 
0022       1 
0023       1 
0024       1 
0025       1 
0026       1 
0027       1 
0028       1 
0029       1 
0030       1 
0031       1 
0032       1 
0033       1 
0034       1 
0035       1 
0036       1 
0037       1 
0038       1 
0039       1 
0040       1 
0041       1 
0042       1 
0043       1 
0044       1 
0045       1 
0046       1 
0047       1 
0048       1 
0049       1 
0050       1 
0051       1 
0052       1 
0053       1 
0054       1 
0055       1 
0056       1 
0057       1 
0058       1 
0059       1 
0060       1 
0061       1 
0062       1 
0063       1 
0064       1 
0065       1 
0066       1 
0067       1 
0068       1 
0069       1 
0070       1 
0071       1 
0072       1 
0073       1 
0074       1 
0075       1 
0076       1 
0077       1 
0078       1 
0079       1 
0080       1 
0081       1 
0082       1 
0083       1 
0084       1 
0085       1 
0086       1 
0087       1 
0088       1 
0089       1 
0090       1 
0091       1 
0092       1 
0093       1 
0094       1 
0095       1 
0096       1 
0097       1 
0098       1 
0099       1 
0100       1 
0101       1 
0102       1 
0103       1 
0104       1 
0105       1 
0106       1 
0107       1 
0108       1 
0109       1 
0110       1 
0111       1 
0112       1 
0113       1 
0114       1 
0115       1 
0116       29329 
0117       29329 
0118       29323 
0119       1 
0120       1 
0121       1 
0122       1 
0123       1 
0124       1 
0125       1 
0126       1 
0127       1 
0128       1 
0129       1 
0130       1 
0131       1 
0132       1 
0133       1 
0134       23145 
0135       23145 
0136       23316 
0137       23329 
0138       23316 
0139       23315 
0140       23291 
0141       23291 
0142       23288 
0143       23279 
0144       23279 
0145       23279 
0146       23275 
0147       23261 
0148       23202 
0149       23040 
0150       23040 
0151       23049 
0152       23049 
0153       23066 
0154       23160 
0155       23160 
0156       23160 
0157       23242 
0158       23627 
0159       23643 
0160       23643 
0161       1 
0162       1 
0163       1 
0164       1 
0165       1 
0166       23088 
0167       23088 
0168       23070 
0169       23070 
0170       23072 
0171       23084 
0172       23099 
0173       23099 
0174       23111 
0175       23094 
0176       23080 
0177       22515 
0178       1 
0179       22515 
0180       23132 
0181       23132 
0182       22599 
0183       1 
0184       22599 
0185       23180 
0186       23204 
0187       23388 
0188       23416 
0189       23417 
0190       23428 
0191       23435 
0192       23452 
0193       23469 
0194       23476 
0195       23521 
0196       23537 
0197       23543 
0198       23543 
0199       23512 
0200       23433 
0201       23433 
0202       23448 
0203       23481 
0204       23492 
0205       23519 
0206       23536 
0207       23546 
0208       23546 
0209       23594 
0210       23621 
0211       23664 
0212       23669 
0213       23707 
0214       23707 
0215       23725 
0216       23773 
0217       23797 
0218       23900 
0219       23900 
0220       23900 
0221       1 
0222       21012 
0223       21012 
0224       21058 
0225       21083 
0226       21087 
0227       21114 
0228       21158 
0229       21197 
0230       21227 
0231       21250 
0232       21277 
0233       21303 
0234       21303 
0235       1 
0236       1 
0237       1 
0238       1 
0239       1 
0240       1 
0241       1 
0242       1 
0243       1 
0244       1 
0245       1 
0246       1 
0247       1 
0248       1 
0249       17519 
0250       17555 
0251       17555 
0252       17586 
0253       17639 
0254       17649 
0255       17688 
0256       17713 
0257       17745 
0258       17795 
0259       17829 
0260       17863 
0261       17901 
0262       17954 
0263       17985 
0264       18025 
0265       18078 
0266       18093 
0267       18189 
0268       18206 
0269       18243 
0270       18261 
0271       18261 
0272       1 
0273       1 
0274       1 
0275       1 
0276       1 
0277       1 
0278       1 
0279       1 
0280       1 
0281       1 
0282       1 
0283       1 
0284       1 
0285       1 
0286       1 
0287       1 
0288       16276 
0289       16276 
0290       16300 
0291       16300 
0292       16144 
0293       15912 
0294       15853 
0295       15853 
0296       15669 
0297       15592 
0298       15592 
0299       15502 
0300       1 
0301       1 
0302       1 
0303       1 
0304       1 
0305       1 
0306       1 
0307       1 
0308       1 
0309       1 
0310       1 
0311       1 
0312       1 
0313       1 
0314       1 
0315       1 
0316       1 
0317       1 
0318       13147 
0319       13147 
0320       13147 
0321       13044 
0322       13003 
0323       12903 
0324       12854 
0325       12841 
0326       12730 
0327       12698 
0328       12626 
0329       12547 
0330       12470 
0331       12422 
0332       12347 
0333       12316 
0334       12273 
0335       12199 
0336       12152 
0337       12097 
0338       12039 
0339       11968 
0340       11928 
0341       11866 
0342       11815 
0343       11737 
0344       11735 
0345       11688 
0346       11596 
0347       11547 
0348       11541 
0349       11488 
0350       11435 
0351       11381 
0352       11329 
0353       11271 
0354       11252 
0355       11215 
0356       11134 
0357       8181 
0358       8168 
0359       8134 
0360       8087 
0361       8080 
0362       8046 
0363       8046 
0364       8046 
0365       8029 
0366       8029 
0367       8043 
0368       8043 
0369       8043 
0370       8037 
0371       8015 
0372       7997 
0373       7941 
0374       7887 
0375       7882 
0376       7874 
0377       7836 
0378       7811 
0379       7784 
0380       7750 
0381       7665 
0382       7662 
0383       7659 
0384       7645 
0385       7597 
0386       7578 
0387       7571 
0388       7530 
0389       7511 
0390       7476 
0391       7475 
0392       7475 
0393       7430 
0394       7418 
0395       7401 
0396       7388 
0397       7377 
0398       7315 
0399       7292 
0400       7289 
0401       7280 
0402       7258 
0403       7245 
0404       7221 
0405       7199 
0406       7182 
0407       7144 
0408       7128 
0409       7111 
0410       7107 
0411       7107 
0412       7088 
0413       7074 
0414       7045 
0415       7044 
0416       7019 
0417       6983 
0418       6980 
0419       6968 
0420       6953 
0421       6951 
0422       6932 
0423       6919 
0424       6908 
0425       6897 
0426       6868 
0427       6830 
0428       6830 
0429       6829 
0430       6829 
0431       6815 
0432       6796 
0433       6778 
0434       6761 
0435       6741 
0436       6713 
0437       6660 
0438       6633 
0439       6633 
0440       6735 
0441       6899 
0442       7008 
0443       7088 
0444       7186 
0445       7271 
0446       7374 
0447       7461 
0448       7581 
0449       7679 
0450       7806 
0451       7904 
0452       8015 
0453       8142 
0454       8272 
0455       8399 
0456       8524 
0457       8639 
0458       8699 
0459       8713 
0460       8713 
0461       8693 
0462       8693 
0463       8716 
0464       8716 
0465       8721 
0466       8716 
0467       8709 
0468       8707 
0469       8706 
0470       8702 
0471       8684 
0472       8657 
0473       8657 
0474       8657 
0475       8648 
0476       8646 
0477       8640 
0478       8633 
0479       8626 
0480       8609 
0481       8601 
0482       8599 
0483       8589 
0484       8576 
0485       8575 
0486       8569 
0487       8575 
0488       8569 
0489       8558 
0490       8540 
0491       8540 
0492       8540 
0493       8541 
0494       8542 
0495       8542 
0496       8542 
0497       8510 
0498       8510 
0499       8510 
0500       8511 
0501       8509 
0502       8503 
0503       8502 
0504       8500 
0505       8491 
0506       8490 
0507       8490 
0508       8490 
0509       8497 
0510       8489 
0511       8489 
0512       8478 
0513       8477 
0514       8475 
0515       8474 
0516       8474 
0517       8474 
0518       8470 
0519       8470 
0520       8470 
0521       8469 
0522       8471 
0523       8469 
0524       8466 
0525       8463 
0526       8463 
0527       8470 
0528       8473 
0529       8471 
0530       8471 
0531       8468 
0532       8468 
0533       8474 
0534       8491 
0535       8497 
0536       8497 
0537       8497 
0538       8485 
0539       8498 
0540       8495 
0541       8505 
0542       8495 
0543       8507 
0544       8507 
0545       8531 
0546       8531 
0547       8534 
0548       8542 
0549       8543 
0550       8543 
0551       8543 
0552       8559 
0553       8556 
0554       8559 
0555       8572 
0556       8574 
0557       8584 
0558       8584 
0559       8587 
0560       8590 
0561       8593 
0562       8606 
0563       8616 
0564       8606 
0565       8617 
0566       8617 
0567       8630 
0568       8639 
0569       8656 
0570       8656 
0571       8674 
0572       8675 
0573       8675 
0574       8682 
0575       8683 
0576       8720 
0577       8720 
0578       8716 
0579       8703 
0580       8701 
0581       8697 
0582       8701 
0583       8727 
0584       8754 
0585       8754 
0586       8786 
0587       8797 
0588       8819 
0589       8844 
0590       8855 
0591       8858 
0592       8860 
0593       8880 
0594       8904 
0595       8905 
0596       8944 
0597       8944 
0598       8931 
0599       8911 
0600       8849 
0601       8785 
0602       8707 
0603       8574 
0604       8475 
0605       8393 
0606       8323 
0607       8215 
0608       8127 
0609       8040 
0610       7962 
0611       7876 
0612       7804 
0613       7724 
0614       7643 
0615       7563 
0616       7484 
0617       7409 
0618       7361 
0619       7291 
0620       7233 
0621       7164 
0622       7085 
0623       7034 
0624       6965 
0625       6896 
0626       6856 
0627       6801 
0628       6745 
0629       6684 
0630       6618 
0631       6563 
0632       6515 
0633       6462 
0634       6329 
0635       6207 
0636       6204 
0637       6204 
0638       6224 
0639       6225 
0640       6252 
0641       6262 
0642       6286 
0643       6286 
0644       6294 
0645       6313 
0646       6345 
0647       6352 
0648       6363 
0649       6377 
0650       6393 
0651       6436 
0652       6438 
0653       6463 
0654       6466 
0655       6468 
0656       6496 
0657       6539 
0658       6546 
0659       6567 
0660       6587 
0661       6595 
0662       6634 
0663       6649 
0664       6649 
0665       6650 
0666       6697 
0667       6718 
0668       6740 
0669       6771 
0670       6789 
0671       6791 
0672       6837 
0673       6841 
0674       6863 
0675       6885 
0676       6922 
0677       6947 
0678       6968 
0679       6989 
0680       7018 
0681       7025 
0682       7064 
0683       7102 
0684       7124 
0685       7152 
0686       7168 
0687       7207 
0688       7218 
0689       7261 
0690       7271 
0691       7277 
0692       7318 
0693       7349 
0694       7395 
0695       7424 
0696       7442 
0697       7484 
0698       7486 
0699       7514 
0700       7581 
0701       7624 
0702       7667 
0703       7671 
0704       7686 
0705       7725 
0706       7731 
0707       7800 
0708       7817 
0709       7869 
0710       7896 
0711       7933 
0712       7977 
0713       7985 
0714       8048 
0715       8080 
0716       8132 
0717       8163 
0718       8214 
0719       8218 
0720       8268 
0721       8313 
0722       8368 
0723       8400 
0724       8460 
0725       8468 
0726       8522 
0727       8585 
0728       8646 
0729       8689 
0730       8713 
0731       8736 
0732       8812 
0733       8861 
0734       8924 
0735       8961 
0736       8996 
0737       9061 
0738       9106 
0739       9173 
0740       9236 
0741       9243 
0742       9286 
0743       9341 
0744       9381 
0745       9421 
0746       9455 
0747       9455 
0748       9406 
0749       1 
0750       1 
0751       1 
0752       1 
0753       1 
0754       1 
0755       1 
0756       1 
0757       1 
0758       1 
0759       1 
0760       1 
0761       1 
0762       1 
0763       1 
0764       1 
0765       1 
0766       1 
0767       8958 
0768       8958 
0769       8753 
0770       1 
0771       1 
0772       1 
0773       1 
0774       1 
0775       1 
0776       4514 
0777       4558 
0778       4589 
0779       4612 
0780       4625 
0781       4646 
0782       4691 
0783       4697 
0784       4750 
0785       4787 
0786       4790 
0787       4791 
0788       4850 
0789       4850 
0790       4905 
0791       4232 
0792       4064 
0793       4042 
0794       4042 
0795       4042 
0796       4100 
0797       4112 
0798       4151 
0799       4158 
0800       4210 
0801       4242 
0802       4275 
0803       4307 
0804       4347 
0805       4388 
0806       4412 
0807       4452 
0808       4505 
0809       4554 
0810       4592 
0811       4630 
0812       4665 
0813       4737 
0814       4803 
0815       4869 
0816       4936 
0817       5029 
0818       5092 
0819       5141 
0820       5272 
0821       5353 
0822       5453 
0823       5576 
0824       5685 
0825       5764 
0826       7255 
0827       7255 
0828       7255 
0829       8401 
0830       8401 
0831       8344 
0832       8327 
0833       8192 
0834       8187 
0835       8179 
0836       8091 
0837       8089 
0838       8008 
0839       7981 
0840       7896 
0841       7885 
0842       7864 
0843       7635 
0844       7593 
0845       7593 
0846       7635 
0847       7593 
0848       7654 
0849       7654 
0850       7810 
0851       7993 
0852       8219 
0853       8606 
0854       8773 
0855       8801 
0856       8801 
0857       7942 
0858       7942 
0859       7942 
0860       7942 
0861       7944 
0862       7961 
0863       7965 
0864       7965 
0865       7959 
0866       7940 
0867       7940 
0868       7940 
0869       7940 
0870       7941 
0871       7934 
0872       7920 
0873       7920 
0874       7937 
0875       7937 
0876       7935 
0877       7935 
0878       1 
0879       1 
0880       1 
0881       1 
0882       1 
0883       1 
0884       1 
0885       1 
0886       1 
0887       1 
0888       1 
0889       1 
0890       1 
0891       1 
0892       1 
0893       1 
0894       1 
0895       1 
0896       1 
0897       1 
0898       1 
0899       1 
0900       1 
0901       1 
0902       1 
0903       1 
0904       1 
0905       1 
0906       1 
0907       1 
0908       1 
0909       1 
0910       1 
0911       1 
0912       1 
0913       1 
0914       1 
0915       1 
0916       1 
0917       1 
0918       1 
0919       1 
0920       1 
0921       1 
0922       1 
0923       1 
0924       1 
0925       1 
0926       1 
0927       1 
0928       1 
0929       1 
0930       1 
0931       1 
0932       1 
0933       1 
0934       1 
0935       1 
0936       1 
0937       1 
0938       1 
0939       1 
0940       1 
0941       1 
0942       1 
0943       1 
0944       1 
0945       1 
0946       1 
0947       1 
0948       1 
0949       1 
0950       1 
0951       1 
0952       1 
0953       1 
0954       1 
0955       1 
0956       1 
0957       1 
0958       1 
0959       1 
0960       1 
0961       1 
0962       1 
0963       1 
0964       1 
0965       1 
0966       1 
0967       1 
0968       1 
0969       1 
0970       1 
0971       1 
0972       1 
0973       1 
0974       1 
0975       1 
0976       1 
0977       1 
0978       1 
0979       1 
0980       1 
0981       1 
0982       1 
0983       1 
0984       1 
0985       1 
0986       1 
0987       1 
0988       1 
0989       1 
0990       1 
0991       1 
0992       1 
0993       1 
0994       1 
0995       1 
0996       1 
0997       1 
0998       1 
0999       1 
1000       1 
1001       1 
1002       1 
1003       1 
1004       1 
1005       1 
1006       1 
1007       4 
1008       4 
1009       4 
1010       4 
1011       4 
1012       4 
1013       4 
1014       4 
1015       41 
1016       48 
1017       49 
1018       52 
1019       49 
1020       52 
1021       55 
1022       52 
1023       56 
1024       58 
1025       58 
1026       61 
1027       61 
1028       61 
1029       56 
1030       48 
1031       48 
1032       48 
1033       57 
1034       60 
1035       65 
1036       67 
1037       68 
1038       69 
1039       67 
1040       67 
1041       66 
1042       65 
1043       65 
1044       65 
1045       70 
1046       70 
1047       71 
1048       71 
1049       69 
1050       68 
1051       69 
1052       64 
1053       64 
1054       64 
1055       64 
1056       64 
1057       64 
1058       66 
1059       67 
1060       70 
1061       70 
1062       67 
1063       65 
1064       65 
1065       65 
1066       70 
1067       70 
1068       70 
1069       68 
1070       67 
1071       67 
1072       66 
1073       66 
1074       67 
1075       73 
1076       73 
1077       73 
1078       73 
1079       67 
1297966670.510681
