0000       1 
0001       1 
0002       1 
0003       1 
0004       1 
0005       1 
0006       1 
0007       1 
0008       1 
0009       1 
0010       1 
0011       1 
0012       1 
0013       1 
0014       1 
0015       1 
0016       1 
0017       1 
0018       1 
0019       1 
0020       1 
0021       1 
0022       1 
0023       1 
0024       1 
0025       1 
0026       1 
0027       1 
0028       1 
0029       1 
0030       1 
0031       1 
0032       1 
0033       1 
0034       1 
0035       1 
0036       1 
0037       1 
0038       1 
0039       1 
0040       1 
0041       1 
0042       1 
0043       1 
0044       1 
0045       1 
0046       1 
0047       1 
0048       1 
0049       1 
0050       1 
0051       1 
0052       1 
0053       1 
0054       1 
0055       1 
0056       1 
0057       1 
0058       1 
0059       1 
0060       1 
0061       1 
0062       1 
0063       1 
0064       1 
0065       1 
0066       1 
0067       1 
0068       1 
0069       1 
0070       1 
0071       1 
0072       1 
0073       1 
0074       1 
0075       1 
0076       1 
0077       1 
0078       1 
0079       1 
0080       1 
0081       1 
0082       1 
0083       1 
0084       1 
0085       1 
0086       1 
0087       1 
0088       1 
0089       1 
0090       1 
0091       1 
0092       1 
0093       1 
0094       1 
0095       1 
0096       1 
0097       1 
0098       1 
0099       1 
0100       1 
0101       1 
0102       1 
0103       1 
0104       1 
0105       1 
0106       1 
0107       1 
0108       1 
0109       1 
0110       1 
0111       1 
0112       1 
0113       1 
0114       1 
0115       1 
0116       1 
0117       1 
0118       1 
0119       1 
0120       1 
0121       1 
0122       1 
0123       1 
0124       1 
0125       1 
0126       1 
0127       1 
0128       1 
0129       1 
0130       1 
0131       1 
0132       1 
0133       1 
0134       1 
0135       1 
0136       1 
0137       1 
0138       1 
0139       1 
0140       1 
0141       1 
0142       1 
0143       1 
0144       1 
0145       1 
0146       1 
0147       1 
0148       1 
0149       1 
0150       1 
0151       1 
0152       1 
0153       1 
0154       1 
0155       1 
0156       1 
0157       1 
0158       1 
0159       1 
0160       1 
0161       1 
0162       1 
0163       1 
0164       1 
0165       1 
0166       1 
0167       1 
0168       1 
0169       1 
0170       1 
0171       1 
0172       1 
0173       1 
0174       1 
0175       1 
0176       1 
0177       1 
0178       1 
0179       1 
0180       1 
0181       1 
0182       1 
0183       1 
0184       1 
0185       1 
0186       1 
0187       1 
0188       1 
0189       1 
0190       1 
0191       1 
0192       1 
0193       1 
0194       1 
0195       1 
0196       1 
0197       1 
0198       1 
0199       1 
0200       1 
0201       1 
0202       1 
0203       1 
0204       1 
0205       1 
0206       1 
0207       1 
0208       1 
0209       1 
0210       1 
0211       1 
0212       1 
0213       1 
0214       1 
0215       1 
0216       1 
0217       1 
0218       1 
0219       1 
0220       1 
0221       1 
0222       1 
0223       1 
0224       1 
0225       1 
0226       1 
0227       1 
0228       1 
0229       1 
0230       1 
0231       1 
0232       1 
0233       1 
0234       1 
0235       1 
0236       1 
0237       1 
0238       1 
0239       1 
0240       1 
0241       1 
0242       1 
0243       1 
0244       1 
0245       1 
0246       1 
0247       1 
0248       1 
0249       1 
0250       1 
0251       1 
0252       1 
0253       1 
0254       1 
0255       1 
0256       1 
0257       1 
0258       1 
0259       1 
0260       1 
0261       1 
0262       1 
0263       1 
0264       1 
0265       1 
0266       1 
0267       1 
0268       1 
0269       1 
0270       1 
0271       1 
0272       1 
0273       1 
0274       1 
0275       1 
0276       1 
0277       1 
0278       1 
0279       1 
0280       1 
0281       1 
0282       1 
0283       1 
0284       1 
0285       1 
0286       1 
0287       1 
0288       1 
0289       1 
0290       1 
0291       12680 
0292       12680 
0293       12680 
0294       12541 
0295       12453 
0296       12359 
0297       12237 
0298       12161 
0299       12073 
0300       12005 
0301       11885 
0302       11802 
0303       11690 
0304       11649 
0305       11566 
0306       11461 
0307       11363 
0308       11306 
0309       11201 
0310       11128 
0311       11025 
0312       10981 
0313       10914 
0314       10847 
0315       10755 
0316       10706 
0317       10607 
0318       10539 
0319       10513 
0320       10413 
0321       10382 
0322       10299 
0323       10217 
0324       10144 
0325       10071 
0326       10043 
0327       9986 
0328       9914 
0329       9860 
0330       9801 
0331       9744 
0332       9676 
0333       9648 
0334       9583 
0335       9500 
0336       9465 
0337       9378 
0338       9343 
0339       9297 
0340       9253 
0341       9179 
0342       9144 
0343       9108 
0344       9064 
0345       9014 
0346       8992 
0347       8908 
0348       8885 
0349       8847 
0350       8766 
0351       8750 
0352       8725 
0353       8682 
0354       8658 
0355       8608 
0356       8566 
0357       8529 
0358       8503 
0359       8434 
0360       8390 
0361       8359 
0362       8317 
0363       8297 
0364       8234 
0365       8190 
0366       8188 
0367       8153 
0368       8103 
0369       8070 
0370       8045 
0371       8022 
0372       7987 
0373       7937 
0374       7935 
0375       7893 
0376       7857 
0377       7835 
0378       7815 
0379       7789 
0380       7762 
0381       7727 
0382       7704 
0383       7659 
0384       7648 
0385       7604 
0386       7588 
0387       7556 
0388       7533 
0389       7510 
0390       7493 
0391       7451 
0392       7445 
0393       7420 
0394       7390 
0395       7360 
0396       7340 
0397       7324 
0398       7289 
0399       7264 
0400       7245 
0401       7239 
0402       7207 
0403       7177 
0404       7176 
0405       7133 
0406       7106 
0407       7039 
0408       6888 
0409       6808 
0410       6775 
0411       6755 
0412       6726 
0413       6726 
0414       6786 
0415       6847 
0416       6898 
0417       6936 
0418       6993 
0419       7035 
0420       7101 
0421       7146 
0422       7194 
0423       7249 
0424       7326 
0425       7376 
0426       7420 
0427       7477 
0428       7547 
0429       7602 
0430       7669 
0431       7747 
0432       7806 
0433       7864 
0434       7923 
0435       8005 
0436       8073 
0437       8171 
0438       8226 
0439       8287 
0440       8384 
0441       8453 
0442       8529 
0443       8611 
0444       8699 
0445       8793 
0446       8871 
0447       8958 
0448       9051 
0449       9156 
0450       9222 
0451       9255 
0452       9255 
0453       9251 
0454       9229 
0455       9217 
0456       9212 
0457       9196 
0458       9163 
0459       9130 
0460       9130 
0461       9124 
0462       9106 
0463       9091 
0464       9071 
0465       9066 
0466       9042 
0467       9034 
0468       9026 
0469       9025 
0470       8994 
0471       8979 
0472       8973 
0473       8958 
0474       8946 
0475       8940 
0476       8937 
0477       8919 
0478       8919 
0479       8922 
0480       8967 
0481       9013 
0482       9020 
0483       9034 
0484       9034 
0485       9000 
0486       8988 
0487       8981 
0488       8977 
0489       8979 
0490       8976 
0491       8962 
0492       8943 
0493       8910 
0494       8909 
0495       8909 
0496       8909 
0497       8907 
0498       8899 
0499       8894 
0500       8876 
0501       8862 
0502       8861 
0503       8843 
0504       8838 
0505       8838 
0506       8838 
0507       8826 
0508       8824 
0509       8824 
0510       8824 
0511       8810 
0512       8810 
0513       8810 
0514       8790 
0515       8789 
0516       8787 
0517       8768 
0518       8768 
0519       8767 
0520       8767 
0521       8755 
0522       8755 
0523       8763 
0524       8763 
0525       8758 
0526       8753 
0527       8744 
0528       8744 
0529       8753 
0530       8753 
0531       8741 
0532       8725 
0533       8740 
0534       8736 
0535       8736 
0536       8736 
0537       8736 
0538       8745 
0539       8746 
0540       8748 
0541       8748 
0542       8746 
0543       8744 
0544       8734 
0545       8734 
0546       8744 
0547       8748 
0548       8744 
0549       8738 
0550       8730 
0551       8724 
0552       8719 
0553       8719 
0554       8735 
0555       8741 
0556       8741 
0557       8751 
0558       8740 
0559       8751 
0560       8763 
0561       8763 
0562       8761 
0563       8757 
0564       8757 
0565       8767 
0566       8767 
0567       8771 
0568       8768 
0569       8771 
0570       8785 
0571       8796 
0572       8796 
0573       8784 
0574       8784 
0575       8806 
0576       8806 
0577       8821 
0578       8812 
0579       8828 
0580       8828 
0581       8830 
0582       8832 
0583       8854 
0584       8835 
0585       8854 
0586       8845 
0587       8866 
0588       8866 
0589       8871 
0590       8885 
0591       8889 
0592       8904 
0593       8910 
0594       8921 
0595       8925 
0596       8932 
0597       8954 
0598       8954 
0599       8954 
0600       8956 
0601       8962 
0602       8975 
0603       8998 
0604       9004 
0605       9012 
0606       9024 
0607       9044 
0608       9049 
0609       9057 
0610       9060 
0611       9081 
0612       9094 
0613       9102 
0614       9120 
0615       9142 
0616       9163 
0617       9170 
0618       9182 
0619       9184 
0620       9184 
0621       9209 
0622       9234 
0623       9250 
0624       9278 
0625       9279 
0626       9287 
0627       9293 
0628       9321 
0629       9332 
0630       9336 
0631       9372 
0632       9407 
0633       9416 
0634       9437 
0635       9439 
0636       9457 
0637       9494 
0638       9498 
0639       9518 
0640       9565 
0641       9570 
0642       9589 
0643       9610 
0644       9620 
0645       9651 
0646       9700 
0647       9702 
0648       9710 
0649       9750 
0650       9764 
0651       9769 
0652       9796 
0653       9813 
0654       9856 
0655       9879 
0656       9901 
0657       9933 
0658       9970 
0659       9983 
0660       10008 
0661       10033 
0662       10058 
0663       10119 
0664       10119 
0665       10152 
0666       10167 
0667       10207 
0668       10221 
0669       10244 
0670       10294 
0671       10307 
0672       10326 
0673       10356 
0674       10366 
0675       10417 
0676       10441 
0677       10458 
0678       10517 
0679       10544 
0680       10576 
0681       10602 
0682       10633 
0683       10680 
0684       10710 
0685       10721 
0686       10760 
0687       10795 
0688       10850 
0689       10890 
0690       10934 
0691       10956 
0692       10971 
0693       11019 
0694       11064 
0695       11093 
0696       11142 
0697       11164 
0698       11200 
0699       11258 
0700       11290 
0701       11333 
0702       11387 
0703       11407 
0704       11480 
0705       11508 
0706       11541 
0707       11615 
0708       11656 
0709       11701 
0710       11735 
0711       11773 
0712       11799 
0713       11855 
0714       11915 
0715       11958 
0716       11985 
0717       12044 
0718       12088 
0719       12153 
0720       12217 
0721       12253 
0722       12300 
0723       12372 
0724       12421 
0725       12460 
0726       12522 
0727       12570 
0728       12635 
0729       12702 
0730       12728 
0731       12809 
0732       12865 
0733       12950 
0734       13026 
0735       13072 
0736       13088 
0737       13165 
0738       13249 
0739       13333 
0740       13391 
0741       13482 
0742       13525 
0743       13584 
0744       13646 
0745       13734 
0746       13838 
0747       13915 
0748       14004 
0749       14064 
0750       14153 
0751       14269 
0752       14318 
0753       14402 
0754       14477 
0755       14570 
0756       14643 
0757       14736 
0758       14819 
0759       14928 
0760       15030 
0761       15111 
0762       15202 
0763       15287 
0764       15398 
0765       15499 
0766       15591 
0767       15686 
0768       15833 
0769       15915 
0770       16031 
0771       16164 
0772       16249 
0773       16363 
0774       16495 
0775       16604 
0776       16726 
0777       16872 
0778       16955 
0779       17064 
0780       17230 
0781       17347 
0782       17490 
0783       17611 
0784       17722 
0785       17873 
0786       18017 
0787       18156 
0788       18326 
0789       18446 
0790       18598 
0791       18705 
0792       18871 
0793       19058 
0794       19213 
0795       19358 
0796       19528 
0797       19704 
0798       19887 
0799       20096 
0800       20298 
0801       20505 
0802       20677 
0803       20677 
0804       20864 
0805       21239 
0806       21239 
0807       21239 
0808       21256 
0809       21913 
0810       22295 
0811       22295 
0812       22295 
0813       1 
0814       1 
0815       1 
0816       1 
0817       1 
0818       1 
0819       1 
0820       1 
0821       1 
0822       1 
0823       1 
0824       1 
0825       1 
0826       1 
0827       1 
0828       1 
0829       1 
0830       1 
0831       1 
0832       1 
0833       1 
0834       1 
0835       1 
0836       1 
0837       1 
0838       1 
0839       1 
0840       1 
0841       1 
0842       1 
0843       1 
0844       1 
0845       1 
0846       1 
0847       1 
0848       1 
0849       1 
0850       1 
0851       1 
0852       1 
0853       1 
0854       1 
0855       1 
0856       1 
0857       1 
0858       1 
0859       1 
0860       1 
0861       1 
0862       1 
0863       1 
0864       1 
0865       1 
0866       1 
0867       1 
0868       1 
0869       1 
0870       1 
0871       1 
0872       1 
0873       1 
0874       1 
0875       1 
0876       1 
0877       1 
0878       1 
0879       1 
0880       1 
0881       1 
0882       1 
0883       1 
0884       1 
0885       1 
0886       1 
0887       1 
0888       1 
0889       1 
0890       1 
0891       1 
0892       1 
0893       1 
0894       1 
0895       1 
0896       1 
0897       1 
0898       1 
0899       1 
0900       1 
0901       1 
0902       1 
0903       1 
0904       1 
0905       1 
0906       1 
0907       1 
0908       1 
0909       1 
0910       1 
0911       1 
0912       1 
0913       1 
0914       1 
0915       1 
0916       1 
0917       1 
0918       1 
0919       1 
0920       1 
0921       1 
0922       1 
0923       1 
0924       1 
0925       1 
0926       1 
0927       1 
0928       1 
0929       1 
0930       1 
0931       1 
0932       1 
0933       1 
0934       1 
0935       1 
0936       1 
0937       1 
0938       1 
0939       1 
0940       1 
0941       1 
0942       1 
0943       1 
0944       1 
0945       1 
0946       1 
0947       1 
0948       1 
0949       1 
0950       1 
0951       1 
0952       1 
0953       1 
0954       1 
0955       1 
0956       1 
0957       1 
0958       1 
0959       1 
0960       1 
0961       1 
0962       1 
0963       1 
0964       1 
0965       1 
0966       1 
0967       1 
0968       1 
0969       1 
0970       1 
0971       1 
0972       1 
0973       1 
0974       1 
0975       1 
0976       1 
0977       1 
0978       1 
0979       1 
0980       1 
0981       1 
0982       1 
0983       1 
0984       1 
0985       1 
0986       1 
0987       1 
0988       1 
0989       1 
0990       1 
0991       1 
0992       1 
0993       1 
0994       1 
0995       1 
0996       1 
0997       1 
0998       1 
0999       1 
1000       1 
1001       1 
1002       1 
1003       1 
1004       1 
1005       1 
1006       1 
1007       4 
1008       4 
1009       45 
1010       46 
1011       46 
1012       58 
1013       46 
1014       56 
1015       45 
1016       56 
1017       43 
1018       4 
1019       4 
1020       44 
1021       44 
1022       51 
1023       66 
1024       66 
1025       51 
1026       66 
1027       66 
1028       50 
1029       50 
1030       56 
1031       56 
1032       56 
1033       56 
1034       65 
1035       65 
1036       66 
1037       76 
1038       76 
1039       78 
1040       78 
1041       78 
1042       73 
1043       68 
1044       68 
1045       73 
1046       74 
1047       74 
1048       74 
1049       72 
1050       72 
1051       72 
1052       70 
1053       70 
1054       72 
1055       70 
1056       70 
1057       67 
1058       66 
1059       66 
1060       64 
1061       66 
1062       66 
1063       66 
1064       62 
1065       61 
1066       61 
1067       61 
1068       61 
1069       67 
1070       67 
1071       69 
1072       69 
1073       69 
1074       69 
1075       73 
1076       73 
1077       71 
1078       71 
1079       70 
1297966636.455263
