0000       1 
0001       1 
0002       1 
0003       1 
0004       1 
0005       1 
0006       1 
0007       1 
0008       1 
0009       1 
0010       1 
0011       1 
0012       1 
0013       1 
0014       1 
0015       1 
0016       1 
0017       1 
0018       1 
0019       1 
0020       1 
0021       1 
0022       1 
0023       1 
0024       1 
0025       1 
0026       1 
0027       1 
0028       1 
0029       1 
0030       1 
0031       1 
0032       1 
0033       1 
0034       1 
0035       1 
0036       1 
0037       1 
0038       1 
0039       1 
0040       1 
0041       1 
0042       1 
0043       1 
0044       1 
0045       1 
0046       1 
0047       1 
0048       1 
0049       1 
0050       1 
0051       1 
0052       1 
0053       1 
0054       1 
0055       1 
0056       1 
0057       1 
0058       1 
0059       1 
0060       1 
0061       1 
0062       1 
0063       1 
0064       1 
0065       1 
0066       1 
0067       1 
0068       1 
0069       1 
0070       1 
0071       1 
0072       1 
0073       1 
0074       1 
0075       1 
0076       1 
0077       1 
0078       1 
0079       1 
0080       1 
0081       1 
0082       1 
0083       1 
0084       1 
0085       1 
0086       1 
0087       1 
0088       1 
0089       1 
0090       1 
0091       1 
0092       1 
0093       1 
0094       1 
0095       1 
0096       1 
0097       1 
0098       1 
0099       1 
0100       1 
0101       1 
0102       1 
0103       1 
0104       1 
0105       1 
0106       1 
0107       1 
0108       1 
0109       1 
0110       1 
0111       1 
0112       1 
0113       1 
0114       1 
0115       1 
0116       1 
0117       1 
0118       1 
0119       1 
0120       1 
0121       1 
0122       1 
0123       1 
0124       1 
0125       1 
0126       1 
0127       1 
0128       1 
0129       1 
0130       1 
0131       1 
0132       1 
0133       1 
0134       1 
0135       22484 
0136       22484 
0137       22065 
0138       1 
0139       1 
0140       1 
0141       1 
0142       1 
0143       1 
0144       1 
0145       1 
0146       1 
0147       1 
0148       1 
0149       1 
0150       1 
0151       1 
0152       1 
0153       1 
0154       1 
0155       1 
0156       1 
0157       1 
0158       21011 
0159       21011 
0160       1 
0161       1 
0162       1 
0163       1 
0164       1 
0165       1 
0166       1 
0167       1 
0168       1 
0169       1 
0170       1 
0171       1 
0172       1 
0173       1 
0174       1 
0175       1 
0176       1 
0177       1 
0178       1 
0179       19699 
0180       19699 
0181       19699 
0182       1 
0183       1 
0184       1 
0185       1 
0186       1 
0187       1 
0188       1 
0189       1 
0190       1 
0191       1 
0192       1 
0193       1 
0194       1 
0195       1 
0196       1 
0197       1 
0198       1 
0199       1 
0200       1 
0201       1 
0202       1 
0203       1 
0204       1 
0205       1 
0206       1 
0207       1 
0208       1 
0209       1 
0210       1 
0211       1 
0212       1 
0213       1 
0214       1 
0215       1 
0216       1 
0217       1 
0218       1 
0219       1 
0220       1 
0221       1 
0222       1 
0223       1 
0224       1 
0225       1 
0226       1 
0227       1 
0228       1 
0229       1 
0230       1 
0231       1 
0232       1 
0233       1 
0234       1 
0235       1 
0236       1 
0237       1 
0238       1 
0239       1 
0240       1 
0241       1 
0242       1 
0243       1 
0244       1 
0245       1 
0246       1 
0247       1 
0248       1 
0249       1 
0250       1 
0251       1 
0252       1 
0253       1 
0254       1 
0255       1 
0256       19471 
0257       19553 
0258       19553 
0259       19553 
0260       1 
0261       1 
0262       1 
0263       1 
0264       1 
0265       1 
0266       1 
0267       1 
0268       1 
0269       1 
0270       1 
0271       1 
0272       1 
0273       1 
0274       1 
0275       1 
0276       1 
0277       1 
0278       1 
0279       1 
0280       1 
0281       1 
0282       1 
0283       1 
0284       1 
0285       1 
0286       1 
0287       1 
0288       1 
0289       1 
0290       1 
0291       1 
0292       1 
0293       1 
0294       1 
0295       1 
0296       19188 
0297       19188 
0298       19024 
0299       18798 
0300       18629 
0301       1 
0302       1 
0303       1 
0304       1 
0305       1 
0306       17706 
0307       17706 
0308       17588 
0309       17447 
0310       17217 
0311       1 
0312       16780 
0313       16780 
0314       16780 
0315       16595 
0316       16471 
0317       16445 
0318       16388 
0319       16281 
0320       16205 
0321       16070 
0322       15987 
0323       15867 
0324       15795 
0325       15676 
0326       15588 
0327       15522 
0328       15381 
0329       15304 
0330       15212 
0331       15159 
0332       15035 
0333       14934 
0334       14838 
0335       14755 
0336       14681 
0337       14593 
0338       14488 
0339       14402 
0340       14324 
0341       14226 
0342       14115 
0343       14069 
0344       14027 
0345       13943 
0346       13836 
0347       13748 
0348       13707 
0349       13621 
0350       13554 
0351       13515 
0352       13422 
0353       13369 
0354       13290 
0355       13236 
0356       13166 
0357       13124 
0358       13033 
0359       12992 
0360       12931 
0361       12879 
0362       12778 
0363       12739 
0364       12687 
0365       12623 
0366       12555 
0367       12531 
0368       12464 
0369       12384 
0370       12334 
0371       12289 
0372       12224 
0373       12209 
0374       12155 
0375       12101 
0376       12068 
0377       12000 
0378       11949 
0379       11887 
0380       11846 
0381       11832 
0382       11788 
0383       11735 
0384       11661 
0385       11611 
0386       11593 
0387       11575 
0388       11525 
0389       11477 
0390       11433 
0391       11374 
0392       11326 
0393       11291 
0394       11283 
0395       11213 
0396       11167 
0397       11131 
0398       11112 
0399       11072 
0400       11047 
0401       10996 
0402       10933 
0403       10928 
0404       10865 
0405       10837 
0406       10826 
0407       10790 
0408       10756 
0409       10719 
0410       10666 
0411       10633 
0412       10628 
0413       10585 
0414       10577 
0415       10539 
0416       10508 
0417       10475 
0418       10420 
0419       10389 
0420       10355 
0421       10350 
0422       10332 
0423       10270 
0424       10247 
0425       10241 
0426       10213 
0427       10183 
0428       10156 
0429       10148 
0430       10122 
0431       10094 
0432       10068 
0433       10040 
0434       10024 
0435       9983 
0436       9976 
0437       9926 
0438       9887 
0439       9867 
0440       9857 
0441       9842 
0442       9839 
0443       9796 
0444       9770 
0445       9735 
0446       9722 
0447       9714 
0448       9677 
0449       9665 
0450       9639 
0451       9601 
0452       9597 
0453       9584 
0454       9568 
0455       9561 
0456       9517 
0457       9499 
0458       9471 
0459       9457 
0460       9452 
0461       9434 
0462       9427 
0463       9402 
0464       9381 
0465       9373 
0466       9341 
0467       9336 
0468       9306 
0469       9296 
0470       9286 
0471       9265 
0472       9256 
0473       9241 
0474       9234 
0475       9210 
0476       9175 
0477       9158 
0478       9158 
0479       9155 
0480       9151 
0481       9126 
0482       9115 
0483       9093 
0484       9082 
0485       9067 
0486       9042 
0487       9042 
0488       9043 
0489       9043 
0490       9017 
0491       9016 
0492       8991 
0493       8971 
0494       8969 
0495       8966 
0496       8962 
0497       8944 
0498       8935 
0499       8924 
0500       8918 
0501       8917 
0502       8914 
0503       8903 
0504       8889 
0505       8872 
0506       8872 
0507       8874 
0508       8874 
0509       8860 
0510       8859 
0511       8853 
0512       8845 
0513       8824 
0514       8824 
0515       8832 
0516       8832 
0517       8820 
0518       8820 
0519       8814 
0520       8810 
0521       8810 
0522       8810 
0523       8793 
0524       8777 
0525       8787 
0526       8779 
0527       8779 
0528       8758 
0529       8758 
0530       8758 
0531       8762 
0532       8755 
0533       8751 
0534       8751 
0535       8750 
0536       8750 
0537       8746 
0538       8746 
0539       8747 
0540       8756 
0541       8756 
0542       8755 
0543       8755 
0544       8741 
0545       8741 
0546       8733 
0547       8727 
0548       8727 
0549       8728 
0550       8739 
0551       8739 
0552       8739 
0553       8749 
0554       8749 
0555       8736 
0556       8730 
0557       8736 
0558       8736 
0559       8744 
0560       8751 
0561       8760 
0562       8760 
0563       8760 
0564       8762 
0565       8767 
0566       8780 
0567       8788 
0568       8783 
0569       8783 
0570       8783 
0571       8777 
0572       8789 
0573       8789 
0574       8789 
0575       8797 
0576       8797 
0577       8803 
0578       8815 
0579       8815 
0580       8820 
0581       8818 
0582       8825 
0583       8845 
0584       8851 
0585       8849 
0586       8851 
0587       8861 
0588       8872 
0589       8872 
0590       8878 
0591       8892 
0592       8906 
0593       8911 
0594       8913 
0595       8917 
0596       8917 
0597       8935 
0598       8942 
0599       8942 
0600       8942 
0601       8942 
0602       8956 
0603       8984 
0604       8990 
0605       8995 
0606       9013 
0607       9019 
0608       9026 
0609       9027 
0610       9045 
0611       9052 
0612       9057 
0613       9072 
0614       9094 
0615       9096 
0616       9116 
0617       9127 
0618       9151 
0619       9153 
0620       9156 
0621       9164 
0622       9192 
0623       9210 
0624       9221 
0625       9228 
0626       9253 
0627       9269 
0628       9283 
0629       9304 
0630       9308 
0631       9315 
0632       9340 
0633       9348 
0634       9353 
0635       9365 
0636       9366 
0637       9366 
0638       9324 
0639       9297 
0640       9297 
0641       9309 
0642       9317 
0643       9317 
0644       9340 
0645       9353 
0646       9376 
0647       9376 
0648       6871 
0649       6870 
0650       6870 
0651       6880 
0652       6901 
0653       6918 
0654       6919 
0655       6947 
0656       6956 
0657       6963 
0658       6963 
0659       6953 
0660       6933 
0661       6920 
0662       6915 
0663       6915 
0664       6907 
0665       4609 
0666       4575 
0667       4535 
0668       4509 
0669       4461 
0670       4394 
0671       4313 
0672       4255 
0673       4198 
0674       4123 
0675       4072 
0676       4008 
0677       3867 
0678       3816 
0679       3772 
0680       3762 
0681       3720 
0682       3680 
0683       3645 
0684       3633 
0685       3633 
0686       3633 
0687       3635 
0688       3654 
0689       3667 
0690       3676 
0691       3685 
0692       3700 
0693       3715 
0694       3722 
0695       3732 
0696       3742 
0697       3757 
0698       3764 
0699       3798 
0700       3809 
0701       3832 
0702       3845 
0703       3846 
0704       3872 
0705       3887 
0706       3900 
0707       3938 
0708       3982 
0709       4034 
0710       4073 
0711       4107 
0712       4138 
0713       4163 
0714       4167 
0715       4196 
0716       4207 
0717       4215 
0718       4237 
0719       4256 
0720       4275 
0721       4277 
0722       4308 
0723       4320 
0724       4325 
0725       4362 
0726       4390 
0727       4427 
0728       4449 
0729       4452 
0730       4492 
0731       4500 
0732       4511 
0733       4533 
0734       4567 
0735       4592 
0736       4606 
0737       4636 
0738       4674 
0739       4693 
0740       4715 
0741       4744 
0742       4786 
0743       4790 
0744       4823 
0745       4832 
0746       4852 
0747       4887 
0748       4889 
0749       4912 
0750       4947 
0751       4981 
0752       5013 
0753       5026 
0754       5074 
0755       5098 
0756       5129 
0757       5169 
0758       5179 
0759       5196 
0760       5230 
0761       5248 
0762       5302 
0763       5317 
0764       5357 
0765       5372 
0766       5424 
0767       5453 
0768       5480 
0769       5517 
0770       5571 
0771       5589 
0772       5633 
0773       5662 
0774       5717 
0775       5742 
0776       5781 
0777       5824 
0778       5843 
0779       5905 
0780       5935 
0781       6028 
0782       6057 
0783       6119 
0784       6151 
0785       6207 
0786       6251 
0787       6304 
0788       6324 
0789       6380 
0790       6463 
0791       6512 
0792       6532 
0793       6571 
0794       6634 
0795       6685 
0796       6762 
0797       6826 
0798       6873 
0799       6941 
0800       7012 
0801       7078 
0802       7119 
0803       7191 
0804       7243 
0805       7303 
0806       7358 
0807       7394 
0808       7465 
0809       7552 
0810       7639 
0811       7704 
0812       7802 
0813       7870 
0814       7943 
0815       7999 
0816       8100 
0817       8189 
0818       8263 
0819       8326 
0820       8354 
0821       8362 
0822       8449 
0823       8576 
0824       8693 
0825       8969 
0826       9088 
0827       9172 
0828       9322 
0829       9407 
0830       9571 
0831       9674 
0832       9833 
0833       9987 
0834       10120 
0835       10219 
0836       10353 
0837       10549 
0838       10645 
0839       10778 
0840       10898 
0841       11074 
0842       11225 
0843       11430 
0844       11605 
0845       11778 
0846       11977 
0847       12159 
0848       12369 
0849       12506 
0850       12712 
0851       12712 
0852       12920 
0853       13468 
0854       13693 
0855       13693 
0856       13693 
0857       1 
0858       1 
0859       1 
0860       1 
0861       1 
0862       15288 
0863       16049 
0864       16049 
0865       16049 
0866       1 
0867       1 
0868       24361 
0869       24361 
0870       24368 
0871       24368 
0872       24368 
0873       24320 
0874       24320 
0875       24090 
0876       24090 
0877       24090 
0878       24090 
0879       24218 
0880       24218 
0881       24218 
0882       1 
0883       1 
0884       1 
0885       1 
0886       1 
0887       1 
0888       1 
0889       1 
0890       1 
0891       1 
0892       1 
0893       1 
0894       1 
0895       24238 
0896       24238 
0897       24252 
0898       24252 
0899       24252 
0900       24252 
0901       1 
0902       24282 
0903       24302 
0904       24325 
0905       24325 
0906       24301 
0907       1 
0908       1 
0909       1 
0910       1 
0911       1 
0912       1 
0913       1 
0914       1 
0915       1 
0916       1 
0917       1 
0918       1 
0919       1 
0920       1 
0921       1 
0922       1 
0923       1 
0924       1 
0925       1 
0926       1 
0927       1 
0928       1 
0929       1 
0930       1 
0931       1 
0932       1 
0933       1 
0934       1 
0935       1 
0936       1 
0937       1 
0938       1 
0939       1 
0940       1 
0941       1 
0942       1 
0943       1 
0944       1 
0945       1 
0946       1 
0947       1 
0948       1 
0949       1 
0950       1 
0951       1 
0952       1 
0953       1 
0954       1 
0955       1 
0956       1 
0957       1 
0958       1 
0959       1 
0960       1 
0961       1 
0962       1 
0963       1 
0964       1 
0965       1 
0966       1 
0967       1 
0968       1 
0969       1 
0970       1 
0971       1 
0972       1 
0973       1 
0974       1 
0975       1 
0976       1 
0977       1 
0978       1 
0979       1 
0980       1 
0981       1 
0982       1 
0983       1 
0984       1 
0985       1 
0986       1 
0987       1 
0988       1 
0989       1 
0990       1 
0991       1 
0992       1 
0993       1 
0994       1 
0995       1 
0996       1 
0997       1 
0998       1 
0999       1 
1000       1 
1001       1 
1002       1 
1003       1 
1004       1 
1005       1 
1006       1 
1007       4 
1008       51 
1009       51 
1010       51 
1011       51 
1012       51 
1013       51 
1014       52 
1015       59 
1016       59 
1017       60 
1018       61 
1019       61 
1020       61 
1021       61 
1022       61 
1023       54 
1024       54 
1025       61 
1026       61 
1027       67 
1028       67 
1029       63 
1030       56 
1031       54 
1032       54 
1033       63 
1034       64 
1035       65 
1036       65 
1037       67 
1038       73 
1039       76 
1040       73 
1041       73 
1042       64 
1043       64 
1044       63 
1045       64 
1046       64 
1047       68 
1048       71 
1049       71 
1050       66 
1051       66 
1052       66 
1053       66 
1054       66 
1055       66 
1056       69 
1057       69 
1058       69 
1059       66 
1060       69 
1061       64 
1062       74 
1063       64 
1064       64 
1065       64 
1066       67 
1067       67 
1068       67 
1069       70 
1070       70 
1071       70 
1072       63 
1073       63 
1074       63 
1075       70 
1076       68 
1077       68 
1078       68 
1079       65 
1297966619.660103
