0000       1 
0001       1 
0002       1 
0003       1 
0004       1 
0005       1 
0006       1 
0007       1 
0008       1 
0009       1 
0010       1 
0011       1 
0012       1 
0013       1 
0014       1 
0015       1 
0016       1 
0017       1 
0018       1 
0019       1 
0020       1 
0021       1 
0022       1 
0023       1 
0024       1 
0025       1 
0026       1 
0027       1 
0028       1 
0029       1 
0030       1 
0031       1 
0032       1 
0033       1 
0034       1 
0035       1 
0036       1 
0037       1 
0038       1 
0039       1 
0040       1 
0041       1 
0042       1 
0043       1 
0044       1 
0045       1 
0046       1 
0047       1 
0048       1 
0049       1 
0050       1 
0051       1 
0052       1 
0053       1 
0054       1 
0055       1 
0056       1 
0057       1 
0058       1 
0059       1 
0060       1 
0061       1 
0062       1 
0063       1 
0064       1 
0065       1 
0066       1 
0067       1 
0068       1 
0069       1 
0070       1 
0071       1 
0072       1 
0073       1 
0074       1 
0075       1 
0076       1 
0077       1 
0078       1 
0079       1 
0080       1 
0081       1 
0082       1 
0083       1 
0084       1 
0085       1 
0086       1 
0087       1 
0088       1 
0089       1 
0090       1 
0091       1 
0092       1 
0093       1 
0094       1 
0095       1 
0096       1 
0097       1 
0098       1 
0099       1 
0100       1 
0101       1 
0102       1 
0103       1 
0104       1 
0105       1 
0106       1 
0107       1 
0108       1 
0109       1 
0110       1 
0111       1 
0112       1 
0113       1 
0114       1 
0115       1 
0116       1 
0117       1 
0118       1 
0119       1 
0120       1 
0121       1 
0122       1 
0123       1 
0124       1 
0125       1 
0126       1 
0127       1 
0128       1 
0129       1 
0130       1 
0131       27619 
0132       27781 
0133       27789 
0134       27789 
0135       27748 
0136       27730 
0137       27709 
0138       27682 
0139       27652 
0140       21994 
0141       21993 
0142       21980 
0143       21969 
0144       21958 
0145       21956 
0146       21947 
0147       21941 
0148       21935 
0149       21929 
0150       21924 
0151       21908 
0152       21907 
0153       21906 
0154       21684 
0155       21684 
0156       21693 
0157       21693 
0158       21694 
0159       21694 
0160       21826 
0161       21841 
0162       21854 
0163       21859 
0164       21859 
0165       21846 
0166       21846 
0167       21847 
0168       21855 
0169       21857 
0170       21857 
0171       21857 
0172       21848 
0173       21822 
0174       21705 
0175       21694 
0176       21705 
0177       21713 
0178       21740 
0179       21740 
0180       21729 
0181       21729 
0182       21749 
0183       21749 
0184       21161 
0185       1 
0186       21161 
0187       21787 
0188       21787 
0189       21245 
0190       1 
0191       21245 
0192       21774 
0193       21851 
0194       21918 
0195       22022 
0196       22028 
0197       22070 
0198       22071 
0199       22083 
0200       22083 
0201       1 
0202       1 
0203       1 
0204       1 
0205       1 
0206       1 
0207       1 
0208       1 
0209       1 
0210       1 
0211       22141 
0212       22162 
0213       22175 
0214       22191 
0215       22193 
0216       22202 
0217       22202 
0218       21908 
0219       22247 
0220       22327 
0221       22327 
0222       21887 
0223       1 
0224       1 
0225       21887 
0226       22460 
0227       22460 
0228       1 
0229       1 
0230       1 
0231       1 
0232       1 
0233       19728 
0234       19751 
0235       19760 
0236       19807 
0237       19836 
0238       19855 
0239       19891 
0240       19901 
0241       19951 
0242       19968 
0243       19968 
0244       20049 
0245       20049 
0246       1 
0247       1 
0248       1 
0249       1 
0250       1 
0251       1 
0252       17987 
0253       17987 
0254       17751 
0255       1 
0256       1 
0257       1 
0258       1 
0259       1 
0260       1 
0261       1 
0262       16258 
0263       16292 
0264       16295 
0265       16312 
0266       16374 
0267       16393 
0268       16423 
0269       16438 
0270       16492 
0271       16521 
0272       16563 
0273       16568 
0274       16631 
0275       16657 
0276       16726 
0277       16774 
0278       16810 
0279       16833 
0280       16869 
0281       16924 
0282       17015 
0283       17016 
0284       17028 
0285       17100 
0286       17100 
0287       17013 
0288       17006 
0289       17006 
0290       17006 
0291       16736 
0292       1 
0293       1 
0294       1 
0295       1 
0296       16247 
0297       16247 
0298       16050 
0299       1 
0300       1 
0301       15640 
0302       15640 
0303       15640 
0304       15550 
0305       15429 
0306       15307 
0307       15228 
0308       15145 
0309       15015 
0310       14927 
0311       14857 
0312       14780 
0313       14708 
0314       14583 
0315       14525 
0316       14459 
0317       14375 
0318       14267 
0319       14193 
0320       14150 
0321       14049 
0322       13957 
0323       13838 
0324       13538 
0325       1 
0326       1 
0327       1 
0328       1 
0329       1 
0330       1 
0331       1 
0332       1 
0333       1 
0334       1 
0335       1 
0336       1 
0337       1 
0338       12804 
0339       12804 
0340       12693 
0341       12194 
0342       12106 
0343       12073 
0344       12013 
0345       12002 
0346       11902 
0347       11883 
0348       11797 
0349       11767 
0350       11726 
0351       11647 
0352       11615 
0353       11591 
0354       11499 
0355       11452 
0356       11425 
0357       11375 
0358       11340 
0359       11274 
0360       11212 
0361       11205 
0362       11169 
0363       11103 
0364       11032 
0365       11000 
0366       10997 
0367       10940 
0368       10900 
0369       10884 
0370       10858 
0371       10805 
0372       10745 
0373       10713 
0374       10674 
0375       10632 
0376       10624 
0377       10577 
0378       10531 
0379       10518 
0380       10474 
0381       10421 
0382       10365 
0383       10359 
0384       10310 
0385       10309 
0386       7562 
0387       7555 
0388       7512 
0389       7488 
0390       7474 
0391       7458 
0392       7458 
0393       7468 
0394       7487 
0395       7490 
0396       7521 
0397       7521 
0398       7517 
0399       7516 
0400       7487 
0401       7457 
0402       7440 
0403       7399 
0404       7369 
0405       7317 
0406       7277 
0407       7268 
0408       7267 
0409       7267 
0410       7257 
0411       7234 
0412       7230 
0413       7187 
0414       7178 
0415       7138 
0416       7107 
0417       7100 
0418       7100 
0419       7090 
0420       7066 
0421       7047 
0422       7033 
0423       7019 
0424       6997 
0425       6954 
0426       6936 
0427       6928 
0428       6924 
0429       6921 
0430       6916 
0431       6898 
0432       6878 
0433       6873 
0434       6870 
0435       6824 
0436       6812 
0437       6808 
0438       6804 
0439       6801 
0440       6774 
0441       6770 
0442       6750 
0443       6747 
0444       6725 
0445       6712 
0446       6681 
0447       6681 
0448       6689 
0449       6689 
0450       6668 
0451       6667 
0452       6647 
0453       6634 
0454       6622 
0455       6614 
0456       6585 
0457       6570 
0458       6570 
0459       6568 
0460       6566 
0461       6559 
0462       6546 
0463       6546 
0464       6542 
0465       6537 
0466       6524 
0467       6494 
0468       6476 
0469       6476 
0470       6484 
0471       6484 
0472       6470 
0473       6468 
0474       6452 
0475       6450 
0476       6446 
0477       6442 
0478       6439 
0479       6420 
0480       6384 
0481       6384 
0482       6398 
0483       6398 
0484       6391 
0485       6384 
0486       6378 
0487       6373 
0488       6363 
0489       6360 
0490       6344 
0491       6330 
0492       6267 
0493       6267 
0494       6287 
0495       6725 
0496       7097 
0497       7351 
0498       7610 
0499       7917 
0500       8224 
0501       8392 
0502       8432 
0503       8443 
0504       8443 
0505       8443 
0506       8460 
0507       8494 
0508       8494 
0509       8487 
0510       8487 
0511       8494 
0512       8495 
0513       8494 
0514       8482 
0515       8482 
0516       8482 
0517       8486 
0518       8482 
0519       8464 
0520       8464 
0521       8470 
0522       8470 
0523       8470 
0524       8473 
0525       8477 
0526       8473 
0527       8479 
0528       8486 
0529       8486 
0530       8481 
0531       8470 
0532       8470 
0533       8461 
0534       8461 
0535       8476 
0536       8478 
0537       8478 
0538       8464 
0539       8464 
0540       8476 
0541       8483 
0542       8488 
0543       8488 
0544       8488 
0545       8494 
0546       8501 
0547       8519 
0548       8519 
0549       8520 
0550       8515 
0551       8515 
0552       8515 
0553       8535 
0554       8535 
0555       8532 
0556       8532 
0557       8534 
0558       8534 
0559       8534 
0560       8573 
0561       8573 
0562       8591 
0563       8564 
0564       8591 
0565       8575 
0566       8582 
0567       8582 
0568       8599 
0569       8614 
0570       8619 
0571       8620 
0572       8631 
0573       8649 
0574       8649 
0575       8649 
0576       8668 
0577       8675 
0578       8685 
0579       8692 
0580       8715 
0581       8728 
0582       8736 
0583       8736 
0584       8736 
0585       8758 
0586       8758 
0587       8769 
0588       8780 
0589       8783 
0590       8796 
0591       8826 
0592       8830 
0593       8836 
0594       8838 
0595       8857 
0596       8869 
0597       8874 
0598       8888 
0599       8904 
0600       8907 
0601       8924 
0602       8928 
0603       8937 
0604       8977 
0605       8981 
0606       9007 
0607       9011 
0608       9020 
0609       9022 
0610       9029 
0611       9031 
0612       9071 
0613       9090 
0614       9102 
0615       9126 
0616       9134 
0617       9165 
0618       9171 
0619       9183 
0620       9197 
0621       9210 
0622       9243 
0623       9255 
0624       9274 
0625       9284 
0626       9297 
0627       9330 
0628       9361 
0629       9384 
0630       9391 
0631       9392 
0632       9442 
0633       9462 
0634       9467 
0635       9467 
0636       9457 
0637       9420 
0638       9386 
0639       9355 
0640       9294 
0641       9228 
0642       9159 
0643       9081 
0644       9058 
0645       8975 
0646       8921 
0647       8857 
0648       8800 
0649       8720 
0650       8653 
0651       8600 
0652       8555 
0653       8486 
0654       8418 
0655       8373 
0656       8311 
0657       8271 
0658       8211 
0659       8137 
0660       8089 
0661       8040 
0662       7997 
0663       7953 
0664       7907 
0665       7858 
0666       7801 
0667       7756 
0668       7706 
0669       7668 
0670       7611 
0671       7577 
0672       7517 
0673       7479 
0674       7440 
0675       7406 
0676       7379 
0677       7328 
0678       7283 
0679       7245 
0680       7200 
0681       7161 
0682       7089 
0683       6985 
0684       6985 
0685       7016 
0686       7042 
0687       7062 
0688       7082 
0689       7109 
0690       7128 
0691       7153 
0692       7196 
0693       7225 
0694       7267 
0695       7291 
0696       7312 
0697       7331 
0698       7347 
0699       7351 
0700       7418 
0701       7440 
0702       7477 
0703       7516 
0704       7540 
0705       7547 
0706       7550 
0707       7609 
0708       7682 
0709       7690 
0710       7735 
0711       7754 
0712       7794 
0713       7799 
0714       7875 
0715       7907 
0716       7915 
0717       7951 
0718       7982 
0719       8025 
0720       8071 
0721       8126 
0722       8151 
0723       8198 
0724       8240 
0725       8292 
0726       8298 
0727       8360 
0728       8411 
0729       8467 
0730       8490 
0731       8542 
0732       8558 
0733       8629 
0734       8665 
0735       8733 
0736       8765 
0737       8796 
0738       8820 
0739       8923 
0740       8959 
0741       8993 
0742       9049 
0743       9080 
0744       9132 
0745       9246 
0746       9270 
0747       9348 
0748       9350 
0749       9417 
0750       9509 
0751       9562 
0752       9610 
0753       9614 
0754       9737 
0755       9827 
0756       9864 
0757       9903 
0758       9938 
0759       10014 
0760       10095 
0761       10143 
0762       10206 
0763       10246 
0764       10281 
0765       10246 
0766       1 
0767       1 
0768       1 
0769       1 
0770       1 
0771       1 
0772       4209 
0773       4264 
0774       4310 
0775       4310 
0776       4315 
0777       4334 
0778       4360 
0779       4383 
0780       4399 
0781       4417 
0782       4447 
0783       4464 
0784       4489 
0785       4539 
0786       4539 
0787       4539 
0788       4514 
0789       4438 
0790       4050 
0791       3869 
0792       3845 
0793       3844 
0794       3844 
0795       3845 
0796       3868 
0797       3919 
0798       3930 
0799       3930 
0800       3965 
0801       3975 
0802       4015 
0803       4072 
0804       4084 
0805       4109 
0806       4168 
0807       4220 
0808       4243 
0809       4258 
0810       4330 
0811       4393 
0812       4416 
0813       4467 
0814       4519 
0815       4576 
0816       4637 
0817       4737 
0818       4787 
0819       4865 
0820       4918 
0821       5013 
0822       5171 
0823       5216 
0824       5357 
0825       7547 
0826       7547 
0827       7543 
0828       7515 
0829       7499 
0830       7426 
0831       7397 
0832       7345 
0833       7344 
0834       7291 
0835       7278 
0836       7243 
0837       7202 
0838       7169 
0839       7115 
0840       7064 
0841       7051 
0842       7043 
0843       6954 
0844       6928 
0845       6855 
0846       6856 
0847       6856 
0848       6867 
0849       6875 
0850       6911 
0851       7034 
0852       7241 
0853       7453 
0854       7722 
0855       7722 
0856       7914 
0857       9746 
0858       9932 
0859       10153 
0860       10153 
0861       10153 
0862       11385 
0863       11385 
0864       11383 
0865       1 
0866       1 
0867       1 
0868       1 
0869       1 
0870       1 
0871       1 
0872       1 
0873       1 
0874       1 
0875       1 
0876       1 
0877       1 
0878       1 
0879       1 
0880       1 
0881       1 
0882       1 
0883       1 
0884       1 
0885       1 
0886       1 
0887       1 
0888       1 
0889       1 
0890       1 
0891       1 
0892       1 
0893       1 
0894       1 
0895       1 
0896       1 
0897       1 
0898       1 
0899       1 
0900       1 
0901       1 
0902       1 
0903       1 
0904       1 
0905       1 
0906       1 
0907       1 
0908       1 
0909       1 
0910       1 
0911       1 
0912       1 
0913       1 
0914       1 
0915       1 
0916       1 
0917       1 
0918       1 
0919       1 
0920       1 
0921       1 
0922       1 
0923       1 
0924       1 
0925       1 
0926       1 
0927       1 
0928       1 
0929       1 
0930       1 
0931       1 
0932       1 
0933       1 
0934       1 
0935       1 
0936       1 
0937       1 
0938       1 
0939       1 
0940       1 
0941       1 
0942       1 
0943       1 
0944       1 
0945       1 
0946       1 
0947       1 
0948       1 
0949       1 
0950       1 
0951       1 
0952       1 
0953       1 
0954       1 
0955       1 
0956       1 
0957       1 
0958       1 
0959       1 
0960       1 
0961       1 
0962       1 
0963       1 
0964       1 
0965       1 
0966       1 
0967       1 
0968       1 
0969       1 
0970       1 
0971       1 
0972       1 
0973       1 
0974       1 
0975       1 
0976       1 
0977       1 
0978       1 
0979       1 
0980       1 
0981       1 
0982       1 
0983       1 
0984       1 
0985       1 
0986       1 
0987       1 
0988       1 
0989       1 
0990       1 
0991       1 
0992       1 
0993       1 
0994       1 
0995       1 
0996       1 
0997       1 
0998       1 
0999       1 
1000       1 
1001       1 
1002       1 
1003       1 
1004       1 
1005       1 
1006       1 
1007       4 
1008       4 
1009       4 
1010       4 
1011       4 
1012       4 
1013       4 
1014       4 
1015       49 
1016       49 
1017       49 
1018       43 
1019       43 
1020       43 
1021       43 
1022       45 
1023       53 
1024       58 
1025       58 
1026       61 
1027       61 
1028       58 
1029       56 
1030       54 
1031       54 
1032       56 
1033       60 
1034       62 
1035       62 
1036       62 
1037       63 
1038       72 
1039       72 
1040       72 
1041       72 
1042       72 
1043       72 
1044       69 
1045       69 
1046       69 
1047       69 
1048       69 
1049       70 
1050       71 
1051       71 
1052       71 
1053       71 
1054       66 
1055       66 
1056       65 
1057       65 
1058       66 
1059       64 
1060       63 
1061       63 
1062       64 
1063       64 
1064       66 
1065       66 
1066       66 
1067       67 
1068       68 
1069       68 
1070       68 
1071       68 
1072       68 
1073       68 
1074       72 
1075       72 
1076       72 
1077       73 
1078       73 
1079       72 
1297966671.920311
