0000       1 
0001       1 
0002       1 
0003       1 
0004       1 
0005       1 
0006       1 
0007       1 
0008       1 
0009       1 
0010       1 
0011       1 
0012       1 
0013       1 
0014       1 
0015       1 
0016       1 
0017       1 
0018       1 
0019       1 
0020       1 
0021       1 
0022       1 
0023       1 
0024       1 
0025       1 
0026       1 
0027       1 
0028       1 
0029       1 
0030       1 
0031       1 
0032       1 
0033       1 
0034       1 
0035       1 
0036       1 
0037       1 
0038       1 
0039       1 
0040       1 
0041       1 
0042       1 
0043       1 
0044       1 
0045       1 
0046       1 
0047       1 
0048       1 
0049       1 
0050       1 
0051       1 
0052       1 
0053       1 
0054       1 
0055       1 
0056       1 
0057       1 
0058       1 
0059       1 
0060       1 
0061       1 
0062       1 
0063       1 
0064       1 
0065       1 
0066       1 
0067       1 
0068       1 
0069       1 
0070       1 
0071       1 
0072       1 
0073       1 
0074       1 
0075       1 
0076       1 
0077       1 
0078       1 
0079       1 
0080       1 
0081       1 
0082       1 
0083       1 
0084       1 
0085       1 
0086       1 
0087       1 
0088       1 
0089       1 
0090       1 
0091       1 
0092       1 
0093       1 
0094       1 
0095       1 
0096       1 
0097       1 
0098       1 
0099       1 
0100       1 
0101       1 
0102       1 
0103       1 
0104       1 
0105       1 
0106       1 
0107       1 
0108       1 
0109       1 
0110       1 
0111       1 
0112       1 
0113       1 
0114       1 
0115       1 
0116       1 
0117       1 
0118       1 
0119       1 
0120       1 
0121       1 
0122       1 
0123       1 
0124       1 
0125       1 
0126       1 
0127       1 
0128       1 
0129       1 
0130       1 
0131       1 
0132       1 
0133       1 
0134       1 
0135       1 
0136       1 
0137       1 
0138       1 
0139       1 
0140       1 
0141       1 
0142       1 
0143       1 
0144       1 
0145       1 
0146       1 
0147       1 
0148       1 
0149       1 
0150       1 
0151       1 
0152       1 
0153       1 
0154       1 
0155       1 
0156       1 
0157       1 
0158       1 
0159       1 
0160       1 
0161       1 
0162       1 
0163       1 
0164       1 
0165       1 
0166       1 
0167       1 
0168       1 
0169       1 
0170       1 
0171       1 
0172       1 
0173       1 
0174       1 
0175       1 
0176       1 
0177       1 
0178       1 
0179       1 
0180       1 
0181       1 
0182       1 
0183       1 
0184       1 
0185       1 
0186       1 
0187       1 
0188       1 
0189       1 
0190       1 
0191       1 
0192       1 
0193       1 
0194       1 
0195       1 
0196       1 
0197       1 
0198       1 
0199       1 
0200       1 
0201       1 
0202       1 
0203       1 
0204       1 
0205       1 
0206       1 
0207       1 
0208       1 
0209       1 
0210       1 
0211       1 
0212       1 
0213       1 
0214       1 
0215       1 
0216       1 
0217       1 
0218       1 
0219       1 
0220       1 
0221       1 
0222       1 
0223       1 
0224       1 
0225       1 
0226       1 
0227       1 
0228       1 
0229       1 
0230       1 
0231       1 
0232       1 
0233       1 
0234       1 
0235       1 
0236       1 
0237       1 
0238       1 
0239       1 
0240       1 
0241       1 
0242       1 
0243       1 
0244       1 
0245       1 
0246       1 
0247       19466 
0248       19466 
0249       19202 
0250       19152 
0251       19152 
0252       19202 
0253       19152 
0254       1 
0255       1 
0256       1 
0257       1 
0258       1 
0259       1 
0260       1 
0261       1 
0262       1 
0263       1 
0264       1 
0265       1 
0266       1 
0267       1 
0268       1 
0269       1 
0270       1 
0271       1 
0272       1 
0273       1 
0274       1 
0275       1 
0276       1 
0277       1 
0278       1 
0279       1 
0280       1 
0281       1 
0282       1 
0283       1 
0284       1 
0285       1 
0286       1 
0287       1 
0288       1 
0289       1 
0290       1 
0291       1 
0292       1 
0293       1 
0294       1 
0295       1 
0296       1 
0297       1 
0298       1 
0299       1 
0300       1 
0301       1 
0302       1 
0303       1 
0304       1 
0305       1 
0306       1 
0307       1 
0308       1 
0309       1 
0310       1 
0311       1 
0312       1 
0313       1 
0314       1 
0315       1 
0316       1 
0317       1 
0318       1 
0319       1 
0320       1 
0321       1 
0322       1 
0323       1 
0324       1 
0325       1 
0326       1 
0327       1 
0328       1 
0329       1 
0330       1 
0331       1 
0332       17712 
0333       17712 
0334       17444 
0335       17291 
0336       17291 
0337       17148 
0338       17002 
0339       16889 
0340       16614 
0341       16583 
0342       16583 
0343       16411 
0344       16301 
0345       16184 
0346       16049 
0347       15947 
0348       15826 
0349       15706 
0350       15613 
0351       15531 
0352       15421 
0353       15335 
0354       15197 
0355       15076 
0356       14990 
0357       14920 
0358       14813 
0359       14738 
0360       14637 
0361       14542 
0362       14483 
0363       14375 
0364       14317 
0365       14208 
0366       14114 
0367       14024 
0368       13970 
0369       13879 
0370       13792 
0371       13691 
0372       13642 
0373       13567 
0374       13469 
0375       13453 
0376       13352 
0377       13271 
0378       13175 
0379       13142 
0380       13076 
0381       12963 
0382       12776 
0383       12592 
0384       12535 
0385       12497 
0386       12421 
0387       12348 
0388       12281 
0389       12193 
0390       12175 
0391       12107 
0392       12067 
0393       12015 
0394       11952 
0395       11891 
0396       11888 
0397       11869 
0398       11869 
0399       11869 
0400       11850 
0401       11847 
0402       11788 
0403       11718 
0404       11696 
0405       11674 
0406       11634 
0407       11559 
0408       11504 
0409       11465 
0410       11424 
0411       11385 
0412       11309 
0413       11280 
0414       11273 
0415       11201 
0416       11182 
0417       11127 
0418       11081 
0419       11052 
0420       11000 
0421       10938 
0422       10931 
0423       10890 
0424       10850 
0425       10822 
0426       10780 
0427       10741 
0428       10701 
0429       10684 
0430       10659 
0431       10593 
0432       10587 
0433       10524 
0434       10500 
0435       10480 
0436       10449 
0437       10424 
0438       10388 
0439       10329 
0440       10318 
0441       10289 
0442       10247 
0443       10242 
0444       10223 
0445       10184 
0446       10183 
0447       10123 
0448       10066 
0449       10057 
0450       10004 
0451       9995 
0452       9953 
0453       9940 
0454       9922 
0455       9895 
0456       9868 
0457       9830 
0458       9807 
0459       9790 
0460       9756 
0461       9732 
0462       9709 
0463       9692 
0464       9664 
0465       9639 
0466       9629 
0467       9600 
0468       9568 
0469       9563 
0470       9503 
0471       9501 
0472       9476 
0473       9447 
0474       9428 
0475       9413 
0476       9408 
0477       9367 
0478       9362 
0479       9340 
0480       9339 
0481       9294 
0482       9271 
0483       9270 
0484       9247 
0485       9230 
0486       9222 
0487       9211 
0488       9184 
0489       9165 
0490       9136 
0491       9132 
0492       9118 
0493       9107 
0494       9077 
0495       9063 
0496       9048 
0497       9045 
0498       9027 
0499       8989 
0500       8967 
0501       8965 
0502       8951 
0503       8947 
0504       8924 
0505       8920 
0506       8916 
0507       8891 
0508       8884 
0509       8866 
0510       8843 
0511       8843 
0512       8843 
0513       8814 
0514       8813 
0515       8801 
0516       8769 
0517       8769 
0518       8771 
0519       8771 
0520       8764 
0521       8760 
0522       8727 
0523       8713 
0524       8713 
0525       8715 
0526       8715 
0527       8706 
0528       8699 
0529       8670 
0530       8670 
0531       8670 
0532       8660 
0533       8648 
0534       8646 
0535       8644 
0536       8620 
0537       8616 
0538       8607 
0539       8602 
0540       8600 
0541       8599 
0542       8588 
0543       8590 
0544       8581 
0545       8576 
0546       8563 
0547       8563 
0548       8545 
0549       8544 
0550       8544 
0551       8541 
0552       8540 
0553       8538 
0554       8539 
0555       8538 
0556       8520 
0557       8511 
0558       8507 
0559       8507 
0560       8528 
0561       8528 
0562       8517 
0563       8516 
0564       8513 
0565       8507 
0566       8503 
0567       8506 
0568       8504 
0569       8504 
0570       8500 
0571       8484 
0572       8484 
0573       8501 
0574       8501 
0575       8501 
0576       8498 
0577       8506 
0578       8506 
0579       8506 
0580       8514 
0581       8517 
0582       8517 
0583       8513 
0584       8513 
0585       8519 
0586       8523 
0587       8527 
0588       8523 
0589       8529 
0590       8530 
0591       8540 
0592       8550 
0593       8556 
0594       8556 
0595       8556 
0596       8558 
0597       8572 
0598       8566 
0599       8571 
0600       8571 
0601       8588 
0602       8590 
0603       8590 
0604       8597 
0605       8599 
0606       8608 
0607       8620 
0608       8620 
0609       8626 
0610       8627 
0611       8635 
0612       8635 
0613       8635 
0614       8643 
0615       8648 
0616       8645 
0617       8664 
0618       8665 
0619       8665 
0620       8669 
0621       8674 
0622       8680 
0623       8711 
0624       8724 
0625       8742 
0626       8742 
0627       8741 
0628       8741 
0629       8742 
0630       8771 
0631       8772 
0632       8790 
0633       8795 
0634       8802 
0635       8817 
0636       8821 
0637       8831 
0638       8837 
0639       8871 
0640       8875 
0641       8881 
0642       8881 
0643       8882 
0644       8909 
0645       8915 
0646       8923 
0647       8937 
0648       8955 
0649       8963 
0650       8970 
0651       8987 
0652       9005 
0653       9024 
0654       9026 
0655       9037 
0656       9051 
0657       9051 
0658       9080 
0659       9096 
0660       9118 
0661       9126 
0662       9145 
0663       9147 
0664       9164 
0665       9182 
0666       9197 
0667       9210 
0668       9228 
0669       9245 
0670       9264 
0671       9270 
0672       9317 
0673       9329 
0674       9342 
0675       9345 
0676       9375 
0677       9386 
0678       9392 
0679       9427 
0680       9447 
0681       9464 
0682       9494 
0683       9498 
0684       9547 
0685       9554 
0686       9571 
0687       9599 
0688       9637 
0689       9642 
0690       9660 
0691       9690 
0692       9711 
0693       9776 
0694       9776 
0695       9780 
0696       9813 
0697       9854 
0698       9860 
0699       9904 
0700       9941 
0701       9954 
0702       9975 
0703       9982 
0704       10013 
0705       10052 
0706       10059 
0707       10059 
0708       10045 
0709       10045 
0710       10062 
0711       10070 
0712       10077 
0713       10088 
0714       10117 
0715       10157 
0716       10165 
0717       10199 
0718       10237 
0719       10259 
0720       10298 
0721       10314 
0722       10347 
0723       10378 
0724       10400 
0725       10440 
0726       10456 
0727       10482 
0728       10482 
0729       7705 
0730       7694 
0731       7705 
0732       7720 
0733       7754 
0734       7784 
0735       7828 
0736       7831 
0737       7854 
0738       7898 
0739       7923 
0740       7941 
0741       7972 
0742       7981 
0743       7986 
0744       7986 
0745       7994 
0746       8006 
0747       8010 
0748       8052 
0749       8098 
0750       8110 
0751       8133 
0752       8167 
0753       8167 
0754       8125 
0755       8110 
0756       8042 
0757       1 
0758       1 
0759       1 
0760       1 
0761       1 
0762       5610 
0763       5611 
0764       5610 
0765       5585 
0766       5566 
0767       5541 
0768       5501 
0769       5473 
0770       5427 
0771       5410 
0772       5380 
0773       5320 
0774       5293 
0775       5253 
0776       5219 
0777       5193 
0778       5152 
0779       5123 
0780       5082 
0781       5034 
0782       4996 
0783       4974 
0784       4930 
0785       4894 
0786       4841 
0787       4828 
0788       4824 
0789       4812 
0790       4807 
0791       4807 
0792       4812 
0793       4860 
0794       4881 
0795       4900 
0796       4936 
0797       4976 
0798       4991 
0799       5038 
0800       5088 
0801       5120 
0802       5138 
0803       5175 
0804       5207 
0805       5265 
0806       5312 
0807       5337 
0808       5387 
0809       5439 
0810       5527 
0811       5611 
0812       5691 
0813       5733 
0814       5784 
0815       5839 
0816       5888 
0817       5935 
0818       5988 
0819       6018 
0820       6110 
0821       6161 
0822       6233 
0823       6288 
0824       6342 
0825       6383 
0826       6432 
0827       6501 
0828       6554 
0829       6598 
0830       6672 
0831       6726 
0832       6800 
0833       6881 
0834       6924 
0835       6999 
0836       7046 
0837       7124 
0838       7166 
0839       7237 
0840       7329 
0841       7387 
0842       7444 
0843       7511 
0844       7601 
0845       7661 
0846       7730 
0847       7808 
0848       7883 
0849       7890 
0850       7893 
0851       8003 
0852       8096 
0853       8235 
0854       8531 
0855       8586 
0856       8681 
0857       8800 
0858       8814 
0859       8947 
0860       9090 
0861       9175 
0862       9410 
0863       9574 
0864       9754 
0865       9754 
0866       9942 
0867       10146 
0868       10256 
0869       10408 
0870       10575 
0871       10735 
0872       10922 
0873       11019 
0874       11137 
0875       11388 
0876       11608 
0877       11823 
0878       11986 
0879       12218 
0880       12478 
0881       12735 
0882       12891 
0883       13217 
0884       13466 
0885       13776 
0886       13776 
0887       1 
0888       1 
0889       1 
0890       15128 
0891       15128 
0892       15128 
0893       15128 
0894       22683 
0895       22683 
0896       22682 
0897       22679 
0898       22674 
0899       22625 
0900       22632 
0901       22625 
0902       22603 
0903       22567 
0904       22567 
0905       22550 
0906       22534 
0907       22534 
0908       22820 
0909       22871 
0910       26298 
0911       26298 
0912       1 
0913       1 
0914       1 
0915       22769 
0916       22769 
0917       22769 
0918       22746 
0919       22743 
0920       22735 
0921       22735 
0922       22735 
0923       22630 
0924       22409 
0925       22409 
0926       22399 
0927       22419 
0928       22449 
0929       22449 
0930       22435 
0931       22435 
0932       22436 
0933       22439 
0934       22436 
0935       22429 
0936       22429 
0937       22429 
0938       1 
0939       1 
0940       1 
0941       26220 
0942       26220 
0943       1 
0944       1 
0945       1 
0946       1 
0947       1 
0948       1 
0949       1 
0950       1 
0951       1 
0952       1 
0953       1 
0954       1 
0955       1 
0956       1 
0957       1 
0958       1 
0959       1 
0960       1 
0961       1 
0962       1 
0963       1 
0964       1 
0965       1 
0966       1 
0967       1 
0968       1 
0969       1 
0970       1 
0971       1 
0972       1 
0973       1 
0974       1 
0975       1 
0976       1 
0977       1 
0978       1 
0979       1 
0980       1 
0981       1 
0982       1 
0983       1 
0984       1 
0985       1 
0986       1 
0987       1 
0988       1 
0989       1 
0990       1 
0991       1 
0992       1 
0993       1 
0994       1 
0995       1 
0996       1 
0997       1 
0998       1 
0999       1 
1000       1 
1001       1 
1002       1 
1003       1 
1004       1 
1005       1 
1006       1 
1007       1 
1008       4 
1009       49 
1010       49 
1011       50 
1012       50 
1013       50 
1014       50 
1015       50 
1016       47 
1017       47 
1018       58 
1019       59 
1020       58 
1021       58 
1022       52 
1023       52 
1024       52 
1025       56 
1026       56 
1027       67 
1028       57 
1029       56 
1030       56 
1031       56 
1032       56 
1033       56 
1034       56 
1035       61 
1036       69 
1037       70 
1038       72 
1039       74 
1040       72 
1041       76 
1042       72 
1043       73 
1044       73 
1045       73 
1046       68 
1047       68 
1048       66 
1049       65 
1050       65 
1051       66 
1052       67 
1053       67 
1054       67 
1055       67 
1056       68 
1057       69 
1058       69 
1059       69 
1060       65 
1061       65 
1062       65 
1063       65 
1064       65 
1065       67 
1066       68 
1067       63 
1068       68 
1069       71 
1070       68 
1071       68 
1072       68 
1073       67 
1074       66 
1075       66 
1076       66 
1077       67 
1078       69 
1079       69 
1297966625.402034
