0000       1 
0001       1 
0002       1 
0003       1 
0004       1 
0005       1 
0006       1 
0007       1 
0008       1 
0009       1 
0010       1 
0011       1 
0012       1 
0013       1 
0014       1 
0015       1 
0016       1 
0017       1 
0018       1 
0019       1 
0020       1 
0021       1 
0022       1 
0023       1 
0024       1 
0025       1 
0026       1 
0027       1 
0028       1 
0029       1 
0030       1 
0031       1 
0032       1 
0033       1 
0034       1 
0035       1 
0036       1 
0037       1 
0038       1 
0039       1 
0040       1 
0041       1 
0042       1 
0043       1 
0044       1 
0045       1 
0046       1 
0047       1 
0048       1 
0049       1 
0050       1 
0051       1 
0052       1 
0053       1 
0054       1 
0055       1 
0056       1 
0057       1 
0058       1 
0059       1 
0060       1 
0061       1 
0062       1 
0063       1 
0064       1 
0065       1 
0066       1 
0067       1 
0068       1 
0069       1 
0070       1 
0071       1 
0072       18174 
0073       18174 
0074       18174 
0075       17731 
0076       17597 
0077       17433 
0078       17430 
0079       1 
0080       1 
0081       1 
0082       17279 
0083       17308 
0084       17308 
0085       17314 
0086       17292 
0087       17163 
0088       17026 
0089       1 
0090       1 
0091       1 
0092       1 
0093       1 
0094       1 
0095       1 
0096       1 
0097       16236 
0098       16272 
0099       16236 
0100       1 
0101       1 
0102       1 
0103       1 
0104       16162 
0105       16379 
0106       16431 
0107       16480 
0108       16431 
0109       1 
0110       1 
0111       1 
0112       1 
0113       1 
0114       16395 
0115       16395 
0116       16327 
0117       15849 
0118       15841 
0119       1 
0120       1 
0121       1 
0122       16193 
0123       16255 
0124       16255 
0125       16290 
0126       16309 
0127       16290 
0128       16290 
0129       1 
0130       16190 
0131       16190 
0132       16202 
0133       16216 
0134       16216 
0135       16257 
0136       16214 
0137       1 
0138       1 
0139       1 
0140       1 
0141       1 
0142       1 
0143       1 
0144       1 
0145       1 
0146       1 
0147       16243 
0148       16243 
0149       16243 
0150       16233 
0151       15970 
0152       15872 
0153       15861 
0154       15852 
0155       15779 
0156       15700 
0157       15663 
0158       15308 
0159       15302 
0160       15308 
0161       16103 
0162       16114 
0163       16114 
0164       16114 
0165       1 
0166       1 
0167       1 
0168       14714 
0169       14714 
0170       14714 
0171       14714 
0172       14662 
0173       14662 
0174       14533 
0175       14533 
0176       14798 
0177       14997 
0178       14997 
0179       1 
0180       1 
0181       1 
0182       14719 
0183       14719 
0184       14719 
0185       1 
0186       15020 
0187       15476 
0188       15782 
0189       15807 
0190       15807 
0191       1 
0192       1 
0193       1 
0194       1 
0195       1 
0196       1 
0197       1 
0198       1 
0199       1 
0200       1 
0201       1 
0202       16425 
0203       16425 
0204       16425 
0205       1 
0206       16195 
0207       16195 
0208       16225 
0209       16380 
0210       16380 
0211       16380 
0212       16419 
0213       16646 
0214       16646 
0215       1 
0216       1 
0217       1 
0218       1 
0219       1 
0220       1 
0221       1 
0222       1 
0223       20985 
0224       21205 
0225       21205 
0226       21003 
0227       20799 
0228       20686 
0229       20527 
0230       20384 
0231       20203 
0232       20008 
0233       19529 
0234       19425 
0235       19425 
0236       19425 
0237       19242 
0238       19051 
0239       18872 
0240       18733 
0241       18610 
0242       18435 
0243       18272 
0244       18155 
0245       17995 
0246       17880 
0247       17798 
0248       17596 
0249       17475 
0250       17389 
0251       17139 
0252       1 
0253       16788 
0254       16788 
0255       16788 
0256       16615 
0257       16507 
0258       16374 
0259       16267 
0260       16149 
0261       16038 
0262       15914 
0263       15820 
0264       15718 
0265       15628 
0266       15581 
0267       15496 
0268       15376 
0269       15288 
0270       15179 
0271       15138 
0272       15065 
0273       14998 
0274       14903 
0275       14789 
0276       14731 
0277       14679 
0278       14614 
0279       14552 
0280       14497 
0281       14429 
0282       14363 
0283       14312 
0284       14227 
0285       14067 
0286       13924 
0287       13866 
0288       13841 
0289       13820 
0290       13766 
0291       13718 
0292       13657 
0293       13608 
0294       13536 
0295       13492 
0296       13416 
0297       13382 
0298       13320 
0299       13243 
0300       13214 
0301       13135 
0302       13097 
0303       13044 
0304       13000 
0305       12939 
0306       12909 
0307       12823 
0308       12785 
0309       12733 
0310       12663 
0311       12611 
0312       12536 
0313       12518 
0314       12438 
0315       12391 
0316       12337 
0317       12296 
0318       12279 
0319       12223 
0320       12158 
0321       12104 
0322       12071 
0323       12015 
0324       11977 
0325       11930 
0326       11905 
0327       11851 
0328       11827 
0329       11785 
0330       11759 
0331       11718 
0332       11693 
0333       11640 
0334       11575 
0335       11560 
0336       11538 
0337       11455 
0338       11454 
0339       11418 
0340       11359 
0341       11318 
0342       11303 
0343       11263 
0344       11259 
0345       11210 
0346       11172 
0347       11165 
0348       11093 
0349       11084 
0350       11025 
0351       11023 
0352       10995 
0353       10961 
0354       10927 
0355       10886 
0356       10878 
0357       10842 
0358       10819 
0359       10787 
0360       10744 
0361       10723 
0362       10678 
0363       10678 
0364       10649 
0365       10628 
0366       10607 
0367       10572 
0368       10555 
0369       10532 
0370       10498 
0371       10484 
0372       10467 
0373       10431 
0374       10409 
0375       10391 
0376       10364 
0377       10347 
0378       10330 
0379       10293 
0380       10272 
0381       10270 
0382       10255 
0383       10216 
0384       10202 
0385       10183 
0386       10171 
0387       10165 
0388       10125 
0389       10110 
0390       10092 
0391       10075 
0392       10065 
0393       10024 
0394       10019 
0395       10000 
0396       9995 
0397       9974 
0398       9959 
0399       9909 
0400       9904 
0401       9898 
0402       9872 
0403       9857 
0404       9852 
0405       9851 
0406       9841 
0407       9808 
0408       9794 
0409       9787 
0410       9784 
0411       9749 
0412       9737 
0413       9722 
0414       9711 
0415       9692 
0416       9692 
0417       9670 
0418       9661 
0419       9652 
0420       9642 
0421       9632 
0422       9617 
0423       9610 
0424       9585 
0425       9579 
0426       9577 
0427       9551 
0428       9550 
0429       9550 
0430       9532 
0431       9500 
0432       9490 
0433       9488 
0434       9487 
0435       9487 
0436       9465 
0437       9450 
0438       9457 
0439       9433 
0440       9420 
0441       9420 
0442       9419 
0443       9419 
0444       9396 
0445       9392 
0446       9379 
0447       9368 
0448       9366 
0449       9362 
0450       9361 
0451       9354 
0452       9348 
0453       9348 
0454       9332 
0455       9315 
0456       9303 
0457       9303 
0458       9306 
0459       9306 
0460       9294 
0461       9286 
0462       9286 
0463       9284 
0464       9284 
0465       9272 
0466       9264 
0467       9272 
0468       9264 
0469       9283 
0470       9264 
0471       9264 
0472       9264 
0473       9266 
0474       9266 
0475       9260 
0476       9259 
0477       9255 
0478       9255 
0479       9244 
0480       9244 
0481       9244 
0482       9240 
0483       9240 
0484       9235 
0485       9241 
0486       9255 
0487       9255 
0488       9252 
0489       9242 
0490       9236 
0491       9242 
0492       9255 
0493       9256 
0494       9256 
0495       9243 
0496       9236 
0497       9243 
0498       9273 
0499       9273 
0500       9252 
0501       9252 
0502       9266 
0503       9269 
0504       9281 
0505       9281 
0506       9291 
0507       9292 
0508       9298 
0509       9300 
0510       9304 
0511       9314 
0512       9314 
0513       9316 
0514       9315 
0515       9316 
0516       9323 
0517       9341 
0518       9358 
0519       9358 
0520       9359 
0521       9357 
0522       9359 
0523       9388 
0524       9403 
0525       9394 
0526       9401 
0527       9401 
0528       9415 
0529       9422 
0530       9446 
0531       9449 
0532       9453 
0533       9453 
0534       9464 
0535       9465 
0536       9496 
0537       9497 
0538       9529 
0539       9548 
0540       9548 
0541       9548 
0542       9548 
0543       9568 
0544       9577 
0545       9582 
0546       9609 
0547       9609 
0548       9610 
0549       9653 
0550       9657 
0551       9689 
0552       9692 
0553       9697 
0554       9713 
0555       9739 
0556       9761 
0557       9771 
0558       9811 
0559       9811 
0560       9811 
0561       9832 
0562       9871 
0563       9893 
0564       9899 
0565       9927 
0566       9941 
0567       9944 
0568       9970 
0569       10005 
0570       10047 
0571       10055 
0572       10082 
0573       10084 
0574       10128 
0575       10140 
0576       10154 
0577       10187 
0578       10216 
0579       10226 
0580       10238 
0581       10258 
0582       10281 
0583       10319 
0584       10326 
0585       10330 
0586       10376 
0587       10376 
0588       10370 
0589       10325 
0590       10263 
0591       7717 
0592       7658 
0593       7558 
0594       7524 
0595       7472 
0596       4941 
0597       4921 
0598       4914 
0599       4892 
0600       4830 
0601       4830 
0602       4830 
0603       4830 
0604       4830 
0605       2868 
0606       2826 
0607       2774 
0608       2669 
0609       2567 
0610       2483 
0611       2385 
0612       2306 
0613       2181 
0614       1872 
0615       1838 
0616       1838 
0617       1838 
0618       1838 
0619       1838 
0620       1835 
0621       1788 
0622       1748 
0623       1719 
0624       1718 
0625       1718 
0626       1718 
0627       1727 
0628       1727 
0629       1734 
0630       1734 
0631       1734 
0632       1748 
0633       1751 
0634       1773 
0635       1778 
0636       1779 
0637       1781 
0638       1800 
0639       1803 
0640       1812 
0641       1822 
0642       1835 
0643       1835 
0644       1852 
0645       1860 
0646       1861 
0647       1876 
0648       1882 
0649       1888 
0650       1893 
0651       1893 
0652       1888 
0653       1801 
0654       1699 
0655       1679 
0656       1679 
0657       1679 
0658       1757 
0659       1915 
0660       1993 
0661       1993 
0662       1993 
0663       1992 
0664       1649 
0665       1480 
0666       1471 
0667       1471 
0668       1471 
0669       1550 
0670       1819 
0671       2120 
0672       2202 
0673       2235 
0674       2235 
0675       2235 
0676       2235 
0677       2226 
0678       1887 
0679       1268 
0680       1255 
0681       1239 
0682       1239 
0683       1255 
0684       2008 
0685       2194 
0686       2382 
0687       2417 
0688       2423 
0689       2441 
0690       2462 
0691       2463 
0692       2487 
0693       2495 
0694       2514 
0695       2518 
0696       2520 
0697       2520 
0698       2520 
0699       1045 
0700       1039 
0701       1039 
0702       1039 
0703       2615 
0704       2699 
0705       2715 
0706       2715 
0707       2718 
0708       2763 
0709       2764 
0710       2767 
0711       2791 
0712       2814 
0713       2842 
0714       2860 
0715       2889 
0716       2894 
0717       2908 
0718       2943 
0719       2976 
0720       2979 
0721       3007 
0722       3016 
0723       3037 
0724       3037 
0725       3037 
0726       888 
0727       823 
0728       814 
0729       821 
0730       819 
0731       821 
0732       821 
0733       821 
0734       819 
0735       822 
0736       828 
0737       833 
0738       838 
0739       856 
0740       3556 
0741       3586 
0742       3652 
0743       3684 
0744       3712 
0745       3754 
0746       3805 
0747       3853 
0748       3898 
0749       3963 
0750       4003 
0751       4053 
0752       4098 
0753       4133 
0754       4199 
0755       4239 
0756       4297 
0757       4341 
0758       4380 
0759       4440 
0760       4493 
0761       4553 
0762       4614 
0763       4661 
0764       4742 
0765       4819 
0766       4878 
0767       4965 
0768       5010 
0769       5069 
0770       5107 
0771       5120 
0772       5120 
0773       5117 
0774       5117 
0775       5128 
0776       5189 
0777       5236 
0778       5285 
0779       5332 
0780       5332 
0781       1 
0782       1 
0783       1 
0784       1 
0785       1 
0786       5231 
0787       5231 
0788       1 
0789       1 
0790       1 
0791       1 
0792       1 
0793       1 
0794       1 
0795       1 
0796       1 
0797       1 
0798       1 
0799       1 
0800       1 
0801       1 
0802       1 
0803       5239 
0804       5239 
0805       1 
0806       1 
0807       1 
0808       1 
0809       1 
0810       1 
0811       1 
0812       1 
0813       1 
0814       1 
0815       1 
0816       1 
0817       1 
0818       1 
0819       1 
0820       1 
0821       5286 
0822       5286 
0823       1 
0824       1 
0825       1 
0826       1 
0827       1 
0828       1 
0829       1 
0830       1 
0831       1 
0832       1 
0833       1 
0834       1 
0835       1 
0836       1 
0837       1 
0838       1 
0839       1 
0840       1 
0841       1 
0842       1 
0843       1 
0844       1 
0845       1 
0846       1 
0847       1 
0848       1 
0849       1 
0850       1 
0851       1 
0852       1 
0853       1 
0854       1 
0855       1 
0856       1 
0857       1 
0858       1 
0859       1 
0860       1 
0861       1 
0862       1 
0863       1 
0864       1 
0865       1 
0866       1 
0867       1 
0868       1 
0869       1 
0870       1 
0871       1 
0872       1 
0873       1 
0874       1 
0875       1 
0876       1 
0877       1 
0878       1 
0879       1 
0880       1 
0881       1 
0882       1 
0883       1 
0884       1 
0885       1 
0886       1 
0887       1 
0888       1 
0889       1 
0890       1 
0891       1 
0892       1 
0893       1 
0894       1 
0895       1 
0896       1 
0897       1 
0898       1 
0899       1 
0900       1 
0901       1 
0902       1 
0903       1 
0904       1 
0905       1 
0906       1 
0907       1 
0908       1 
0909       1 
0910       1 
0911       1 
0912       1 
0913       1 
0914       1 
0915       1 
0916       1 
0917       1 
0918       1 
0919       1 
0920       1 
0921       1 
0922       1 
0923       1 
0924       1 
0925       1 
0926       1 
0927       1 
0928       1 
0929       1 
0930       1 
0931       1 
0932       1 
0933       1 
0934       1 
0935       1 
0936       1 
0937       1 
0938       1 
0939       1 
0940       1 
0941       1 
0942       1 
0943       1 
0944       1 
0945       1 
0946       1 
0947       1 
0948       1 
0949       1 
0950       1 
0951       1 
0952       1 
0953       1 
0954       1 
0955       1 
0956       1 
0957       1 
0958       1 
0959       1 
0960       1 
0961       1 
0962       1 
0963       1 
0964       1 
0965       1 
0966       1 
0967       1 
0968       1 
0969       1 
0970       1 
0971       1 
0972       1 
0973       1 
0974       1 
0975       1 
0976       1 
0977       1 
0978       1 
0979       1 
0980       1 
0981       1 
0982       1 
0983       1 
0984       1 
0985       1 
0986       1 
0987       1 
0988       1 
0989       1 
0990       1 
0991       1 
0992       1 
0993       1 
0994       1 
0995       1 
0996       1 
0997       1 
0998       1 
0999       1 
1000       1 
1001       1 
1002       1 
1003       1 
1004       1 
1005       1 
1006       1 
1007       4 
1008       4 
1009       4 
1010       43 
1011       59 
1012       59 
1013       59 
1014       59 
1015       59 
1016       55 
1017       62 
1018       55 
1019       55 
1020       55 
1021       55 
1022       55 
1023       55 
1024       59 
1025       59 
1026       59 
1027       67 
1028       67 
1029       67 
1030       57 
1031       55 
1032       50 
1033       50 
1034       50 
1035       65 
1036       76 
1037       79 
1038       79 
1039       79 
1040       73 
1041       73 
1042       73 
1043       73 
1044       73 
1045       73 
1046       70 
1047       70 
1048       70 
1049       70 
1050       74 
1051       74 
1052       71 
1053       70 
1054       71 
1055       70 
1056       70 
1057       70 
1058       66 
1059       66 
1060       66 
1061       66 
1062       66 
1063       66 
1064       65 
1065       64 
1066       65 
1067       65 
1068       65 
1069       64 
1070       68 
1071       64 
1072       66 
1073       66 
1074       67 
1075       67 
1076       67 
1077       69 
1078       68 
1079       68 
1297966614.092184
