0000       1 
0001       1 
0002       1 
0003       1 
0004       1 
0005       1 
0006       1 
0007       1 
0008       1 
0009       1 
0010       1 
0011       1 
0012       1 
0013       1 
0014       1 
0015       1 
0016       1 
0017       1 
0018       1 
0019       1 
0020       1 
0021       1 
0022       1 
0023       1 
0024       1 
0025       1 
0026       1 
0027       1 
0028       1 
0029       1 
0030       1 
0031       1 
0032       1 
0033       1 
0034       1 
0035       1 
0036       1 
0037       1 
0038       1 
0039       1 
0040       1 
0041       1 
0042       1 
0043       1 
0044       1 
0045       1 
0046       1 
0047       1 
0048       1 
0049       1 
0050       1 
0051       1 
0052       1 
0053       1 
0054       1 
0055       1 
0056       1 
0057       1 
0058       1 
0059       1 
0060       1 
0061       1 
0062       1 
0063       1 
0064       1 
0065       1 
0066       1 
0067       1 
0068       1 
0069       1 
0070       1 
0071       1 
0072       1 
0073       1 
0074       1 
0075       1 
0076       1 
0077       1 
0078       1 
0079       1 
0080       1 
0081       1 
0082       1 
0083       1 
0084       1 
0085       1 
0086       1 
0087       1 
0088       1 
0089       1 
0090       1 
0091       1 
0092       1 
0093       1 
0094       1 
0095       1 
0096       1 
0097       1 
0098       1 
0099       1 
0100       1 
0101       1 
0102       1 
0103       1 
0104       1 
0105       1 
0106       1 
0107       1 
0108       1 
0109       1 
0110       1 
0111       1 
0112       1 
0113       1 
0114       1 
0115       1 
0116       1 
0117       1 
0118       1 
0119       1 
0120       1 
0121       1 
0122       1 
0123       1 
0124       1 
0125       1 
0126       1 
0127       1 
0128       1 
0129       1 
0130       1 
0131       1 
0132       1 
0133       1 
0134       1 
0135       1 
0136       1 
0137       1 
0138       1 
0139       1 
0140       1 
0141       1 
0142       1 
0143       1 
0144       1 
0145       1 
0146       1 
0147       1 
0148       1 
0149       1 
0150       1 
0151       1 
0152       1 
0153       1 
0154       1 
0155       1 
0156       1 
0157       1 
0158       1 
0159       1 
0160       1 
0161       1 
0162       1 
0163       1 
0164       1 
0165       1 
0166       1 
0167       1 
0168       1 
0169       21266 
0170       21307 
0171       21266 
0172       21266 
0173       1 
0174       1 
0175       1 
0176       1 
0177       1 
0178       1 
0179       1 
0180       1 
0181       1 
0182       1 
0183       1 
0184       1 
0185       1 
0186       1 
0187       1 
0188       1 
0189       1 
0190       1 
0191       1 
0192       1 
0193       1 
0194       1 
0195       1 
0196       1 
0197       1 
0198       1 
0199       1 
0200       1 
0201       1 
0202       1 
0203       1 
0204       1 
0205       1 
0206       1 
0207       1 
0208       1 
0209       1 
0210       1 
0211       1 
0212       1 
0213       1 
0214       1 
0215       1 
0216       1 
0217       1 
0218       1 
0219       1 
0220       1 
0221       1 
0222       1 
0223       1 
0224       1 
0225       1 
0226       1 
0227       1 
0228       1 
0229       1 
0230       1 
0231       1 
0232       1 
0233       1 
0234       1 
0235       1 
0236       1 
0237       1 
0238       1 
0239       1 
0240       1 
0241       1 
0242       1 
0243       1 
0244       1 
0245       1 
0246       1 
0247       1 
0248       1 
0249       1 
0250       1 
0251       1 
0252       1 
0253       1 
0254       1 
0255       1 
0256       1 
0257       1 
0258       1 
0259       1 
0260       1 
0261       19133 
0262       19133 
0263       19133 
0264       1 
0265       1 
0266       1 
0267       1 
0268       1 
0269       1 
0270       1 
0271       1 
0272       1 
0273       1 
0274       1 
0275       1 
0276       1 
0277       1 
0278       1 
0279       1 
0280       1 
0281       1 
0282       1 
0283       1 
0284       1 
0285       1 
0286       1 
0287       1 
0288       1 
0289       1 
0290       1 
0291       1 
0292       1 
0293       1 
0294       1 
0295       1 
0296       1 
0297       1 
0298       1 
0299       1 
0300       1 
0301       1 
0302       1 
0303       1 
0304       1 
0305       1 
0306       1 
0307       1 
0308       1 
0309       1 
0310       1 
0311       1 
0312       1 
0313       1 
0314       1 
0315       19411 
0316       19411 
0317       19280 
0318       19095 
0319       1 
0320       1 
0321       1 
0322       1 
0323       1 
0324       1 
0325       1 
0326       1 
0327       1 
0328       1 
0329       1 
0330       1 
0331       17038 
0332       17038 
0333       17038 
0334       1 
0335       1 
0336       1 
0337       16567 
0338       16567 
0339       16434 
0340       16355 
0341       16212 
0342       16070 
0343       15948 
0344       15882 
0345       15809 
0346       15717 
0347       15612 
0348       15508 
0349       15416 
0350       15307 
0351       15216 
0352       15121 
0353       15085 
0354       14994 
0355       14893 
0356       14793 
0357       14704 
0358       14601 
0359       14512 
0360       14453 
0361       14337 
0362       14286 
0363       14205 
0364       14092 
0365       14026 
0366       14000 
0367       13923 
0368       13802 
0369       13726 
0370       13687 
0371       13615 
0372       13521 
0373       13494 
0374       13421 
0375       13349 
0376       13317 
0377       13237 
0378       13171 
0379       13108 
0380       13064 
0381       13001 
0382       12928 
0383       12875 
0384       12802 
0385       12727 
0386       12690 
0387       12656 
0388       12583 
0389       12545 
0390       12477 
0391       12457 
0392       12385 
0393       12332 
0394       12263 
0395       12240 
0396       12190 
0397       12133 
0398       12086 
0399       12015 
0400       11991 
0401       11953 
0402       11923 
0403       11845 
0404       11817 
0405       11762 
0406       11729 
0407       11694 
0408       11635 
0409       11594 
0410       11563 
0411       11519 
0412       11466 
0413       11427 
0414       11381 
0415       11368 
0416       11327 
0417       11287 
0418       11235 
0419       11200 
0420       11187 
0421       11108 
0422       11085 
0423       11051 
0424       11038 
0425       11013 
0426       10964 
0427       10905 
0428       10905 
0429       10854 
0430       10812 
0431       10775 
0432       10748 
0433       10732 
0434       10702 
0435       10639 
0436       10599 
0437       10565 
0438       10548 
0439       10538 
0440       10502 
0441       10491 
0442       10453 
0443       10440 
0444       10405 
0445       10375 
0446       10368 
0447       10325 
0448       10316 
0449       10267 
0450       10253 
0451       10219 
0452       10213 
0453       10151 
0454       10132 
0455       10111 
0456       10104 
0457       10088 
0458       10044 
0459       9998 
0460       9984 
0461       9963 
0462       9960 
0463       9934 
0464       9934 
0465       9910 
0466       9863 
0467       9837 
0468       9820 
0469       9802 
0470       9786 
0471       9774 
0472       9764 
0473       9735 
0474       9734 
0475       9683 
0476       9672 
0477       9664 
0478       9643 
0479       9622 
0480       9605 
0481       9578 
0482       9567 
0483       9530 
0484       9525 
0485       9506 
0486       9498 
0487       9481 
0488       9444 
0489       9444 
0490       9432 
0491       9414 
0492       9404 
0493       9390 
0494       9379 
0495       9368 
0496       9351 
0497       9346 
0498       9338 
0499       9313 
0500       9296 
0501       9285 
0502       9274 
0503       9264 
0504       9234 
0505       9234 
0506       9234 
0507       9217 
0508       9216 
0509       9200 
0510       9188 
0511       9180 
0512       9157 
0513       9152 
0514       9148 
0515       9138 
0516       9131 
0517       9125 
0518       9109 
0519       9104 
0520       9092 
0521       9087 
0522       9069 
0523       9057 
0524       9056 
0525       9056 
0526       9056 
0527       9031 
0528       9029 
0529       9029 
0530       9026 
0531       9021 
0532       9010 
0533       9007 
0534       8994 
0535       8994 
0536       8994 
0537       8987 
0538       8987 
0539       8966 
0540       8957 
0541       8957 
0542       8957 
0543       8941 
0544       8941 
0545       8941 
0546       8937 
0547       8936 
0548       8936 
0549       8926 
0550       8920 
0551       8916 
0552       8916 
0553       8916 
0554       8909 
0555       8910 
0556       8910 
0557       8915 
0558       8915 
0559       8905 
0560       8897 
0561       8891 
0562       8888 
0563       8857 
0564       8857 
0565       8853 
0566       8858 
0567       8858 
0568       8875 
0569       8887 
0570       8892 
0571       8892 
0572       8898 
0573       8894 
0574       8901 
0575       8904 
0576       8919 
0577       8919 
0578       8919 
0579       8923 
0580       8928 
0581       8934 
0582       8936 
0583       8936 
0584       8936 
0585       8938 
0586       8931 
0587       8931 
0588       8921 
0589       8921 
0590       8936 
0591       8946 
0592       8950 
0593       8950 
0594       8950 
0595       8950 
0596       8956 
0597       8958 
0598       8977 
0599       8989 
0600       8993 
0601       8993 
0602       8997 
0603       9007 
0604       9011 
0605       9011 
0606       9014 
0607       9022 
0608       9037 
0609       9049 
0610       9063 
0611       9074 
0612       9074 
0613       9074 
0614       9081 
0615       9084 
0616       9109 
0617       9114 
0618       9120 
0619       9140 
0620       9162 
0621       9169 
0622       9177 
0623       9182 
0624       9189 
0625       9189 
0626       9189 
0627       9196 
0628       9204 
0629       9222 
0630       9224 
0631       9237 
0632       9254 
0633       9269 
0634       9271 
0635       9284 
0636       9320 
0637       9322 
0638       9329 
0639       9342 
0640       9344 
0641       9356 
0642       9386 
0643       9404 
0644       9411 
0645       9418 
0646       9433 
0647       9448 
0648       9469 
0649       9479 
0650       9497 
0651       9520 
0652       9544 
0653       9545 
0654       9553 
0655       9573 
0656       9600 
0657       9603 
0658       9608 
0659       9628 
0660       9650 
0661       9671 
0662       9702 
0663       9707 
0664       9711 
0665       9740 
0666       9755 
0667       9791 
0668       9812 
0669       9817 
0670       9859 
0671       9880 
0672       9904 
0673       9905 
0674       9954 
0675       9973 
0676       9979 
0677       10007 
0678       10044 
0679       10061 
0680       10088 
0681       10123 
0682       10127 
0683       10139 
0684       10171 
0685       10195 
0686       10235 
0687       10263 
0688       10280 
0689       10320 
0690       10329 
0691       10358 
0692       10375 
0693       10429 
0694       10431 
0695       10431 
0696       10383 
0697       10378 
0698       10378 
0699       10401 
0700       10423 
0701       10441 
0702       10469 
0703       10494 
0704       10513 
0705       10534 
0706       10534 
0707       7754 
0708       7754 
0709       7788 
0710       7807 
0711       7822 
0712       7858 
0713       7878 
0714       7904 
0715       7904 
0716       7906 
0717       7894 
0718       7877 
0719       7877 
0720       7914 
0721       7928 
0722       7938 
0723       7963 
0724       7963 
0725       5367 
0726       5309 
0727       5301 
0728       5208 
0729       5138 
0730       5089 
0731       5024 
0732       4961 
0733       4860 
0734       4840 
0735       4758 
0736       4693 
0737       4599 
0738       4526 
0739       4443 
0740       4405 
0741       4394 
0742       4350 
0743       4314 
0744       4314 
0745       4314 
0746       4320 
0747       4360 
0748       4375 
0749       4412 
0750       4419 
0751       4453 
0752       4470 
0753       4496 
0754       4517 
0755       4543 
0756       4579 
0757       4607 
0758       4613 
0759       4659 
0760       4680 
0761       4705 
0762       4762 
0763       4829 
0764       4830 
0765       4886 
0766       4934 
0767       5010 
0768       5045 
0769       5073 
0770       5105 
0771       5117 
0772       5157 
0773       5190 
0774       5213 
0775       5226 
0776       5269 
0777       5294 
0778       5355 
0779       5398 
0780       5425 
0781       5448 
0782       5482 
0783       5513 
0784       5563 
0785       5583 
0786       5634 
0787       5683 
0788       5713 
0789       5739 
0790       5777 
0791       5821 
0792       5858 
0793       5888 
0794       5917 
0795       5956 
0796       6004 
0797       6039 
0798       6099 
0799       6150 
0800       6187 
0801       6229 
0802       6270 
0803       6317 
0804       6345 
0805       6417 
0806       6474 
0807       6532 
0808       6571 
0809       6627 
0810       6694 
0811       6715 
0812       6799 
0813       6847 
0814       6889 
0815       6958 
0816       7025 
0817       7074 
0818       7126 
0819       7185 
0820       7225 
0821       7303 
0822       7347 
0823       7415 
0824       7497 
0825       7569 
0826       7655 
0827       7726 
0828       7828 
0829       7884 
0830       7975 
0831       8052 
0832       8068 
0833       8079 
0834       8079 
0835       8190 
0836       8289 
0837       8401 
0838       8593 
0839       8707 
0840       8899 
0841       8969 
0842       9104 
0843       9269 
0844       9372 
0845       9532 
0846       9629 
0847       9726 
0848       9880 
0849       10032 
0850       10156 
0851       10265 
0852       10361 
0853       10490 
0854       10623 
0855       10719 
0856       10817 
0857       10974 
0858       11140 
0859       11402 
0860       11557 
0861       11701 
0862       11918 
0863       12090 
0864       12276 
0865       12510 
0866       12649 
0867       12879 
0868       12879 
0869       13152 
0870       13610 
0871       13851 
0872       14173 
0873       14246 
0874       14246 
0875       1 
0876       1 
0877       1 
0878       15682 
0879       15682 
0880       15682 
0881       15682 
0882       23604 
0883       23604 
0884       23578 
0885       23564 
0886       23522 
0887       23522 
0888       23541 
0889       23541 
0890       23529 
0891       23529 
0892       23520 
0893       23520 
0894       23508 
0895       1 
0896       1 
0897       1 
0898       1 
0899       1 
0900       1 
0901       1 
0902       1 
0903       1 
0904       1 
0905       1 
0906       1 
0907       1 
0908       1 
0909       1 
0910       23803 
0911       23803 
0912       23544 
0913       23540 
0914       23544 
0915       23554 
0916       23554 
0917       23541 
0918       23541 
0919       23554 
0920       23573 
0921       23591 
0922       23597 
0923       23597 
0924       1 
0925       1 
0926       1 
0927       1 
0928       1 
0929       1 
0930       1 
0931       1 
0932       1 
0933       1 
0934       1 
0935       1 
0936       1 
0937       1 
0938       1 
0939       1 
0940       1 
0941       1 
0942       1 
0943       1 
0944       1 
0945       1 
0946       1 
0947       1 
0948       1 
0949       1 
0950       1 
0951       1 
0952       1 
0953       1 
0954       1 
0955       1 
0956       1 
0957       1 
0958       1 
0959       1 
0960       1 
0961       1 
0962       1 
0963       1 
0964       1 
0965       1 
0966       1 
0967       1 
0968       1 
0969       1 
0970       1 
0971       1 
0972       1 
0973       1 
0974       1 
0975       1 
0976       1 
0977       1 
0978       1 
0979       1 
0980       1 
0981       1 
0982       1 
0983       1 
0984       1 
0985       1 
0986       1 
0987       1 
0988       1 
0989       1 
0990       1 
0991       1 
0992       1 
0993       1 
0994       1 
0995       1 
0996       1 
0997       1 
0998       1 
0999       1 
1000       1 
1001       1 
1002       1 
1003       1 
1004       1 
1005       1 
1006       1 
1007       4 
1008       4 
1009       48 
1010       53 
1011       53 
1012       48 
1013       48 
1014       47 
1015       47 
1016       50 
1017       50 
1018       50 
1019       50 
1020       50 
1021       53 
1022       62 
1023       64 
1024       65 
1025       65 
1026       65 
1027       65 
1028       65 
1029       60 
1030       60 
1031       55 
1032       52 
1033       55 
1034       62 
1035       62 
1036       63 
1037       73 
1038       73 
1039       73 
1040       71 
1041       69 
1042       69 
1043       67 
1044       69 
1045       69 
1046       62 
1047       61 
1048       61 
1049       61 
1050       61 
1051       71 
1052       71 
1053       71 
1054       71 
1055       71 
1056       69 
1057       70 
1058       70 
1059       71 
1060       70 
1061       70 
1062       71 
1063       69 
1064       68 
1065       68 
1066       67 
1067       65 
1068       65 
1069       65 
1070       72 
1071       72 
1072       72 
1073       71 
1074       63 
1075       63 
1076       69 
1077       71 
1078       71 
1079       71 
1297966621.174591
