0000       1 
0001       1 
0002       1 
0003       1 
0004       1 
0005       1 
0006       1 
0007       1 
0008       1 
0009       1 
0010       1 
0011       1 
0012       1 
0013       1 
0014       1 
0015       1 
0016       1 
0017       1 
0018       1 
0019       1 
0020       1 
0021       1 
0022       1 
0023       1 
0024       1 
0025       1 
0026       1 
0027       1 
0028       1 
0029       1 
0030       1 
0031       1 
0032       1 
0033       1 
0034       1 
0035       1 
0036       1 
0037       1 
0038       1 
0039       1 
0040       1 
0041       1 
0042       1 
0043       1 
0044       1 
0045       1 
0046       1 
0047       1 
0048       1 
0049       1 
0050       1 
0051       1 
0052       1 
0053       1 
0054       1 
0055       1 
0056       1 
0057       1 
0058       1 
0059       1 
0060       1 
0061       1 
0062       1 
0063       1 
0064       1 
0065       1 
0066       1 
0067       1 
0068       1 
0069       1 
0070       1 
0071       1 
0072       1 
0073       1 
0074       1 
0075       1 
0076       1 
0077       1 
0078       1 
0079       1 
0080       1 
0081       1 
0082       1 
0083       1 
0084       1 
0085       1 
0086       1 
0087       1 
0088       1 
0089       1 
0090       1 
0091       1 
0092       1 
0093       1 
0094       1 
0095       1 
0096       1 
0097       1 
0098       1 
0099       1 
0100       1 
0101       1 
0102       1 
0103       1 
0104       1 
0105       1 
0106       1 
0107       1 
0108       1 
0109       1 
0110       1 
0111       1 
0112       1 
0113       1 
0114       1 
0115       1 
0116       1 
0117       1 
0118       1 
0119       1 
0120       1 
0121       1 
0122       1 
0123       1 
0124       1 
0125       1 
0126       1 
0127       1 
0128       1 
0129       1 
0130       1 
0131       1 
0132       1 
0133       1 
0134       1 
0135       1 
0136       1 
0137       1 
0138       1 
0139       1 
0140       1 
0141       1 
0142       1 
0143       1 
0144       1 
0145       1 
0146       1 
0147       1 
0148       1 
0149       1 
0150       1 
0151       1 
0152       1 
0153       1 
0154       1 
0155       1 
0156       1 
0157       1 
0158       1 
0159       1 
0160       1 
0161       1 
0162       1 
0163       1 
0164       1 
0165       1 
0166       1 
0167       1 
0168       1 
0169       1 
0170       1 
0171       1 
0172       1 
0173       1 
0174       1 
0175       1 
0176       1 
0177       1 
0178       1 
0179       1 
0180       1 
0181       1 
0182       1 
0183       1 
0184       1 
0185       1 
0186       1 
0187       1 
0188       1 
0189       1 
0190       1 
0191       1 
0192       1 
0193       1 
0194       1 
0195       1 
0196       1 
0197       1 
0198       1 
0199       1 
0200       1 
0201       1 
0202       1 
0203       1 
0204       1 
0205       1 
0206       1 
0207       1 
0208       1 
0209       1 
0210       1 
0211       1 
0212       1 
0213       1 
0214       1 
0215       1 
0216       1 
0217       1 
0218       1 
0219       1 
0220       1 
0221       1 
0222       1 
0223       1 
0224       1 
0225       1 
0226       1 
0227       1 
0228       1 
0229       1 
0230       1 
0231       1 
0232       1 
0233       1 
0234       1 
0235       1 
0236       1 
0237       1 
0238       1 
0239       1 
0240       1 
0241       1 
0242       1 
0243       1 
0244       1 
0245       1 
0246       1 
0247       1 
0248       1 
0249       1 
0250       1 
0251       1 
0252       1 
0253       1 
0254       1 
0255       1 
0256       1 
0257       1 
0258       1 
0259       1 
0260       1 
0261       1 
0262       1 
0263       1 
0264       1 
0265       1 
0266       1 
0267       1 
0268       1 
0269       1 
0270       1 
0271       1 
0272       1 
0273       1 
0274       1 
0275       1 
0276       1 
0277       1 
0278       1 
0279       1 
0280       1 
0281       1 
0282       1 
0283       1 
0284       1 
0285       1 
0286       1 
0287       1 
0288       1 
0289       1 
0290       1 
0291       1 
0292       1 
0293       1 
0294       1 
0295       1 
0296       1 
0297       1 
0298       1 
0299       1 
0300       1 
0301       1 
0302       1 
0303       1 
0304       1 
0305       1 
0306       1 
0307       1 
0308       1 
0309       1 
0310       1 
0311       17889 
0312       17889 
0313       17889 
0314       17711 
0315       17618 
0316       17424 
0317       17346 
0318       17213 
0319       17019 
0320       16960 
0321       16819 
0322       16698 
0323       16572 
0324       16441 
0325       16340 
0326       16211 
0327       16142 
0328       16010 
0329       15894 
0330       15767 
0331       15695 
0332       15553 
0333       15450 
0334       15400 
0335       15293 
0336       15169 
0337       15073 
0338       14958 
0339       14890 
0340       14774 
0341       14738 
0342       14621 
0343       14542 
0344       14446 
0345       14402 
0346       14295 
0347       14226 
0348       14130 
0349       14030 
0350       13972 
0351       13903 
0352       13773 
0353       13740 
0354       13663 
0355       13595 
0356       13534 
0357       13470 
0358       13374 
0359       13319 
0360       13269 
0361       13196 
0362       13113 
0363       13056 
0364       12981 
0365       12929 
0366       12879 
0367       12803 
0368       12727 
0369       12682 
0370       12642 
0371       12565 
0372       12504 
0373       12414 
0374       12396 
0375       12339 
0376       12327 
0377       12234 
0378       12177 
0379       12107 
0380       12038 
0381       12022 
0382       11983 
0383       11912 
0384       11850 
0385       11819 
0386       11762 
0387       11738 
0388       11695 
0389       11667 
0390       11617 
0391       11566 
0392       11505 
0393       11452 
0394       11406 
0395       11362 
0396       11317 
0397       11296 
0398       11230 
0399       11087 
0400       10924 
0401       7128 
0402       7105 
0403       7083 
0404       7072 
0405       7063 
0406       7061 
0407       7061 
0408       7140 
0409       7145 
0410       7147 
0411       7146 
0412       7146 
0413       7124 
0414       7123 
0415       7072 
0416       7071 
0417       7025 
0418       7022 
0419       7000 
0420       6965 
0421       6956 
0422       6931 
0423       6930 
0424       6916 
0425       6865 
0426       6862 
0427       6836 
0428       6830 
0429       6819 
0430       6795 
0431       6777 
0432       6777 
0433       6753 
0434       6725 
0435       6724 
0436       6714 
0437       6696 
0438       6662 
0439       6631 
0440       6631 
0441       6625 
0442       6616 
0443       6585 
0444       6579 
0445       6557 
0446       6551 
0447       6543 
0448       6520 
0449       6513 
0450       6477 
0451       6473 
0452       6463 
0453       6440 
0454       6427 
0455       6410 
0456       6397 
0457       6393 
0458       6386 
0459       6368 
0460       6364 
0461       6345 
0462       6337 
0463       6324 
0464       6309 
0465       6309 
0466       6293 
0467       6265 
0468       6255 
0469       6254 
0470       6252 
0471       6252 
0472       6223 
0473       6203 
0474       6190 
0475       6181 
0476       6178 
0477       6178 
0478       6178 
0479       6157 
0480       6155 
0481       6140 
0482       6131 
0483       6126 
0484       6117 
0485       6122 
0486       6117 
0487       6087 
0488       6087 
0489       6082 
0490       6087 
0491       6069 
0492       6069 
0493       6052 
0494       6036 
0495       6028 
0496       6026 
0497       6023 
0498       6019 
0499       6008 
0500       6003 
0501       5996 
0502       5995 
0503       5991 
0504       5991 
0505       5978 
0506       5962 
0507       5962 
0508       5962 
0509       5962 
0510       5960 
0511       5945 
0512       5942 
0513       5939 
0514       5930 
0515       5928 
0516       5928 
0517       5929 
0518       5929 
0519       5918 
0520       5912 
0521       5912 
0522       5911 
0523       5906 
0524       5898 
0525       5892 
0526       5879 
0527       5879 
0528       5880 
0529       5880 
0530       5885 
0531       5872 
0532       5872 
0533       5864 
0534       5864 
0535       5865 
0536       5865 
0537       5870 
0538       5871 
0539       5871 
0540       5867 
0541       5856 
0542       5856 
0543       5856 
0544       5862 
0545       5862 
0546       5864 
0547       5866 
0548       5866 
0549       5847 
0550       5847 
0551       5860 
0552       5877 
0553       5877 
0554       5877 
0555       5854 
0556       5854 
0557       5868 
0558       5868 
0559       5859 
0560       5859 
0561       5862 
0562       5865 
0563       5865 
0564       5870 
0565       5870 
0566       5874 
0567       5880 
0568       5893 
0569       5893 
0570       5883 
0571       5880 
0572       5882 
0573       5882 
0574       5891 
0575       5900 
0576       5910 
0577       5910 
0578       5901 
0579       5901 
0580       5913 
0581       5913 
0582       5912 
0583       5912 
0584       5912 
0585       5916 
0586       5916 
0587       5934 
0588       5934 
0589       5937 
0590       5939 
0591       5944 
0592       5947 
0593       5948 
0594       5961 
0595       5968 
0596       5961 
0597       5968 
0598       5970 
0599       5972 
0600       5982 
0601       6002 
0602       6009 
0603       6013 
0604       6013 
0605       6014 
0606       6017 
0607       6017 
0608       6020 
0609       6043 
0610       6054 
0611       6059 
0612       6059 
0613       6066 
0614       6089 
0615       6094 
0616       6094 
0617       6094 
0618       6110 
0619       6116 
0620       6118 
0621       6133 
0622       6133 
0623       6150 
0624       6158 
0625       6159 
0626       6169 
0627       6179 
0628       6182 
0629       6204 
0630       6207 
0631       6215 
0632       6216 
0633       6232 
0634       6252 
0635       6257 
0636       6258 
0637       6280 
0638       6288 
0639       6288 
0640       6288 
0641       6310 
0642       6327 
0643       6342 
0644       6347 
0645       6363 
0646       6364 
0647       6364 
0648       6393 
0649       6412 
0650       6412 
0651       6427 
0652       6453 
0653       6457 
0654       6489 
0655       6494 
0656       6494 
0657       6500 
0658       6515 
0659       6554 
0660       6568 
0661       6569 
0662       6573 
0663       6582 
0664       6615 
0665       6619 
0666       6623 
0667       6654 
0668       6679 
0669       6688 
0670       6719 
0671       6734 
0672       6753 
0673       6761 
0674       6791 
0675       6793 
0676       6821 
0677       6844 
0678       6861 
0679       6886 
0680       6903 
0681       6915 
0682       6936 
0683       6954 
0684       6971 
0685       7003 
0686       7005 
0687       7025 
0688       7055 
0689       7065 
0690       7102 
0691       7119 
0692       7148 
0693       7150 
0694       7187 
0695       7201 
0696       7226 
0697       7242 
0698       7265 
0699       7280 
0700       7314 
0701       7350 
0702       7353 
0703       7398 
0704       7406 
0705       7447 
0706       7465 
0707       7480 
0708       7517 
0709       7552 
0710       7584 
0711       7597 
0712       7633 
0713       7637 
0714       7684 
0715       7697 
0716       7748 
0717       7752 
0718       7782 
0719       7813 
0720       7841 
0721       7889 
0722       7923 
0723       7952 
0724       7960 
0725       8020 
0726       8046 
0727       8089 
0728       8093 
0729       8140 
0730       8176 
0731       8218 
0732       8244 
0733       8283 
0734       8338 
0735       8377 
0736       8415 
0737       8449 
0738       8516 
0739       8536 
0740       8566 
0741       8600 
0742       8665 
0743       8699 
0744       8736 
0745       8767 
0746       8818 
0747       8854 
0748       8901 
0749       8968 
0750       8988 
0751       9060 
0752       9083 
0753       9158 
0754       9193 
0755       9195 
0756       9283 
0757       9336 
0758       9392 
0759       9438 
0760       9480 
0761       9526 
0762       9569 
0763       9650 
0764       9725 
0765       9740 
0766       9816 
0767       9821 
0768       9927 
0769       9975 
0770       10051 
0771       10101 
0772       10146 
0773       10224 
0774       10286 
0775       10286 
0776       10357 
0777       10710 
0778       11271 
0779       11438 
0780       11505 
0781       11605 
0782       11742 
0783       11816 
0784       11900 
0785       11979 
0786       12071 
0787       12192 
0788       12221 
0789       12347 
0790       12392 
0791       12511 
0792       12621 
0793       12696 
0794       12798 
0795       12877 
0796       12996 
0797       12996 
0798       13061 
0799       13278 
0800       13359 
0801       13359 
0802       1 
0803       1 
0804       1 
0805       1 
0806       1 
0807       1 
0808       12930 
0809       12998 
0810       12998 
0811       12981 
0812       12952 
0813       12929 
0814       12917 
0815       12905 
0816       12867 
0817       12814 
0818       12814 
0819       12745 
0820       12676 
0821       12670 
0822       12676 
0823       12679 
0824       12679 
0825       10980 
0826       10949 
0827       10946 
0828       10940 
0829       10903 
0830       10903 
0831       10903 
0832       10860 
0833       10837 
0834       10825 
0835       10801 
0836       10796 
0837       10766 
0838       10761 
0839       10756 
0840       10733 
0841       10701 
0842       10701 
0843       10690 
0844       10683 
0845       10645 
0846       10624 
0847       10624 
0848       10597 
0849       7831 
0850       7831 
0851       7766 
0852       7707 
0853       7702 
0854       7653 
0855       7644 
0856       7554 
0857       7541 
0858       7476 
0859       7457 
0860       7426 
0861       7370 
0862       7329 
0863       7309 
0864       7263 
0865       7232 
0866       7214 
0867       7159 
0868       7143 
0869       6971 
0870       6971 
0871       6980 
0872       6980 
0873       6960 
0874       6960 
0875       7108 
0876       7260 
0877       7490 
0878       7707 
0879       7950 
0880       8042 
0881       8092 
0882       9685 
0883       10005 
0884       10189 
0885       10623 
0886       11045 
0887       11045 
0888       11045 
0889       1 
0890       1 
0891       1 
0892       1 
0893       1 
0894       1 
0895       1 
0896       1 
0897       1 
0898       1 
0899       1 
0900       1 
0901       1 
0902       1 
0903       1 
0904       1 
0905       1 
0906       1 
0907       1 
0908       1 
0909       1 
0910       1 
0911       1 
0912       1 
0913       1 
0914       1 
0915       1 
0916       1 
0917       1 
0918       1 
0919       1 
0920       1 
0921       1 
0922       1 
0923       1 
0924       1 
0925       1 
0926       1 
0927       1 
0928       1 
0929       1 
0930       1 
0931       1 
0932       1 
0933       1 
0934       1 
0935       1 
0936       1 
0937       1 
0938       1 
0939       1 
0940       1 
0941       1 
0942       1 
0943       1 
0944       1 
0945       1 
0946       1 
0947       1 
0948       1 
0949       1 
0950       1 
0951       1 
0952       1 
0953       1 
0954       1 
0955       1 
0956       1 
0957       1 
0958       1 
0959       1 
0960       1 
0961       1 
0962       1 
0963       1 
0964       1 
0965       1 
0966       1 
0967       1 
0968       1 
0969       1 
0970       1 
0971       1 
0972       1 
0973       1 
0974       1 
0975       1 
0976       1 
0977       1 
0978       1 
0979       1 
0980       1 
0981       1 
0982       1 
0983       1 
0984       1 
0985       1 
0986       1 
0987       1 
0988       1 
0989       1 
0990       1 
0991       1 
0992       1 
0993       1 
0994       1 
0995       1 
0996       1 
0997       1 
0998       1 
0999       1 
1000       1 
1001       1 
1002       1 
1003       1 
1004       1 
1005       1 
1006       4 
1007       4 
1008       4 
1009       4 
1010       4 
1011       4 
1012       48 
1013       48 
1014       48 
1015       55 
1016       55 
1017       55 
1018       56 
1019       55 
1020       59 
1021       59 
1022       59 
1023       59 
1024       61 
1025       61 
1026       58 
1027       61 
1028       58 
1029       55 
1030       55 
1031       52 
1032       52 
1033       52 
1034       68 
1035       69 
1036       69 
1037       69 
1038       69 
1039       69 
1040       64 
1041       66 
1042       66 
1043       66 
1044       66 
1045       67 
1046       67 
1047       75 
1048       67 
1049       67 
1050       73 
1051       73 
1052       71 
1053       71 
1054       71 
1055       71 
1056       71 
1057       71 
1058       71 
1059       69 
1060       63 
1061       63 
1062       64 
1063       64 
1064       69 
1065       69 
1066       69 
1067       66 
1068       66 
1069       66 
1070       68 
1071       68 
1072       68 
1073       68 
1074       68 
1075       68 
1076       70 
1077       70 
1078       68 
1079       68 
1297966654.608808
