0000       1 
0001       1 
0002       1 
0003       1 
0004       1 
0005       1 
0006       1 
0007       1 
0008       1 
0009       1 
0010       1 
0011       1 
0012       1 
0013       1 
0014       1 
0015       1 
0016       1 
0017       1 
0018       1 
0019       1 
0020       1 
0021       1 
0022       1 
0023       1 
0024       1 
0025       1 
0026       1 
0027       1 
0028       1 
0029       1 
0030       1 
0031       1 
0032       1 
0033       1 
0034       1 
0035       1 
0036       1 
0037       1 
0038       1 
0039       1 
0040       1 
0041       1 
0042       1 
0043       1 
0044       1 
0045       1 
0046       1 
0047       1 
0048       1 
0049       1 
0050       1 
0051       1 
0052       1 
0053       1 
0054       1 
0055       1 
0056       1 
0057       1 
0058       1 
0059       1 
0060       1 
0061       1 
0062       1 
0063       1 
0064       1 
0065       1 
0066       1 
0067       1 
0068       1 
0069       1 
0070       1 
0071       1 
0072       1 
0073       1 
0074       1 
0075       1 
0076       1 
0077       1 
0078       1 
0079       1 
0080       1 
0081       1 
0082       1 
0083       1 
0084       1 
0085       1 
0086       1 
0087       1 
0088       1 
0089       1 
0090       1 
0091       1 
0092       1 
0093       1 
0094       1 
0095       1 
0096       1 
0097       1 
0098       1 
0099       1 
0100       1 
0101       1 
0102       1 
0103       1 
0104       1 
0105       1 
0106       1 
0107       1 
0108       1 
0109       1 
0110       1 
0111       1 
0112       1 
0113       1 
0114       1 
0115       1 
0116       1 
0117       1 
0118       1 
0119       1 
0120       1 
0121       27203 
0122       27203 
0123       27189 
0124       27146 
0125       27122 
0126       1 
0127       1 
0128       1 
0129       1 
0130       1 
0131       1 
0132       1 
0133       1 
0134       1 
0135       1 
0136       1 
0137       1 
0138       1 
0139       26617 
0140       26617 
0141       26617 
0142       21158 
0143       21147 
0144       21147 
0145       21124 
0146       21119 
0147       21102 
0148       21100 
0149       21084 
0150       21084 
0151       21066 
0152       21078 
0153       21078 
0154       21078 
0155       21062 
0156       21039 
0157       20849 
0158       20848 
0159       20843 
0160       20839 
0161       20843 
0162       20845 
0163       20945 
0164       20945 
0165       20945 
0166       21048 
0167       21211 
0168       21211 
0169       1 
0170       1 
0171       1 
0172       1 
0173       1 
0174       1 
0175       1 
0176       20916 
0177       20916 
0178       20852 
0179       20852 
0180       20847 
0181       20849 
0182       20849 
0183       20881 
0184       20881 
0185       20890 
0186       20872 
0187       20849 
0188       20314 
0189       1 
0190       20314 
0191       20932 
0192       20932 
0193       1 
0194       1 
0195       1 
0196       1 
0197       20978 
0198       20990 
0199       21179 
0200       21188 
0201       21188 
0202       21218 
0203       21218 
0204       21225 
0205       21236 
0206       21272 
0207       21311 
0208       21320 
0209       21320 
0210       21348 
0211       21348 
0212       21305 
0213       21235 
0214       21235 
0215       21246 
0216       21274 
0217       21286 
0218       21308 
0219       21330 
0220       21347 
0221       21361 
0222       21361 
0223       21397 
0224       21416 
0225       21470 
0226       21495 
0227       21529 
0228       21547 
0229       21529 
0230       21554 
0231       21603 
0232       21634 
0233       21818 
0234       21865 
0235       21905 
0236       21923 
0237       21923 
0238       18931 
0239       18903 
0240       18931 
0241       18936 
0242       18941 
0243       18986 
0244       19035 
0245       19047 
0246       19077 
0247       19105 
0248       19145 
0249       19168 
0250       19180 
0251       19244 
0252       19244 
0253       1 
0254       1 
0255       1 
0256       1 
0257       1 
0258       17408 
0259       17408 
0260       17179 
0261       17004 
0262       16803 
0263       16481 
0264       16356 
0265       16356 
0266       15892 
0267       15753 
0268       15753 
0269       15753 
0270       15563 
0271       15472 
0272       15472 
0273       15511 
0274       15566 
0275       15608 
0276       15629 
0277       15638 
0278       15713 
0279       15732 
0280       15742 
0281       15804 
0282       15848 
0283       15884 
0284       15934 
0285       15953 
0286       16003 
0287       16045 
0288       16071 
0289       16126 
0290       16197 
0291       16234 
0292       16256 
0293       16296 
0294       16347 
0295       16407 
0296       16407 
0297       16298 
0298       16259 
0299       16230 
0300       16192 
0301       16109 
0302       15982 
0303       15754 
0304       15702 
0305       15448 
0306       1 
0307       1 
0308       15117 
0309       15117 
0310       15117 
0311       15041 
0312       14956 
0313       14855 
0314       14786 
0315       14723 
0316       14588 
0317       14588 
0318       14431 
0319       14365 
0320       14242 
0321       14190 
0322       14099 
0323       14046 
0324       14027 
0325       13940 
0326       13905 
0327       13774 
0328       13701 
0329       13646 
0330       1 
0331       1 
0332       1 
0333       1 
0334       1 
0335       1 
0336       1 
0337       1 
0338       1 
0339       10874 
0340       10874 
0341       10874 
0342       10874 
0343       12688 
0344       12688 
0345       12629 
0346       12548 
0347       12497 
0348       11195 
0349       11195 
0350       12277 
0351       12277 
0352       12242 
0353       12158 
0354       12125 
0355       8560 
0356       8544 
0357       8481 
0358       8453 
0359       8400 
0360       8382 
0361       8364 
0362       8350 
0363       8340 
0364       8340 
0365       8385 
0366       8385 
0367       8378 
0368       8375 
0369       8364 
0370       8314 
0371       8264 
0372       8168 
0373       8163 
0374       8147 
0375       8106 
0376       8077 
0377       8033 
0378       7997 
0379       7935 
0380       7935 
0381       7916 
0382       7898 
0383       7877 
0384       7846 
0385       7830 
0386       7763 
0387       7729 
0388       7729 
0389       7702 
0390       7694 
0391       7657 
0392       7621 
0393       7613 
0394       7572 
0395       7527 
0396       7521 
0397       7513 
0398       7501 
0399       7477 
0400       7472 
0401       7429 
0402       7413 
0403       7379 
0404       7349 
0405       7335 
0406       7331 
0407       7322 
0408       7300 
0409       7274 
0410       7260 
0411       7242 
0412       7211 
0413       7173 
0414       7170 
0415       7168 
0416       7155 
0417       7150 
0418       7132 
0419       7089 
0420       7087 
0421       7068 
0422       7034 
0423       7011 
0424       7009 
0425       7006 
0426       6981 
0427       6976 
0428       6957 
0429       6944 
0430       6928 
0431       6901 
0432       6881 
0433       6873 
0434       6867 
0435       6865 
0436       6860 
0437       6837 
0438       6827 
0439       6813 
0440       6807 
0441       6777 
0442       6761 
0443       6739 
0444       6738 
0445       6728 
0446       6715 
0447       6713 
0448       6703 
0449       6702 
0450       6683 
0451       6668 
0452       6647 
0453       6611 
0454       6611 
0455       6602 
0456       6598 
0457       6590 
0458       6587 
0459       6587 
0460       6573 
0461       6572 
0462       6567 
0463       6538 
0464       6507 
0465       6507 
0466       6519 
0467       6519 
0468       6510 
0469       6492 
0470       6491 
0471       6485 
0472       6477 
0473       6472 
0474       6462 
0475       6430 
0476       6418 
0477       6418 
0478       6423 
0479       6423 
0480       6421 
0481       6416 
0482       6404 
0483       6401 
0484       6397 
0485       6393 
0486       6371 
0487       6337 
0488       6337 
0489       6349 
0490       6353 
0491       6356 
0492       6353 
0493       6343 
0494       6342 
0495       6327 
0496       6327 
0497       6323 
0498       6317 
0499       6304 
0500       6299 
0501       6298 
0502       6298 
0503       6298 
0504       6298 
0505       6297 
0506       6288 
0507       6292 
0508       6283 
0509       6287 
0510       6283 
0511       6256 
0512       6255 
0513       6255 
0514       6265 
0515       6266 
0516       6266 
0517       6256 
0518       6256 
0519       6256 
0520       6251 
0521       6251 
0522       6248 
0523       6231 
0524       6203 
0525       6182 
0526       6182 
0527       6657 
0528       7219 
0529       7310 
0530       7367 
0531       7447 
0532       7678 
0533       8312 
0534       8404 
0535       8433 
0536       8442 
0537       8433 
0538       8431 
0539       8400 
0540       8400 
0541       8422 
0542       8451 
0543       8452 
0544       8453 
0545       8466 
0546       8461 
0547       8468 
0548       8470 
0549       8470 
0550       8474 
0551       8474 
0552       8482 
0553       8491 
0554       8488 
0555       8488 
0556       8488 
0557       8490 
0558       8507 
0559       8524 
0560       8526 
0561       8529 
0562       8556 
0563       8558 
0564       8556 
0565       8558 
0566       8558 
0567       8563 
0568       8563 
0569       8563 
0570       8575 
0571       8596 
0572       8600 
0573       8601 
0574       8602 
0575       8613 
0576       8620 
0577       8624 
0578       8636 
0579       8666 
0580       8666 
0581       8680 
0582       8685 
0583       8689 
0584       8691 
0585       8703 
0586       8716 
0587       8723 
0588       8731 
0589       8746 
0590       8745 
0591       8746 
0592       8777 
0593       8777 
0594       8799 
0595       8795 
0596       8804 
0597       8815 
0598       8845 
0599       8853 
0600       8856 
0601       8856 
0602       8883 
0603       8907 
0604       8908 
0605       8923 
0606       8957 
0607       8959 
0608       8960 
0609       8991 
0610       8997 
0611       9007 
0612       9027 
0613       9035 
0614       9055 
0615       9065 
0616       9088 
0617       9096 
0618       9102 
0619       9142 
0620       9153 
0621       9165 
0622       9177 
0623       9199 
0624       9217 
0625       9229 
0626       9240 
0627       9268 
0628       9277 
0629       9301 
0630       9310 
0631       9354 
0632       9363 
0633       9387 
0634       9394 
0635       9412 
0636       9419 
0637       9468 
0638       9484 
0639       9498 
0640       9508 
0641       9536 
0642       9575 
0643       9611 
0644       9611 
0645       9649 
0646       9653 
0647       9655 
0648       9704 
0649       9719 
0650       9748 
0651       9784 
0652       9813 
0653       9856 
0654       9860 
0655       9890 
0656       9891 
0657       9891 
0658       9820 
0659       9765 
0660       9687 
0661       9642 
0662       9555 
0663       9458 
0664       9438 
0665       9392 
0666       9321 
0667       9253 
0668       9172 
0669       9144 
0670       9069 
0671       8952 
0672       8946 
0673       8888 
0674       8825 
0675       8751 
0676       8750 
0677       8728 
0678       8684 
0679       8622 
0680       8583 
0681       8537 
0682       8495 
0683       8452 
0684       8385 
0685       8349 
0686       8317 
0687       8262 
0688       8222 
0689       8184 
0690       8131 
0691       8094 
0692       8060 
0693       8014 
0694       7977 
0695       7944 
0696       7907 
0697       7851 
0698       7833 
0699       7792 
0700       7755 
0701       7726 
0702       7692 
0703       7642 
0704       7537 
0705       7512 
0706       7512 
0707       7530 
0708       7544 
0709       7601 
0710       7608 
0711       7610 
0712       7672 
0713       7748 
0714       7768 
0715       7787 
0716       7818 
0717       7867 
0718       7881 
0719       7917 
0720       7976 
0721       8027 
0722       8048 
0723       8098 
0724       8104 
0725       8130 
0726       8214 
0727       8277 
0728       8291 
0729       8340 
0730       8379 
0731       8406 
0732       8488 
0733       8523 
0734       8552 
0735       8607 
0736       8633 
0737       8663 
0738       8708 
0739       8768 
0740       8819 
0741       8889 
0742       8892 
0743       8957 
0744       9016 
0745       9102 
0746       9128 
0747       9144 
0748       9205 
0749       9323 
0750       9351 
0751       9403 
0752       9468 
0753       9506 
0754       9593 
0755       9671 
0756       9703 
0757       9726 
0758       9855 
0759       9911 
0760       9967 
0761       9998 
0762       10104 
0763       10165 
0764       10241 
0765       10274 
0766       10342 
0767       10419 
0768       10451 
0769       10551 
0770       10603 
0771       10680 
0772       10744 
0773       10744 
0774       1 
0775       1 
0776       1 
0777       1 
0778       1 
0779       1 
0780       1 
0781       4458 
0782       4476 
0783       4481 
0784       4519 
0785       4556 
0786       4560 
0787       4593 
0788       4603 
0789       4645 
0790       4670 
0791       4736 
0792       4743 
0793       4743 
0794       4772 
0795       4779 
0796       4779 
0797       4779 
0798       4158 
0799       4094 
0800       4045 
0801       4045 
0802       4045 
0803       4060 
0804       4086 
0805       4134 
0806       4139 
0807       4175 
0808       4211 
0809       4240 
0810       4292 
0811       4305 
0812       4344 
0813       4370 
0814       4428 
0815       4468 
0816       4512 
0817       4567 
0818       4593 
0819       4670 
0820       4745 
0821       4793 
0822       4854 
0823       4952 
0824       5010 
0825       5103 
0826       5167 
0827       5263 
0828       5362 
0829       5477 
0830       5590 
0831       5590 
0832       5743 
0833       8233 
0834       8233 
0835       8207 
0836       8190 
0837       8163 
0838       8105 
0839       8043 
0840       8025 
0841       8017 
0842       7949 
0843       7877 
0844       7848 
0845       7848 
0846       7801 
0847       7799 
0848       7743 
0849       7704 
0850       7468 
0851       7468 
0852       7510 
0853       7534 
0854       7530 
0855       7584 
0856       7630 
0857       7797 
0858       8037 
0859       8349 
0860       8662 
0861       8709 
0862       8771 
0863       8709 
0864       10814 
0865       10814 
0866       10824 
0867       10824 
0868       1 
0869       1 
0870       1 
0871       1 
0872       1 
0873       1 
0874       1 
0875       1 
0876       1 
0877       1 
0878       1 
0879       1 
0880       1 
0881       1 
0882       1 
0883       1 
0884       1 
0885       1 
0886       1 
0887       1 
0888       1 
0889       1 
0890       1 
0891       1 
0892       1 
0893       1 
0894       1 
0895       1 
0896       1 
0897       1 
0898       1 
0899       1 
0900       1 
0901       1 
0902       1 
0903       1 
0904       1 
0905       1 
0906       1 
0907       1 
0908       1 
0909       1 
0910       1 
0911       1 
0912       1 
0913       1 
0914       1 
0915       1 
0916       1 
0917       1 
0918       1 
0919       1 
0920       1 
0921       1 
0922       1 
0923       1 
0924       1 
0925       1 
0926       1 
0927       1 
0928       1 
0929       1 
0930       1 
0931       1 
0932       1 
0933       1 
0934       1 
0935       1 
0936       1 
0937       1 
0938       1 
0939       1 
0940       1 
0941       1 
0942       1 
0943       1 
0944       1 
0945       1 
0946       1 
0947       1 
0948       1 
0949       1 
0950       1 
0951       1 
0952       1 
0953       1 
0954       1 
0955       1 
0956       1 
0957       1 
0958       1 
0959       1 
0960       1 
0961       1 
0962       1 
0963       1 
0964       1 
0965       1 
0966       1 
0967       1 
0968       1 
0969       1 
0970       1 
0971       1 
0972       1 
0973       1 
0974       1 
0975       1 
0976       1 
0977       1 
0978       1 
0979       1 
0980       1 
0981       1 
0982       1 
0983       1 
0984       1 
0985       1 
0986       1 
0987       1 
0988       1 
0989       1 
0990       1 
0991       1 
0992       1 
0993       1 
0994       1 
0995       1 
0996       1 
0997       1 
0998       1 
0999       1 
1000       1 
1001       1 
1002       1 
1003       1 
1004       1 
1005       1 
1006       1 
1007       1 
1008       4 
1009       4 
1010       4 
1011       4 
1012       4 
1013       4 
1014       42 
1015       54 
1016       54 
1017       54 
1018       42 
1019       52 
1020       52 
1021       52 
1022       58 
1023       60 
1024       60 
1025       62 
1026       62 
1027       62 
1028       57 
1029       57 
1030       57 
1031       57 
1032       57 
1033       57 
1034       61 
1035       66 
1036       68 
1037       68 
1038       69 
1039       71 
1040       71 
1041       71 
1042       73 
1043       72 
1044       72 
1045       72 
1046       69 
1047       68 
1048       68 
1049       69 
1050       69 
1051       67 
1052       70 
1053       72 
1054       71 
1055       71 
1056       71 
1057       71 
1058       71 
1059       71 
1060       66 
1061       66 
1062       64 
1063       64 
1064       64 
1065       68 
1066       69 
1067       69 
1068       69 
1069       69 
1070       68 
1071       68 
1072       68 
1073       73 
1074       73 
1075       73 
1076       72 
1077       72 
1078       72 
1079       65 
1297966672.691808
