0000       1 
0001       1 
0002       1 
0003       1 
0004       1 
0005       1 
0006       1 
0007       1 
0008       1 
0009       1 
0010       1 
0011       1 
0012       1 
0013       1 
0014       1 
0015       1 
0016       1 
0017       1 
0018       1 
0019       1 
0020       1 
0021       1 
0022       1 
0023       1 
0024       1 
0025       1 
0026       1 
0027       1 
0028       1 
0029       1 
0030       1 
0031       1 
0032       1 
0033       1 
0034       1 
0035       1 
0036       1 
0037       1 
0038       1 
0039       1 
0040       1 
0041       1 
0042       1 
0043       1 
0044       1 
0045       1 
0046       1 
0047       1 
0048       1 
0049       1 
0050       1 
0051       1 
0052       1 
0053       1 
0054       1 
0055       1 
0056       1 
0057       1 
0058       1 
0059       1 
0060       1 
0061       1 
0062       1 
0063       1 
0064       1 
0065       1 
0066       1 
0067       1 
0068       1 
0069       1 
0070       1 
0071       1 
0072       1 
0073       1 
0074       1 
0075       1 
0076       1 
0077       1 
0078       1 
0079       1 
0080       1 
0081       1 
0082       1 
0083       1 
0084       1 
0085       1 
0086       1 
0087       1 
0088       1 
0089       1 
0090       1 
0091       1 
0092       1 
0093       1 
0094       1 
0095       1 
0096       1 
0097       1 
0098       1 
0099       1 
0100       1 
0101       1 
0102       1 
0103       1 
0104       1 
0105       1 
0106       1 
0107       1 
0108       1 
0109       1 
0110       1 
0111       1 
0112       1 
0113       1 
0114       1 
0115       1 
0116       1 
0117       1 
0118       1 
0119       1 
0120       1 
0121       1 
0122       1 
0123       1 
0124       1 
0125       1 
0126       1 
0127       1 
0128       1 
0129       1 
0130       1 
0131       1 
0132       1 
0133       1 
0134       1 
0135       1 
0136       1 
0137       1 
0138       1 
0139       1 
0140       1 
0141       1 
0142       1 
0143       1 
0144       1 
0145       1 
0146       1 
0147       1 
0148       1 
0149       1 
0150       1 
0151       1 
0152       1 
0153       1 
0154       1 
0155       1 
0156       1 
0157       1 
0158       1 
0159       1 
0160       1 
0161       1 
0162       1 
0163       1 
0164       1 
0165       1 
0166       1 
0167       1 
0168       1 
0169       1 
0170       1 
0171       1 
0172       1 
0173       1 
0174       1 
0175       1 
0176       1 
0177       1 
0178       1 
0179       1 
0180       1 
0181       1 
0182       1 
0183       1 
0184       1 
0185       1 
0186       1 
0187       1 
0188       1 
0189       1 
0190       1 
0191       1 
0192       1 
0193       1 
0194       1 
0195       1 
0196       1 
0197       1 
0198       1 
0199       1 
0200       1 
0201       1 
0202       1 
0203       1 
0204       1 
0205       1 
0206       1 
0207       1 
0208       1 
0209       1 
0210       1 
0211       1 
0212       1 
0213       1 
0214       1 
0215       1 
0216       1 
0217       1 
0218       1 
0219       1 
0220       1 
0221       1 
0222       1 
0223       1 
0224       1 
0225       1 
0226       1 
0227       1 
0228       1 
0229       1 
0230       1 
0231       1 
0232       1 
0233       1 
0234       1 
0235       1 
0236       1 
0237       1 
0238       1 
0239       1 
0240       1 
0241       1 
0242       1 
0243       1 
0244       1 
0245       1 
0246       1 
0247       1 
0248       1 
0249       17829 
0250       17829 
0251       1 
0252       1 
0253       1 
0254       1 
0255       1 
0256       1 
0257       1 
0258       1 
0259       1 
0260       1 
0261       1 
0262       1 
0263       1 
0264       1 
0265       1 
0266       1 
0267       1 
0268       1 
0269       1 
0270       14205 
0271       14205 
0272       13911 
0273       1 
0274       1 
0275       1 
0276       1 
0277       1 
0278       1 
0279       1 
0280       1 
0281       1 
0282       12787 
0283       12787 
0284       12678 
0285       12554 
0286       12464 
0287       12349 
0288       12301 
0289       12191 
0290       12081 
0291       12002 
0292       11889 
0293       11810 
0294       11744 
0295       11639 
0296       11566 
0297       11450 
0298       11373 
0299       11302 
0300       11167 
0301       11083 
0302       11047 
0303       11007 
0304       10894 
0305       10803 
0306       10695 
0307       10657 
0308       10583 
0309       10519 
0310       10473 
0311       10376 
0312       10328 
0313       10269 
0314       10204 
0315       10143 
0316       10062 
0317       10019 
0318       9960 
0319       9870 
0320       9846 
0321       9747 
0322       9745 
0323       9677 
0324       9600 
0325       9540 
0326       9479 
0327       9434 
0328       9374 
0329       9321 
0330       9272 
0331       9222 
0332       9192 
0333       9133 
0334       9075 
0335       9062 
0336       9021 
0337       8966 
0338       8918 
0339       8857 
0340       8832 
0341       8787 
0342       8745 
0343       8704 
0344       8654 
0345       8625 
0346       8561 
0347       8555 
0348       8504 
0349       8471 
0350       8426 
0351       8397 
0352       8382 
0353       8315 
0354       8279 
0355       8219 
0356       8190 
0357       8186 
0358       8128 
0359       8102 
0360       8076 
0361       8035 
0362       7996 
0363       7972 
0364       7931 
0365       7880 
0366       7873 
0367       7853 
0368       7823 
0369       7794 
0370       7754 
0371       7725 
0372       7697 
0373       7696 
0374       7666 
0375       7625 
0376       7604 
0377       7572 
0378       7553 
0379       7521 
0380       7496 
0381       7447 
0382       7447 
0383       7415 
0384       7372 
0385       7351 
0386       7321 
0387       7312 
0388       7288 
0389       7283 
0390       7244 
0391       7213 
0392       7193 
0393       7193 
0394       7187 
0395       7130 
0396       7106 
0397       7092 
0398       7071 
0399       7062 
0400       7035 
0401       7028 
0402       6994 
0403       6972 
0404       6949 
0405       6948 
0406       6920 
0407       6890 
0408       6869 
0409       6854 
0410       6827 
0411       6814 
0412       6810 
0413       6779 
0414       6753 
0415       6746 
0416       6742 
0417       6692 
0418       6686 
0419       6665 
0420       6662 
0421       6657 
0422       6613 
0423       6613 
0424       6612 
0425       6586 
0426       6575 
0427       6570 
0428       6542 
0429       6531 
0430       6507 
0431       6504 
0432       6478 
0433       6468 
0434       6449 
0435       6449 
0436       6444 
0437       6422 
0438       6410 
0439       6397 
0440       6386 
0441       6381 
0442       6360 
0443       6345 
0444       6344 
0445       6307 
0446       6302 
0447       6299 
0448       6298 
0449       6276 
0450       6267 
0451       6249 
0452       6246 
0453       6241 
0454       6231 
0455       6217 
0456       6214 
0457       6199 
0458       6180 
0459       6174 
0460       6167 
0461       6160 
0462       6151 
0463       6146 
0464       6136 
0465       6126 
0466       6124 
0467       6118 
0468       6117 
0469       6101 
0470       6094 
0471       6089 
0472       6077 
0473       6065 
0474       6053 
0475       6039 
0476       6039 
0477       6039 
0478       6037 
0479       6029 
0480       6023 
0481       6014 
0482       6002 
0483       6000 
0484       5998 
0485       5992 
0486       5989 
0487       5980 
0488       5976 
0489       5976 
0490       5967 
0491       5951 
0492       5951 
0493       5946 
0494       5953 
0495       5953 
0496       5953 
0497       5932 
0498       5932 
0499       5930 
0500       5927 
0501       5908 
0502       5908 
0503       5909 
0504       5909 
0505       5907 
0506       5907 
0507       5906 
0508       5906 
0509       5906 
0510       5904 
0511       5890 
0512       5888 
0513       5885 
0514       5885 
0515       5887 
0516       5887 
0517       5885 
0518       5871 
0519       5871 
0520       5869 
0521       5872 
0522       5864 
0523       5867 
0524       5865 
0525       5866 
0526       5865 
0527       5863 
0528       5863 
0529       5863 
0530       5861 
0531       5857 
0532       5857 
0533       5854 
0534       5862 
0535       5854 
0536       5862 
0537       5849 
0538       5862 
0539       5856 
0540       5866 
0541       5869 
0542       5874 
0543       5869 
0544       5874 
0545       5875 
0546       5879 
0547       5884 
0548       5886 
0549       5886 
0550       5880 
0551       5880 
0552       5883 
0553       5883 
0554       5879 
0555       5879 
0556       5891 
0557       5891 
0558       5888 
0559       5879 
0560       5879 
0561       5882 
0562       5889 
0563       5889 
0564       5889 
0565       5792 
0566       5729 
0567       5718 
0568       5717 
0569       5711 
0570       5711 
0571       5718 
0572       5718 
0573       5714 
0574       5714 
0575       5736 
0576       8641 
0577       8642 
0578       8652 
0579       8669 
0580       8669 
0581       8685 
0582       8695 
0583       8701 
0584       8712 
0585       8712 
0586       8712 
0587       8731 
0588       8747 
0589       8776 
0590       8816 
0591       8869 
0592       8933 
0593       8957 
0594       8965 
0595       8971 
0596       8983 
0597       8986 
0598       8997 
0599       9007 
0600       9022 
0601       9043 
0602       9055 
0603       9064 
0604       9073 
0605       9105 
0606       9122 
0607       9134 
0608       9145 
0609       9146 
0610       9145 
0611       9185 
0612       9185 
0613       9197 
0614       9202 
0615       9229 
0616       9243 
0617       9249 
0618       9288 
0619       9293 
0620       9320 
0621       9321 
0622       9331 
0623       9347 
0624       9384 
0625       9390 
0626       9405 
0627       9419 
0628       9430 
0629       9484 
0630       9492 
0631       9496 
0632       9514 
0633       9524 
0634       9539 
0635       9568 
0636       9590 
0637       9590 
0638       9630 
0639       9648 
0640       9664 
0641       9667 
0642       9713 
0643       9763 
0644       9778 
0645       9804 
0646       9809 
0647       9843 
0648       9859 
0649       9869 
0650       9904 
0651       9929 
0652       9952 
0653       9976 
0654       10007 
0655       10018 
0656       10048 
0657       10051 
0658       10087 
0659       10124 
0660       10140 
0661       10194 
0662       10199 
0663       10208 
0664       10246 
0665       10264 
0666       10288 
0667       10336 
0668       10351 
0669       10366 
0670       10394 
0671       10402 
0672       10453 
0673       10490 
0674       10512 
0675       10539 
0676       10541 
0677       10597 
0678       10625 
0679       10649 
0680       10693 
0681       10746 
0682       10773 
0683       10793 
0684       10857 
0685       10862 
0686       10909 
0687       10938 
0688       10979 
0689       10983 
0690       11047 
0691       11087 
0692       11132 
0693       11178 
0694       11217 
0695       11226 
0696       11297 
0697       11329 
0698       11398 
0699       11409 
0700       11456 
0701       11524 
0702       11555 
0703       11608 
0704       11636 
0705       11688 
0706       11734 
0707       11793 
0708       11840 
0709       11874 
0710       11963 
0711       11988 
0712       12028 
0713       12068 
0714       12151 
0715       12208 
0716       12285 
0717       12299 
0718       12408 
0719       12460 
0720       12466 
0721       12559 
0722       12653 
0723       12690 
0724       12757 
0725       12840 
0726       12940 
0727       12956 
0728       13039 
0729       13139 
0730       13197 
0731       13267 
0732       13312 
0733       13382 
0734       13506 
0735       13570 
0736       13649 
0737       13689 
0738       13758 
0739       13874 
0740       13951 
0741       14033 
0742       14080 
0743       14139 
0744       14218 
0745       14271 
0746       14389 
0747       14481 
0748       14559 
0749       14641 
0750       14731 
0751       14814 
0752       14930 
0753       15015 
0754       15116 
0755       15205 
0756       15301 
0757       15374 
0758       15446 
0759       15573 
0760       15673 
0761       15801 
0762       15908 
0763       15978 
0764       16116 
0765       16202 
0766       16307 
0767       16397 
0768       16522 
0769       16644 
0770       16770 
0771       16899 
0772       17016 
0773       17151 
0774       17289 
0775       17423 
0776       17551 
0777       17697 
0778       17828 
0779       17976 
0780       18141 
0781       18261 
0782       18452 
0783       18560 
0784       18732 
0785       18890 
0786       19070 
0787       19210 
0788       19375 
0789       19375 
0790       1 
0791       1 
0792       1 
0793       1 
0794       1 
0795       1 
0796       1 
0797       1 
0798       1 
0799       1 
0800       1 
0801       1 
0802       1 
0803       1 
0804       1 
0805       1 
0806       1 
0807       1 
0808       1 
0809       1 
0810       1 
0811       1 
0812       1 
0813       1 
0814       1 
0815       1 
0816       1 
0817       1 
0818       1 
0819       1 
0820       1 
0821       1 
0822       1 
0823       1 
0824       1 
0825       1 
0826       1 
0827       1 
0828       1 
0829       1 
0830       9392 
0831       9399 
0832       9392 
0833       9353 
0834       9353 
0835       9322 
0836       9372 
0837       24532 
0838       24532 
0839       24508 
0840       24494 
0841       24490 
0842       24422 
0843       24404 
0844       24379 
0845       1 
0846       1 
0847       1 
0848       1 
0849       1 
0850       1 
0851       1 
0852       1 
0853       1 
0854       1 
0855       1 
0856       1 
0857       1 
0858       1 
0859       1 
0860       1 
0861       1 
0862       1 
0863       1 
0864       1 
0865       1 
0866       1 
0867       1 
0868       1 
0869       1 
0870       1 
0871       1 
0872       1 
0873       1 
0874       1 
0875       1 
0876       1 
0877       1 
0878       1 
0879       1 
0880       1 
0881       1 
0882       1 
0883       1 
0884       1 
0885       1 
0886       1 
0887       1 
0888       1 
0889       1 
0890       1 
0891       1 
0892       1 
0893       1 
0894       1 
0895       1 
0896       1 
0897       1 
0898       1 
0899       1 
0900       1 
0901       1 
0902       1 
0903       1 
0904       1 
0905       1 
0906       1 
0907       1 
0908       1 
0909       1 
0910       1 
0911       1 
0912       1 
0913       1 
0914       1 
0915       1 
0916       1 
0917       1 
0918       1 
0919       1 
0920       1 
0921       1 
0922       1 
0923       1 
0924       1 
0925       1 
0926       1 
0927       1 
0928       1 
0929       1 
0930       1 
0931       1 
0932       1 
0933       1 
0934       1 
0935       1 
0936       1 
0937       1 
0938       1 
0939       1 
0940       1 
0941       1 
0942       1 
0943       1 
0944       1 
0945       1 
0946       1 
0947       1 
0948       1 
0949       1 
0950       1 
0951       1 
0952       1 
0953       1 
0954       1 
0955       1 
0956       1 
0957       1 
0958       1 
0959       1 
0960       1 
0961       1 
0962       1 
0963       1 
0964       1 
0965       1 
0966       1 
0967       1 
0968       1 
0969       1 
0970       1 
0971       1 
0972       1 
0973       1 
0974       1 
0975       1 
0976       1 
0977       1 
0978       1 
0979       1 
0980       1 
0981       1 
0982       1 
0983       1 
0984       1 
0985       1 
0986       1 
0987       1 
0988       1 
0989       1 
0990       1 
0991       1 
0992       1 
0993       1 
0994       1 
0995       1 
0996       1 
0997       1 
0998       1 
0999       1 
1000       1 
1001       1 
1002       1 
1003       1 
1004       1 
1005       1 
1006       1 
1007       1 
1008       4 
1009       4 
1010       45 
1011       45 
1012       45 
1013       60 
1014       45 
1015       41 
1016       41 
1017       45 
1018       45 
1019       54 
1020       54 
1021       50 
1022       54 
1023       54 
1024       55 
1025       55 
1026       57 
1027       58 
1028       58 
1029       51 
1030       53 
1031       53 
1032       53 
1033       53 
1034       53 
1035       58 
1036       67 
1037       68 
1038       68 
1039       66 
1040       68 
1041       66 
1042       66 
1043       69 
1044       69 
1045       65 
1046       76 
1047       68 
1048       68 
1049       68 
1050       68 
1051       68 
1052       68 
1053       64 
1054       64 
1055       66 
1056       66 
1057       64 
1058       65 
1059       63 
1060       63 
1061       65 
1062       66 
1063       69 
1064       69 
1065       66 
1066       66 
1067       65 
1068       64 
1069       64 
1070       65 
1071       65 
1072       67 
1073       67 
1074       67 
1075       66 
1076       66 
1077       66 
1078       66 
1079       66 
1297966641.583480
