0000       1 
0001       1 
0002       1 
0003       1 
0004       1 
0005       1 
0006       1 
0007       1 
0008       1 
0009       1 
0010       1 
0011       1 
0012       1 
0013       1 
0014       1 
0015       1 
0016       1 
0017       1 
0018       1 
0019       1 
0020       1 
0021       1 
0022       1 
0023       1 
0024       1 
0025       1 
0026       1 
0027       1 
0028       1 
0029       1 
0030       1 
0031       1 
0032       1 
0033       1 
0034       1 
0035       1 
0036       1 
0037       1 
0038       1 
0039       1 
0040       1 
0041       1 
0042       1 
0043       1 
0044       1 
0045       1 
0046       1 
0047       1 
0048       1 
0049       1 
0050       1 
0051       1 
0052       1 
0053       1 
0054       1 
0055       1 
0056       1 
0057       1 
0058       1 
0059       1 
0060       1 
0061       1 
0062       1 
0063       1 
0064       1 
0065       1 
0066       1 
0067       1 
0068       1 
0069       1 
0070       1 
0071       1 
0072       1 
0073       1 
0074       1 
0075       1 
0076       1 
0077       1 
0078       1 
0079       1 
0080       1 
0081       1 
0082       1 
0083       1 
0084       1 
0085       1 
0086       1 
0087       1 
0088       1 
0089       1 
0090       1 
0091       1 
0092       1 
0093       1 
0094       1 
0095       1 
0096       1 
0097       1 
0098       1 
0099       1 
0100       1 
0101       1 
0102       1 
0103       1 
0104       1 
0105       1 
0106       1 
0107       1 
0108       1 
0109       1 
0110       1 
0111       1 
0112       1 
0113       1 
0114       1 
0115       1 
0116       1 
0117       1 
0118       1 
0119       1 
0120       1 
0121       1 
0122       1 
0123       1 
0124       1 
0125       1 
0126       1 
0127       1 
0128       1 
0129       1 
0130       1 
0131       1 
0132       1 
0133       1 
0134       1 
0135       1 
0136       1 
0137       1 
0138       1 
0139       1 
0140       1 
0141       1 
0142       1 
0143       1 
0144       1 
0145       1 
0146       1 
0147       1 
0148       1 
0149       1 
0150       1 
0151       1 
0152       1 
0153       1 
0154       1 
0155       1 
0156       1 
0157       1 
0158       1 
0159       1 
0160       1 
0161       1 
0162       1 
0163       1 
0164       1 
0165       1 
0166       1 
0167       1 
0168       1 
0169       1 
0170       1 
0171       1 
0172       1 
0173       1 
0174       1 
0175       1 
0176       1 
0177       1 
0178       1 
0179       1 
0180       1 
0181       1 
0182       1 
0183       1 
0184       1 
0185       1 
0186       1 
0187       1 
0188       1 
0189       1 
0190       1 
0191       1 
0192       1 
0193       1 
0194       1 
0195       1 
0196       1 
0197       1 
0198       1 
0199       1 
0200       1 
0201       1 
0202       1 
0203       1 
0204       1 
0205       1 
0206       1 
0207       1 
0208       1 
0209       1 
0210       1 
0211       1 
0212       1 
0213       1 
0214       1 
0215       1 
0216       1 
0217       1 
0218       1 
0219       1 
0220       1 
0221       1 
0222       1 
0223       1 
0224       1 
0225       1 
0226       1 
0227       1 
0228       1 
0229       1 
0230       1 
0231       1 
0232       1 
0233       1 
0234       1 
0235       1 
0236       1 
0237       1 
0238       1 
0239       1 
0240       1 
0241       1 
0242       1 
0243       1 
0244       1 
0245       1 
0246       1 
0247       1 
0248       1 
0249       1 
0250       1 
0251       1 
0252       1 
0253       1 
0254       1 
0255       1 
0256       1 
0257       1 
0258       1 
0259       1 
0260       1 
0261       1 
0262       1 
0263       1 
0264       1 
0265       1 
0266       1 
0267       1 
0268       1 
0269       1 
0270       1 
0271       1 
0272       1 
0273       1 
0274       1 
0275       1 
0276       1 
0277       1 
0278       1 
0279       1 
0280       1 
0281       1 
0282       1 
0283       1 
0284       1 
0285       1 
0286       1 
0287       1 
0288       11369 
0289       11369 
0290       11318 
0291       11223 
0292       11134 
0293       11045 
0294       10981 
0295       10902 
0296       10799 
0297       10748 
0298       10686 
0299       10601 
0300       10529 
0301       10463 
0302       10433 
0303       10367 
0304       10362 
0305       10356 
0306       10356 
0307       10331 
0308       10151 
0309       9951 
0310       9890 
0311       9890 
0312       9924 
0313       9948 
0314       9978 
0315       10016 
0316       10059 
0317       10083 
0318       10117 
0319       10155 
0320       10181 
0321       10230 
0322       10277 
0323       10298 
0324       10337 
0325       10371 
0326       10413 
0327       10466 
0328       10515 
0329       10543 
0330       10586 
0331       10621 
0332       10672 
0333       10723 
0334       10765 
0335       10786 
0336       10825 
0337       10868 
0338       10901 
0339       10964 
0340       10993 
0341       12591 
0342       12591 
0343       12536 
0344       12471 
0345       12378 
0346       12315 
0347       12246 
0348       12219 
0349       12152 
0350       12120 
0351       12056 
0352       12035 
0353       11968 
0354       11912 
0355       11866 
0356       11813 
0357       11759 
0358       11720 
0359       11705 
0360       11625 
0361       11596 
0362       11544 
0363       11476 
0364       11468 
0365       11414 
0366       11367 
0367       11312 
0368       11279 
0369       11256 
0370       11183 
0371       11164 
0372       11094 
0373       11074 
0374       11074 
0375       11100 
0376       11105 
0377       11105 
0378       11082 
0379       11034 
0380       11008 
0381       10970 
0382       10954 
0383       10933 
0384       10885 
0385       10842 
0386       10834 
0387       10785 
0388       10735 
0389       10709 
0390       10683 
0391       10635 
0392       10627 
0393       10576 
0394       10551 
0395       10523 
0396       10509 
0397       10474 
0398       10427 
0399       10387 
0400       10367 
0401       10333 
0402       10328 
0403       10283 
0404       10280 
0405       10217 
0406       10210 
0407       10181 
0408       10171 
0409       10134 
0410       10094 
0411       10086 
0412       10072 
0413       10011 
0414       10010 
0415       9978 
0416       9976 
0417       9924 
0418       9921 
0419       9868 
0420       9856 
0421       9840 
0422       9826 
0423       9809 
0424       9777 
0425       9755 
0426       9722 
0427       9717 
0428       9695 
0429       9679 
0430       9664 
0431       9646 
0432       9595 
0433       9584 
0434       9545 
0435       9540 
0436       9529 
0437       9504 
0438       9484 
0439       9480 
0440       9437 
0441       9423 
0442       9423 
0443       9404 
0444       9386 
0445       9374 
0446       9343 
0447       9330 
0448       9320 
0449       9301 
0450       9286 
0451       9263 
0452       9262 
0453       9241 
0454       9222 
0455       9203 
0456       9191 
0457       9181 
0458       9173 
0459       9164 
0460       9138 
0461       9136 
0462       9122 
0463       9113 
0464       9112 
0465       9063 
0466       9061 
0467       9061 
0468       9040 
0469       9038 
0470       9025 
0471       9017 
0472       9007 
0473       8985 
0474       8979 
0475       8978 
0476       8962 
0477       8957 
0478       8947 
0479       8938 
0480       8919 
0481       8918 
0482       8911 
0483       8911 
0484       8891 
0485       8878 
0486       8878 
0487       8878 
0488       8874 
0489       8846 
0490       8845 
0491       8840 
0492       8836 
0493       8830 
0494       8824 
0495       8809 
0496       8809 
0497       8819 
0498       8819 
0499       8819 
0500       8797 
0501       8780 
0502       8780 
0503       8773 
0504       8782 
0505       8775 
0506       8775 
0507       8772 
0508       8741 
0509       8741 
0510       8746 
0511       8753 
0512       8753 
0513       8753 
0514       8751 
0515       8725 
0516       8725 
0517       8730 
0518       8730 
0519       8725 
0520       8717 
0521       8717 
0522       8717 
0523       8716 
0524       8716 
0525       8717 
0526       8724 
0527       8731 
0528       8741 
0529       8741 
0530       8719 
0531       8714 
0532       8719 
0533       8739 
0534       8743 
0535       8743 
0536       8743 
0537       8729 
0538       8733 
0539       8733 
0540       8739 
0541       8744 
0542       8744 
0543       8751 
0544       8761 
0545       8761 
0546       8753 
0547       8753 
0548       8763 
0549       8769 
0550       8777 
0551       8779 
0552       8779 
0553       8798 
0554       8798 
0555       8794 
0556       8792 
0557       8792 
0558       8805 
0559       8805 
0560       8817 
0561       8804 
0562       8816 
0563       8816 
0564       8828 
0565       8828 
0566       8848 
0567       8869 
0568       8869 
0569       8863 
0570       8863 
0571       8881 
0572       8891 
0573       8901 
0574       8900 
0575       8911 
0576       8920 
0577       8925 
0578       8952 
0579       8952 
0580       8952 
0581       8960 
0582       8972 
0583       8994 
0584       9008 
0585       9009 
0586       9009 
0587       9023 
0588       9023 
0589       9029 
0590       9050 
0591       9052 
0592       9074 
0593       9088 
0594       9093 
0595       9108 
0596       9111 
0597       9135 
0598       9150 
0599       9151 
0600       9169 
0601       9176 
0602       9184 
0603       9214 
0604       9227 
0605       9240 
0606       9255 
0607       9273 
0608       9284 
0609       9313 
0610       9327 
0611       9335 
0612       9343 
0613       9362 
0614       9384 
0615       9386 
0616       9408 
0617       9410 
0618       9410 
0619       9466 
0620       9475 
0621       9500 
0622       9502 
0623       9524 
0624       9537 
0625       9550 
0626       9570 
0627       9572 
0628       9594 
0629       9628 
0630       9656 
0631       9669 
0632       9694 
0633       9694 
0634       9730 
0635       9765 
0636       9770 
0637       9793 
0638       9818 
0639       9833 
0640       9857 
0641       9874 
0642       9890 
0643       9920 
0644       9923 
0645       9962 
0646       9973 
0647       9989 
0648       10025 
0649       10051 
0650       10076 
0651       10109 
0652       10117 
0653       10149 
0654       10187 
0655       10231 
0656       10236 
0657       10257 
0658       10312 
0659       10338 
0660       10371 
0661       10392 
0662       10423 
0663       10439 
0664       10475 
0665       10509 
0666       10536 
0667       10575 
0668       10600 
0669       10634 
0670       10643 
0671       10702 
0672       10717 
0673       10765 
0674       10789 
0675       10838 
0676       10876 
0677       10907 
0678       10932 
0679       10962 
0680       11021 
0681       11072 
0682       11118 
0683       11140 
0684       11185 
0685       11198 
0686       11267 
0687       11331 
0688       11342 
0689       11388 
0690       11419 
0691       11486 
0692       11508 
0693       11539 
0694       11585 
0695       11646 
0696       11680 
0697       11711 
0698       11781 
0699       11813 
0700       11861 
0701       11904 
0702       11953 
0703       12023 
0704       12061 
0705       12089 
0706       12158 
0707       12184 
0708       12275 
0709       12310 
0710       12377 
0711       12420 
0712       12471 
0713       12526 
0714       12600 
0715       12656 
0716       12725 
0717       12792 
0718       12849 
0719       12925 
0720       12992 
0721       13045 
0722       13132 
0723       13170 
0724       13229 
0725       13299 
0726       13373 
0727       13406 
0728       13483 
0729       13566 
0730       13610 
0731       13727 
0732       13750 
0733       13846 
0734       13896 
0735       13999 
0736       14059 
0737       14134 
0738       14249 
0739       14286 
0740       14416 
0741       14466 
0742       14586 
0743       14586 
0744       14658 
0745       14842 
0746       14842 
0747       14910 
0748       14817 
0749       15124 
0750       15286 
0751       15286 
0752       15281 
0753       15281 
0754       1 
0755       15663 
0756       15886 
0757       15886 
0758       15867 
0759       15867 
0760       1 
0761       1 
0762       1 
0763       1 
0764       1 
0765       1 
0766       1 
0767       1 
0768       16762 
0769       17063 
0770       17121 
0771       17121 
0772       17111 
0773       17081 
0774       17030 
0775       16971 
0776       16959 
0777       16689 
0778       1 
0779       1 
0780       1 
0781       1 
0782       1 
0783       1 
0784       1 
0785       1 
0786       1 
0787       1 
0788       1 
0789       1 
0790       1 
0791       13167 
0792       13175 
0793       13167 
0794       1 
0795       1 
0796       1 
0797       1 
0798       1 
0799       1 
0800       1 
0801       1 
0802       1 
0803       1 
0804       1 
0805       1 
0806       1 
0807       8770 
0808       8789 
0809       8832 
0810       8909 
0811       9015 
0812       9080 
0813       9184 
0814       9331 
0815       9401 
0816       9486 
0817       9554 
0818       9848 
0819       9848 
0820       9988 
0821       10442 
0822       10671 
0823       10872 
0824       11122 
0825       11329 
0826       11508 
0827       11720 
0828       11847 
0829       11988 
0830       12190 
0831       12422 
0832       12688 
0833       12875 
0834       12875 
0835       12875 
0836       1 
0837       1 
0838       1 
0839       1 
0840       1 
0841       1 
0842       1 
0843       15419 
0844       15419 
0845       1 
0846       1 
0847       1 
0848       1 
0849       1 
0850       1 
0851       1 
0852       1 
0853       1 
0854       1 
0855       1 
0856       1 
0857       1 
0858       1 
0859       1 
0860       1 
0861       1 
0862       1 
0863       1 
0864       1 
0865       1 
0866       1 
0867       1 
0868       1 
0869       1 
0870       1 
0871       1 
0872       1 
0873       1 
0874       1 
0875       1 
0876       1 
0877       1 
0878       1 
0879       1 
0880       1 
0881       1 
0882       1 
0883       1 
0884       1 
0885       1 
0886       1 
0887       1 
0888       1 
0889       1 
0890       1 
0891       1 
0892       1 
0893       1 
0894       26100 
0895       26100 
0896       1 
0897       1 
0898       1 
0899       26183 
0900       26183 
0901       1 
0902       1 
0903       1 
0904       1 
0905       1 
0906       1 
0907       1 
0908       1 
0909       1 
0910       1 
0911       1 
0912       1 
0913       1 
0914       1 
0915       1 
0916       1 
0917       1 
0918       1 
0919       1 
0920       1 
0921       1 
0922       1 
0923       1 
0924       1 
0925       1 
0926       1 
0927       1 
0928       1 
0929       1 
0930       1 
0931       1 
0932       1 
0933       1 
0934       1 
0935       1 
0936       1 
0937       1 
0938       1 
0939       1 
0940       1 
0941       1 
0942       1 
0943       1 
0944       1 
0945       1 
0946       1 
0947       1 
0948       1 
0949       1 
0950       1 
0951       1 
0952       1 
0953       1 
0954       1 
0955       1 
0956       1 
0957       1 
0958       1 
0959       1 
0960       1 
0961       1 
0962       1 
0963       1 
0964       1 
0965       1 
0966       1 
0967       1 
0968       1 
0969       1 
0970       1 
0971       1 
0972       1 
0973       1 
0974       1 
0975       1 
0976       1 
0977       1 
0978       1 
0979       1 
0980       1 
0981       1 
0982       1 
0983       1 
0984       1 
0985       1 
0986       1 
0987       1 
0988       1 
0989       1 
0990       1 
0991       1 
0992       1 
0993       1 
0994       1 
0995       1 
0996       1 
0997       1 
0998       1 
0999       1 
1000       1 
1001       1 
1002       1 
1003       1 
1004       1 
1005       1 
1006       1 
1007       4 
1008       53 
1009       56 
1010       56 
1011       56 
1012       53 
1013       49 
1014       49 
1015       54 
1016       49 
1017       54 
1018       54 
1019       54 
1020       55 
1021       57 
1022       55 
1023       55 
1024       57 
1025       53 
1026       53 
1027       53 
1028       52 
1029       52 
1030       52 
1031       52 
1032       52 
1033       52 
1034       66 
1035       66 
1036       67 
1037       67 
1038       79 
1039       79 
1040       79 
1041       76 
1042       70 
1043       64 
1044       61 
1045       61 
1046       61 
1047       64 
1048       67 
1049       67 
1050       67 
1051       66 
1052       66 
1053       66 
1054       71 
1055       72 
1056       72 
1057       72 
1058       69 
1059       68 
1060       68 
1061       64 
1062       68 
1063       70 
1064       71 
1065       70 
1066       70 
1067       69 
1068       65 
1069       65 
1070       65 
1071       68 
1072       65 
1073       65 
1074       65 
1075       67 
1076       67 
1077       69 
1078       69 
1079       69 
1297966631.099013
