0000       1 
0001       1 
0002       1 
0003       1 
0004       1 
0005       1 
0006       1 
0007       1 
0008       1 
0009       1 
0010       1 
0011       1 
0012       1 
0013       1 
0014       1 
0015       1 
0016       1 
0017       1 
0018       1 
0019       1 
0020       1 
0021       1 
0022       1 
0023       1 
0024       1 
0025       1 
0026       1 
0027       1 
0028       1 
0029       1 
0030       1 
0031       1 
0032       1 
0033       1 
0034       1 
0035       1 
0036       1 
0037       1 
0038       1 
0039       1 
0040       1 
0041       1 
0042       1 
0043       1 
0044       1 
0045       1 
0046       1 
0047       1 
0048       1 
0049       1 
0050       1 
0051       1 
0052       1 
0053       1 
0054       1 
0055       1 
0056       1 
0057       1 
0058       1 
0059       1 
0060       1 
0061       1 
0062       1 
0063       1 
0064       1 
0065       1 
0066       1 
0067       1 
0068       1 
0069       1 
0070       1 
0071       1 
0072       1 
0073       1 
0074       1 
0075       4627 
0076       4627 
0077       4627 
0078       4625 
0079       4621 
0080       4611 
0081       4609 
0082       4609 
0083       4597 
0084       4595 
0085       4586 
0086       4570 
0087       4566 
0088       4563 
0089       4555 
0090       4555 
0091       4550 
0092       4549 
0093       4544 
0094       4530 
0095       4529 
0096       4529 
0097       4525 
0098       4525 
0099       4520 
0100       4513 
0101       4506 
0102       4498 
0103       4498 
0104       4497 
0105       4490 
0106       4484 
0107       4484 
0108       4483 
0109       4476 
0110       4476 
0111       4475 
0112       4474 
0113       4465 
0114       4457 
0115       4458 
0116       4458 
0117       4458 
0118       4448 
0119       4442 
0120       4442 
0121       4442 
0122       4439 
0123       4439 
0124       4438 
0125       4430 
0126       4428 
0127       4423 
0128       4420 
0129       4423 
0130       4420 
0131       4416 
0132       4414 
0133       4414 
0134       4414 
0135       4414 
0136       4413 
0137       4412 
0138       4412 
0139       4410 
0140       4410 
0141       4410 
0142       4409 
0143       4414 
0144       4414 
0145       4406 
0146       4406 
0147       4406 
0148       4406 
0149       4404 
0150       4404 
0151       4404 
0152       4407 
0153       4404 
0154       4407 
0155       4413 
0156       4413 
0157       4415 
0158       4415 
0159       4415 
0160       4411 
0161       4411 
0162       4411 
0163       4411 
0164       4413 
0165       4417 
0166       4417 
0167       4418 
0168       4419 
0169       4419 
0170       4420 
0171       4423 
0172       4423 
0173       4433 
0174       4433 
0175       4433 
0176       4428 
0177       4428 
0178       4428 
0179       4429 
0180       4444 
0181       4445 
0182       4445 
0183       4450 
0184       4456 
0185       4459 
0186       4461 
0187       4461 
0188       4465 
0189       4470 
0190       4474 
0191       4483 
0192       4488 
0193       4489 
0194       4493 
0195       4493 
0196       4493 
0197       4495 
0198       4503 
0199       4504 
0200       4512 
0201       4518 
0202       4520 
0203       4522 
0204       4526 
0205       4533 
0206       4546 
0207       4546 
0208       4548 
0209       4552 
0210       4555 
0211       4560 
0212       4562 
0213       4581 
0214       4582 
0215       4589 
0216       4596 
0217       4596 
0218       4602 
0219       4613 
0220       4614 
0221       4617 
0222       4618 
0223       4635 
0224       4645 
0225       4645 
0226       4649 
0227       4649 
0228       4671 
0229       4683 
0230       4686 
0231       4687 
0232       4689 
0233       4698 
0234       4707 
0235       4716 
0236       4727 
0237       4736 
0238       4740 
0239       4751 
0240       4764 
0241       4769 
0242       4777 
0243       4781 
0244       4796 
0245       4799 
0246       4818 
0247       4823 
0248       4935 
0249       5057 
0250       5073 
0251       5104 
0252       5104 
0253       5097 
0254       5097 
0255       5171 
0256       5171 
0257       5171 
0258       5187 
0259       5189 
0260       5197 
0261       5197 
0262       5259 
0263       5259 
0264       5243 
0265       5243 
0266       5252 
0267       5263 
0268       5279 
0269       5305 
0270       5308 
0271       5308 
0272       5331 
0273       5335 
0274       5339 
0275       5348 
0276       5349 
0277       5371 
0278       5385 
0279       5388 
0280       5411 
0281       5412 
0282       5419 
0283       5429 
0284       5434 
0285       5434 
0286       5448 
0287       5448 
0288       5462 
0289       5470 
0290       5484 
0291       5495 
0292       5496 
0293       5503 
0294       5507 
0295       5523 
0296       5530 
0297       5535 
0298       5551 
0299       5551 
0300       5570 
0301       5572 
0302       5589 
0303       5629 
0304       5644 
0305       5673 
0306       5678 
0307       5695 
0308       5707 
0309       5726 
0310       5762 
0311       5787 
0312       5812 
0313       5821 
0314       5838 
0315       5866 
0316       5894 
0317       5924 
0318       5944 
0319       5960 
0320       5985 
0321       6005 
0322       6028 
0323       6056 
0324       6083 
0325       6090 
0326       6125 
0327       6156 
0328       6184 
0329       6207 
0330       6253 
0331       6254 
0332       6283 
0333       6314 
0334       6335 
0335       6385 
0336       6408 
0337       6438 
0338       6454 
0339       6492 
0340       6524 
0341       6548 
0342       6580 
0343       6620 
0344       6650 
0345       6678 
0346       6710 
0347       6740 
0348       6770 
0349       6816 
0350       6852 
0351       6881 
0352       6903 
0353       6932 
0354       6941 
0355       6973 
0356       6976 
0357       6976 
0358       6979 
0359       6980 
0360       6979 
0361       6972 
0362       6965 
0363       6962 
0364       6962 
0365       6962 
0366       6985 
0367       7044 
0368       7158 
0369       7216 
0370       7293 
0371       7336 
0372       7432 
0373       7530 
0374       7631 
0375       7631 
0376       7687 
0377       7857 
0378       7898 
0379       7972 
0380       8033 
0381       8094 
0382       8155 
0383       8194 
0384       8254 
0385       8318 
0386       8381 
0387       8390 
0388       8390 
0389       8376 
0390       8349 
0391       8313 
0392       8311 
0393       8271 
0394       8262 
0395       8249 
0396       8234 
0397       8211 
0398       8181 
0399       8175 
0400       8148 
0401       8137 
0402       8105 
0403       8091 
0404       8082 
0405       8048 
0406       8044 
0407       8026 
0408       8006 
0409       7990 
0410       7961 
0411       7958 
0412       7945 
0413       7935 
0414       7911 
0415       7902 
0416       7873 
0417       7868 
0418       7845 
0419       7838 
0420       7818 
0421       7805 
0422       7788 
0423       7779 
0424       7773 
0425       7755 
0426       7740 
0427       7729 
0428       7714 
0429       7694 
0430       7693 
0431       7673 
0432       7666 
0433       7662 
0434       7636 
0435       7624 
0436       7606 
0437       7603 
0438       7591 
0439       7584 
0440       7572 
0441       7562 
0442       7544 
0443       7533 
0444       7530 
0445       7515 
0446       7501 
0447       7496 
0448       7490 
0449       7477 
0450       7475 
0451       7463 
0452       7449 
0453       7443 
0454       7442 
0455       7433 
0456       7432 
0457       7426 
0458       7426 
0459       7406 
0460       7406 
0461       7406 
0462       7410 
0463       7418 
0464       7410 
0465       7419 
0466       7422 
0467       7422 
0468       6042 
0469       6042 
0470       6082 
0471       6111 
0472       6120 
0473       6135 
0474       6152 
0475       6152 
0476       6183 
0477       6207 
0478       6221 
0479       6241 
0480       6254 
0481       6266 
0482       6280 
0483       6280 
0484       6332 
0485       6344 
0486       6359 
0487       6359 
0488       6390 
0489       6430 
0490       6434 
0491       6470 
0492       6472 
0493       6485 
0494       6528 
0495       6536 
0496       6564 
0497       6591 
0498       6600 
0499       6606 
0500       6644 
0501       6648 
0502       6668 
0503       6695 
0504       6735 
0505       6739 
0506       6758 
0507       6801 
0508       6827 
0509       6840 
0510       6857 
0511       6900 
0512       6910 
0513       6919 
0514       6955 
0515       7002 
0516       7015 
0517       7041 
0518       7076 
0519       7119 
0520       7153 
0521       7183 
0522       7225 
0523       7239 
0524       7294 
0525       7315 
0526       7320 
0527       7342 
0528       7396 
0529       7413 
0530       7429 
0531       7441 
0532       7478 
0533       7505 
0534       7566 
0535       7569 
0536       7614 
0537       7669 
0538       7838 
0539       8126 
0540       8225 
0541       8258 
0542       8258 
0543       8267 
0544       8287 
0545       8289 
0546       8290 
0547       8293 
0548       8323 
0549       8323 
0550       8312 
0551       8312 
0552       8342 
0553       8365 
0554       8413 
0555       8438 
0556       8472 
0557       8505 
0558       8514 
0559       8535 
0560       8541 
0561       8556 
0562       8572 
0563       8586 
0564       8586 
0565       8593 
0566       8591 
0567       8593 
0568       8620 
0569       8626 
0570       8648 
0571       8652 
0572       8663 
0573       8672 
0574       8679 
0575       8679 
0576       8690 
0577       8705 
0578       8721 
0579       8741 
0580       8750 
0581       8762 
0582       8764 
0583       8774 
0584       8792 
0585       8816 
0586       8822 
0587       8835 
0588       8836 
0589       8846 
0590       8850 
0591       8897 
0592       8899 
0593       8921 
0594       8932 
0595       8944 
0596       8946 
0597       8980 
0598       9009 
0599       9030 
0600       9030 
0601       9030 
0602       9054 
0603       9088 
0604       9104 
0605       9108 
0606       9127 
0607       9127 
0608       9124 
0609       9116 
0610       9078 
0611       8975 
0612       8834 
0613       8794 
0614       8776 
0615       8722 
0616       8682 
0617       8682 
0618       8682 
0619       8686 
0620       8688 
0621       8688 
0622       8653 
0623       8653 
0624       8652 
0625       8652 
0626       8652 
0627       8659 
0628       8680 
0629       8680 
0630       8665 
0631       8652 
0632       8652 
0633       8708 
0634       8752 
0635       8872 
0636       9107 
0637       9576 
0638       9576 
0639       9699 
0640       9791 
0641       9823 
0642       9887 
0643       9941 
0644       9960 
0645       10016 
0646       10016 
0647       10041 
0648       10083 
0649       10094 
0650       10146 
0651       10150 
0652       10191 
0653       10205 
0654       10266 
0655       10281 
0656       10281 
0657       10253 
0658       10242 
0659       10242 
0660       10298 
0661       10346 
0662       10387 
0663       10431 
0664       10525 
0665       10612 
0666       10638 
0667       10661 
0668       10717 
0669       10734 
0670       10803 
0671       10837 
0672       10858 
0673       10904 
0674       10918 
0675       10984 
0676       11027 
0677       11083 
0678       11122 
0679       11141 
0680       11186 
0681       11216 
0682       11287 
0683       11359 
0684       11393 
0685       11438 
0686       11479 
0687       11542 
0688       11558 
0689       11603 
0690       11665 
0691       11685 
0692       11723 
0693       11723 
0694       1 
0695       1 
0696       1 
0697       11036 
0698       11087 
0699       11163 
0700       11180 
0701       11236 
0702       11313 
0703       11352 
0704       11390 
0705       11482 
0706       11557 
0707       11600 
0708       11691 
0709       11723 
0710       11805 
0711       11872 
0712       11872 
0713       1 
0714       1 
0715       1 
0716       1 
0717       1 
0718       1 
0719       12766 
0720       12766 
0721       12806 
0722       12766 
0723       12766 
0724       1 
0725       1 
0726       1 
0727       12671 
0728       12671 
0729       12696 
0730       12675 
0731       12696 
0732       12677 
0733       12677 
0734       12634 
0735       12567 
0736       12530 
0737       12530 
0738       12530 
0739       12535 
0740       12535 
0741       12582 
0742       12638 
0743       12696 
0744       12710 
0745       12797 
0746       12797 
0747       12960 
0748       14122 
0749       14271 
0750       14271 
0751       14255 
0752       14255 
0753       14322 
0754       14394 
0755       15473 
0756       15473 
0757       15455 
0758       15418 
0759       15381 
0760       15338 
0761       15317 
0762       15273 
0763       15239 
0764       15210 
0765       15206 
0766       15206 
0767       15268 
0768       15315 
0769       15315 
0770       17259 
0771       17259 
0772       17251 
0773       15103 
0774       15080 
0775       15053 
0776       15034 
0777       15000 
0778       14990 
0779       14954 
0780       14898 
0781       14887 
0782       14874 
0783       14843 
0784       14681 
0785       14572 
0786       14552 
0787       14520 
0788       14501 
0789       14457 
0790       14444 
0791       14431 
0792       14396 
0793       14388 
0794       14360 
0795       14341 
0796       14311 
0797       14301 
0798       14264 
0799       14261 
0800       14238 
0801       14218 
0802       14180 
0803       14177 
0804       14143 
0805       14135 
0806       14105 
0807       14101 
0808       14074 
0809       14070 
0810       14051 
0811       14029 
0812       14021 
0813       14021 
0814       14052 
0815       14153 
0816       14163 
0817       14179 
0818       16033 
0819       16033 
0820       16033 
0821       16038 
0822       16187 
0823       16190 
0824       16187 
0825       14036 
0826       14021 
0827       14021 
0828       14024 
0829       14021 
0830       13983 
0831       13978 
0832       13971 
0833       13952 
0834       13937 
0835       13782 
0836       13710 
0837       13702 
0838       13679 
0839       13663 
0840       13663 
0841       13656 
0842       13646 
0843       13633 
0844       13633 
0845       13764 
0846       13800 
0847       13800 
0848       13795 
0849       13795 
0850       13784 
0851       13768 
0852       13766 
0853       13768 
0854       15750 
0855       15750 
0856       1 
0857       1 
0858       1 
0859       1 
0860       1 
0861       1 
0862       1 
0863       1 
0864       1 
0865       1 
0866       1 
0867       1 
0868       1 
0869       1 
0870       1 
0871       1 
0872       1 
0873       1 
0874       1 
0875       1 
0876       1 
0877       1 
0878       1 
0879       1 
0880       1 
0881       1 
0882       1 
0883       1 
0884       1 
0885       1 
0886       1 
0887       1 
0888       1 
0889       1 
0890       1 
0891       1 
0892       1 
0893       1 
0894       1 
0895       1 
0896       1 
0897       1 
0898       1 
0899       1 
0900       1 
0901       1 
0902       1 
0903       1 
0904       1 
0905       1 
0906       1 
0907       1 
0908       1 
0909       1 
0910       1 
0911       1 
0912       1 
0913       1 
0914       1 
0915       1 
0916       1 
0917       1 
0918       1 
0919       1 
0920       1 
0921       1 
0922       1 
0923       1 
0924       1 
0925       1 
0926       1 
0927       1 
0928       1 
0929       1 
0930       1 
0931       1 
0932       1 
0933       1 
0934       1 
0935       1 
0936       1 
0937       1 
0938       1 
0939       1 
0940       1 
0941       1 
0942       1 
0943       1 
0944       1 
0945       1 
0946       1 
0947       1 
0948       1 
0949       1 
0950       1 
0951       1 
0952       1 
0953       1 
0954       1 
0955       1 
0956       1 
0957       1 
0958       1 
0959       1 
0960       1 
0961       1 
0962       1 
0963       1 
0964       1 
0965       1 
0966       1 
0967       1 
0968       1 
0969       1 
0970       1 
0971       1 
0972       1 
0973       1 
0974       1 
0975       1 
0976       1 
0977       1 
0978       1 
0979       1 
0980       1 
0981       1 
0982       1 
0983       1 
0984       1 
0985       1 
0986       1 
0987       1 
0988       1 
0989       1 
0990       1 
0991       1 
0992       1 
0993       1 
0994       1 
0995       1 
0996       1 
0997       1 
0998       1 
0999       1 
1000       1 
1001       1 
1002       1 
1003       1 
1004       1 
1005       1 
1006       4 
1007       41 
1008       48 
1009       50 
1010       53 
1011       53 
1012       54 
1013       53 
1014       53 
1015       52 
1016       52 
1017       52 
1018       54 
1019       55 
1020       55 
1021       54 
1022       54 
1023       59 
1024       54 
1025       64 
1026       67 
1027       67 
1028       53 
1029       53 
1030       47 
1031       43 
1032       43 
1033       47 
1034       61 
1035       62 
1036       64 
1037       66 
1038       70 
1039       70 
1040       70 
1041       70 
1042       72 
1043       70 
1044       67 
1045       67 
1046       63 
1047       63 
1048       62 
1049       63 
1050       73 
1051       73 
1052       69 
1053       72 
1054       69 
1055       69 
1056       69 
1057       69 
1058       69 
1059       69 
1060       65 
1061       69 
1062       69 
1063       70 
1064       70 
1065       70 
1066       70 
1067       70 
1068       70 
1069       70 
1070       70 
1071       69 
1072       68 
1073       68 
1074       67 
1075       67 
1076       68 
1077       68 
1078       67 
1079       65 
1297966711.434841
