0000       1 
0001       1 
0002       1 
0003       1 
0004       1 
0005       1 
0006       1 
0007       1 
0008       1 
0009       1 
0010       1 
0011       1 
0012       1 
0013       1 
0014       1 
0015       1 
0016       1 
0017       1 
0018       1 
0019       1 
0020       1 
0021       1 
0022       1 
0023       1 
0024       1 
0025       1 
0026       1 
0027       1 
0028       1 
0029       1 
0030       1 
0031       1 
0032       1 
0033       1 
0034       1 
0035       1 
0036       1 
0037       1 
0038       1 
0039       1 
0040       1 
0041       1 
0042       1 
0043       1 
0044       1 
0045       1 
0046       1 
0047       1 
0048       1 
0049       1 
0050       1 
0051       1 
0052       1 
0053       1 
0054       1 
0055       1 
0056       1 
0057       1 
0058       1 
0059       1 
0060       1 
0061       1 
0062       1 
0063       1 
0064       1 
0065       1 
0066       1 
0067       1 
0068       1 
0069       1 
0070       1 
0071       1 
0072       1 
0073       1 
0074       1 
0075       1 
0076       1 
0077       1 
0078       1 
0079       1 
0080       1 
0081       1 
0082       1 
0083       1 
0084       1 
0085       1 
0086       1 
0087       1 
0088       1 
0089       1 
0090       1 
0091       1 
0092       1 
0093       1 
0094       1 
0095       1 
0096       1 
0097       1 
0098       1 
0099       1 
0100       1 
0101       1 
0102       1 
0103       1 
0104       1 
0105       1 
0106       1 
0107       1 
0108       1 
0109       1 
0110       1 
0111       1 
0112       1 
0113       1 
0114       1 
0115       1 
0116       1 
0117       1 
0118       1 
0119       1 
0120       1 
0121       1 
0122       1 
0123       1 
0124       1 
0125       1 
0126       1 
0127       1 
0128       1 
0129       1 
0130       1 
0131       1 
0132       1 
0133       1 
0134       1 
0135       1 
0136       1 
0137       1 
0138       1 
0139       1 
0140       1 
0141       1 
0142       1 
0143       1 
0144       1 
0145       1 
0146       1 
0147       1 
0148       1 
0149       1 
0150       1 
0151       1 
0152       1 
0153       1 
0154       1 
0155       1 
0156       1 
0157       1 
0158       1 
0159       1 
0160       1 
0161       1 
0162       1 
0163       1 
0164       1 
0165       1 
0166       1 
0167       1 
0168       1 
0169       1 
0170       1 
0171       1 
0172       1 
0173       1 
0174       1 
0175       1 
0176       1 
0177       1 
0178       1 
0179       1 
0180       1 
0181       1 
0182       1 
0183       1 
0184       1 
0185       1 
0186       1 
0187       1 
0188       1 
0189       1 
0190       1 
0191       1 
0192       1 
0193       1 
0194       1 
0195       1 
0196       1 
0197       1 
0198       1 
0199       1 
0200       1 
0201       1 
0202       1 
0203       1 
0204       1 
0205       1 
0206       1 
0207       1 
0208       1 
0209       1 
0210       1 
0211       1 
0212       1 
0213       1 
0214       1 
0215       1 
0216       1 
0217       1 
0218       1 
0219       1 
0220       1 
0221       1 
0222       1 
0223       1 
0224       1 
0225       1 
0226       1 
0227       1 
0228       1 
0229       1 
0230       1 
0231       1 
0232       1 
0233       1 
0234       1 
0235       1 
0236       1 
0237       1 
0238       1 
0239       1 
0240       1 
0241       1 
0242       1 
0243       1 
0244       1 
0245       22392 
0246       22430 
0247       22430 
0248       1 
0249       1 
0250       1 
0251       1 
0252       1 
0253       19225 
0254       19232 
0255       19320 
0256       19331 
0257       19362 
0258       19402 
0259       19419 
0260       19435 
0261       19435 
0262       19438 
0263       19476 
0264       19490 
0265       19490 
0266       1 
0267       1 
0268       1 
0269       1 
0270       1 
0271       1 
0272       1 
0273       1 
0274       1 
0275       1 
0276       1 
0277       1 
0278       1 
0279       1 
0280       1 
0281       1 
0282       1 
0283       1 
0284       1 
0285       1 
0286       1 
0287       1 
0288       1 
0289       1 
0290       1 
0291       1 
0292       1 
0293       1 
0294       1 
0295       1 
0296       1 
0297       1 
0298       1 
0299       1 
0300       1 
0301       1 
0302       1 
0303       1 
0304       1 
0305       1 
0306       1 
0307       1 
0308       1 
0309       1 
0310       1 
0311       1 
0312       1 
0313       1 
0314       1 
0315       1 
0316       1 
0317       1 
0318       1 
0319       1 
0320       1 
0321       1 
0322       1 
0323       1 
0324       1 
0325       1 
0326       1 
0327       1 
0328       1 
0329       1 
0330       1 
0331       1 
0332       1 
0333       1 
0334       1 
0335       1 
0336       1 
0337       1 
0338       1 
0339       1 
0340       1 
0341       1 
0342       1 
0343       1 
0344       1 
0345       1 
0346       1 
0347       1 
0348       1 
0349       1 
0350       1 
0351       1 
0352       1 
0353       1 
0354       1 
0355       1 
0356       1 
0357       1 
0358       13203 
0359       13203 
0360       13203 
0361       13116 
0362       13042 
0363       12988 
0364       1 
0365       1 
0366       10586 
0367       10586 
0368       10586 
0369       10586 
0370       10970 
0371       10970 
0372       11060 
0373       10940 
0374       9772 
0375       9746 
0376       9710 
0377       9710 
0378       9683 
0379       9530 
0380       9530 
0381       9542 
0382       9823 
0383       9797 
0384       9823 
0385       9809 
0386       9809 
0387       9755 
0388       9755 
0389       9789 
0390       9793 
0391       9793 
0392       9793 
0393       9750 
0394       9702 
0395       9702 
0396       9738 
0397       9774 
0398       9774 
0399       9698 
0400       9698 
0401       9779 
0402       9811 
0403       9811 
0404       9709 
0405       9709 
0406       9724 
0407       9724 
0408       9745 
0409       9674 
0410       9745 
0411       10297 
0412       10548 
0413       10563 
0414       10563 
0415       10535 
0416       10509 
0417       10496 
0418       10474 
0419       10423 
0420       10414 
0421       10383 
0422       10362 
0423       10355 
0424       10324 
0425       10285 
0426       10278 
0427       10264 
0428       10245 
0429       10230 
0430       10209 
0431       10188 
0432       10156 
0433       10134 
0434       10119 
0435       10077 
0436       10046 
0437       10025 
0438       10015 
0439       9989 
0440       9986 
0441       9939 
0442       9901 
0443       9874 
0444       9857 
0445       9819 
0446       9802 
0447       9797 
0448       9764 
0449       9750 
0450       9722 
0451       9694 
0452       9678 
0453       9664 
0454       9659 
0455       9627 
0456       9608 
0457       9608 
0458       9594 
0459       8245 
0460       8218 
0461       8185 
0462       8162 
0463       8162 
0464       8140 
0465       8123 
0466       8086 
0467       8048 
0468       8023 
0469       7997 
0470       7979 
0471       7960 
0472       7958 
0473       7948 
0474       7940 
0475       7938 
0476       7921 
0477       7915 
0478       7880 
0479       7869 
0480       7855 
0481       7855 
0482       7873 
0483       7873 
0484       7839 
0485       7826 
0486       7826 
0487       7865 
0488       7955 
0489       7983 
0490       8020 
0491       8020 
0492       8032 
0493       8037 
0494       8047 
0495       8191 
0496       8307 
0497       8410 
0498       8441 
0499       8453 
0500       8441 
0501       8453 
0502       8653 
0503       8899 
0504       8959 
0505       8959 
0506       8943 
0507       8922 
0508       8921 
0509       8921 
0510       8913 
0511       8902 
0512       8896 
0513       8886 
0514       8873 
0515       8872 
0516       8846 
0517       8846 
0518       8846 
0519       8805 
0520       8431 
0521       8136 
0522       8036 
0523       7956 
0524       7893 
0525       7879 
0526       7878 
0527       7746 
0528       7450 
0529       7401 
0530       7400 
0531       7395 
0532       7342 
0533       7247 
0534       7148 
0535       7101 
0536       7077 
0537       7060 
0538       7033 
0539       7014 
0540       7010 
0541       7008 
0542       7002 
0543       6976 
0544       6969 
0545       6969 
0546       6994 
0547       7012 
0548       7020 
0549       7025 
0550       7056 
0551       7079 
0552       7085 
0553       7096 
0554       7119 
0555       7153 
0556       7166 
0557       7251 
0558       7339 
0559       7376 
0560       7396 
0561       7436 
0562       7491 
0563       7695 
0564       7803 
0565       7803 
0566       7719 
0567       7657 
0568       7630 
0569       7605 
0570       7596 
0571       7519 
0572       7518 
0573       7495 
0574       7495 
0575       7504 
0576       7504 
0577       7472 
0578       7436 
0579       7435 
0580       7435 
0581       7445 
0582       7445 
0583       7439 
0584       7439 
0585       7447 
0586       7447 
0587       7447 
0588       7480 
0589       7481 
0590       7481 
0591       7481 
0592       7501 
0593       7565 
0594       7727 
0595       7913 
0596       8033 
0597       8783 
0598       8864 
0599       8897 
0600       8918 
0601       8925 
0602       8935 
0603       8950 
0604       8962 
0605       8968 
0606       9002 
0607       9015 
0608       9026 
0609       9026 
0610       8932 
0611       8730 
0612       8574 
0613       8436 
0614       8296 
0615       8166 
0616       8045 
0617       7902 
0618       7776 
0619       7674 
0620       7566 
0621       7521 
0622       7501 
0623       7482 
0624       7467 
0625       7467 
0626       7474 
0627       7474 
0628       7460 
0629       7447 
0630       7375 
0631       7087 
0632       7021 
0633       6948 
0634       6854 
0635       6486 
0636       6137 
0637       6038 
0638       5971 
0639       5909 
0640       5840 
0641       5782 
0642       5700 
0643       5658 
0644       5606 
0645       5553 
0646       5507 
0647       5449 
0648       5380 
0649       5318 
0650       5274 
0651       5241 
0652       5180 
0653       5130 
0654       5083 
0655       5040 
0656       5005 
0657       4956 
0658       4905 
0659       4865 
0660       4819 
0661       4789 
0662       4754 
0663       4713 
0664       4671 
0665       4633 
0666       4601 
0667       4558 
0668       4530 
0669       4498 
0670       4484 
0671       4480 
0672       4479 
0673       4476 
0674       4474 
0675       4470 
0676       4470 
0677       4470 
0678       4478 
0679       4484 
0680       4494 
0681       4494 
0682       4478 
0683       4458 
0684       4445 
0685       4445 
0686       4445 
0687       4521 
0688       4603 
0689       4625 
0690       4649 
0691       4654 
0692       4674 
0693       4693 
0694       6329 
0695       6363 
0696       6383 
0697       6390 
0698       6413 
0699       6426 
0700       6462 
0701       6474 
0702       6509 
0703       6511 
0704       6542 
0705       6579 
0706       6603 
0707       6637 
0708       6638 
0709       6670 
0710       6686 
0711       6686 
0712       6676 
0713       6640 
0714       6625 
0715       6580 
0716       6544 
0717       6505 
0718       3295 
0719       3285 
0720       3270 
0721       3256 
0722       3234 
0723       3227 
0724       3209 
0725       3195 
0726       3171 
0727       3159 
0728       3145 
0729       3128 
0730       3120 
0731       3092 
0732       3089 
0733       3078 
0734       3065 
0735       3050 
0736       3039 
0737       3017 
0738       3014 
0739       2985 
0740       2983 
0741       2960 
0742       2943 
0743       2936 
0744       2936 
0745       2936 
0746       2956 
0747       2982 
0748       2986 
0749       3003 
0750       3016 
0751       3035 
0752       3044 
0753       3070 
0754       3070 
0755       3070 
0756       3068 
0757       3050 
0758       3042 
0759       3033 
0760       3021 
0761       3017 
0762       3000 
0763       2994 
0764       2975 
0765       2971 
0766       2967 
0767       2961 
0768       2956 
0769       2932 
0770       2921 
0771       2919 
0772       2912 
0773       2898 
0774       2896 
0775       2879 
0776       2872 
0777       2870 
0778       2861 
0779       2860 
0780       2851 
0781       2840 
0782       2832 
0783       2821 
0784       2808 
0785       2807 
0786       2801 
0787       2792 
0788       2792 
0789       2792 
0790       2808 
0791       2839 
0792       2870 
0793       2892 
0794       2992 
0795       3636 
0796       3660 
0797       3684 
0798       3732 
0799       3750 
0800       3783 
0801       3812 
0802       3853 
0803       3889 
0804       3913 
0805       3964 
0806       3999 
0807       4029 
0808       4058 
0809       4081 
0810       4134 
0811       4190 
0812       4194 
0813       4246 
0814       4315 
0815       4347 
0816       4375 
0817       4421 
0818       4478 
0819       4516 
0820       4563 
0821       4604 
0822       4649 
0823       4668 
0824       4701 
0825       4704 
0826       4704 
0827       4704 
0828       4694 
0829       4682 
0830       4682 
0831       4682 
0832       4676 
0833       4666 
0834       4664 
0835       4663 
0836       4645 
0837       4636 
0838       4636 
0839       4636 
0840       4674 
0841       4705 
0842       4705 
0843       4705 
0844       1 
0845       1 
0846       1 
0847       6049 
0848       6049 
0849       6030 
0850       6014 
0851       6014 
0852       6000 
0853       6004 
0854       6004 
0855       6027 
0856       6027 
0857       6041 
0858       6027 
0859       1 
0860       1 
0861       1 
0862       1 
0863       1 
0864       1 
0865       1 
0866       1 
0867       1 
0868       1 
0869       1 
0870       1 
0871       1 
0872       1 
0873       1 
0874       1 
0875       1 
0876       1 
0877       1 
0878       1 
0879       1 
0880       1 
0881       1 
0882       1 
0883       1 
0884       1 
0885       1 
0886       1 
0887       1 
0888       1 
0889       1 
0890       1 
0891       1 
0892       1 
0893       1 
0894       1 
0895       1 
0896       1 
0897       1 
0898       1 
0899       1 
0900       1 
0901       1 
0902       1 
0903       1 
0904       1 
0905       1 
0906       1 
0907       1 
0908       1 
0909       1 
0910       1 
0911       1 
0912       1 
0913       1 
0914       1 
0915       1 
0916       1 
0917       1 
0918       1 
0919       1 
0920       1 
0921       1 
0922       1 
0923       1 
0924       1 
0925       1 
0926       1 
0927       1 
0928       1 
0929       1 
0930       1 
0931       1 
0932       1 
0933       1 
0934       1 
0935       1 
0936       1 
0937       1 
0938       1 
0939       1 
0940       1 
0941       1 
0942       1 
0943       1 
0944       1 
0945       1 
0946       1 
0947       1 
0948       1 
0949       1 
0950       1 
0951       1 
0952       1 
0953       1 
0954       1 
0955       1 
0956       1 
0957       1 
0958       1 
0959       1 
0960       1 
0961       1 
0962       1 
0963       1 
0964       1 
0965       1 
0966       1 
0967       1 
0968       1 
0969       1 
0970       1 
0971       1 
0972       1 
0973       1 
0974       1 
0975       1 
0976       1 
0977       1 
0978       1 
0979       1 
0980       1 
0981       1 
0982       1 
0983       1 
0984       1 
0985       1 
0986       1 
0987       1 
0988       1 
0989       1 
0990       1 
0991       1 
0992       1 
0993       1 
0994       1 
0995       1 
0996       1 
0997       1 
0998       1 
0999       1 
1000       1 
1001       1 
1002       1 
1003       1 
1004       1 
1005       1 
1006       1 
1007       4 
1008       46 
1009       46 
1010       53 
1011       53 
1012       53 
1013       41 
1014       58 
1015       58 
1016       61 
1017       58 
1018       58 
1019       58 
1020       58 
1021       58 
1022       58 
1023       59 
1024       63 
1025       63 
1026       63 
1027       63 
1028       63 
1029       54 
1030       54 
1031       53 
1032       53 
1033       53 
1034       59 
1035       61 
1036       63 
1037       65 
1038       65 
1039       68 
1040       70 
1041       71 
1042       71 
1043       68 
1044       67 
1045       67 
1046       67 
1047       67 
1048       67 
1049       68 
1050       68 
1051       68 
1052       66 
1053       66 
1054       65 
1055       65 
1056       63 
1057       63 
1058       65 
1059       68 
1060       68 
1061       68 
1062       66 
1063       65 
1064       65 
1065       66 
1066       69 
1067       69 
1068       69 
1069       61 
1070       61 
1071       61 
1072       65 
1073       65 
1074       67 
1075       67 
1076       67 
1077       67 
1078       68 
1079       68 
1297966688.249678
