0000       1 
0001       1 
0002       1 
0003       1 
0004       1 
0005       1 
0006       1 
0007       1 
0008       1 
0009       1 
0010       1 
0011       1 
0012       1 
0013       1 
0014       1 
0015       1 
0016       1 
0017       1 
0018       1 
0019       1 
0020       1 
0021       1 
0022       1 
0023       1 
0024       1 
0025       1 
0026       1 
0027       1 
0028       1 
0029       1 
0030       1 
0031       1 
0032       1 
0033       1 
0034       1 
0035       1 
0036       1 
0037       1 
0038       1 
0039       1 
0040       1 
0041       1 
0042       1 
0043       1 
0044       1 
0045       1 
0046       1 
0047       1 
0048       1 
0049       1 
0050       1 
0051       1 
0052       1 
0053       1 
0054       1 
0055       1 
0056       1 
0057       1 
0058       1 
0059       1 
0060       1 
0061       1 
0062       1 
0063       1 
0064       1 
0065       1 
0066       1 
0067       1 
0068       1 
0069       1 
0070       1 
0071       1 
0072       1 
0073       1 
0074       1 
0075       1 
0076       1 
0077       1 
0078       1 
0079       1 
0080       1 
0081       1 
0082       1 
0083       1 
0084       1 
0085       1 
0086       1 
0087       1 
0088       1 
0089       1 
0090       1 
0091       1 
0092       1 
0093       1 
0094       1 
0095       1 
0096       1 
0097       1 
0098       1 
0099       1 
0100       1 
0101       1 
0102       1 
0103       1 
0104       1 
0105       1 
0106       1 
0107       1 
0108       1 
0109       1 
0110       1 
0111       1 
0112       1 
0113       1 
0114       1 
0115       1 
0116       1 
0117       1 
0118       1 
0119       1 
0120       1 
0121       1 
0122       1 
0123       1 
0124       1 
0125       1 
0126       1 
0127       1 
0128       1 
0129       1 
0130       1 
0131       1 
0132       1 
0133       1 
0134       1 
0135       1 
0136       1 
0137       1 
0138       1 
0139       1 
0140       1 
0141       1 
0142       1 
0143       1 
0144       1 
0145       1 
0146       1 
0147       1 
0148       1 
0149       1 
0150       1 
0151       1 
0152       1 
0153       1 
0154       1 
0155       1 
0156       1 
0157       1 
0158       1 
0159       1 
0160       1 
0161       1 
0162       1 
0163       1 
0164       1 
0165       1 
0166       1 
0167       1 
0168       1 
0169       1 
0170       1 
0171       1 
0172       1 
0173       1 
0174       1 
0175       1 
0176       1 
0177       1 
0178       1 
0179       1 
0180       1 
0181       20518 
0182       20518 
0183       20054 
0184       20053 
0185       1 
0186       1 
0187       1 
0188       1 
0189       1 
0190       1 
0191       1 
0192       1 
0193       1 
0194       1 
0195       1 
0196       1 
0197       1 
0198       1 
0199       1 
0200       1 
0201       1 
0202       19806 
0203       19806 
0204       19806 
0205       19806 
0206       19806 
0207       19852 
0208       19852 
0209       1 
0210       1 
0211       1 
0212       19056 
0213       19056 
0214       1 
0215       1 
0216       1 
0217       1 
0218       1 
0219       1 
0220       1 
0221       1 
0222       1 
0223       1 
0224       1 
0225       1 
0226       1 
0227       1 
0228       1 
0229       1 
0230       1 
0231       1 
0232       1 
0233       1 
0234       1 
0235       1 
0236       1 
0237       1 
0238       1 
0239       1 
0240       1 
0241       1 
0242       1 
0243       1 
0244       18582 
0245       18582 
0246       18092 
0247       1 
0248       1 
0249       1 
0250       1 
0251       1 
0252       1 
0253       1 
0254       1 
0255       1 
0256       1 
0257       1 
0258       1 
0259       1 
0260       1 
0261       19531 
0262       19531 
0263       1 
0264       1 
0265       1 
0266       1 
0267       1 
0268       1 
0269       1 
0270       1 
0271       1 
0272       1 
0273       1 
0274       1 
0275       1 
0276       1 
0277       1 
0278       1 
0279       1 
0280       1 
0281       1 
0282       1 
0283       1 
0284       1 
0285       1 
0286       1 
0287       1 
0288       1 
0289       1 
0290       1 
0291       1 
0292       1 
0293       1 
0294       1 
0295       1 
0296       1 
0297       1 
0298       1 
0299       1 
0300       1 
0301       1 
0302       1 
0303       1 
0304       1 
0305       1 
0306       19165 
0307       19165 
0308       19165 
0309       18629 
0310       18513 
0311       18513 
0312       18513 
0313       17803 
0314       1 
0315       1 
0316       1 
0317       1 
0318       1 
0319       1 
0320       17386 
0321       17386 
0322       17288 
0323       17128 
0324       17018 
0325       16865 
0326       16762 
0327       16632 
0328       16538 
0329       16402 
0330       16298 
0331       16218 
0332       16075 
0333       15973 
0334       15868 
0335       15754 
0336       15656 
0337       15552 
0338       15417 
0339       15312 
0340       15229 
0341       15122 
0342       15056 
0343       14946 
0344       14874 
0345       14762 
0346       14684 
0347       14583 
0348       14506 
0349       14430 
0350       14314 
0351       14275 
0352       14175 
0353       14109 
0354       14007 
0355       13963 
0356       13855 
0357       13802 
0358       13719 
0359       13628 
0360       13559 
0361       13511 
0362       13433 
0363       13382 
0364       13298 
0365       13233 
0366       13168 
0367       13103 
0368       13016 
0369       12957 
0370       12921 
0371       12862 
0372       12802 
0373       12740 
0374       12673 
0375       12634 
0376       12548 
0377       12498 
0378       12471 
0379       12392 
0380       12336 
0381       12298 
0382       12243 
0383       12180 
0384       12123 
0385       12077 
0386       12038 
0387       11959 
0388       11959 
0389       11892 
0390       11843 
0391       11823 
0392       11740 
0393       11712 
0394       11671 
0395       11634 
0396       11568 
0397       11522 
0398       11504 
0399       11449 
0400       11408 
0401       11362 
0402       11310 
0403       11299 
0404       11259 
0405       11196 
0406       11152 
0407       11113 
0408       11106 
0409       11055 
0410       11021 
0411       10978 
0412       10932 
0413       10894 
0414       10863 
0415       10838 
0416       10804 
0417       10747 
0418       10705 
0419       10679 
0420       10665 
0421       10620 
0422       10586 
0423       10553 
0424       10548 
0425       10499 
0426       10464 
0427       10419 
0428       10404 
0429       10389 
0430       10342 
0431       10320 
0432       10285 
0433       10278 
0434       10250 
0435       10222 
0436       10188 
0437       10149 
0438       10130 
0439       10102 
0440       10051 
0441       10042 
0442       10021 
0443       10008 
0444       9973 
0445       9954 
0446       9920 
0447       9912 
0448       9869 
0449       9853 
0450       9829 
0451       9795 
0452       9784 
0453       9761 
0454       9717 
0455       9699 
0456       9689 
0457       9663 
0458       9630 
0459       9610 
0460       9587 
0461       9579 
0462       9566 
0463       9536 
0464       9525 
0465       9518 
0466       9493 
0467       9455 
0468       9440 
0469       9426 
0470       9401 
0471       9392 
0472       9379 
0473       9365 
0474       9352 
0475       9330 
0476       9290 
0477       9289 
0478       9270 
0479       9264 
0480       9243 
0481       9214 
0482       9208 
0483       9199 
0484       9199 
0485       9175 
0486       9136 
0487       9131 
0488       9119 
0489       9117 
0490       9096 
0491       9077 
0492       9072 
0493       9049 
0494       9047 
0495       9040 
0496       9020 
0497       9020 
0498       9004 
0499       8999 
0500       8977 
0501       8976 
0502       8949 
0503       8947 
0504       8941 
0505       8941 
0506       8908 
0507       8898 
0508       8898 
0509       8895 
0510       8891 
0511       8873 
0512       8851 
0513       8845 
0514       8851 
0515       8840 
0516       8842 
0517       8823 
0518       8835 
0519       8822 
0520       8804 
0521       8804 
0522       8804 
0523       8780 
0524       8775 
0525       8775 
0526       8775 
0527       8765 
0528       8764 
0529       8763 
0530       8758 
0531       8758 
0532       8752 
0533       8747 
0534       8746 
0535       8744 
0536       8726 
0537       8725 
0538       8725 
0539       8736 
0540       8736 
0541       8719 
0542       8719 
0543       8711 
0544       8711 
0545       8714 
0546       8714 
0547       8711 
0548       8705 
0549       8711 
0550       8705 
0551       8715 
0552       8710 
0553       8710 
0554       8702 
0555       8701 
0556       8701 
0557       8701 
0558       8701 
0559       8699 
0560       8681 
0561       8681 
0562       8681 
0563       8696 
0564       8700 
0565       8702 
0566       8705 
0567       8702 
0568       8700 
0569       8700 
0570       8701 
0571       8702 
0572       8705 
0573       8705 
0574       8724 
0575       8737 
0576       8737 
0577       8731 
0578       8731 
0579       8730 
0580       8743 
0581       8752 
0582       8757 
0583       8758 
0584       8758 
0585       8747 
0586       8747 
0587       8757 
0588       8759 
0589       8766 
0590       8777 
0591       8777 
0592       8771 
0593       8771 
0594       8773 
0595       8787 
0596       8802 
0597       8830 
0598       8830 
0599       8827 
0600       8827 
0601       8846 
0602       8850 
0603       8853 
0604       8864 
0605       8867 
0606       8876 
0607       8888 
0608       8888 
0609       8896 
0610       8906 
0611       8917 
0612       8917 
0613       8920 
0614       8935 
0615       8948 
0616       8948 
0617       8948 
0618       8973 
0619       8979 
0620       8983 
0621       9003 
0622       9007 
0623       9026 
0624       9031 
0625       9047 
0626       9048 
0627       9076 
0628       9086 
0629       9095 
0630       9096 
0631       9108 
0632       9144 
0633       9156 
0634       9172 
0635       9178 
0636       9188 
0637       9216 
0638       9220 
0639       9243 
0640       9247 
0641       9257 
0642       9284 
0643       9290 
0644       9290 
0645       9316 
0646       9331 
0647       9360 
0648       9384 
0649       9400 
0650       9408 
0651       9403 
0652       9420 
0653       9430 
0654       9430 
0655       9429 
0656       9380 
0657       9377 
0658       9380 
0659       9382 
0660       9382 
0661       9406 
0662       9422 
0663       9465 
0664       9470 
0665       9484 
0666       9484 
0667       6941 
0668       6932 
0669       6932 
0670       6967 
0671       6975 
0672       6983 
0673       6993 
0674       7030 
0675       7043 
0676       7044 
0677       7052 
0678       7052 
0679       7040 
0680       7026 
0681       7018 
0682       7026 
0683       7046 
0684       7057 
0685       7046 
0686       4676 
0687       4636 
0688       4614 
0689       4579 
0690       4509 
0691       4471 
0692       4404 
0693       4356 
0694       4310 
0695       4237 
0696       4188 
0697       4139 
0698       4055 
0699       3963 
0700       3892 
0701       3849 
0702       3828 
0703       3815 
0704       3752 
0705       3728 
0706       3717 
0707       3717 
0708       3717 
0709       3718 
0710       3732 
0711       3753 
0712       3754 
0713       3765 
0714       3791 
0715       3805 
0716       3823 
0717       3838 
0718       3866 
0719       3867 
0720       3893 
0721       3897 
0722       3921 
0723       3932 
0724       3958 
0725       3973 
0726       3991 
0727       4006 
0728       4013 
0729       4042 
0730       4068 
0731       4120 
0732       4164 
0733       4206 
0734       4259 
0735       4263 
0736       4281 
0737       4309 
0738       4350 
0739       4359 
0740       4375 
0741       4382 
0742       4441 
0743       4442 
0744       4500 
0745       4505 
0746       4530 
0747       4542 
0748       4575 
0749       4621 
0750       4641 
0751       4668 
0752       4694 
0753       4711 
0754       4754 
0755       4779 
0756       4782 
0757       4785 
0758       4834 
0759       4837 
0760       4891 
0761       4913 
0762       4939 
0763       4954 
0764       4989 
0765       5013 
0766       5030 
0767       5083 
0768       5105 
0769       5126 
0770       5146 
0771       5177 
0772       5210 
0773       5261 
0774       5278 
0775       5310 
0776       5326 
0777       5346 
0778       5375 
0779       5399 
0780       5466 
0781       5484 
0782       5547 
0783       5578 
0784       5587 
0785       5645 
0786       5673 
0787       5714 
0788       5753 
0789       5819 
0790       5857 
0791       5904 
0792       5939 
0793       5971 
0794       5997 
0795       6062 
0796       6120 
0797       6192 
0798       6209 
0799       6259 
0800       6327 
0801       6339 
0802       6404 
0803       6487 
0804       6513 
0805       6565 
0806       6616 
0807       6648 
0808       6734 
0809       6785 
0810       6880 
0811       6928 
0812       6980 
0813       7010 
0814       7068 
0815       7097 
0816       7181 
0817       7260 
0818       7320 
0819       7383 
0820       7445 
0821       7522 
0822       7602 
0823       7658 
0824       7774 
0825       7852 
0826       7884 
0827       8008 
0828       8063 
0829       8143 
0830       8182 
0831       8204 
0832       8233 
0833       8326 
0834       8463 
0835       8592 
0836       8821 
0837       8976 
0838       9098 
0839       9209 
0840       9323 
0841       9421 
0842       9598 
0843       9781 
0844       9944 
0845       10055 
0846       10195 
0847       10345 
0848       10476 
0849       10583 
0850       10676 
0851       10827 
0852       10911 
0853       11090 
0854       11277 
0855       11486 
0856       11654 
0857       11813 
0858       11984 
0859       12257 
0860       12391 
0861       12590 
0862       12783 
0863       12979 
0864       13257 
0865       13497 
0866       13721 
0867       14068 
0868       14068 
0869       1 
0870       1 
0871       1 
0872       1 
0873       15829 
0874       15852 
0875       15852 
0876       15863 
0877       23836 
0878       23849 
0879       23849 
0880       23843 
0881       23838 
0882       23838 
0883       23801 
0884       23782 
0885       23782 
0886       23782 
0887       23774 
0888       23768 
0889       23755 
0890       23755 
0891       23839 
0892       23839 
0893       23850 
0894       23834 
0895       23839 
0896       23814 
0897       23821 
0898       23811 
0899       23811 
0900       23809 
0901       23756 
0902       23756 
0903       23772 
0904       23776 
0905       23772 
0906       23662 
0907       23468 
0908       23662 
0909       23687 
0910       23696 
0911       23707 
0912       23700 
0913       23703 
0914       23703 
0915       23726 
0916       23733 
0917       23726 
0918       1 
0919       1 
0920       1 
0921       1 
0922       1 
0923       1 
0924       1 
0925       1 
0926       1 
0927       1 
0928       1 
0929       1 
0930       1 
0931       1 
0932       1 
0933       1 
0934       1 
0935       1 
0936       1 
0937       1 
0938       1 
0939       1 
0940       1 
0941       1 
0942       1 
0943       1 
0944       1 
0945       1 
0946       1 
0947       1 
0948       1 
0949       1 
0950       1 
0951       1 
0952       1 
0953       1 
0954       1 
0955       1 
0956       1 
0957       1 
0958       1 
0959       1 
0960       1 
0961       1 
0962       1 
0963       1 
0964       1 
0965       1 
0966       1 
0967       1 
0968       1 
0969       1 
0970       1 
0971       1 
0972       1 
0973       1 
0974       1 
0975       1 
0976       1 
0977       1 
0978       1 
0979       1 
0980       1 
0981       1 
0982       1 
0983       1 
0984       1 
0985       1 
0986       1 
0987       1 
0988       1 
0989       1 
0990       1 
0991       1 
0992       1 
0993       1 
0994       1 
0995       1 
0996       1 
0997       1 
0998       1 
0999       1 
1000       1 
1001       1 
1002       1 
1003       1 
1004       1 
1005       1 
1006       1 
1007       4 
1008       4 
1009       4 
1010       4 
1011       4 
1012       4 
1013       50 
1014       50 
1015       62 
1016       54 
1017       59 
1018       59 
1019       59 
1020       55 
1021       55 
1022       45 
1023       45 
1024       55 
1025       59 
1026       63 
1027       65 
1028       63 
1029       59 
1030       51 
1031       51 
1032       51 
1033       54 
1034       58 
1035       58 
1036       61 
1037       61 
1038       76 
1039       76 
1040       76 
1041       74 
1042       62 
1043       62 
1044       62 
1045       66 
1046       71 
1047       71 
1048       66 
1049       71 
1050       64 
1051       64 
1052       64 
1053       74 
1054       65 
1055       65 
1056       65 
1057       65 
1058       65 
1059       65 
1060       65 
1061       65 
1062       68 
1063       68 
1064       68 
1065       69 
1066       68 
1067       66 
1068       66 
1069       67 
1070       66 
1071       67 
1072       68 
1073       68 
1074       68 
1075       72 
1076       72 
1077       72 
1078       72 
1079       71 
1297966620.164676
