0000       1 
0001       1 
0002       1 
0003       1 
0004       1 
0005       1 
0006       1 
0007       1 
0008       1 
0009       1 
0010       1 
0011       1 
0012       1 
0013       1 
0014       1 
0015       1 
0016       1 
0017       1 
0018       1 
0019       1 
0020       1 
0021       1 
0022       1 
0023       1 
0024       1 
0025       1 
0026       1 
0027       1 
0028       1 
0029       1 
0030       1 
0031       1 
0032       1 
0033       1 
0034       1 
0035       1 
0036       1 
0037       1 
0038       1 
0039       1 
0040       1 
0041       1 
0042       1 
0043       1 
0044       1 
0045       1 
0046       1 
0047       1 
0048       1 
0049       1 
0050       1 
0051       1 
0052       1 
0053       1 
0054       1 
0055       1 
0056       1 
0057       1 
0058       1 
0059       1 
0060       1 
0061       1 
0062       1 
0063       1 
0064       1 
0065       1 
0066       1 
0067       1 
0068       1 
0069       1 
0070       1 
0071       1 
0072       1 
0073       1 
0074       1 
0075       1 
0076       1 
0077       1 
0078       1 
0079       1 
0080       1 
0081       1 
0082       1 
0083       1 
0084       1 
0085       1 
0086       1 
0087       1 
0088       1 
0089       1 
0090       1 
0091       1 
0092       1 
0093       1 
0094       1 
0095       1 
0096       1 
0097       1 
0098       1 
0099       1 
0100       1 
0101       1 
0102       1 
0103       1 
0104       1 
0105       1 
0106       1 
0107       1 
0108       1 
0109       1 
0110       1 
0111       1 
0112       1 
0113       1 
0114       1 
0115       1 
0116       1 
0117       1 
0118       1 
0119       1 
0120       1 
0121       1 
0122       1 
0123       1 
0124       1 
0125       4523 
0126       4538 
0127       4539 
0128       4538 
0129       4538 
0130       4538 
0131       4538 
0132       4530 
0133       4519 
0134       4510 
0135       4508 
0136       4504 
0137       4502 
0138       4501 
0139       4501 
0140       4500 
0141       4498 
0142       4492 
0143       4484 
0144       4484 
0145       4484 
0146       4484 
0147       4484 
0148       4484 
0149       4484 
0150       4484 
0151       4481 
0152       4477 
0153       4477 
0154       4477 
0155       4474 
0156       4474 
0157       4474 
0158       4474 
0159       4471 
0160       4471 
0161       4461 
0162       4460 
0163       4460 
0164       4465 
0165       4461 
0166       4465 
0167       4467 
0168       4467 
0169       4467 
0170       4467 
0171       4465 
0172       4465 
0173       4465 
0174       4465 
0175       4466 
0176       4466 
0177       4466 
0178       4467 
0179       4473 
0180       4473 
0181       4473 
0182       4473 
0183       4475 
0184       4479 
0185       4479 
0186       4483 
0187       4483 
0188       4481 
0189       4480 
0190       4481 
0191       4481 
0192       4487 
0193       4487 
0194       4493 
0195       4493 
0196       4493 
0197       4494 
0198       4494 
0199       4498 
0200       4501 
0201       4507 
0202       4509 
0203       4512 
0204       4515 
0205       4515 
0206       4518 
0207       4523 
0208       4531 
0209       4535 
0210       4535 
0211       4536 
0212       4540 
0213       4541 
0214       4543 
0215       4546 
0216       4550 
0217       4560 
0218       4560 
0219       4546 
0220       1 
0221       1 
0222       1 
0223       1 
0224       1 
0225       1 
0226       1 
0227       1 
0228       1 
0229       1 
0230       1 
0231       1 
0232       1 
0233       1 
0234       1 
0235       1 
0236       1 
0237       1 
0238       1 
0239       1 
0240       1 
0241       1 
0242       1 
0243       1 
0244       1 
0245       23404 
0246       23433 
0247       23474 
0248       23499 
0249       23548 
0250       23589 
0251       23636 
0252       23645 
0253       23709 
0254       23722 
0255       23786 
0256       23787 
0257       23787 
0258       23681 
0259       1 
0260       1 
0261       1 
0262       1 
0263       1 
0264       1 
0265       1 
0266       1 
0267       1 
0268       1 
0269       1 
0270       1 
0271       1 
0272       1 
0273       1 
0274       1 
0275       1 
0276       1 
0277       1 
0278       1 
0279       1 
0280       1 
0281       1 
0282       1 
0283       1 
0284       1 
0285       1 
0286       1 
0287       1 
0288       19958 
0289       20055 
0290       20055 
0291       1 
0292       1 
0293       1 
0294       1 
0295       1 
0296       1 
0297       1 
0298       15899 
0299       15899 
0300       15782 
0301       15709 
0302       15563 
0303       12606 
0304       12547 
0305       12517 
0306       12547 
0307       12585 
0308       12596 
0309       12652 
0310       12652 
0311       12561 
0312       12511 
0313       12464 
0314       12366 
0315       12345 
0316       12261 
0317       12179 
0318       12137 
0319       12046 
0320       11923 
0321       11892 
0322       11863 
0323       11762 
0324       11757 
0325       11686 
0326       11631 
0327       11551 
0328       11513 
0329       11468 
0330       11417 
0331       11344 
0332       11283 
0333       11226 
0334       11139 
0335       11133 
0336       11024 
0337       10964 
0338       10936 
0339       10898 
0340       10851 
0341       10786 
0342       10774 
0343       10662 
0344       10215 
0345       10089 
0346       10031 
0347       10031 
0348       10062 
0349       10108 
0350       10160 
0351       10210 
0352       10210 
0353       10210 
0354       10246 
0355       10267 
0356       10294 
0357       10390 
0358       10470 
0359       10531 
0360       10576 
0361       10638 
0362       10682 
0363       10723 
0364       10753 
0365       10814 
0366       10848 
0367       10867 
0368       10949 
0369       10985 
0370       10985 
0371       10963 
0372       10959 
0373       10901 
0374       10850 
0375       10824 
0376       10788 
0377       10752 
0378       10704 
0379       10660 
0380       10612 
0381       10605 
0382       10571 
0383       10516 
0384       10501 
0385       10466 
0386       10436 
0387       10404 
0388       10347 
0389       10339 
0390       10308 
0391       10263 
0392       10227 
0393       10203 
0394       10180 
0395       10143 
0396       10116 
0397       10083 
0398       10077 
0399       10031 
0400       10000 
0401       9974 
0402       9953 
0403       9920 
0404       9901 
0405       9867 
0406       9834 
0407       9803 
0408       9785 
0409       9760 
0410       9747 
0411       9707 
0412       9683 
0413       9652 
0414       9629 
0415       9603 
0416       9574 
0417       9553 
0418       9516 
0419       9504 
0420       9475 
0421       9459 
0422       9440 
0423       9419 
0424       9398 
0425       9398 
0426       9431 
0427       9497 
0428       9559 
0429       9662 
0430       9710 
0431       9751 
0432       9851 
0433       9922 
0434       10051 
0435       10051 
0436       1 
0437       1 
0438       1 
0439       1 
0440       10509 
0441       10509 
0442       10509 
0443       10493 
0444       10473 
0445       10394 
0446       10366 
0447       10355 
0448       10355 
0449       10391 
0450       10391 
0451       10337 
0452       10337 
0453       10343 
0454       10343 
0455       10203 
0456       10117 
0457       10087 
0458       10087 
0459       10082 
0460       10071 
0461       10055 
0462       10055 
0463       10081 
0464       10128 
0465       10128 
0466       10090 
0467       10088 
0468       10090 
0469       10097 
0470       10145 
0471       10145 
0472       10096 
0473       10060 
0474       10060 
0475       10125 
0476       10125 
0477       10118 
0478       10114 
0479       10114 
0480       10171 
0481       10209 
0482       10209 
0483       10201 
0484       10156 
0485       10133 
0486       10133 
0487       10133 
0488       10121 
0489       10116 
0490       10109 
0491       10105 
0492       10109 
0493       10135 
0494       10157 
0495       10173 
0496       10173 
0497       10164 
0498       10151 
0499       10151 
0500       10183 
0501       10203 
0502       10247 
0503       10290 
0504       10338 
0505       10356 
0506       10412 
0507       10427 
0508       11967 
0509       11967 
0510       11961 
0511       11947 
0512       11943 
0513       11927 
0514       11933 
0515       11933 
0516       11933 
0517       11928 
0518       11914 
0519       11914 
0520       11910 
0521       11903 
0522       11896 
0523       11895 
0524       11892 
0525       11892 
0526       11902 
0527       11902 
0528       11896 
0529       11880 
0530       11880 
0531       11879 
0532       11887 
0533       11887 
0534       11896 
0535       11901 
0536       11914 
0537       11914 
0538       11890 
0539       11890 
0540       11904 
0541       11916 
0542       11925 
0543       11926 
0544       11933 
0545       11934 
0546       11942 
0547       11942 
0548       11969 
0549       11975 
0550       11969 
0551       11969 
0552       11969 
0553       11990 
0554       12000 
0555       12000 
0556       12006 
0557       12006 
0558       12026 
0559       12026 
0560       12043 
0561       12058 
0562       12058 
0563       12070 
0564       12076 
0565       12078 
0566       12087 
0567       12088 
0568       12102 
0569       12102 
0570       12102 
0571       12127 
0572       12147 
0573       12177 
0574       12183 
0575       12210 
0576       12217 
0577       12222 
0578       12231 
0579       12250 
0580       12270 
0581       12284 
0582       12284 
0583       12298 
0584       12315 
0585       12343 
0586       12356 
0587       12365 
0588       12403 
0589       12412 
0590       12422 
0591       12432 
0592       12441 
0593       12463 
0594       12471 
0595       12491 
0596       12498 
0597       12507 
0598       12513 
0599       12537 
0600       12555 
0601       12585 
0602       12597 
0603       12639 
0604       12639 
0605       12639 
0606       12661 
0607       12674 
0608       12739 
0609       12750 
0610       12752 
0611       12767 
0612       12822 
0613       12856 
0614       12860 
0615       12896 
0616       12939 
0617       12986 
0618       12988 
0619       13018 
0620       13056 
0621       13122 
0622       13134 
0623       13168 
0624       13234 
0625       13245 
0626       13253 
0627       13297 
0628       13325 
0629       13325 
0630       1 
0631       1 
0632       1 
0633       1 
0634       1 
0635       1 
0636       1 
0637       1 
0638       1 
0639       1 
0640       1 
0641       1 
0642       1 
0643       1 
0644       1 
0645       13877 
0646       13897 
0647       13877 
0648       13743 
0649       1 
0650       1 
0651       1 
0652       1 
0653       1 
0654       14177 
0655       14216 
0656       14262 
0657       14311 
0658       14322 
0659       14372 
0660       14374 
0661       14394 
0662       14444 
0663       14463 
0664       14476 
0665       14509 
0666       14542 
0667       14548 
0668       14605 
0669       14664 
0670       14711 
0671       14743 
0672       14779 
0673       14828 
0674       14851 
0675       14855 
0676       14908 
0677       14990 
0678       15005 
0679       15097 
0680       15123 
0681       15207 
0682       15261 
0683       15324 
0684       15388 
0685       15454 
0686       15617 
0687       15679 
0688       15679 
0689       1 
0690       1 
0691       1 
0692       1 
0693       1 
0694       1 
0695       1 
0696       1 
0697       1 
0698       1 
0699       1 
0700       1 
0701       1 
0702       1 
0703       15240 
0704       15240 
0705       1 
0706       1 
0707       1 
0708       1 
0709       15384 
0710       15457 
0711       15457 
0712       15457 
0713       14435 
0714       14390 
0715       14434 
0716       14434 
0717       14500 
0718       14511 
0719       14500 
0720       14436 
0721       14375 
0722       14388 
0723       14375 
0724       14222 
0725       14059 
0726       14076 
0727       14073 
0728       14073 
0729       13972 
0730       13972 
0731       14206 
0732       14313 
0733       14467 
0734       14476 
0735       14564 
0736       14630 
0737       14705 
0738       14705 
0739       14559 
0740       14559 
0741       14571 
0742       14631 
0743       14667 
0744       14667 
0745       14625 
0746       14608 
0747       14588 
0748       14588 
0749       14667 
0750       15081 
0751       15218 
0752       15218 
0753       15227 
0754       15318 
0755       15336 
0756       15336 
0757       1 
0758       1 
0759       1 
0760       1 
0761       15998 
0762       15998 
0763       15890 
0764       15767 
0765       15701 
0766       15693 
0767       15637 
0768       15588 
0769       15559 
0770       15509 
0771       15457 
0772       15427 
0773       15396 
0774       15360 
0775       15312 
0776       15261 
0777       15240 
0778       15215 
0779       15198 
0780       15145 
0781       15089 
0782       15074 
0783       15035 
0784       14986 
0785       14977 
0786       14935 
0787       14901 
0788       14869 
0789       14846 
0790       14822 
0791       14801 
0792       14755 
0793       14731 
0794       14701 
0795       14700 
0796       14700 
0797       14724 
0798       14783 
0799       14783 
0800       14783 
0801       16721 
0802       16721 
0803       16679 
0804       16665 
0805       16620 
0806       16619 
0807       16619 
0808       16712 
0809       16723 
0810       16723 
0811       1 
0812       1 
0813       1 
0814       1 
0815       14371 
0816       14371 
0817       1 
0818       1 
0819       1 
0820       14115 
0821       14115 
0822       14042 
0823       14023 
0824       13984 
0825       13974 
0826       13968 
0827       13929 
0828       13928 
0829       13890 
0830       13884 
0831       13860 
0832       13860 
0833       13900 
0834       14002 
0835       14002 
0836       13980 
0837       13977 
0838       13964 
0839       13937 
0840       13933 
0841       13914 
0842       13903 
0843       13901 
0844       13901 
0845       15878 
0846       15878 
0847       15872 
0848       15861 
0849       15858 
0850       1 
0851       1 
0852       1 
0853       1 
0854       1 
0855       1 
0856       1 
0857       1 
0858       1 
0859       1 
0860       1 
0861       1 
0862       1 
0863       1 
0864       1 
0865       1 
0866       1 
0867       1 
0868       1 
0869       1 
0870       1 
0871       1 
0872       1 
0873       1 
0874       1 
0875       1 
0876       1 
0877       1 
0878       1 
0879       1 
0880       1 
0881       1 
0882       1 
0883       1 
0884       1 
0885       1 
0886       1 
0887       1 
0888       1 
0889       1 
0890       1 
0891       1 
0892       1 
0893       1 
0894       1 
0895       1 
0896       1 
0897       1 
0898       1 
0899       1 
0900       1 
0901       1 
0902       1 
0903       1 
0904       1 
0905       1 
0906       1 
0907       1 
0908       1 
0909       1 
0910       1 
0911       1 
0912       1 
0913       1 
0914       1 
0915       1 
0916       1 
0917       1 
0918       1 
0919       1 
0920       1 
0921       1 
0922       1 
0923       1 
0924       1 
0925       1 
0926       1 
0927       1 
0928       1 
0929       1 
0930       1 
0931       1 
0932       1 
0933       1 
0934       1 
0935       1 
0936       1 
0937       1 
0938       1 
0939       1 
0940       1 
0941       1 
0942       1 
0943       1 
0944       1 
0945       1 
0946       1 
0947       1 
0948       1 
0949       1 
0950       1 
0951       1 
0952       1 
0953       1 
0954       1 
0955       1 
0956       1 
0957       1 
0958       1 
0959       1 
0960       1 
0961       1 
0962       1 
0963       1 
0964       1 
0965       1 
0966       1 
0967       1 
0968       1 
0969       1 
0970       1 
0971       1 
0972       1 
0973       1 
0974       1 
0975       1 
0976       1 
0977       1 
0978       1 
0979       1 
0980       1 
0981       1 
0982       1 
0983       1 
0984       1 
0985       1 
0986       1 
0987       1 
0988       1 
0989       1 
0990       1 
0991       1 
0992       1 
0993       1 
0994       1 
0995       1 
0996       1 
0997       1 
0998       1 
0999       1 
1000       1 
1001       1 
1002       1 
1003       1 
1004       1 
1005       1 
1006       1 
1007       4 
1008       4 
1009       41 
1010       53 
1011       53 
1012       53 
1013       56 
1014       59 
1015       56 
1016       59 
1017       56 
1018       53 
1019       52 
1020       53 
1021       53 
1022       59 
1023       62 
1024       67 
1025       67 
1026       60 
1027       60 
1028       58 
1029       57 
1030       55 
1031       55 
1032       55 
1033       57 
1034       60 
1035       67 
1036       67 
1037       67 
1038       67 
1039       70 
1040       70 
1041       70 
1042       71 
1043       71 
1044       71 
1045       68 
1046       71 
1047       67 
1048       67 
1049       67 
1050       69 
1051       69 
1052       69 
1053       67 
1054       69 
1055       70 
1056       68 
1057       70 
1058       70 
1059       70 
1060       68 
1061       68 
1062       66 
1063       66 
1064       66 
1065       66 
1066       66 
1067       69 
1068       69 
1069       69 
1070       69 
1071       69 
1072       69 
1073       60 
1074       71 
1075       71 
1076       66 
1077       66 
1078       68 
1079       66 
1297966706.704030
