0000       1 
0001       1 
0002       1 
0003       1 
0004       1 
0005       1 
0006       1 
0007       1 
0008       1 
0009       1 
0010       1 
0011       1 
0012       1 
0013       1 
0014       1 
0015       1 
0016       1 
0017       1 
0018       1 
0019       1 
0020       1 
0021       1 
0022       1 
0023       1 
0024       1 
0025       1 
0026       1 
0027       1 
0028       1 
0029       1 
0030       1 
0031       1 
0032       1 
0033       1 
0034       1 
0035       1 
0036       1 
0037       1 
0038       1 
0039       1 
0040       1 
0041       1 
0042       1 
0043       1 
0044       1 
0045       1 
0046       1 
0047       1 
0048       1 
0049       1 
0050       1 
0051       1 
0052       1 
0053       1 
0054       1 
0055       1 
0056       1 
0057       1 
0058       1 
0059       1 
0060       1 
0061       1 
0062       1 
0063       1 
0064       1 
0065       1 
0066       1 
0067       1 
0068       1 
0069       1 
0070       1 
0071       1 
0072       1 
0073       1 
0074       1 
0075       1 
0076       1 
0077       1 
0078       1 
0079       1 
0080       1 
0081       1 
0082       1 
0083       1 
0084       1 
0085       1 
0086       1 
0087       1 
0088       1 
0089       1 
0090       1 
0091       1 
0092       1 
0093       1 
0094       1 
0095       1 
0096       1 
0097       1 
0098       1 
0099       1 
0100       1 
0101       1 
0102       1 
0103       1 
0104       1 
0105       1 
0106       1 
0107       1 
0108       1 
0109       1 
0110       1 
0111       1 
0112       1 
0113       1 
0114       1 
0115       1 
0116       1 
0117       1 
0118       1 
0119       1 
0120       1 
0121       1 
0122       1 
0123       1 
0124       1 
0125       1 
0126       1 
0127       1 
0128       1 
0129       1 
0130       1 
0131       1 
0132       1 
0133       1 
0134       1 
0135       1 
0136       1 
0137       1 
0138       1 
0139       1 
0140       1 
0141       1 
0142       1 
0143       1 
0144       1 
0145       1 
0146       1 
0147       1 
0148       1 
0149       1 
0150       1 
0151       1 
0152       1 
0153       1 
0154       1 
0155       1 
0156       1 
0157       1 
0158       1 
0159       1 
0160       1 
0161       1 
0162       1 
0163       1 
0164       1 
0165       1 
0166       1 
0167       1 
0168       1 
0169       1 
0170       1 
0171       1 
0172       1 
0173       1 
0174       1 
0175       1 
0176       1 
0177       1 
0178       1 
0179       1 
0180       1 
0181       1 
0182       1 
0183       1 
0184       1 
0185       1 
0186       1 
0187       1 
0188       1 
0189       1 
0190       1 
0191       1 
0192       1 
0193       1 
0194       1 
0195       1 
0196       1 
0197       1 
0198       1 
0199       1 
0200       1 
0201       1 
0202       1 
0203       1 
0204       1 
0205       1 
0206       1 
0207       1 
0208       1 
0209       1 
0210       1 
0211       1 
0212       1 
0213       1 
0214       1 
0215       1 
0216       1 
0217       1 
0218       1 
0219       1 
0220       1 
0221       1 
0222       1 
0223       1 
0224       1 
0225       1 
0226       1 
0227       1 
0228       1 
0229       1 
0230       1 
0231       1 
0232       1 
0233       23203 
0234       23234 
0235       23203 
0236       1 
0237       1 
0238       1 
0239       1 
0240       19973 
0241       20029 
0242       20092 
0243       20129 
0244       20137 
0245       20176 
0246       20228 
0247       20239 
0248       20239 
0249       20261 
0250       20283 
0251       20301 
0252       20301 
0253       1 
0254       1 
0255       1 
0256       1 
0257       1 
0258       1 
0259       1 
0260       1 
0261       1 
0262       1 
0263       1 
0264       1 
0265       1 
0266       1 
0267       1 
0268       1 
0269       1 
0270       1 
0271       1 
0272       1 
0273       1 
0274       1 
0275       1 
0276       1 
0277       1 
0278       1 
0279       1 
0280       1 
0281       1 
0282       1 
0283       1 
0284       1 
0285       1 
0286       1 
0287       1 
0288       1 
0289       1 
0290       1 
0291       1 
0292       1 
0293       1 
0294       1 
0295       1 
0296       1 
0297       1 
0298       1 
0299       1 
0300       1 
0301       1 
0302       1 
0303       1 
0304       1 
0305       1 
0306       1 
0307       1 
0308       1 
0309       1 
0310       1 
0311       1 
0312       1 
0313       1 
0314       1 
0315       1 
0316       1 
0317       1 
0318       1 
0319       1 
0320       1 
0321       1 
0322       1 
0323       1 
0324       1 
0325       1 
0326       1 
0327       1 
0328       1 
0329       1 
0330       1 
0331       1 
0332       1 
0333       1 
0334       1 
0335       1 
0336       13916 
0337       13916 
0338       13871 
0339       11204 
0340       11083 
0341       11083 
0342       11026 
0343       1 
0344       1 
0345       10855 
0346       10855 
0347       10855 
0348       10855 
0349       1 
0350       1 
0351       1 
0352       1 
0353       10443 
0354       10443 
0355       10343 
0356       10343 
0357       10380 
0358       10380 
0359       10337 
0360       10326 
0361       10307 
0362       10307 
0363       10307 
0364       10347 
0365       10357 
0366       10347 
0367       10324 
0368       10242 
0369       10221 
0370       10221 
0371       10248 
0372       10255 
0373       10248 
0374       10253 
0375       10253 
0376       10357 
0377       10357 
0378       10278 
0379       10258 
0380       10258 
0381       10261 
0382       10261 
0383       10264 
0384       10338 
0385       10464 
0386       10885 
0387       11120 
0388       11120 
0389       11113 
0390       11082 
0391       11041 
0392       11015 
0393       10978 
0394       10928 
0395       10897 
0396       10878 
0397       10848 
0398       10828 
0399       10788 
0400       10748 
0401       10741 
0402       10722 
0403       10704 
0404       10679 
0405       10635 
0406       10627 
0407       10596 
0408       10543 
0409       10521 
0410       10504 
0411       10484 
0412       10452 
0413       10413 
0414       10390 
0415       10347 
0416       10304 
0417       10292 
0418       10279 
0419       10230 
0420       10200 
0421       10166 
0422       10157 
0423       10121 
0424       10083 
0425       10082 
0426       10061 
0427       10056 
0428       8630 
0429       8589 
0430       8544 
0431       8537 
0432       8529 
0433       8513 
0434       8471 
0435       8428 
0436       8395 
0437       8384 
0438       8333 
0439       8310 
0440       8285 
0441       8285 
0442       8284 
0443       8267 
0444       8251 
0445       8207 
0446       8187 
0447       8184 
0448       8187 
0449       8196 
0450       8196 
0451       8165 
0452       8138 
0453       8138 
0454       8185 
0455       8236 
0456       8243 
0457       8271 
0458       8283 
0459       8283 
0460       8312 
0461       8375 
0462       8488 
0463       8514 
0464       8613 
0465       8649 
0466       8680 
0467       8680 
0468       8680 
0469       8690 
0470       8928 
0471       9147 
0472       9182 
0473       9182 
0474       9180 
0475       9179 
0476       9145 
0477       9128 
0478       9115 
0479       9115 
0480       9100 
0481       9090 
0482       9075 
0483       9042 
0484       8997 
0485       8974 
0486       8935 
0487       8256 
0488       8187 
0489       8090 
0490       8030 
0491       7942 
0492       7605 
0493       7552 
0494       7545 
0495       7517 
0496       7435 
0497       7290 
0498       7242 
0499       7239 
0500       7197 
0501       7149 
0502       7124 
0503       7116 
0504       7100 
0505       7091 
0506       7076 
0507       7076 
0508       7092 
0509       7109 
0510       7118 
0511       7118 
0512       7146 
0513       7171 
0514       7171 
0515       7171 
0516       7174 
0517       7195 
0518       7198 
0519       7271 
0520       7339 
0521       7409 
0522       7418 
0523       7432 
0524       7454 
0525       7501 
0526       7579 
0527       7840 
0528       7840 
0529       7832 
0530       7737 
0531       7682 
0532       7665 
0533       7630 
0534       7533 
0535       7513 
0536       7507 
0537       7492 
0538       7462 
0539       7459 
0540       7457 
0541       7417 
0542       7393 
0543       7390 
0544       7388 
0545       7383 
0546       7381 
0547       7364 
0548       7364 
0549       7367 
0550       7374 
0551       7383 
0552       7398 
0553       7427 
0554       7463 
0555       7480 
0556       7502 
0557       7543 
0558       7627 
0559       7715 
0560       7910 
0561       7976 
0562       8584 
0563       8747 
0564       8763 
0565       8763 
0566       8774 
0567       8780 
0568       8799 
0569       8804 
0570       8809 
0571       8822 
0572       8824 
0573       8841 
0574       8855 
0575       8862 
0576       8859 
0577       8859 
0578       8744 
0579       8392 
0580       8140 
0581       7931 
0582       7740 
0583       7540 
0584       7372 
0585       7305 
0586       7290 
0587       7286 
0588       7266 
0589       7266 
0590       7266 
0591       7251 
0592       7245 
0593       6204 
0594       5854 
0595       5763 
0596       5662 
0597       5561 
0598       5469 
0599       5366 
0600       5267 
0601       5193 
0602       5103 
0603       5028 
0604       4953 
0605       4867 
0606       4792 
0607       4713 
0608       4640 
0609       4591 
0610       4512 
0611       4459 
0612       4388 
0613       4343 
0614       4270 
0615       4221 
0616       4188 
0617       4155 
0618       4154 
0619       4130 
0620       4118 
0621       4116 
0622       4111 
0623       4108 
0624       4100 
0625       4100 
0626       4099 
0627       4100 
0628       4102 
0629       4102 
0630       4098 
0631       4089 
0632       4050 
0633       4050 
0634       4050 
0635       4080 
0636       4148 
0637       4203 
0638       4218 
0639       4223 
0640       4225 
0641       4234 
0642       4244 
0643       4248 
0644       5756 
0645       5762 
0646       5762 
0647       5775 
0648       5799 
0649       5800 
0650       5828 
0651       5828 
0652       5827 
0653       2854 
0654       2794 
0655       2780 
0656       2753 
0657       2724 
0658       2706 
0659       2685 
0660       2659 
0661       2643 
0662       2615 
0663       2593 
0664       2575 
0665       2564 
0666       2541 
0667       2522 
0668       2514 
0669       2481 
0670       2475 
0671       2455 
0672       2419 
0673       2403 
0674       2384 
0675       2383 
0676       2378 
0677       2378 
0678       2378 
0679       2390 
0680       2390 
0681       2407 
0682       2425 
0683       2432 
0684       2436 
0685       2444 
0686       2446 
0687       2451 
0688       2465 
0689       2469 
0690       2476 
0691       2476 
0692       2476 
0693       2460 
0694       2443 
0695       2426 
0696       2425 
0697       2403 
0698       2392 
0699       2377 
0700       2363 
0701       2348 
0702       2343 
0703       2342 
0704       2318 
0705       2310 
0706       2289 
0707       2288 
0708       2273 
0709       2271 
0710       2251 
0711       2242 
0712       2229 
0713       2223 
0714       2221 
0715       2208 
0716       2203 
0717       2183 
0718       2166 
0719       2163 
0720       2160 
0721       2138 
0722       2137 
0723       2119 
0724       2099 
0725       2093 
0726       2087 
0727       2087 
0728       2093 
0729       2117 
0730       2118 
0731       2123 
0732       2140 
0733       2162 
0734       2174 
0735       2188 
0736       2211 
0737       2221 
0738       2229 
0739       2395 
0740       2802 
0741       2808 
0742       2836 
0743       2845 
0744       2860 
0745       2862 
0746       2863 
0747       2894 
0748       2897 
0749       2911 
0750       2934 
0751       2934 
0752       2952 
0753       2959 
0754       2990 
0755       3003 
0756       3012 
0757       3046 
0758       3048 
0759       3065 
0760       3073 
0761       3115 
0762       3142 
0763       3161 
0764       3178 
0765       3198 
0766       3213 
0767       3237 
0768       3261 
0769       3265 
0770       3295 
0771       3311 
0772       3346 
0773       3366 
0774       3378 
0775       3395 
0776       3423 
0777       3451 
0778       3488 
0779       3525 
0780       3542 
0781       3568 
0782       3598 
0783       3622 
0784       3653 
0785       3702 
0786       3709 
0787       3746 
0788       3766 
0789       3793 
0790       3811 
0791       3841 
0792       3860 
0793       3895 
0794       3924 
0795       3924 
0796       3924 
0797       3919 
0798       3898 
0799       3893 
0800       3891 
0801       3875 
0802       3872 
0803       3871 
0804       3863 
0805       3850 
0806       3841 
0807       3836 
0808       3832 
0809       3835 
0810       3835 
0811       3836 
0812       3837 
0813       3841 
0814       3877 
0815       3899 
0816       3916 
0817       3963 
0818       5393 
0819       5393 
0820       4761 
0821       4748 
0822       4748 
0823       4748 
0824       4760 
0825       4893 
0826       4928 
0827       5021 
0828       5050 
0829       5090 
0830       5113 
0831       5129 
0832       5129 
0833       5129 
0834       5145 
0835       5147 
0836       5172 
0837       5191 
0838       5191 
0839       1 
0840       1 
0841       1 
0842       1 
0843       1 
0844       1 
0845       1 
0846       1 
0847       1 
0848       1 
0849       1 
0850       1 
0851       1 
0852       1 
0853       1 
0854       1 
0855       1 
0856       1 
0857       1 
0858       1 
0859       1 
0860       1 
0861       1 
0862       1 
0863       1 
0864       1 
0865       1 
0866       1 
0867       1 
0868       1 
0869       1 
0870       1 
0871       1 
0872       1 
0873       1 
0874       1 
0875       1 
0876       1 
0877       1 
0878       1 
0879       1 
0880       1 
0881       1 
0882       1 
0883       1 
0884       1 
0885       1 
0886       1 
0887       1 
0888       1 
0889       1 
0890       1 
0891       1 
0892       1 
0893       1 
0894       1 
0895       1 
0896       1 
0897       1 
0898       1 
0899       1 
0900       1 
0901       1 
0902       1 
0903       1 
0904       1 
0905       1 
0906       1 
0907       1 
0908       1 
0909       1 
0910       1 
0911       1 
0912       1 
0913       1 
0914       1 
0915       1 
0916       1 
0917       1 
0918       1 
0919       1 
0920       1 
0921       1 
0922       1 
0923       1 
0924       1 
0925       1 
0926       1 
0927       1 
0928       1 
0929       1 
0930       1 
0931       1 
0932       1 
0933       1 
0934       1 
0935       1 
0936       1 
0937       1 
0938       1 
0939       1 
0940       1 
0941       1 
0942       1 
0943       1 
0944       1 
0945       1 
0946       1 
0947       1 
0948       1 
0949       1 
0950       1 
0951       1 
0952       1 
0953       1 
0954       1 
0955       1 
0956       1 
0957       1 
0958       1 
0959       1 
0960       1 
0961       1 
0962       1 
0963       1 
0964       1 
0965       1 
0966       1 
0967       1 
0968       1 
0969       1 
0970       1 
0971       1 
0972       1 
0973       1 
0974       1 
0975       1 
0976       1 
0977       1 
0978       1 
0979       1 
0980       1 
0981       1 
0982       1 
0983       1 
0984       1 
0985       1 
0986       1 
0987       1 
0988       1 
0989       1 
0990       1 
0991       1 
0992       1 
0993       1 
0994       1 
0995       1 
0996       1 
0997       1 
0998       1 
0999       1 
1000       1 
1001       1 
1002       1 
1003       1 
1004       1 
1005       1 
1006       1 
1007       1 
1008       1 
1009       4 
1010       44 
1011       44 
1012       46 
1013       46 
1014       47 
1015       47 
1016       55 
1017       55 
1018       47 
1019       58 
1020       58 
1021       58 
1022       58 
1023       62 
1024       62 
1025       67 
1026       66 
1027       66 
1028       65 
1029       65 
1030       53 
1031       53 
1032       53 
1033       57 
1034       61 
1035       61 
1036       67 
1037       68 
1038       72 
1039       72 
1040       72 
1041       75 
1042       73 
1043       71 
1044       73 
1045       76 
1046       73 
1047       72 
1048       72 
1049       72 
1050       72 
1051       76 
1052       76 
1053       76 
1054       73 
1055       73 
1056       68 
1057       71 
1058       68 
1059       71 
1060       71 
1061       71 
1062       71 
1063       71 
1064       71 
1065       70 
1066       64 
1067       64 
1068       64 
1069       64 
1070       64 
1071       70 
1072       71 
1073       70 
1074       71 
1075       71 
1076       67 
1077       67 
1078       67 
1079       65 
1297966687.363612
