0000       1 
0001       1 
0002       1 
0003       1 
0004       1 
0005       1 
0006       1 
0007       1 
0008       1 
0009       1 
0010       1 
0011       1 
0012       1 
0013       1 
0014       1 
0015       1 
0016       1 
0017       1 
0018       1 
0019       1 
0020       1 
0021       1 
0022       1 
0023       1 
0024       1 
0025       1 
0026       1 
0027       1 
0028       1 
0029       1 
0030       1 
0031       1 
0032       1 
0033       1 
0034       1 
0035       1 
0036       1 
0037       1 
0038       1 
0039       1 
0040       1 
0041       1 
0042       1 
0043       1 
0044       1 
0045       1 
0046       1 
0047       1 
0048       1 
0049       1 
0050       1 
0051       1 
0052       1 
0053       1 
0054       1 
0055       1 
0056       1 
0057       1 
0058       1 
0059       1 
0060       1 
0061       1 
0062       1 
0063       1 
0064       1 
0065       1 
0066       1 
0067       1 
0068       1 
0069       1 
0070       1 
0071       1 
0072       1 
0073       1 
0074       1 
0075       1 
0076       1 
0077       1 
0078       1 
0079       1 
0080       1 
0081       1 
0082       1 
0083       1 
0084       1 
0085       1 
0086       1 
0087       1 
0088       1 
0089       1 
0090       1 
0091       1 
0092       1 
0093       1 
0094       1 
0095       1 
0096       1 
0097       1 
0098       1 
0099       1 
0100       1 
0101       1 
0102       1 
0103       1 
0104       1 
0105       1 
0106       1 
0107       1 
0108       1 
0109       1 
0110       1 
0111       1 
0112       1 
0113       1 
0114       1 
0115       1 
0116       1 
0117       1 
0118       1 
0119       1 
0120       1 
0121       1 
0122       1 
0123       1 
0124       1 
0125       1 
0126       1 
0127       1 
0128       1 
0129       1 
0130       1 
0131       1 
0132       1 
0133       1 
0134       1 
0135       1 
0136       1 
0137       1 
0138       1 
0139       1 
0140       1 
0141       1 
0142       1 
0143       1 
0144       1 
0145       1 
0146       1 
0147       1 
0148       1 
0149       1 
0150       1 
0151       1 
0152       1 
0153       1 
0154       1 
0155       1 
0156       1 
0157       1 
0158       1 
0159       1 
0160       1 
0161       1 
0162       1 
0163       1 
0164       1 
0165       1 
0166       1 
0167       1 
0168       1 
0169       1 
0170       1 
0171       1 
0172       1 
0173       1 
0174       1 
0175       1 
0176       1 
0177       1 
0178       1 
0179       1 
0180       1 
0181       1 
0182       1 
0183       1 
0184       1 
0185       1 
0186       1 
0187       1 
0188       1 
0189       1 
0190       1 
0191       1 
0192       1 
0193       1 
0194       1 
0195       1 
0196       1 
0197       1 
0198       1 
0199       1 
0200       1 
0201       1 
0202       1 
0203       1 
0204       1 
0205       1 
0206       1 
0207       1 
0208       1 
0209       1 
0210       1 
0211       1 
0212       1 
0213       1 
0214       1 
0215       1 
0216       1 
0217       1 
0218       1 
0219       1 
0220       1 
0221       1 
0222       1 
0223       1 
0224       1 
0225       1 
0226       1 
0227       1 
0228       1 
0229       1 
0230       1 
0231       1 
0232       1 
0233       1 
0234       1 
0235       1 
0236       1 
0237       1 
0238       1 
0239       1 
0240       20001 
0241       20001 
0242       1 
0243       1 
0244       1 
0245       1 
0246       1 
0247       1 
0248       1 
0249       1 
0250       1 
0251       1 
0252       1 
0253       1 
0254       1 
0255       1 
0256       1 
0257       1 
0258       1 
0259       1 
0260       1 
0261       1 
0262       1 
0263       1 
0264       1 
0265       1 
0266       1 
0267       1 
0268       14403 
0269       14403 
0270       14239 
0271       1 
0272       1 
0273       1 
0274       1 
0275       1 
0276       1 
0277       1 
0278       1 
0279       1 
0280       1 
0281       1 
0282       12819 
0283       12819 
0284       12722 
0285       12566 
0286       12502 
0287       12388 
0288       12209 
0289       12091 
0290       12091 
0291       11996 
0292       11951 
0293       11873 
0294       11767 
0295       11680 
0296       11583 
0297       11544 
0298       11424 
0299       11344 
0300       11232 
0301       11183 
0302       11087 
0303       11053 
0304       10973 
0305       10849 
0306       10811 
0307       10721 
0308       10700 
0309       10570 
0310       10517 
0311       10458 
0312       10409 
0313       10321 
0314       10248 
0315       10211 
0316       10181 
0317       10078 
0318       10016 
0319       9950 
0320       9888 
0321       9853 
0322       9772 
0323       9738 
0324       9679 
0325       9619 
0326       9536 
0327       9524 
0328       9477 
0329       9438 
0330       9384 
0331       9323 
0332       9289 
0333       9216 
0334       9195 
0335       9117 
0336       9076 
0337       9037 
0338       9012 
0339       8923 
0340       8919 
0341       8872 
0342       8814 
0343       8790 
0344       8732 
0345       8693 
0346       8681 
0347       8615 
0348       8570 
0349       8544 
0350       8498 
0351       8451 
0352       8416 
0353       8382 
0354       8345 
0355       8296 
0356       8292 
0357       8254 
0358       8213 
0359       8185 
0360       8112 
0361       8096 
0362       8079 
0363       8002 
0364       7991 
0365       7957 
0366       7936 
0367       7915 
0368       7888 
0369       7842 
0370       7801 
0371       7777 
0372       7760 
0373       7734 
0374       7677 
0375       7676 
0376       7657 
0377       7624 
0378       7587 
0379       7558 
0380       7528 
0381       7515 
0382       7484 
0383       7460 
0384       7442 
0385       7418 
0386       7391 
0387       7344 
0388       7336 
0389       7325 
0390       7322 
0391       7291 
0392       7251 
0393       7229 
0394       7221 
0395       7186 
0396       7174 
0397       7153 
0398       7115 
0399       7084 
0400       7079 
0401       7061 
0402       7049 
0403       7032 
0404       6985 
0405       6954 
0406       6943 
0407       6933 
0408       6916 
0409       6916 
0410       6916 
0411       6858 
0412       6843 
0413       6835 
0414       6817 
0415       6809 
0416       6792 
0417       6790 
0418       6744 
0419       6739 
0420       6717 
0421       6697 
0422       6683 
0423       6675 
0424       6673 
0425       6667 
0426       6639 
0427       6616 
0428       6612 
0429       6594 
0430       6568 
0431       6562 
0432       6562 
0433       6531 
0434       6530 
0435       6504 
0436       6501 
0437       6487 
0438       6465 
0439       6460 
0440       6439 
0441       6431 
0442       6430 
0443       6408 
0444       6400 
0445       6370 
0446       6370 
0447       6356 
0448       6328 
0449       6328 
0450       6329 
0451       6329 
0452       6314 
0453       6296 
0454       6292 
0455       6281 
0456       6275 
0457       6270 
0458       6255 
0459       6237 
0460       6231 
0461       6223 
0462       6220 
0463       6217 
0464       6212 
0465       6210 
0466       6201 
0467       6193 
0468       6165 
0469       6154 
0470       6135 
0471       6087 
0472       5991 
0473       5923 
0474       5895 
0475       5895 
0476       5889 
0477       5868 
0478       5868 
0479       5885 
0480       5976 
0481       6097 
0482       6227 
0483       6337 
0484       6461 
0485       6605 
0486       6744 
0487       6888 
0488       7036 
0489       7193 
0490       7353 
0491       7557 
0492       7741 
0493       7933 
0494       8124 
0495       8322 
0496       8516 
0497       8634 
0498       8675 
0499       8675 
0500       8675 
0501       8675 
0502       8655 
0503       8645 
0504       8645 
0505       8639 
0506       8639 
0507       8633 
0508       8623 
0509       8623 
0510       8617 
0511       8618 
0512       8618 
0513       8618 
0514       8617 
0515       8616 
0516       8611 
0517       8600 
0518       8600 
0519       8604 
0520       8604 
0521       8597 
0522       8575 
0523       8581 
0524       8575 
0525       8581 
0526       8579 
0527       8582 
0528       8631 
0529       8704 
0530       8726 
0531       8739 
0532       8747 
0533       8753 
0534       8756 
0535       8756 
0536       8758 
0537       8751 
0538       8746 
0539       8746 
0540       8761 
0541       8772 
0542       8761 
0543       8772 
0544       8778 
0545       8778 
0546       8771 
0547       8766 
0548       8765 
0549       8765 
0550       8768 
0551       8769 
0552       8769 
0553       8774 
0554       8776 
0555       8781 
0556       8789 
0557       8800 
0558       8793 
0559       8806 
0560       8812 
0561       8812 
0562       8815 
0563       8821 
0564       8825 
0565       8837 
0566       8837 
0567       8850 
0568       8850 
0569       8851 
0570       8860 
0571       8875 
0572       8884 
0573       8888 
0574       8889 
0575       8899 
0576       8899 
0577       8904 
0578       8922 
0579       8926 
0580       8939 
0581       8939 
0582       8939 
0583       8944 
0584       8977 
0585       8985 
0586       8985 
0587       8995 
0588       9004 
0589       9017 
0590       9021 
0591       9050 
0592       9054 
0593       9064 
0594       9077 
0595       9096 
0596       9096 
0597       9096 
0598       9097 
0599       9123 
0600       9135 
0601       9148 
0602       9156 
0603       9156 
0604       9167 
0605       9181 
0606       9182 
0607       9202 
0608       9237 
0609       9242 
0610       9258 
0611       9271 
0612       9277 
0613       9290 
0614       9296 
0615       9333 
0616       9336 
0617       9343 
0618       9377 
0619       9384 
0620       9388 
0621       9389 
0622       9433 
0623       9452 
0624       9452 
0625       9452 
0626       9483 
0627       9495 
0628       9519 
0629       9544 
0630       9547 
0631       9571 
0632       9574 
0633       9597 
0634       9620 
0635       9638 
0636       9670 
0637       9672 
0638       9685 
0639       9707 
0640       9727 
0641       9744 
0642       9780 
0643       9806 
0644       9815 
0645       9858 
0646       9885 
0647       9897 
0648       9897 
0649       9968 
0650       9977 
0651       9978 
0652       10006 
0653       10021 
0654       10066 
0655       10097 
0656       10121 
0657       10151 
0658       10173 
0659       10187 
0660       10228 
0661       10237 
0662       10283 
0663       10318 
0664       10319 
0665       10360 
0666       10375 
0667       10405 
0668       10472 
0669       10489 
0670       10525 
0671       10556 
0672       10570 
0673       10613 
0674       10660 
0675       10670 
0676       10704 
0677       10729 
0678       10776 
0679       10831 
0680       10859 
0681       10912 
0682       10913 
0683       10957 
0684       11034 
0685       11066 
0686       11071 
0687       11113 
0688       11175 
0689       11226 
0690       11256 
0691       11320 
0692       11354 
0693       11392 
0694       11413 
0695       11484 
0696       11509 
0697       11566 
0698       11629 
0699       11649 
0700       11698 
0701       11750 
0702       11776 
0703       11809 
0704       11862 
0705       11923 
0706       11958 
0707       12024 
0708       12033 
0709       12097 
0710       12139 
0711       12208 
0712       12270 
0713       12340 
0714       12377 
0715       12408 
0716       12480 
0717       12520 
0718       12603 
0719       12644 
0720       12709 
0721       12793 
0722       12858 
0723       12892 
0724       12964 
0725       13029 
0726       13110 
0727       13178 
0728       13250 
0729       13293 
0730       13356 
0731       13398 
0732       13486 
0733       13560 
0734       13639 
0735       13692 
0736       13754 
0737       13826 
0738       13909 
0739       13979 
0740       14044 
0741       14117 
0742       14190 
0743       14283 
0744       14371 
0745       14460 
0746       14551 
0747       14621 
0748       14729 
0749       14805 
0750       14862 
0751       14931 
0752       15029 
0753       15156 
0754       15255 
0755       15333 
0756       15441 
0757       15565 
0758       15653 
0759       15726 
0760       15883 
0761       15984 
0762       16093 
0763       16198 
0764       16292 
0765       16416 
0766       16552 
0767       16665 
0768       16747 
0769       16903 
0770       17038 
0771       17124 
0772       17289 
0773       17422 
0774       17560 
0775       17705 
0776       17827 
0777       17963 
0778       18097 
0779       18268 
0780       18403 
0781       18570 
0782       18737 
0783       18918 
0784       19037 
0785       19222 
0786       19351 
0787       19532 
0788       19685 
0789       19870 
0790       19982 
0791       20189 
0792       20402 
0793       20609 
0794       20810 
0795       20810 
0796       20973 
0797       21388 
0798       21629 
0799       21629 
0800       21826 
0801       22257 
0802       22257 
0803       1 
0804       1 
0805       1 
0806       1 
0807       1 
0808       1 
0809       1 
0810       1 
0811       1 
0812       1 
0813       1 
0814       1 
0815       1 
0816       1 
0817       1 
0818       1 
0819       1 
0820       1 
0821       1 
0822       1 
0823       1 
0824       1 
0825       1 
0826       1 
0827       1 
0828       1 
0829       1 
0830       1 
0831       1 
0832       1 
0833       1 
0834       1 
0835       1 
0836       1 
0837       1 
0838       1 
0839       1 
0840       1 
0841       1 
0842       1 
0843       1 
0844       1 
0845       1 
0846       1 
0847       1 
0848       1 
0849       1 
0850       1 
0851       1 
0852       1 
0853       1 
0854       1 
0855       1 
0856       1 
0857       1 
0858       1 
0859       1 
0860       1 
0861       1 
0862       1 
0863       1 
0864       1 
0865       1 
0866       1 
0867       1 
0868       1 
0869       1 
0870       1 
0871       1 
0872       1 
0873       1 
0874       1 
0875       1 
0876       1 
0877       1 
0878       1 
0879       1 
0880       1 
0881       1 
0882       1 
0883       1 
0884       1 
0885       1 
0886       1 
0887       1 
0888       1 
0889       1 
0890       1 
0891       1 
0892       1 
0893       1 
0894       1 
0895       1 
0896       1 
0897       1 
0898       1 
0899       1 
0900       1 
0901       1 
0902       1 
0903       1 
0904       1 
0905       1 
0906       1 
0907       1 
0908       1 
0909       1 
0910       1 
0911       1 
0912       1 
0913       1 
0914       1 
0915       1 
0916       1 
0917       1 
0918       1 
0919       1 
0920       1 
0921       1 
0922       1 
0923       1 
0924       1 
0925       1 
0926       1 
0927       1 
0928       1 
0929       1 
0930       1 
0931       1 
0932       1 
0933       1 
0934       1 
0935       1 
0936       1 
0937       1 
0938       1 
0939       1 
0940       1 
0941       1 
0942       1 
0943       1 
0944       1 
0945       1 
0946       1 
0947       1 
0948       1 
0949       1 
0950       1 
0951       1 
0952       1 
0953       1 
0954       1 
0955       1 
0956       1 
0957       1 
0958       1 
0959       1 
0960       1 
0961       1 
0962       1 
0963       1 
0964       1 
0965       1 
0966       1 
0967       1 
0968       1 
0969       1 
0970       1 
0971       1 
0972       1 
0973       1 
0974       1 
0975       1 
0976       1 
0977       1 
0978       1 
0979       1 
0980       1 
0981       1 
0982       1 
0983       1 
0984       1 
0985       1 
0986       1 
0987       1 
0988       1 
0989       1 
0990       1 
0991       1 
0992       1 
0993       1 
0994       1 
0995       1 
0996       1 
0997       1 
0998       1 
0999       1 
1000       1 
1001       1 
1002       1 
1003       1 
1004       1 
1005       1 
1006       1 
1007       1 
1008       43 
1009       4 
1010       43 
1011       46 
1012       46 
1013       66 
1014       66 
1015       46 
1016       4 
1017       4 
1018       4 
1019       52 
1020       52 
1021       52 
1022       54 
1023       54 
1024       60 
1025       62 
1026       62 
1027       64 
1028       64 
1029       64 
1030       51 
1031       51 
1032       51 
1033       55 
1034       65 
1035       68 
1036       68 
1037       68 
1038       68 
1039       72 
1040       68 
1041       68 
1042       68 
1043       68 
1044       67 
1045       68 
1046       74 
1047       74 
1048       74 
1049       74 
1050       74 
1051       74 
1052       63 
1053       61 
1054       61 
1055       60 
1056       60 
1057       72 
1058       72 
1059       71 
1060       71 
1061       67 
1062       67 
1063       67 
1064       67 
1065       65 
1066       65 
1067       64 
1068       65 
1069       65 
1070       71 
1071       71 
1072       71 
1073       68 
1074       68 
1075       68 
1076       68 
1077       72 
1078       74 
1079       74 
1297966639.001228
