0000       1 
0001       1 
0002       1 
0003       1 
0004       1 
0005       1 
0006       1 
0007       1 
0008       1 
0009       1 
0010       1 
0011       1 
0012       1 
0013       1 
0014       1 
0015       1 
0016       1 
0017       1 
0018       1 
0019       1 
0020       1 
0021       1 
0022       1 
0023       1 
0024       1 
0025       1 
0026       1 
0027       1 
0028       1 
0029       1 
0030       1 
0031       1 
0032       1 
0033       1 
0034       1 
0035       1 
0036       1 
0037       1 
0038       1 
0039       1 
0040       1 
0041       1 
0042       1 
0043       1 
0044       1 
0045       1 
0046       1 
0047       1 
0048       1 
0049       1 
0050       1 
0051       1 
0052       1 
0053       1 
0054       1 
0055       1 
0056       1 
0057       1 
0058       1 
0059       1 
0060       1 
0061       1 
0062       1 
0063       1 
0064       1 
0065       1 
0066       1 
0067       1 
0068       1 
0069       1 
0070       1 
0071       1 
0072       1 
0073       1 
0074       1 
0075       1 
0076       1 
0077       1 
0078       1 
0079       1 
0080       1 
0081       1 
0082       1 
0083       1 
0084       1 
0085       1 
0086       1 
0087       1 
0088       1 
0089       1 
0090       1 
0091       1 
0092       1 
0093       1 
0094       1 
0095       1 
0096       1 
0097       1 
0098       1 
0099       1 
0100       1 
0101       1 
0102       4500 
0103       4515 
0104       4515 
0105       4515 
0106       4515 
0107       4512 
0108       4508 
0109       4501 
0110       4497 
0111       4495 
0112       4485 
0113       4485 
0114       4484 
0115       4470 
0116       4464 
0117       4463 
0118       4462 
0119       4462 
0120       4462 
0121       4458 
0122       4452 
0123       4449 
0124       4447 
0125       4446 
0126       4441 
0127       4441 
0128       4441 
0129       4441 
0130       4438 
0131       4438 
0132       4438 
0133       4438 
0134       4434 
0135       4434 
0136       4433 
0137       4433 
0138       4431 
0139       4426 
0140       4418 
0141       4418 
0142       4418 
0143       4418 
0144       4418 
0145       4418 
0146       4418 
0147       4416 
0148       4415 
0149       4415 
0150       4415 
0151       4412 
0152       4412 
0153       4412 
0154       4411 
0155       4411 
0156       4411 
0157       4409 
0158       4409 
0159       4409 
0160       4410 
0161       4411 
0162       4415 
0163       4415 
0164       4421 
0165       4422 
0166       4422 
0167       4429 
0168       4429 
0169       4429 
0170       4425 
0171       4424 
0172       4424 
0173       4424 
0174       4430 
0175       4431 
0176       4436 
0177       4436 
0178       4436 
0179       4436 
0180       4436 
0181       4439 
0182       4442 
0183       4452 
0184       4460 
0185       4460 
0186       4460 
0187       4459 
0188       4459 
0189       4459 
0190       4472 
0191       4473 
0192       4473 
0193       4478 
0194       4480 
0195       4481 
0196       4489 
0197       4495 
0198       4496 
0199       4497 
0200       4505 
0201       4505 
0202       4507 
0203       4507 
0204       4517 
0205       4518 
0206       4518 
0207       4536 
0208       4536 
0209       4536 
0210       1 
0211       1 
0212       1 
0213       1 
0214       1 
0215       1 
0216       1 
0217       1 
0218       1 
0219       1 
0220       1 
0221       1 
0222       1 
0223       1 
0224       1 
0225       1 
0226       1 
0227       1 
0228       1 
0229       1 
0230       1 
0231       1 
0232       1 
0233       1 
0234       1 
0235       1 
0236       1 
0237       1 
0238       1 
0239       1 
0240       23752 
0241       23803 
0242       23841 
0243       23863 
0244       23898 
0245       23942 
0246       23942 
0247       1 
0248       1 
0249       1 
0250       1 
0251       1 
0252       1 
0253       1 
0254       1 
0255       1 
0256       1 
0257       1 
0258       1 
0259       1 
0260       1 
0261       1 
0262       1 
0263       1 
0264       1 
0265       1 
0266       18545 
0267       18545 
0268       18459 
0269       18382 
0270       18323 
0271       1 
0272       1 
0273       1 
0274       1 
0275       1 
0276       1 
0277       1 
0278       1 
0279       12173 
0280       12173 
0281       12173 
0282       12195 
0283       12240 
0284       12287 
0285       12317 
0286       12323 
0287       12330 
0288       12330 
0289       12252 
0290       12200 
0291       12082 
0292       12054 
0293       12004 
0294       11946 
0295       11856 
0296       11782 
0297       11703 
0298       11641 
0299       11600 
0300       11561 
0301       11488 
0302       11440 
0303       11349 
0304       11288 
0305       11249 
0306       11173 
0307       11132 
0308       11090 
0309       10993 
0310       10969 
0311       10905 
0312       10873 
0313       10797 
0314       10766 
0315       10683 
0316       10647 
0317       10597 
0318       10584 
0319       10498 
0320       10456 
0321       9729 
0322       9691 
0323       9638 
0324       9638 
0325       9687 
0326       9719 
0327       9754 
0328       9866 
0329       9907 
0330       9957 
0331       9995 
0332       10026 
0333       10074 
0334       10097 
0335       10161 
0336       10216 
0337       10257 
0338       10315 
0339       10338 
0340       10360 
0341       10382 
0342       10401 
0343       10423 
0344       10454 
0345       10475 
0346       10497 
0347       10559 
0348       10596 
0349       10683 
0350       10766 
0351       10839 
0352       10875 
0353       10936 
0354       11004 
0355       11079 
0356       11114 
0357       11150 
0358       11178 
0359       11239 
0360       11303 
0361       11336 
0362       11336 
0363       11308 
0364       11261 
0365       11217 
0366       11200 
0367       11152 
0368       11120 
0369       11077 
0370       11046 
0371       10995 
0372       10950 
0373       10926 
0374       10909 
0375       10854 
0376       10817 
0377       10777 
0378       10728 
0379       10709 
0380       10672 
0381       10660 
0382       10607 
0383       10585 
0384       10543 
0385       10512 
0386       10465 
0387       10443 
0388       10403 
0389       10378 
0390       10360 
0391       10328 
0392       10301 
0393       10274 
0394       10246 
0395       10220 
0396       10195 
0397       10172 
0398       10133 
0399       10098 
0400       10076 
0401       10070 
0402       10039 
0403       9994 
0404       9971 
0405       9942 
0406       9929 
0407       9909 
0408       9878 
0409       9842 
0410       9821 
0411       9796 
0412       9773 
0413       9750 
0414       9738 
0415       9738 
0416       9778 
0417       9851 
0418       9943 
0419       10007 
0420       10077 
0421       10148 
0422       10148 
0423       10061 
0424       9996 
0425       9967 
0426       9933 
0427       9898 
0428       9861 
0429       9836 
0430       9777 
0431       9777 
0432       9806 
0433       9806 
0434       9762 
0435       9748 
0436       9738 
0437       9724 
0438       9724 
0439       9714 
0440       9702 
0441       9702 
0442       9702 
0443       9702 
0444       9712 
0445       9712 
0446       9696 
0447       9685 
0448       9675 
0449       9675 
0450       9670 
0451       9678 
0452       9678 
0453       9678 
0454       9683 
0455       9688 
0456       9694 
0457       9694 
0458       9721 
0459       9758 
0460       9774 
0461       9785 
0462       9795 
0463       9795 
0464       9773 
0465       9773 
0466       9795 
0467       9808 
0468       9809 
0469       9851 
0470       9902 
0471       9907 
0472       9902 
0473       9859 
0474       9840 
0475       9840 
0476       9873 
0477       9921 
0478       9956 
0479       9985 
0480       9985 
0481       9972 
0482       9972 
0483       10019 
0484       10051 
0485       10051 
0486       10027 
0487       10022 
0488       10008 
0489       10008 
0490       10013 
0491       10025 
0492       10025 
0493       10054 
0494       10054 
0495       10152 
0496       10154 
0497       10334 
0498       11564 
0499       11564 
0500       11560 
0501       11543 
0502       11542 
0503       11542 
0504       11545 
0505       11545 
0506       11540 
0507       11533 
0508       11530 
0509       11533 
0510       11530 
0511       11530 
0512       11522 
0513       11530 
0514       11545 
0515       11545 
0516       11545 
0517       11543 
0518       11543 
0519       11543 
0520       11555 
0521       11555 
0522       11554 
0523       11554 
0524       11560 
0525       11576 
0526       11582 
0527       11582 
0528       11583 
0529       11589 
0530       11599 
0531       11603 
0532       11617 
0533       11626 
0534       11643 
0535       11643 
0536       11643 
0537       11651 
0538       11659 
0539       11664 
0540       11679 
0541       11679 
0542       11680 
0543       11680 
0544       11707 
0545       11729 
0546       11744 
0547       11744 
0548       11744 
0549       11752 
0550       11772 
0551       11773 
0552       11773 
0553       11791 
0554       11810 
0555       11821 
0556       11846 
0557       11849 
0558       11848 
0559       11850 
0560       11888 
0561       11892 
0562       11906 
0563       11911 
0564       11941 
0565       11945 
0566       11965 
0567       11965 
0568       11990 
0569       11994 
0570       12005 
0571       12007 
0572       12034 
0573       12057 
0574       12070 
0575       12089 
0576       12104 
0577       12118 
0578       12119 
0579       12154 
0580       12163 
0581       12206 
0582       12214 
0583       12216 
0584       12227 
0585       12248 
0586       12283 
0587       12290 
0588       12328 
0589       12380 
0590       12380 
0591       12380 
0592       12405 
0593       12405 
0594       12449 
0595       12458 
0596       12494 
0597       12535 
0598       12543 
0599       12575 
0600       12590 
0601       12648 
0602       12654 
0603       12682 
0604       12739 
0605       12759 
0606       12828 
0607       12849 
0608       12886 
0609       12920 
0610       12954 
0611       13002 
0612       13005 
0613       13039 
0614       13102 
0615       13102 
0616       12940 
0617       1 
0618       1 
0619       1 
0620       1 
0621       1 
0622       1 
0623       1 
0624       1 
0625       1 
0626       1 
0627       1 
0628       1 
0629       1 
0630       1 
0631       1 
0632       1 
0633       13515 
0634       13515 
0635       1 
0636       1 
0637       1 
0638       1 
0639       1 
0640       1 
0641       14023 
0642       14064 
0643       14114 
0644       14141 
0645       14161 
0646       14188 
0647       14202 
0648       14230 
0649       14289 
0650       14292 
0651       14327 
0652       14370 
0653       14412 
0654       14473 
0655       14477 
0656       14536 
0657       14599 
0658       14641 
0659       14696 
0660       14706 
0661       14744 
0662       14812 
0663       14861 
0664       14911 
0665       14935 
0666       14989 
0667       15097 
0668       15114 
0669       15191 
0670       15294 
0671       15343 
0672       15388 
0673       15520 
0674       15649 
0675       15649 
0676       15649 
0677       1 
0678       1 
0679       15899 
0680       15901 
0681       15901 
0682       15901 
0683       1 
0684       1 
0685       1 
0686       1 
0687       1 
0688       1 
0689       1 
0690       15273 
0691       15273 
0692       1 
0693       1 
0694       1 
0695       1 
0696       15384 
0697       15393 
0698       15393 
0699       14426 
0700       14399 
0701       14414 
0702       14426 
0703       14490 
0704       14495 
0705       14490 
0706       14432 
0707       1 
0708       1 
0709       14057 
0710       14057 
0711       14062 
0712       14062 
0713       14007 
0714       14007 
0715       14007 
0716       14008 
0717       14247 
0718       14267 
0719       14312 
0720       14322 
0721       14446 
0722       14548 
0723       14730 
0724       14730 
0725       14757 
0726       14737 
0727       14737 
0728       14734 
0729       14715 
0730       14734 
0731       14715 
0732       14679 
0733       14679 
0734       14677 
0735       14677 
0736       1 
0737       15197 
0738       15261 
0739       15275 
0740       15275 
0741       15241 
0742       15241 
0743       15271 
0744       15410 
0745       15415 
0746       16112 
0747       16112 
0748       15942 
0749       15806 
0750       15783 
0751       15749 
0752       15694 
0753       15648 
0754       15620 
0755       15574 
0756       15548 
0757       15498 
0758       15463 
0759       15426 
0760       15388 
0761       15340 
0762       15298 
0763       15267 
0764       15250 
0765       15210 
0766       15160 
0767       15144 
0768       15101 
0769       15061 
0770       15025 
0771       15010 
0772       14982 
0773       14931 
0774       14912 
0775       14868 
0776       14843 
0777       14825 
0778       14785 
0779       14785 
0780       14796 
0781       14799 
0782       14892 
0783       14892 
0784       14863 
0785       14821 
0786       14777 
0787       14770 
0788       14770 
0789       16703 
0790       16703 
0791       16703 
0792       16819 
0793       16819 
0794       16794 
0795       1 
0796       1 
0797       1 
0798       1 
0799       1 
0800       1 
0801       1 
0802       1 
0803       1 
0804       14165 
0805       14165 
0806       14106 
0807       14102 
0808       14066 
0809       14044 
0810       14027 
0811       14023 
0812       13991 
0813       13989 
0814       13965 
0815       13965 
0816       13977 
0817       14100 
0818       14100 
0819       14080 
0820       14064 
0821       14041 
0822       14037 
0823       14025 
0824       14020 
0825       13986 
0826       13979 
0827       13979 
0828       15978 
0829       15978 
0830       15978 
0831       15977 
0832       1 
0833       1 
0834       1 
0835       1 
0836       1 
0837       1 
0838       1 
0839       1 
0840       1 
0841       1 
0842       1 
0843       1 
0844       1 
0845       1 
0846       1 
0847       1 
0848       1 
0849       1 
0850       1 
0851       1 
0852       1 
0853       1 
0854       1 
0855       1 
0856       1 
0857       1 
0858       1 
0859       1 
0860       1 
0861       1 
0862       1 
0863       1 
0864       1 
0865       1 
0866       1 
0867       1 
0868       1 
0869       1 
0870       1 
0871       1 
0872       1 
0873       1 
0874       1 
0875       1 
0876       1 
0877       1 
0878       1 
0879       1 
0880       1 
0881       1 
0882       1 
0883       1 
0884       1 
0885       1 
0886       1 
0887       1 
0888       1 
0889       1 
0890       1 
0891       1 
0892       1 
0893       1 
0894       1 
0895       1 
0896       1 
0897       1 
0898       1 
0899       1 
0900       1 
0901       1 
0902       1 
0903       1 
0904       1 
0905       1 
0906       1 
0907       1 
0908       1 
0909       1 
0910       1 
0911       1 
0912       1 
0913       1 
0914       1 
0915       1 
0916       1 
0917       1 
0918       1 
0919       1 
0920       1 
0921       1 
0922       1 
0923       1 
0924       1 
0925       1 
0926       1 
0927       1 
0928       1 
0929       1 
0930       1 
0931       1 
0932       1 
0933       1 
0934       1 
0935       1 
0936       1 
0937       1 
0938       1 
0939       1 
0940       1 
0941       1 
0942       1 
0943       1 
0944       1 
0945       1 
0946       1 
0947       1 
0948       1 
0949       1 
0950       1 
0951       1 
0952       1 
0953       1 
0954       1 
0955       1 
0956       1 
0957       1 
0958       1 
0959       1 
0960       1 
0961       1 
0962       1 
0963       1 
0964       1 
0965       1 
0966       1 
0967       1 
0968       1 
0969       1 
0970       1 
0971       1 
0972       1 
0973       1 
0974       1 
0975       1 
0976       1 
0977       1 
0978       1 
0979       1 
0980       1 
0981       1 
0982       1 
0983       1 
0984       1 
0985       1 
0986       1 
0987       1 
0988       1 
0989       1 
0990       1 
0991       1 
0992       1 
0993       1 
0994       1 
0995       1 
0996       1 
0997       1 
0998       1 
0999       1 
1000       1 
1001       1 
1002       1 
1003       1 
1004       1 
1005       1 
1006       1 
1007       50 
1008       50 
1009       67 
1010       52 
1011       54 
1012       52 
1013       53 
1014       52 
1015       53 
1016       53 
1017       54 
1018       54 
1019       54 
1020       52 
1021       50 
1022       50 
1023       52 
1024       52 
1025       56 
1026       59 
1027       59 
1028       59 
1029       62 
1030       59 
1031       56 
1032       56 
1033       58 
1034       58 
1035       63 
1036       65 
1037       65 
1038       65 
1039       76 
1040       69 
1041       69 
1042       69 
1043       69 
1044       69 
1045       71 
1046       71 
1047       71 
1048       71 
1049       70 
1050       70 
1051       67 
1052       67 
1053       70 
1054       67 
1055       67 
1056       65 
1057       65 
1058       64 
1059       65 
1060       69 
1061       69 
1062       65 
1063       65 
1064       64 
1065       61 
1066       61 
1067       61 
1068       68 
1069       68 
1070       71 
1071       68 
1072       68 
1073       68 
1074       71 
1075       68 
1076       69 
1077       71 
1078       71 
1079       69 
1297966703.960413
