0000       1 
0001       1 
0002       1 
0003       1 
0004       1 
0005       1 
0006       1 
0007       1 
0008       1 
0009       1 
0010       1 
0011       1 
0012       1 
0013       1 
0014       1 
0015       1 
0016       1 
0017       1 
0018       1 
0019       1 
0020       1 
0021       1 
0022       1 
0023       1 
0024       1 
0025       1 
0026       1 
0027       1 
0028       1 
0029       1 
0030       1 
0031       1 
0032       1 
0033       1 
0034       1 
0035       1 
0036       1 
0037       1 
0038       1 
0039       1 
0040       1 
0041       1 
0042       1 
0043       1 
0044       1 
0045       1 
0046       1 
0047       1 
0048       1 
0049       1 
0050       1 
0051       1 
0052       1 
0053       1 
0054       1 
0055       1 
0056       1 
0057       1 
0058       1 
0059       1 
0060       1 
0061       1 
0062       1 
0063       1 
0064       1 
0065       1 
0066       1 
0067       1 
0068       1 
0069       1 
0070       1 
0071       1 
0072       1 
0073       1 
0074       1 
0075       1 
0076       1 
0077       1 
0078       1 
0079       1 
0080       1 
0081       1 
0082       1 
0083       1 
0084       1 
0085       1 
0086       1 
0087       1 
0088       1 
0089       1 
0090       1 
0091       1 
0092       1 
0093       1 
0094       1 
0095       1 
0096       1 
0097       1 
0098       1 
0099       1 
0100       1 
0101       1 
0102       1 
0103       1 
0104       1 
0105       1 
0106       1 
0107       1 
0108       1 
0109       1 
0110       1 
0111       1 
0112       1 
0113       1 
0114       1 
0115       1 
0116       1 
0117       1 
0118       1 
0119       1 
0120       1 
0121       1 
0122       1 
0123       1 
0124       1 
0125       1 
0126       1 
0127       1 
0128       1 
0129       1 
0130       1 
0131       1 
0132       1 
0133       1 
0134       1 
0135       1 
0136       1 
0137       1 
0138       1 
0139       1 
0140       1 
0141       1 
0142       1 
0143       1 
0144       1 
0145       1 
0146       1 
0147       1 
0148       1 
0149       1 
0150       1 
0151       1 
0152       1 
0153       1 
0154       1 
0155       1 
0156       1 
0157       1 
0158       1 
0159       1 
0160       1 
0161       1 
0162       1 
0163       1 
0164       1 
0165       1 
0166       1 
0167       1 
0168       1 
0169       1 
0170       1 
0171       1 
0172       1 
0173       1 
0174       1 
0175       1 
0176       1 
0177       1 
0178       1 
0179       1 
0180       1 
0181       1 
0182       1 
0183       1 
0184       1 
0185       1 
0186       1 
0187       1 
0188       1 
0189       1 
0190       1 
0191       1 
0192       1 
0193       1 
0194       1 
0195       1 
0196       1 
0197       1 
0198       1 
0199       1 
0200       1 
0201       1 
0202       1 
0203       1 
0204       1 
0205       1 
0206       1 
0207       1 
0208       1 
0209       1 
0210       1 
0211       1 
0212       1 
0213       1 
0214       1 
0215       1 
0216       1 
0217       1 
0218       1 
0219       1 
0220       1 
0221       1 
0222       1 
0223       1 
0224       1 
0225       1 
0226       1 
0227       1 
0228       1 
0229       1 
0230       1 
0231       1 
0232       1 
0233       1 
0234       1 
0235       1 
0236       1 
0237       1 
0238       1 
0239       1 
0240       1 
0241       1 
0242       1 
0243       1 
0244       1 
0245       1 
0246       1 
0247       1 
0248       19078 
0249       19078 
0250       1 
0251       1 
0252       1 
0253       1 
0254       1 
0255       1 
0256       1 
0257       1 
0258       1 
0259       1 
0260       1 
0261       1 
0262       1 
0263       1 
0264       1 
0265       1 
0266       1 
0267       1 
0268       1 
0269       1 
0270       1 
0271       1 
0272       1 
0273       1 
0274       1 
0275       1 
0276       1 
0277       1 
0278       1 
0279       1 
0280       1 
0281       1 
0282       1 
0283       1 
0284       1 
0285       1 
0286       1 
0287       1 
0288       1 
0289       1 
0290       1 
0291       1 
0292       1 
0293       1 
0294       1 
0295       1 
0296       1 
0297       1 
0298       1 
0299       1 
0300       1 
0301       1 
0302       1 
0303       1 
0304       1 
0305       1 
0306       1 
0307       1 
0308       1 
0309       1 
0310       1 
0311       1 
0312       1 
0313       1 
0314       1 
0315       1 
0316       1 
0317       1 
0318       1 
0319       1 
0320       1 
0321       1 
0322       1 
0323       1 
0324       1 
0325       1 
0326       17666 
0327       17666 
0328       17439 
0329       17278 
0330       17278 
0331       17148 
0332       16901 
0333       16808 
0334       16808 
0335       16622 
0336       16507 
0337       16390 
0338       16294 
0339       16152 
0340       16039 
0341       15958 
0342       15861 
0343       15720 
0344       15614 
0345       15531 
0346       15459 
0347       15284 
0348       15206 
0349       15082 
0350       15032 
0351       14924 
0352       14826 
0353       14724 
0354       14693 
0355       14529 
0356       14481 
0357       14379 
0358       14322 
0359       14209 
0360       14136 
0361       14039 
0362       13918 
0363       13902 
0364       13807 
0365       13689 
0366       13661 
0367       13560 
0368       13526 
0369       13396 
0370       13329 
0371       13274 
0372       13201 
0373       13146 
0374       12993 
0375       12803 
0376       12662 
0377       12606 
0378       12520 
0379       12459 
0380       12411 
0381       12341 
0382       12302 
0383       12235 
0384       12185 
0385       12097 
0386       12067 
0387       12014 
0388       11968 
0389       11921 
0390       11880 
0391       11836 
0392       11822 
0393       11815 
0394       11822 
0395       11815 
0396       11803 
0397       11761 
0398       11708 
0399       11655 
0400       11616 
0401       11586 
0402       11540 
0403       11484 
0404       11451 
0405       11392 
0406       11328 
0407       11311 
0408       11261 
0409       11230 
0410       11188 
0411       11117 
0412       11109 
0413       11055 
0414       11023 
0415       10965 
0416       10916 
0417       10912 
0418       10894 
0419       10840 
0420       10796 
0421       10748 
0422       10718 
0423       10686 
0424       10655 
0425       10631 
0426       10600 
0427       10519 
0428       10504 
0429       10484 
0430       10427 
0431       10425 
0432       10384 
0433       10346 
0434       10331 
0435       10301 
0436       10289 
0437       10262 
0438       10203 
0439       10161 
0440       10140 
0441       10117 
0442       10097 
0443       10070 
0444       10018 
0445       9994 
0446       9982 
0447       9962 
0448       9921 
0449       9897 
0450       9864 
0451       9833 
0452       9815 
0453       9793 
0454       9781 
0455       9746 
0456       9734 
0457       9709 
0458       9677 
0459       9643 
0460       9605 
0461       9582 
0462       9574 
0463       9536 
0464       9526 
0465       9510 
0466       9478 
0467       9470 
0468       9449 
0469       9433 
0470       9416 
0471       9403 
0472       9388 
0473       9343 
0474       9337 
0475       9313 
0476       9286 
0477       9265 
0478       9261 
0479       9227 
0480       9206 
0481       9198 
0482       9189 
0483       9164 
0484       9156 
0485       9126 
0486       9120 
0487       9082 
0488       9073 
0489       9055 
0490       9044 
0491       9041 
0492       9037 
0493       9016 
0494       9015 
0495       8981 
0496       8969 
0497       8968 
0498       8950 
0499       8928 
0500       8927 
0501       8905 
0502       8895 
0503       8874 
0504       8860 
0505       8855 
0506       8850 
0507       8850 
0508       8835 
0509       8820 
0510       8810 
0511       8788 
0512       8787 
0513       8782 
0514       8782 
0515       8766 
0516       8757 
0517       8753 
0518       8729 
0519       8719 
0520       8718 
0521       8718 
0522       8708 
0523       8682 
0524       8680 
0525       8667 
0526       8664 
0527       8650 
0528       8645 
0529       8636 
0530       8636 
0531       8636 
0532       8636 
0533       8621 
0534       8613 
0535       8608 
0536       8597 
0537       8589 
0538       8583 
0539       8583 
0540       8583 
0541       8577 
0542       8568 
0543       8568 
0544       8558 
0545       8546 
0546       8546 
0547       8551 
0548       8551 
0549       8542 
0550       8533 
0551       8533 
0552       8529 
0553       8529 
0554       8527 
0555       8524 
0556       8527 
0557       8529 
0558       8533 
0559       8533 
0560       8532 
0561       8516 
0562       8516 
0563       8509 
0564       8515 
0565       8515 
0566       8515 
0567       8519 
0568       8519 
0569       8519 
0570       8521 
0571       8521 
0572       8521 
0573       8511 
0574       8521 
0575       8541 
0576       8541 
0577       8541 
0578       8539 
0579       8541 
0580       8534 
0581       8534 
0582       8534 
0583       8542 
0584       8544 
0585       8544 
0586       8549 
0587       8549 
0588       8564 
0589       8565 
0590       8565 
0591       8571 
0592       8571 
0593       8573 
0594       8595 
0595       8599 
0596       8606 
0597       8608 
0598       8606 
0599       8605 
0600       8605 
0601       8613 
0602       8629 
0603       8631 
0604       8633 
0605       8636 
0606       8642 
0607       8642 
0608       8641 
0609       8641 
0610       8653 
0611       8676 
0612       8676 
0613       8665 
0614       8665 
0615       8691 
0616       8706 
0617       8711 
0618       8714 
0619       8730 
0620       8733 
0621       8746 
0622       8767 
0623       8771 
0624       8771 
0625       8771 
0626       8787 
0627       8787 
0628       8823 
0629       8838 
0630       8847 
0631       8854 
0632       8867 
0633       8873 
0634       8885 
0635       8896 
0636       8899 
0637       8912 
0638       8918 
0639       8923 
0640       8941 
0641       8956 
0642       8965 
0643       8967 
0644       8992 
0645       9009 
0646       9019 
0647       9030 
0648       9039 
0649       9040 
0650       9060 
0651       9068 
0652       9081 
0653       9102 
0654       9127 
0655       9135 
0656       9141 
0657       9149 
0658       9175 
0659       9210 
0660       9212 
0661       9229 
0662       9237 
0663       9244 
0664       9274 
0665       9303 
0666       9316 
0667       9330 
0668       9332 
0669       9378 
0670       9380 
0671       9398 
0672       9413 
0673       9451 
0674       9451 
0675       9489 
0676       9506 
0677       9524 
0678       9534 
0679       9566 
0680       9585 
0681       9614 
0682       9615 
0683       9641 
0684       9687 
0685       9704 
0686       9744 
0687       9744 
0688       9799 
0689       9810 
0690       9826 
0691       9869 
0692       9873 
0693       9896 
0694       9932 
0695       9980 
0696       9992 
0697       10020 
0698       10038 
0699       10089 
0700       10111 
0701       10141 
0702       10146 
0703       10192 
0704       10217 
0705       10241 
0706       10280 
0707       10280 
0708       10283 
0709       10272 
0710       10272 
0711       10272 
0712       10295 
0713       10297 
0714       10330 
0715       10334 
0716       10372 
0717       10401 
0718       10449 
0719       10494 
0720       10509 
0721       10534 
0722       10590 
0723       10616 
0724       10635 
0725       10683 
0726       10685 
0727       10717 
0728       10735 
0729       10735 
0730       7939 
0731       7877 
0732       7919 
0733       7939 
0734       7964 
0735       7987 
0736       8004 
0737       8043 
0738       8091 
0739       8127 
0740       8160 
0741       8175 
0742       8191 
0743       8206 
0744       8209 
0745       8209 
0746       8206 
0747       8184 
0748       8156 
0749       8124 
0750       8072 
0751       8011 
0752       8008 
0753       7973 
0754       7939 
0755       7909 
0756       7890 
0757       7847 
0758       7813 
0759       7776 
0760       7733 
0761       7731 
0762       5784 
0763       5777 
0764       5766 
0765       5752 
0766       5733 
0767       5721 
0768       5678 
0769       5625 
0770       5625 
0771       5564 
0772       5526 
0773       5501 
0774       5488 
0775       5438 
0776       5375 
0777       5362 
0778       5322 
0779       5287 
0780       5246 
0781       5195 
0782       5163 
0783       5111 
0784       5076 
0785       5036 
0786       5027 
0787       5014 
0788       4998 
0789       4998 
0790       4998 
0791       5003 
0792       5014 
0793       5021 
0794       5059 
0795       5102 
0796       5142 
0797       5174 
0798       5204 
0799       5226 
0800       5289 
0801       5321 
0802       5369 
0803       5420 
0804       5466 
0805       5483 
0806       5544 
0807       5585 
0808       5656 
0809       5732 
0810       5838 
0811       5889 
0812       5951 
0813       6023 
0814       6073 
0815       6157 
0816       6214 
0817       6277 
0818       6336 
0819       6381 
0820       6415 
0821       6488 
0822       6546 
0823       6605 
0824       6675 
0825       6719 
0826       6787 
0827       6855 
0828       6942 
0829       6999 
0830       7087 
0831       7137 
0832       7189 
0833       7256 
0834       7348 
0835       7392 
0836       7451 
0837       7510 
0838       7602 
0839       7680 
0840       7733 
0841       7804 
0842       7863 
0843       7888 
0844       7935 
0845       8016 
0846       8107 
0847       8255 
0848       8503 
0849       8641 
0850       8641 
0851       8640 
0852       8630 
0853       8621 
0854       8599 
0855       8593 
0856       8577 
0857       8570 
0858       8559 
0859       8558 
0860       8559 
0861       10120 
0862       10274 
0863       10429 
0864       10579 
0865       10735 
0866       10906 
0867       11022 
0868       11165 
0869       11445 
0870       11630 
0871       11772 
0872       12000 
0873       12164 
0874       12432 
0875       12679 
0876       12930 
0877       13164 
0878       13409 
0879       13681 
0880       13681 
0881       1 
0882       1 
0883       1 
0884       15105 
0885       15105 
0886       15105 
0887       15105 
0888       22617 
0889       22639 
0890       22625 
0891       22625 
0892       22599 
0893       22566 
0894       22556 
0895       22545 
0896       22528 
0897       22517 
0898       22517 
0899       22517 
0900       22481 
0901       22481 
0902       22758 
0903       22758 
0904       22758 
0905       1 
0906       1 
0907       1 
0908       1 
0909       1 
0910       22706 
0911       22706 
0912       22676 
0913       22676 
0914       22676 
0915       22688 
0916       22672 
0917       22598 
0918       22372 
0919       22372 
0920       22372 
0921       22387 
0922       22365 
0923       22365 
0924       22362 
0925       22362 
0926       22348 
0927       22364 
0928       22359 
0929       22364 
0930       22359 
0931       22169 
0932       22169 
0933       1 
0934       1 
0935       26196 
0936       26196 
0937       26196 
0938       26185 
0939       1 
0940       1 
0941       1 
0942       1 
0943       1 
0944       26193 
0945       26275 
0946       26275 
0947       1 
0948       1 
0949       1 
0950       1 
0951       1 
0952       1 
0953       1 
0954       1 
0955       1 
0956       1 
0957       1 
0958       1 
0959       1 
0960       1 
0961       1 
0962       1 
0963       1 
0964       1 
0965       1 
0966       1 
0967       1 
0968       1 
0969       1 
0970       1 
0971       1 
0972       1 
0973       1 
0974       1 
0975       1 
0976       1 
0977       1 
0978       1 
0979       1 
0980       1 
0981       1 
0982       1 
0983       1 
0984       1 
0985       1 
0986       1 
0987       1 
0988       1 
0989       1 
0990       1 
0991       1 
0992       1 
0993       1 
0994       1 
0995       1 
0996       1 
0997       1 
0998       1 
0999       1 
1000       1 
1001       1 
1002       1 
1003       1 
1004       1 
1005       1 
1006       4 
1007       4 
1008       4 
1009       55 
1010       56 
1011       61 
1012       61 
1013       61 
1014       61 
1015       61 
1016       45 
1017       61 
1018       61 
1019       42 
1020       42 
1021       58 
1022       58 
1023       59 
1024       69 
1025       69 
1026       68 
1027       68 
1028       68 
1029       62 
1030       59 
1031       49 
1032       49 
1033       49 
1034       60 
1035       63 
1036       63 
1037       64 
1038       64 
1039       64 
1040       64 
1041       64 
1042       62 
1043       62 
1044       62 
1045       66 
1046       66 
1047       68 
1048       66 
1049       64 
1050       64 
1051       70 
1052       62 
1053       62 
1054       70 
1055       69 
1056       69 
1057       69 
1058       69 
1059       69 
1060       69 
1061       72 
1062       72 
1063       72 
1064       70 
1065       70 
1066       67 
1067       67 
1068       71 
1069       71 
1070       70 
1071       72 
1072       70 
1073       63 
1074       70 
1075       71 
1076       64 
1077       69 
1078       69 
1079       66 
1297966627.210901
