0000       1 
0001       1 
0002       1 
0003       1 
0004       1 
0005       1 
0006       1 
0007       1 
0008       1 
0009       1 
0010       1 
0011       1 
0012       1 
0013       1 
0014       1 
0015       1 
0016       1 
0017       1 
0018       1 
0019       1 
0020       1 
0021       1 
0022       1 
0023       1 
0024       1 
0025       1 
0026       1 
0027       1 
0028       1 
0029       1 
0030       1 
0031       1 
0032       1 
0033       1 
0034       1 
0035       1 
0036       1 
0037       1 
0038       1 
0039       1 
0040       1 
0041       1 
0042       1 
0043       1 
0044       1 
0045       1 
0046       1 
0047       1 
0048       1 
0049       1 
0050       1 
0051       1 
0052       1 
0053       1 
0054       1 
0055       1 
0056       1 
0057       4638 
0058       4641 
0059       4641 
0060       4641 
0061       4633 
0062       4633 
0063       4626 
0064       4623 
0065       4607 
0066       4600 
0067       4589 
0068       4588 
0069       4584 
0070       4583 
0071       4575 
0072       4575 
0073       4575 
0074       4560 
0075       4556 
0076       4553 
0077       4547 
0078       4545 
0079       4545 
0080       4539 
0081       4532 
0082       4523 
0083       4515 
0084       4511 
0085       4509 
0086       4509 
0087       4500 
0088       4498 
0089       4493 
0090       4492 
0091       4488 
0092       4484 
0093       4482 
0094       4471 
0095       4471 
0096       4465 
0097       4464 
0098       4459 
0099       4453 
0100       4450 
0101       4450 
0102       4450 
0103       4450 
0104       4450 
0105       4450 
0106       4449 
0107       4444 
0108       4437 
0109       4437 
0110       4437 
0111       4438 
0112       4437 
0113       4429 
0114       4428 
0115       4429 
0116       4429 
0117       4430 
0118       4431 
0119       4431 
0120       4433 
0121       4434 
0122       4434 
0123       4432 
0124       4432 
0125       4427 
0126       4425 
0127       4425 
0128       4425 
0129       4425 
0130       4417 
0131       4425 
0132       4417 
0133       4417 
0134       4425 
0135       4426 
0136       4426 
0137       4426 
0138       4427 
0139       4427 
0140       4427 
0141       4427 
0142       4427 
0143       4429 
0144       4430 
0145       4434 
0146       4437 
0147       4437 
0148       4437 
0149       4436 
0150       4436 
0151       4436 
0152       4436 
0153       4436 
0154       4440 
0155       4447 
0156       4447 
0157       4450 
0158       4450 
0159       4448 
0160       4450 
0161       4450 
0162       4458 
0163       4459 
0164       4462 
0165       4469 
0166       4469 
0167       4470 
0168       4475 
0169       4477 
0170       4481 
0171       4486 
0172       4491 
0173       4494 
0174       4495 
0175       4499 
0176       4503 
0177       4512 
0178       4517 
0179       4517 
0180       4517 
0181       4517 
0182       4522 
0183       4538 
0184       4545 
0185       4547 
0186       4547 
0187       4557 
0188       4565 
0189       4565 
0190       4566 
0191       4567 
0192       4575 
0193       4588 
0194       4598 
0195       4598 
0196       4600 
0197       4600 
0198       4623 
0199       4624 
0200       4627 
0201       4631 
0202       4633 
0203       4645 
0204       4652 
0205       4657 
0206       4658 
0207       4665 
0208       4675 
0209       4675 
0210       4697 
0211       4703 
0212       4704 
0213       4718 
0214       4724 
0215       4733 
0216       4741 
0217       4742 
0218       4748 
0219       4767 
0220       4770 
0221       4775 
0222       4786 
0223       4801 
0224       4802 
0225       4805 
0226       4807 
0227       4832 
0228       4926 
0229       5110 
0230       5115 
0231       5118 
0232       5128 
0233       5144 
0234       5144 
0235       5156 
0236       5170 
0237       5180 
0238       5195 
0239       5207 
0240       5213 
0241       5251 
0242       5256 
0243       5273 
0244       5287 
0245       5296 
0246       5347 
0247       5354 
0248       5358 
0249       5360 
0250       5360 
0251       5384 
0252       5508 
0253       5508 
0254       5508 
0255       1 
0256       1 
0257       1 
0258       1 
0259       1 
0260       6090 
0261       6090 
0262       6018 
0263       5999 
0264       5925 
0265       5863 
0266       5807 
0267       5785 
0268       5746 
0269       5702 
0270       5681 
0271       5648 
0272       5648 
0273       5654 
0274       5654 
0275       5649 
0276       5643 
0277       5636 
0278       5607 
0279       5584 
0280       5576 
0281       5576 
0282       5606 
0283       5636 
0284       5651 
0285       5673 
0286       5695 
0287       5714 
0288       5875 
0289       5913 
0290       5934 
0291       5936 
0292       5953 
0293       5954 
0294       5958 
0295       5976 
0296       5992 
0297       5997 
0298       6022 
0299       6038 
0300       6050 
0301       6065 
0302       6066 
0303       6099 
0304       6114 
0305       6133 
0306       6151 
0307       6170 
0308       6197 
0309       6228 
0310       6230 
0311       6278 
0312       6307 
0313       6335 
0314       6348 
0315       6382 
0316       6404 
0317       6441 
0318       6462 
0319       6510 
0320       6539 
0321       6573 
0322       6595 
0323       6621 
0324       6676 
0325       6683 
0326       6727 
0327       6769 
0328       6808 
0329       6824 
0330       6858 
0331       6902 
0332       6942 
0333       6993 
0334       7021 
0335       7046 
0336       7093 
0337       7125 
0338       7157 
0339       7221 
0340       7265 
0341       7310 
0342       7342 
0343       7391 
0344       7440 
0345       7483 
0346       7531 
0347       7572 
0348       7614 
0349       7666 
0350       7723 
0351       7764 
0352       7795 
0353       7844 
0354       7884 
0355       7910 
0356       7951 
0357       7987 
0358       7993 
0359       8045 
0360       8068 
0361       8130 
0362       8168 
0363       8210 
0364       8284 
0365       8352 
0366       8398 
0367       8400 
0368       8400 
0369       8367 
0370       8344 
0371       8323 
0372       8307 
0373       8283 
0374       8266 
0375       8259 
0376       8229 
0377       8206 
0378       8184 
0379       8177 
0380       8150 
0381       8144 
0382       8123 
0383       8101 
0384       8079 
0385       8058 
0386       8053 
0387       8034 
0388       8018 
0389       8000 
0390       7985 
0391       7956 
0392       7933 
0393       7920 
0394       7912 
0395       7894 
0396       7887 
0397       7856 
0398       7852 
0399       7830 
0400       7828 
0401       7801 
0402       7787 
0403       7784 
0404       7769 
0405       7749 
0406       7733 
0407       7718 
0408       7713 
0409       7692 
0410       7681 
0411       7678 
0412       7669 
0413       7661 
0414       7651 
0415       7635 
0416       7634 
0417       7615 
0418       7615 
0419       7612 
0420       7603 
0421       7597 
0422       7592 
0423       7577 
0424       7574 
0425       7577 
0426       7615 
0427       7635 
0428       7730 
0429       7760 
0430       7826 
0431       7948 
0432       8141 
0433       8163 
0434       8301 
0435       8317 
0436       8345 
0437       8368 
0438       8368 
0439       8373 
0440       8366 
0441       8373 
0442       8356 
0443       8356 
0444       8356 
0445       8356 
0446       8346 
0447       8336 
0448       8336 
0449       8319 
0450       6457 
0451       6453 
0452       6453 
0453       6482 
0454       6510 
0455       6518 
0456       6544 
0457       6545 
0458       6574 
0459       6585 
0460       6588 
0461       6599 
0462       6619 
0463       6635 
0464       6648 
0465       6676 
0466       6677 
0467       6703 
0468       6744 
0469       6744 
0470       6746 
0471       6796 
0472       6805 
0473       6811 
0474       6828 
0475       6855 
0476       6869 
0477       6872 
0478       6898 
0479       6927 
0480       6934 
0481       6955 
0482       6976 
0483       6985 
0484       7014 
0485       7042 
0486       7043 
0487       7075 
0488       7095 
0489       7104 
0490       7139 
0491       7165 
0492       7177 
0493       7200 
0494       7253 
0495       7270 
0496       7290 
0497       7316 
0498       7325 
0499       7333 
0500       7356 
0501       7386 
0502       7395 
0503       7414 
0504       7472 
0505       7487 
0506       7511 
0507       7524 
0508       7575 
0509       7586 
0510       7609 
0511       7621 
0512       7643 
0513       7724 
0514       7726 
0515       7742 
0516       7871 
0517       8073 
0518       8227 
0519       8245 
0520       8257 
0521       8272 
0522       8272 
0523       8278 
0524       8285 
0525       8286 
0526       8295 
0527       8314 
0528       8322 
0529       8341 
0530       8351 
0531       8371 
0532       8387 
0533       8432 
0534       8453 
0535       8462 
0536       8511 
0537       8512 
0538       8515 
0539       8519 
0540       8559 
0541       8563 
0542       8564 
0543       8575 
0544       8585 
0545       8598 
0546       8614 
0547       8619 
0548       8626 
0549       8629 
0550       8653 
0551       8659 
0552       8661 
0553       8669 
0554       8691 
0555       8703 
0556       8720 
0557       8730 
0558       8736 
0559       8751 
0560       8752 
0561       8770 
0562       8788 
0563       8799 
0564       8805 
0565       8821 
0566       8851 
0567       8859 
0568       8859 
0569       8890 
0570       8912 
0571       8923 
0572       8925 
0573       8942 
0574       8951 
0575       8986 
0576       8991 
0577       9000 
0578       9018 
0579       9035 
0580       9053 
0581       9081 
0582       9081 
0583       9093 
0584       9120 
0585       9142 
0586       9150 
0587       9168 
0588       9173 
0589       9168 
0590       9079 
0591       8944 
0592       8830 
0593       8755 
0594       8733 
0595       8719 
0596       8719 
0597       8725 
0598       8734 
0599       8731 
0600       8731 
0601       8684 
0602       8653 
0603       8650 
0604       8653 
0605       8656 
0606       8662 
0607       8698 
0608       8698 
0609       8702 
0610       8702 
0611       8792 
0612       8960 
0613       9004 
0614       9029 
0615       9047 
0616       9286 
0617       9317 
0618       9623 
0619       9779 
0620       9895 
0621       9930 
0622       9935 
0623       9962 
0624       10007 
0625       10030 
0626       10043 
0627       10090 
0628       10117 
0629       10152 
0630       10170 
0631       10214 
0632       10232 
0633       10272 
0634       10288 
0635       10330 
0636       10347 
0637       10372 
0638       10396 
0639       10434 
0640       10470 
0641       10531 
0642       10567 
0643       10604 
0644       10613 
0645       10667 
0646       10698 
0647       10728 
0648       10781 
0649       10810 
0650       10858 
0651       10894 
0652       10920 
0653       10970 
0654       11004 
0655       11062 
0656       11095 
0657       11145 
0658       11187 
0659       11249 
0660       11275 
0661       11319 
0662       11378 
0663       11426 
0664       11462 
0665       11547 
0666       11568 
0667       11616 
0668       11666 
0669       11703 
0670       11758 
0671       11810 
0672       11851 
0673       11926 
0674       11961 
0675       12026 
0676       12095 
0677       12152 
0678       12205 
0679       12229 
0680       12254 
0681       12341 
0682       12356 
0683       12380 
0684       12426 
0685       12537 
0686       12684 
0687       12684 
0688       1 
0689       1 
0690       1 
0691       1 
0692       1 
0693       1 
0694       1 
0695       1 
0696       1 
0697       1 
0698       1 
0699       1 
0700       1 
0701       1 
0702       1 
0703       1 
0704       1 
0705       1 
0706       1 
0707       1 
0708       1 
0709       1 
0710       1 
0711       12840 
0712       12840 
0713       12817 
0714       12748 
0715       12732 
0716       12702 
0717       12690 
0718       12647 
0719       12647 
0720       12745 
0721       12804 
0722       12865 
0723       12865 
0724       12865 
0725       1 
0726       14970 
0727       15719 
0728       15719 
0729       15656 
0730       15617 
0731       15580 
0732       15540 
0733       15481 
0734       15479 
0735       15412 
0736       15395 
0737       15370 
0738       15306 
0739       15267 
0740       15242 
0741       15216 
0742       15180 
0743       15180 
0744       15205 
0745       15244 
0746       15285 
0747       15309 
0748       17237 
0749       17237 
0750       15115 
0751       15081 
0752       15059 
0753       15027 
0754       15006 
0755       14938 
0756       14938 
0757       14933 
0758       14889 
0759       14867 
0760       14856 
0761       14773 
0762       14586 
0763       14539 
0764       14521 
0765       14486 
0766       14456 
0767       14448 
0768       14399 
0769       14385 
0770       14372 
0771       14336 
0772       14314 
0773       14294 
0774       14285 
0775       14266 
0776       14239 
0777       14204 
0778       14193 
0779       14175 
0780       14143 
0781       14114 
0782       14100 
0783       14099 
0784       14068 
0785       14058 
0786       14044 
0787       14033 
0788       14006 
0789       13993 
0790       14006 
0791       14017 
0792       14051 
0793       14136 
0794       14136 
0795       14149 
0796       16003 
0797       16003 
0798       16003 
0799       16016 
0800       16173 
0801       16184 
0802       16173 
0803       1 
0804       1 
0805       1 
0806       1 
0807       1 
0808       1 
0809       1 
0810       1 
0811       13840 
0812       13840 
0813       13710 
0814       13660 
0815       13647 
0816       13646 
0817       13629 
0818       13625 
0819       13605 
0820       13605 
0821       13610 
0822       13613 
0823       13749 
0824       13752 
0825       13758 
0826       13758 
0827       13756 
0828       13744 
0829       13753 
0830       13730 
0831       13753 
0832       15731 
0833       15731 
0834       1 
0835       1 
0836       1 
0837       1 
0838       1 
0839       1 
0840       1 
0841       1 
0842       1 
0843       1 
0844       1 
0845       1 
0846       1 
0847       1 
0848       1 
0849       1 
0850       1 
0851       1 
0852       1 
0853       1 
0854       1 
0855       1 
0856       1 
0857       1 
0858       1 
0859       1 
0860       1 
0861       1 
0862       1 
0863       1 
0864       1 
0865       1 
0866       1 
0867       1 
0868       1 
0869       1 
0870       1 
0871       1 
0872       1 
0873       1 
0874       1 
0875       1 
0876       1 
0877       1 
0878       1 
0879       1 
0880       1 
0881       1 
0882       1 
0883       1 
0884       1 
0885       1 
0886       1 
0887       1 
0888       1 
0889       1 
0890       1 
0891       1 
0892       1 
0893       1 
0894       1 
0895       1 
0896       1 
0897       1 
0898       1 
0899       1 
0900       1 
0901       1 
0902       1 
0903       1 
0904       1 
0905       1 
0906       1 
0907       1 
0908       1 
0909       1 
0910       1 
0911       1 
0912       1 
0913       1 
0914       1 
0915       1 
0916       1 
0917       1 
0918       1 
0919       1 
0920       1 
0921       1 
0922       1 
0923       1 
0924       1 
0925       1 
0926       1 
0927       1 
0928       1 
0929       1 
0930       1 
0931       1 
0932       1 
0933       1 
0934       1 
0935       1 
0936       1 
0937       1 
0938       1 
0939       1 
0940       1 
0941       1 
0942       1 
0943       1 
0944       1 
0945       1 
0946       1 
0947       1 
0948       1 
0949       1 
0950       1 
0951       1 
0952       1 
0953       1 
0954       1 
0955       1 
0956       1 
0957       1 
0958       1 
0959       1 
0960       1 
0961       1 
0962       1 
0963       1 
0964       1 
0965       1 
0966       1 
0967       1 
0968       1 
0969       1 
0970       1 
0971       1 
0972       1 
0973       1 
0974       1 
0975       1 
0976       1 
0977       1 
0978       1 
0979       1 
0980       1 
0981       1 
0982       1 
0983       1 
0984       1 
0985       1 
0986       1 
0987       1 
0988       1 
0989       1 
0990       1 
0991       1 
0992       1 
0993       1 
0994       1 
0995       1 
0996       1 
0997       1 
0998       1 
0999       1 
1000       1 
1001       1 
1002       1 
1003       1 
1004       1 
1005       1 
1006       1 
1007       1 
1008       4 
1009       4 
1010       4 
1011       46 
1012       46 
1013       53 
1014       46 
1015       46 
1016       50 
1017       45 
1018       45 
1019       50 
1020       53 
1021       53 
1022       65 
1023       65 
1024       51 
1025       51 
1026       55 
1027       55 
1028       55 
1029       55 
1030       55 
1031       50 
1032       50 
1033       50 
1034       52 
1035       62 
1036       70 
1037       72 
1038       72 
1039       73 
1040       72 
1041       74 
1042       72 
1043       72 
1044       68 
1045       68 
1046       68 
1047       68 
1048       68 
1049       67 
1050       64 
1051       60 
1052       58 
1053       60 
1054       63 
1055       63 
1056       67 
1057       67 
1058       70 
1059       70 
1060       64 
1061       64 
1062       62 
1063       62 
1064       62 
1065       62 
1066       62 
1067       64 
1068       64 
1069       67 
1070       68 
1071       68 
1072       71 
1073       71 
1074       68 
1075       66 
1076       65 
1077       65 
1078       68 
1079       63 
1297966711.600389
