0000       1 
0001       1 
0002       1 
0003       1 
0004       1 
0005       1 
0006       1 
0007       1 
0008       1 
0009       1 
0010       1 
0011       1 
0012       1 
0013       1 
0014       1 
0015       1 
0016       1 
0017       1 
0018       1 
0019       1 
0020       1 
0021       1 
0022       1 
0023       1 
0024       1 
0025       1 
0026       1 
0027       1 
0028       1 
0029       1 
0030       1 
0031       1 
0032       1 
0033       1 
0034       1 
0035       1 
0036       1 
0037       1 
0038       1 
0039       1 
0040       1 
0041       1 
0042       1 
0043       1 
0044       1 
0045       1 
0046       1 
0047       1 
0048       1 
0049       1 
0050       1 
0051       1 
0052       1 
0053       1 
0054       1 
0055       1 
0056       1 
0057       1 
0058       1 
0059       1 
0060       1 
0061       1 
0062       1 
0063       1 
0064       1 
0065       1 
0066       1 
0067       1 
0068       1 
0069       1 
0070       1 
0071       1 
0072       1 
0073       1 
0074       1 
0075       1 
0076       1 
0077       1 
0078       1 
0079       1 
0080       1 
0081       1 
0082       1 
0083       1 
0084       1 
0085       1 
0086       1 
0087       1 
0088       1 
0089       1 
0090       1 
0091       1 
0092       1 
0093       1 
0094       1 
0095       1 
0096       1 
0097       1 
0098       1 
0099       1 
0100       1 
0101       1 
0102       1 
0103       1 
0104       1 
0105       1 
0106       1 
0107       1 
0108       1 
0109       1 
0110       1 
0111       1 
0112       1 
0113       1 
0114       1 
0115       1 
0116       1 
0117       1 
0118       1 
0119       1 
0120       1 
0121       1 
0122       1 
0123       1 
0124       1 
0125       1 
0126       1 
0127       1 
0128       1 
0129       1 
0130       1 
0131       1 
0132       1 
0133       1 
0134       1 
0135       1 
0136       1 
0137       1 
0138       1 
0139       1 
0140       1 
0141       1 
0142       1 
0143       1 
0144       1 
0145       1 
0146       1 
0147       1 
0148       1 
0149       1 
0150       1 
0151       1 
0152       1 
0153       1 
0154       1 
0155       1 
0156       1 
0157       1 
0158       1 
0159       1 
0160       1 
0161       1 
0162       1 
0163       1 
0164       1 
0165       1 
0166       1 
0167       1 
0168       1 
0169       1 
0170       1 
0171       1 
0172       1 
0173       1 
0174       1 
0175       1 
0176       1 
0177       1 
0178       1 
0179       1 
0180       1 
0181       1 
0182       1 
0183       1 
0184       1 
0185       1 
0186       1 
0187       1 
0188       1 
0189       1 
0190       1 
0191       1 
0192       1 
0193       1 
0194       1 
0195       1 
0196       1 
0197       1 
0198       1 
0199       1 
0200       1 
0201       1 
0202       1 
0203       1 
0204       1 
0205       1 
0206       1 
0207       1 
0208       1 
0209       1 
0210       1 
0211       1 
0212       1 
0213       1 
0214       1 
0215       1 
0216       1 
0217       1 
0218       1 
0219       1 
0220       1 
0221       1 
0222       1 
0223       1 
0224       1 
0225       1 
0226       1 
0227       1 
0228       1 
0229       1 
0230       1 
0231       1 
0232       1 
0233       1 
0234       1 
0235       1 
0236       1 
0237       1 
0238       1 
0239       1 
0240       19171 
0241       19171 
0242       19171 
0243       19171 
0244       1 
0245       1 
0246       1 
0247       1 
0248       1 
0249       1 
0250       1 
0251       1 
0252       1 
0253       1 
0254       1 
0255       1 
0256       1 
0257       1 
0258       1 
0259       1 
0260       1 
0261       1 
0262       1 
0263       1 
0264       1 
0265       1 
0266       1 
0267       1 
0268       1 
0269       1 
0270       29344 
0271       29344 
0272       29344 
0273       1 
0274       1 
0275       1 
0276       1 
0277       1 
0278       1 
0279       1 
0280       1 
0281       1 
0282       1 
0283       1 
0284       1 
0285       1 
0286       1 
0287       1 
0288       1 
0289       1 
0290       1 
0291       1 
0292       1 
0293       1 
0294       1 
0295       1 
0296       1 
0297       1 
0298       1 
0299       1 
0300       1 
0301       1 
0302       1 
0303       1 
0304       1 
0305       1 
0306       1 
0307       1 
0308       1 
0309       1 
0310       1 
0311       1 
0312       1 
0313       1 
0314       1 
0315       1 
0316       1 
0317       1 
0318       1 
0319       1 
0320       1 
0321       1 
0322       17677 
0323       17677 
0324       17546 
0325       17462 
0326       17234 
0327       17149 
0328       17006 
0329       16880 
0330       16769 
0331       16626 
0332       16538 
0333       16429 
0334       16315 
0335       16139 
0336       16060 
0337       15940 
0338       15838 
0339       15744 
0340       15596 
0341       15503 
0342       15409 
0343       15280 
0344       15188 
0345       15091 
0346       14974 
0347       14913 
0348       14802 
0349       14725 
0350       14621 
0351       14549 
0352       14486 
0353       14367 
0354       14269 
0355       14204 
0356       14101 
0357       14042 
0358       13973 
0359       13862 
0360       13792 
0361       13721 
0362       13625 
0363       13557 
0364       13479 
0365       13431 
0366       13306 
0367       13255 
0368       13181 
0369       13152 
0370       13006 
0371       12793 
0372       12668 
0373       12590 
0374       12520 
0375       12471 
0376       12385 
0377       12349 
0378       12288 
0379       12215 
0380       12149 
0381       12142 
0382       12060 
0383       12004 
0384       11944 
0385       11903 
0386       11854 
0387       11819 
0388       11810 
0389       11819 
0390       11810 
0391       11809 
0392       11777 
0393       11745 
0394       11700 
0395       11679 
0396       11622 
0397       11584 
0398       11521 
0399       11457 
0400       11428 
0401       11380 
0402       11339 
0403       11291 
0404       11254 
0405       11206 
0406       11177 
0407       11140 
0408       11095 
0409       11039 
0410       10988 
0411       10981 
0412       10896 
0413       10891 
0414       10859 
0415       10817 
0416       10780 
0417       10737 
0418       10705 
0419       10657 
0420       10642 
0421       10602 
0422       10565 
0423       10550 
0424       10501 
0425       10470 
0426       10438 
0427       10404 
0428       10372 
0429       10345 
0430       10331 
0431       10288 
0432       10236 
0433       10235 
0434       10184 
0435       10155 
0436       10138 
0437       10090 
0438       10059 
0439       10059 
0440       10014 
0441       9999 
0442       9936 
0443       9913 
0444       9897 
0445       9880 
0446       9874 
0447       9823 
0448       9802 
0449       9768 
0450       9742 
0451       9720 
0452       9718 
0453       9670 
0454       9670 
0455       9634 
0456       9594 
0457       9586 
0458       9554 
0459       9549 
0460       9519 
0461       9473 
0462       9450 
0463       9436 
0464       9403 
0465       9394 
0466       9385 
0467       9352 
0468       9325 
0469       9316 
0470       9308 
0471       9297 
0472       9289 
0473       9246 
0474       9227 
0475       9227 
0476       9218 
0477       9184 
0478       9172 
0479       9142 
0480       9138 
0481       9134 
0482       9112 
0483       9087 
0484       9079 
0485       9045 
0486       9039 
0487       9012 
0488       9001 
0489       8985 
0490       8975 
0491       8959 
0492       8946 
0493       8945 
0494       8928 
0495       8908 
0496       8901 
0497       8899 
0498       8891 
0499       8859 
0500       8847 
0501       8842 
0502       8834 
0503       8823 
0504       8816 
0505       8794 
0506       8786 
0507       8772 
0508       8750 
0509       8749 
0510       8749 
0511       8746 
0512       8736 
0513       8719 
0514       8719 
0515       8706 
0516       8697 
0517       8689 
0518       8664 
0519       8663 
0520       8650 
0521       8643 
0522       8641 
0523       8629 
0524       8627 
0525       8618 
0526       8617 
0527       8613 
0528       8607 
0529       8606 
0530       8578 
0531       8576 
0532       8576 
0533       8583 
0534       8583 
0535       8566 
0536       8561 
0537       8553 
0538       8541 
0539       8541 
0540       8541 
0541       8534 
0542       8534 
0543       8527 
0544       8526 
0545       8511 
0546       8510 
0547       8507 
0548       8510 
0549       8502 
0550       8519 
0551       8511 
0552       8511 
0553       8495 
0554       8492 
0555       8492 
0556       8492 
0557       8502 
0558       8504 
0559       8504 
0560       8500 
0561       8494 
0562       8489 
0563       8489 
0564       8492 
0565       8492 
0566       8492 
0567       8492 
0568       8498 
0569       8503 
0570       8498 
0571       8506 
0572       8496 
0573       8506 
0574       8503 
0575       8510 
0576       8528 
0577       8528 
0578       8523 
0579       8523 
0580       8523 
0581       8524 
0582       8525 
0583       8544 
0584       8538 
0585       8545 
0586       8556 
0587       8568 
0588       8568 
0589       8568 
0590       8567 
0591       8577 
0592       8574 
0593       8583 
0594       8587 
0595       8587 
0596       8593 
0597       8593 
0598       8606 
0599       8627 
0600       8627 
0601       8627 
0602       8625 
0603       8627 
0604       8627 
0605       8637 
0606       8648 
0607       8648 
0608       8636 
0609       8636 
0610       8642 
0611       8655 
0612       8656 
0613       8697 
0614       8712 
0615       8708 
0616       8712 
0617       8712 
0618       8733 
0619       8739 
0620       8743 
0621       8763 
0622       8763 
0623       8766 
0624       8786 
0625       8810 
0626       8826 
0627       8827 
0628       8833 
0629       8834 
0630       8848 
0631       8853 
0632       8873 
0633       8884 
0634       8892 
0635       8892 
0636       8901 
0637       8915 
0638       8932 
0639       8941 
0640       8958 
0641       8961 
0642       8969 
0643       8988 
0644       8992 
0645       9006 
0646       9031 
0647       9036 
0648       9059 
0649       9073 
0650       9098 
0651       9112 
0652       9122 
0653       9134 
0654       9150 
0655       9169 
0656       9194 
0657       9199 
0658       9231 
0659       9238 
0660       9264 
0661       9276 
0662       9286 
0663       9299 
0664       9314 
0665       9340 
0666       9358 
0667       9387 
0668       9397 
0669       9405 
0670       9417 
0671       9458 
0672       9479 
0673       9494 
0674       9510 
0675       9525 
0676       9569 
0677       9594 
0678       9609 
0679       9626 
0680       9673 
0681       9690 
0682       9696 
0683       9716 
0684       9753 
0685       9784 
0686       9785 
0687       9810 
0688       9821 
0689       9866 
0690       9901 
0691       9954 
0692       9965 
0693       9965 
0694       9963 
0695       9962 
0696       9947 
0697       9947 
0698       9958 
0699       9979 
0700       9986 
0701       10027 
0702       10031 
0703       10076 
0704       10080 
0705       10110 
0706       10153 
0707       10179 
0708       10195 
0709       10239 
0710       10262 
0711       10273 
0712       10276 
0713       10296 
0714       10345 
0715       10388 
0716       10388 
0717       7601 
0718       7601 
0719       7628 
0720       7642 
0721       7679 
0722       7704 
0723       7752 
0724       7758 
0725       7796 
0726       7800 
0727       7848 
0728       7887 
0729       7890 
0730       7890 
0731       7890 
0732       7890 
0733       7898 
0734       7908 
0735       7928 
0736       7946 
0737       7973 
0738       8010 
0739       8014 
0740       8051 
0741       8086 
0742       8135 
0743       8159 
0744       8135 
0745       1 
0746       1 
0747       1 
0748       1 
0749       5333 
0750       5530 
0751       5535 
0752       5535 
0753       5507 
0754       5477 
0755       5466 
0756       5444 
0757       5391 
0758       5376 
0759       5325 
0760       5283 
0761       5269 
0762       5221 
0763       5171 
0764       5158 
0765       5102 
0766       5077 
0767       5058 
0768       5022 
0769       4986 
0770       4947 
0771       4888 
0772       4869 
0773       4837 
0774       4810 
0775       4764 
0776       4760 
0777       4743 
0778       4743 
0779       4743 
0780       4747 
0781       4781 
0782       4807 
0783       4814 
0784       4852 
0785       4875 
0786       4908 
0787       4930 
0788       4978 
0789       5017 
0790       5035 
0791       5083 
0792       5125 
0793       5164 
0794       5211 
0795       5242 
0796       5280 
0797       5342 
0798       5374 
0799       5481 
0800       5544 
0801       5626 
0802       5695 
0803       5735 
0804       5786 
0805       5831 
0806       5869 
0807       5893 
0808       5961 
0809       6027 
0810       6073 
0811       6146 
0812       6201 
0813       6248 
0814       6293 
0815       6343 
0816       6407 
0817       6465 
0818       6506 
0819       6565 
0820       6635 
0821       6719 
0822       6773 
0823       6839 
0824       6888 
0825       6954 
0826       7053 
0827       7060 
0828       7138 
0829       7204 
0830       7272 
0831       7335 
0832       7429 
0833       7481 
0834       7536 
0835       7605 
0836       7692 
0837       7764 
0838       7849 
0839       7881 
0840       7894 
0841       7924 
0842       8029 
0843       8169 
0844       8371 
0845       8569 
0846       8657 
0847       8761 
0848       8896 
0849       8968 
0850       9093 
0851       9194 
0852       9360 
0853       9530 
0854       9644 
0855       9828 
0856       9828 
0857       9961 
0858       10198 
0859       10345 
0860       10464 
0861       10629 
0862       10784 
0863       10909 
0864       11074 
0865       11214 
0866       11484 
0867       11749 
0868       11897 
0869       12077 
0870       12352 
0871       12554 
0872       12775 
0873       13043 
0874       13322 
0875       13587 
0876       13587 
0877       13587 
0878       1 
0879       1 
0880       14766 
0881       15150 
0882       15150 
0883       15200 
0884       22713 
0885       22713 
0886       22685 
0887       22685 
0888       22686 
0889       22686 
0890       22667 
0891       22640 
0892       22640 
0893       22617 
0894       22617 
0895       22590 
0896       22481 
0897       1 
0898       1 
0899       1 
0900       1 
0901       1 
0902       1 
0903       1 
0904       1 
0905       1 
0906       22791 
0907       22791 
0908       22752 
0909       22743 
0910       22743 
0911       22743 
0912       22725 
0913       22703 
0914       22495 
0915       22441 
0916       22436 
0917       22436 
0918       22436 
0919       22455 
0920       22425 
0921       22454 
0922       22454 
0923       22454 
0924       22434 
0925       22434 
0926       22460 
0927       22460 
0928       22460 
0929       1 
0930       1 
0931       1 
0932       1 
0933       1 
0934       1 
0935       1 
0936       1 
0937       1 
0938       1 
0939       1 
0940       1 
0941       1 
0942       1 
0943       1 
0944       1 
0945       1 
0946       1 
0947       1 
0948       1 
0949       1 
0950       1 
0951       1 
0952       1 
0953       1 
0954       1 
0955       1 
0956       1 
0957       1 
0958       1 
0959       1 
0960       1 
0961       1 
0962       1 
0963       1 
0964       1 
0965       1 
0966       1 
0967       1 
0968       1 
0969       1 
0970       1 
0971       1 
0972       1 
0973       1 
0974       1 
0975       1 
0976       1 
0977       1 
0978       1 
0979       1 
0980       1 
0981       1 
0982       1 
0983       1 
0984       1 
0985       1 
0986       1 
0987       1 
0988       1 
0989       1 
0990       1 
0991       1 
0992       1 
0993       1 
0994       1 
0995       1 
0996       1 
0997       1 
0998       1 
0999       1 
1000       1 
1001       1 
1002       1 
1003       1 
1004       1 
1005       1 
1006       1 
1007       1 
1008       4 
1009       4 
1010       4 
1011       41 
1012       41 
1013       44 
1014       44 
1015       44 
1016       46 
1017       59 
1018       68 
1019       68 
1020       68 
1021       68 
1022       59 
1023       59 
1024       51 
1025       55 
1026       59 
1027       55 
1028       48 
1029       46 
1030       45 
1031       45 
1032       46 
1033       54 
1034       60 
1035       65 
1036       66 
1037       70 
1038       71 
1039       72 
1040       72 
1041       72 
1042       72 
1043       68 
1044       68 
1045       68 
1046       68 
1047       68 
1048       68 
1049       69 
1050       65 
1051       61 
1052       60 
1053       61 
1054       61 
1055       68 
1056       68 
1057       68 
1058       70 
1059       68 
1060       67 
1061       67 
1062       67 
1063       64 
1064       64 
1065       64 
1066       61 
1067       61 
1068       68 
1069       70 
1070       71 
1071       71 
1072       70 
1073       67 
1074       67 
1075       67 
1076       67 
1077       71 
1078       71 
1079       67 
1297966623.610687
