0000       1 
0001       1 
0002       1 
0003       1 
0004       1 
0005       1 
0006       1 
0007       1 
0008       1 
0009       1 
0010       1 
0011       1 
0012       1 
0013       1 
0014       1 
0015       1 
0016       1 
0017       1 
0018       1 
0019       1 
0020       1 
0021       1 
0022       1 
0023       1 
0024       1 
0025       1 
0026       1 
0027       1 
0028       1 
0029       1 
0030       1 
0031       1 
0032       1 
0033       1 
0034       1 
0035       1 
0036       1 
0037       1 
0038       1 
0039       1 
0040       1 
0041       1 
0042       1 
0043       1 
0044       1 
0045       1 
0046       1 
0047       1 
0048       1 
0049       1 
0050       1 
0051       1 
0052       1 
0053       1 
0054       1 
0055       1 
0056       1 
0057       1 
0058       1 
0059       1 
0060       1 
0061       1 
0062       1 
0063       1 
0064       1 
0065       1 
0066       1 
0067       1 
0068       1 
0069       1 
0070       1 
0071       1 
0072       1 
0073       1 
0074       1 
0075       1 
0076       1 
0077       1 
0078       1 
0079       1 
0080       1 
0081       1 
0082       1 
0083       1 
0084       1 
0085       1 
0086       1 
0087       1 
0088       1 
0089       1 
0090       1 
0091       1 
0092       1 
0093       1 
0094       1 
0095       1 
0096       1 
0097       1 
0098       1 
0099       1 
0100       1 
0101       1 
0102       1 
0103       1 
0104       1 
0105       1 
0106       1 
0107       1 
0108       1 
0109       1 
0110       1 
0111       1 
0112       1 
0113       1 
0114       1 
0115       1 
0116       1 
0117       1 
0118       1 
0119       1 
0120       1 
0121       1 
0122       1 
0123       1 
0124       1 
0125       1 
0126       1 
0127       1 
0128       1 
0129       1 
0130       1 
0131       1 
0132       1 
0133       1 
0134       1 
0135       1 
0136       1 
0137       1 
0138       1 
0139       1 
0140       1 
0141       1 
0142       1 
0143       1 
0144       1 
0145       1 
0146       1 
0147       1 
0148       1 
0149       1 
0150       1 
0151       1 
0152       1 
0153       1 
0154       1 
0155       1 
0156       1 
0157       1 
0158       1 
0159       1 
0160       1 
0161       1 
0162       1 
0163       1 
0164       1 
0165       1 
0166       1 
0167       1 
0168       1 
0169       1 
0170       1 
0171       1 
0172       1 
0173       1 
0174       1 
0175       1 
0176       1 
0177       1 
0178       1 
0179       1 
0180       1 
0181       1 
0182       1 
0183       1 
0184       1 
0185       1 
0186       1 
0187       1 
0188       1 
0189       1 
0190       1 
0191       1 
0192       1 
0193       1 
0194       1 
0195       1 
0196       1 
0197       1 
0198       1 
0199       1 
0200       1 
0201       1 
0202       1 
0203       1 
0204       1 
0205       1 
0206       1 
0207       1 
0208       1 
0209       1 
0210       1 
0211       1 
0212       1 
0213       1 
0214       1 
0215       1 
0216       1 
0217       1 
0218       1 
0219       1 
0220       1 
0221       1 
0222       1 
0223       1 
0224       1 
0225       1 
0226       1 
0227       1 
0228       1 
0229       1 
0230       1 
0231       1 
0232       1 
0233       1 
0234       1 
0235       1 
0236       1 
0237       1 
0238       21987 
0239       22051 
0240       22097 
0241       22134 
0242       22170 
0243       22183 
0244       22183 
0245       22196 
0246       22196 
0247       22224 
0248       22406 
0249       22406 
0250       1 
0251       1 
0252       1 
0253       1 
0254       1 
0255       1 
0256       1 
0257       1 
0258       1 
0259       1 
0260       1 
0261       1 
0262       1 
0263       1 
0264       1 
0265       1 
0266       1 
0267       1 
0268       1 
0269       1 
0270       1 
0271       1 
0272       1 
0273       1 
0274       1 
0275       1 
0276       1 
0277       1 
0278       1 
0279       1 
0280       1 
0281       1 
0282       1 
0283       1 
0284       1 
0285       1 
0286       1 
0287       1 
0288       1 
0289       1 
0290       1 
0291       1 
0292       1 
0293       1 
0294       1 
0295       1 
0296       1 
0297       1 
0298       1 
0299       1 
0300       1 
0301       1 
0302       1 
0303       1 
0304       1 
0305       1 
0306       1 
0307       1 
0308       1 
0309       1 
0310       1 
0311       1 
0312       1 
0313       1 
0314       1 
0315       1 
0316       12842 
0317       12842 
0318       12639 
0319       12593 
0320       12575 
0321       12565 
0322       12563 
0323       12545 
0324       12480 
0325       12407 
0326       12283 
0327       12070 
0328       12066 
0329       12050 
0330       12026 
0331       12042 
0332       12022 
0333       11980 
0334       11955 
0335       11894 
0336       11839 
0337       11782 
0338       11718 
0339       11716 
0340       11679 
0341       11679 
0342       11692 
0343       11706 
0344       11692 
0345       11715 
0346       11691 
0347       11691 
0348       11679 
0349       11679 
0350       11688 
0351       11688 
0352       11726 
0353       12959 
0354       12959 
0355       12898 
0356       12835 
0357       12786 
0358       12691 
0359       12632 
0360       12548 
0361       12488 
0362       12478 
0363       12414 
0364       12345 
0365       12322 
0366       12265 
0367       12252 
0368       12198 
0369       12137 
0370       12091 
0371       12084 
0372       12045 
0373       11993 
0374       11936 
0375       11883 
0376       11863 
0377       11820 
0378       11753 
0379       11725 
0380       11676 
0381       11639 
0382       11573 
0383       11538 
0384       11487 
0385       11459 
0386       11442 
0387       9752 
0388       9709 
0389       9676 
0390       9660 
0391       9625 
0392       9546 
0393       9521 
0394       9460 
0395       9406 
0396       9372 
0397       9349 
0398       9331 
0399       9310 
0400       9297 
0401       9265 
0402       9240 
0403       9228 
0404       9209 
0405       9163 
0406       9163 
0407       9135 
0408       9170 
0409       9275 
0410       9275 
0411       9201 
0412       9201 
0413       9237 
0414       9276 
0415       9314 
0416       9325 
0417       9410 
0418       9467 
0419       9529 
0420       9529 
0421       9522 
0422       9507 
0423       9507 
0424       9598 
0425       9856 
0426       10034 
0427       10053 
0428       10053 
0429       10004 
0430       9997 
0431       9970 
0432       9935 
0433       9918 
0434       9888 
0435       9878 
0436       9842 
0437       9819 
0438       8444 
0439       8426 
0440       8396 
0441       8287 
0442       8218 
0443       8109 
0444       7866 
0445       7826 
0446       1603 
0447       1595 
0448       1585 
0449       1574 
0450       1572 
0451       1564 
0452       1562 
0453       1561 
0454       1560 
0455       1552 
0456       1552 
0457       1551 
0458       1551 
0459       1548 
0460       1548 
0461       1544 
0462       1546 
0463       1544 
0464       1546 
0465       1544 
0466       1540 
0467       1538 
0468       1534 
0469       1534 
0470       1534 
0471       1534 
0472       1534 
0473       1529 
0474       1527 
0475       1527 
0476       1529 
0477       1538 
0478       1543 
0479       1544 
0480       1550 
0481       1559 
0482       1570 
0483       1594 
0484       1616 
0485       1660 
0486       1682 
0487       1708 
0488       1735 
0489       1782 
0490       1806 
0491       1820 
0492       1843 
0493       1855 
0494       1858 
0495       1858 
0496       1855 
0497       1855 
0498       1855 
0499       1855 
0500       1855 
0501       1855 
0502       1855 
0503       1847 
0504       1847 
0505       1844 
0506       1841 
0507       1841 
0508       1837 
0509       1837 
0510       1845 
0511       1850 
0512       1845 
0513       1845 
0514       1845 
0515       1845 
0516       1837 
0517       1840 
0518       1840 
0519       1846 
0520       1846 
0521       1848 
0522       1852 
0523       1848 
0524       1848 
0525       1848 
0526       1845 
0527       1837 
0528       1845 
0529       1845 
0530       1839 
0531       1839 
0532       1839 
0533       1838 
0534       1835 
0535       1835 
0536       1835 
0537       1835 
0538       1836 
0539       1836 
0540       1836 
0541       1834 
0542       1833 
0543       1832 
0544       1824 
0545       1832 
0546       1819 
0547       1818 
0548       1818 
0549       1816 
0550       1816 
0551       1813 
0552       1813 
0553       1813 
0554       1819 
0555       1811 
0556       1814 
0557       1814 
0558       1814 
0559       1814 
0560       1816 
0561       1816 
0562       1818 
0563       1816 
0564       1819 
0565       1820 
0566       1819 
0567       1817 
0568       1820 
0569       1817 
0570       1817 
0571       1820 
0572       1824 
0573       1824 
0574       1824 
0575       1824 
0576       1820 
0577       1820 
0578       1823 
0579       1829 
0580       1823 
0581       1829 
0582       1833 
0583       1836 
0584       1834 
0585       1836 
0586       1836 
0587       1834 
0588       1830 
0589       1830 
0590       1830 
0591       1840 
0592       1845 
0593       1847 
0594       1849 
0595       1849 
0596       1850 
0597       1850 
0598       1854 
0599       1854 
0600       1857 
0601       1862 
0602       1864 
0603       1869 
0604       1872 
0605       1872 
0606       1875 
0607       1877 
0608       1879 
0609       1879 
0610       1884 
0611       1884 
0612       1891 
0613       1893 
0614       1899 
0615       1901 
0616       1901 
0617       1903 
0618       1901 
0619       1902 
0620       1902 
0621       1903 
0622       1912 
0623       1912 
0624       1913 
0625       1922 
0626       1923 
0627       1928 
0628       1929 
0629       1936 
0630       1936 
0631       1943 
0632       1943 
0633       1943 
0634       1943 
0635       1944 
0636       1949 
0637       1949 
0638       1949 
0639       1955 
0640       1958 
0641       1968 
0642       1982 
0643       1987 
0644       1987 
0645       1998 
0646       2001 
0647       2002 
0648       2015 
0649       2015 
0650       2015 
0651       2016 
0652       2037 
0653       2045 
0654       2049 
0655       2058 
0656       2059 
0657       2059 
0658       2070 
0659       2070 
0660       2076 
0661       2091 
0662       2091 
0663       2092 
0664       2096 
0665       2098 
0666       2102 
0667       2103 
0668       2103 
0669       2103 
0670       2110 
0671       2126 
0672       2129 
0673       2130 
0674       2132 
0675       2134 
0676       2146 
0677       2149 
0678       2158 
0679       2169 
0680       2174 
0681       2174 
0682       2174 
0683       2186 
0684       2186 
0685       2186 
0686       2191 
0687       2196 
0688       2197 
0689       2197 
0690       2214 
0691       2218 
0692       2226 
0693       2234 
0694       2234 
0695       2226 
0696       2221 
0697       2215 
0698       2214 
0699       2201 
0700       2186 
0701       2173 
0702       2164 
0703       2142 
0704       2119 
0705       2119 
0706       2103 
0707       2102 
0708       2086 
0709       2064 
0710       2063 
0711       2055 
0712       2041 
0713       2038 
0714       2027 
0715       2026 
0716       2015 
0717       2015 
0718       2015 
0719       2015 
0720       2015 
0721       2019 
0722       2029 
0723       2035 
0724       2036 
0725       2049 
0726       2057 
0727       2062 
0728       2077 
0729       2081 
0730       2082 
0731       2090 
0732       2097 
0733       2099 
0734       2115 
0735       2121 
0736       2153 
0737       2252 
0738       2894 
0739       2909 
0740       2931 
0741       2938 
0742       2938 
0743       2938 
0744       2704 
0745       2688 
0746       2634 
0747       2634 
0748       2634 
0749       2609 
0750       2605 
0751       2591 
0752       2574 
0753       2564 
0754       2564 
0755       2562 
0756       2562 
0757       2541 
0758       2541 
0759       2539 
0760       2538 
0761       2539 
0762       2540 
0763       2540 
0764       2554 
0765       2556 
0766       2556 
0767       2561 
0768       2562 
0769       2562 
0770       2563 
0771       2567 
0772       2591 
0773       2603 
0774       2603 
0775       2603 
0776       1 
0777       1 
0778       1 
0779       1 
0780       1 
0781       1 
0782       1 
0783       1 
0784       1 
0785       1 
0786       1 
0787       1 
0788       1 
0789       1 
0790       1 
0791       1 
0792       1 
0793       1 
0794       1 
0795       1 
0796       1 
0797       1 
0798       1 
0799       1 
0800       1 
0801       1 
0802       1 
0803       1 
0804       1 
0805       1 
0806       1 
0807       1 
0808       1 
0809       1 
0810       1 
0811       1 
0812       1 
0813       1 
0814       1 
0815       1 
0816       1 
0817       1 
0818       1 
0819       1 
0820       1 
0821       1 
0822       1 
0823       1 
0824       1 
0825       1 
0826       1 
0827       1 
0828       1 
0829       1 
0830       1 
0831       1 
0832       1 
0833       1 
0834       1 
0835       1 
0836       1 
0837       1 
0838       1 
0839       1 
0840       1 
0841       1 
0842       1 
0843       1 
0844       1 
0845       1 
0846       1 
0847       1 
0848       1 
0849       1 
0850       1 
0851       1 
0852       1 
0853       1 
0854       1 
0855       1 
0856       1 
0857       1 
0858       1 
0859       1 
0860       1 
0861       1 
0862       1 
0863       1 
0864       1 
0865       1 
0866       1 
0867       1 
0868       1 
0869       1 
0870       1 
0871       1 
0872       1 
0873       1 
0874       1 
0875       1 
0876       1 
0877       1 
0878       1 
0879       1 
0880       1 
0881       1 
0882       1 
0883       1 
0884       1 
0885       1 
0886       1 
0887       1 
0888       1 
0889       1 
0890       1 
0891       1 
0892       1 
0893       1 
0894       1 
0895       1 
0896       1 
0897       1 
0898       1 
0899       26289 
0900       26289 
0901       26289 
0902       26102 
0903       1 
0904       1 
0905       1 
0906       1 
0907       1 
0908       1 
0909       1 
0910       1 
0911       1 
0912       1 
0913       1 
0914       1 
0915       1 
0916       1 
0917       1 
0918       1 
0919       1 
0920       1 
0921       1 
0922       1 
0923       1 
0924       1 
0925       1 
0926       1 
0927       1 
0928       1 
0929       1 
0930       1 
0931       1 
0932       1 
0933       1 
0934       1 
0935       1 
0936       1 
0937       1 
0938       1 
0939       1 
0940       1 
0941       1 
0942       1 
0943       1 
0944       1 
0945       1 
0946       1 
0947       1 
0948       1 
0949       1 
0950       1 
0951       1 
0952       1 
0953       1 
0954       1 
0955       1 
0956       1 
0957       1 
0958       1 
0959       1 
0960       1 
0961       1 
0962       1 
0963       1 
0964       1 
0965       1 
0966       1 
0967       1 
0968       1 
0969       1 
0970       1 
0971       1 
0972       1 
0973       1 
0974       1 
0975       1 
0976       1 
0977       1 
0978       1 
0979       1 
0980       1 
0981       1 
0982       1 
0983       1 
0984       1 
0985       1 
0986       1 
0987       1 
0988       1 
0989       1 
0990       1 
0991       1 
0992       1 
0993       1 
0994       1 
0995       1 
0996       1 
0997       1 
0998       1 
0999       1 
1000       1 
1001       1 
1002       1 
1003       1 
1004       1 
1005       1 
1006       1 
1007       48 
1008       48 
1009       48 
1010       4 
1011       4 
1012       4 
1013       4 
1014       4 
1015       4 
1016       43 
1017       58 
1018       53 
1019       53 
1020       65 
1021       67 
1022       65 
1023       65 
1024       61 
1025       60 
1026       59 
1027       59 
1028       60 
1029       59 
1030       58 
1031       54 
1032       54 
1033       54 
1034       62 
1035       63 
1036       63 
1037       69 
1038       69 
1039       69 
1040       69 
1041       69 
1042       69 
1043       77 
1044       77 
1045       77 
1046       75 
1047       67 
1048       67 
1049       67 
1050       67 
1051       67 
1052       64 
1053       64 
1054       64 
1055       64 
1056       64 
1057       68 
1058       69 
1059       69 
1060       69 
1061       66 
1062       59 
1063       59 
1064       59 
1065       65 
1066       65 
1067       65 
1068       65 
1069       63 
1070       63 
1071       63 
1072       60 
1073       60 
1074       64 
1075       60 
1076       70 
1077       70 
1078       70 
1079       66 
1297966685.046762
