0000       1 
0001       1 
0002       1 
0003       1 
0004       1 
0005       1 
0006       1 
0007       1 
0008       1 
0009       1 
0010       1 
0011       1 
0012       1 
0013       1 
0014       1 
0015       1 
0016       1 
0017       1 
0018       1 
0019       1 
0020       1 
0021       1 
0022       1 
0023       1 
0024       1 
0025       1 
0026       1 
0027       1 
0028       1 
0029       1 
0030       1 
0031       1 
0032       1 
0033       1 
0034       1 
0035       1 
0036       1 
0037       1 
0038       1 
0039       1 
0040       1 
0041       1 
0042       1 
0043       1 
0044       1 
0045       1 
0046       1 
0047       1 
0048       1 
0049       1 
0050       1 
0051       1 
0052       1 
0053       1 
0054       1 
0055       1 
0056       1 
0057       1 
0058       1 
0059       1 
0060       1 
0061       1 
0062       1 
0063       1 
0064       1 
0065       1 
0066       1 
0067       1 
0068       1 
0069       1 
0070       1 
0071       1 
0072       1 
0073       1 
0074       1 
0075       1 
0076       1 
0077       1 
0078       1 
0079       1 
0080       1 
0081       1 
0082       1 
0083       1 
0084       1 
0085       1 
0086       1 
0087       1 
0088       1 
0089       1 
0090       1 
0091       1 
0092       1 
0093       1 
0094       1 
0095       1 
0096       1 
0097       1 
0098       1 
0099       1 
0100       1 
0101       1 
0102       1 
0103       1 
0104       1 
0105       1 
0106       1 
0107       1 
0108       1 
0109       1 
0110       1 
0111       1 
0112       1 
0113       1 
0114       1 
0115       1 
0116       1 
0117       1 
0118       1 
0119       1 
0120       1 
0121       1 
0122       1 
0123       1 
0124       1 
0125       1 
0126       1 
0127       1 
0128       1 
0129       1 
0130       1 
0131       1 
0132       1 
0133       1 
0134       1 
0135       1 
0136       1 
0137       1 
0138       1 
0139       1 
0140       1 
0141       1 
0142       1 
0143       1 
0144       1 
0145       1 
0146       1 
0147       1 
0148       1 
0149       1 
0150       33717 
0151       33717 
0152       27995 
0153       27995 
0154       27995 
0155       27953 
0156       27953 
0157       27948 
0158       27948 
0159       27938 
0160       27938 
0161       27938 
0162       27921 
0163       27733 
0164       27710 
0165       27710 
0166       27716 
0167       27766 
0168       27767 
0169       27910 
0170       27939 
0171       27939 
0172       27923 
0173       27923 
0174       27944 
0175       27944 
0176       27933 
0177       27893 
0178       27697 
0179       27690 
0180       27693 
0181       27693 
0182       27693 
0183       27689 
0184       27703 
0185       27689 
0186       1 
0187       1 
0188       1 
0189       1 
0190       1 
0191       1 
0192       1 
0193       1 
0194       27790 
0195       28004 
0196       28004 
0197       27992 
0198       1 
0199       1 
0200       1 
0201       1 
0202       1 
0203       28156 
0204       28156 
0205       27947 
0206       27947 
0207       27963 
0208       27965 
0209       28014 
0210       28042 
0211       28043 
0212       28043 
0213       28088 
0214       28119 
0215       28120 
0216       28124 
0217       28148 
0218       28192 
0219       28192 
0220       28078 
0221       1 
0222       1 
0223       1 
0224       1 
0225       1 
0226       1 
0227       1 
0228       1 
0229       1 
0230       28548 
0231       28548 
0232       28581 
0233       28622 
0234       28646 
0235       28701 
0236       28707 
0237       28717 
0238       28763 
0239       28785 
0240       28871 
0241       28871 
0242       1 
0243       1 
0244       1 
0245       1 
0246       1 
0247       1 
0248       1 
0249       1 
0250       1 
0251       1 
0252       1 
0253       1 
0254       1 
0255       1 
0256       1 
0257       1 
0258       1 
0259       1 
0260       1 
0261       1 
0262       16292 
0263       16292 
0264       16041 
0265       15961 
0266       15693 
0267       15640 
0268       15389 
0269       15333 
0270       15084 
0271       15026 
0272       14794 
0273       14755 
0274       14481 
0275       14446 
0276       14285 
0277       14170 
0278       14075 
0279       13876 
0280       13858 
0281       13663 
0282       13584 
0283       13474 
0284       13280 
0285       13261 
0286       13127 
0287       12991 
0288       12924 
0289       12769 
0290       12700 
0291       12607 
0292       12479 
0293       12414 
0294       12352 
0295       12231 
0296       12139 
0297       12090 
0298       11991 
0299       11857 
0300       11828 
0301       11730 
0302       11606 
0303       11557 
0304       11501 
0305       11405 
0306       11280 
0307       11274 
0308       11200 
0309       11068 
0310       11002 
0311       10959 
0312       10880 
0313       10796 
0314       10745 
0315       10721 
0316       10637 
0317       10546 
0318       10466 
0319       10451 
0320       10394 
0321       10309 
0322       10225 
0323       10190 
0324       10150 
0325       10114 
0326       10006 
0327       9922 
0328       9916 
0329       9865 
0330       9818 
0331       9722 
0332       9669 
0333       9663 
0334       9601 
0335       9528 
0336       9373 
0337       9373 
0338       9412 
0339       9441 
0340       9497 
0341       9546 
0342       9591 
0343       9642 
0344       9665 
0345       9708 
0346       9754 
0347       9787 
0348       9842 
0349       9883 
0350       9934 
0351       9972 
0352       10011 
0353       10014 
0354       10024 
0355       10037 
0356       10051 
0357       10078 
0358       10103 
0359       10120 
0360       10124 
0361       10151 
0362       10180 
0363       10191 
0364       10233 
0365       10237 
0366       10276 
0367       10277 
0368       10324 
0369       10347 
0370       10376 
0371       10410 
0372       10425 
0373       10447 
0374       10488 
0375       10497 
0376       10532 
0377       10572 
0378       10585 
0379       10606 
0380       10606 
0381       10606 
0382       10598 
0383       10582 
0384       10541 
0385       10493 
0386       10490 
0387       10411 
0388       10407 
0389       10363 
0390       10334 
0391       10282 
0392       10282 
0393       10266 
0394       10244 
0395       10190 
0396       10173 
0397       10124 
0398       10087 
0399       10049 
0400       10042 
0401       10016 
0402       9984 
0403       9966 
0404       9939 
0405       9906 
0406       9893 
0407       9849 
0408       9822 
0409       9789 
0410       9761 
0411       9749 
0412       9718 
0413       9710 
0414       9682 
0415       9663 
0416       9602 
0417       9601 
0418       9571 
0419       9559 
0420       9517 
0421       9487 
0422       9479 
0423       9476 
0424       9443 
0425       9433 
0426       9418 
0427       9404 
0428       9354 
0429       9349 
0430       9307 
0431       9292 
0432       9291 
0433       9284 
0434       9247 
0435       9229 
0436       9227 
0437       9204 
0438       9167 
0439       9151 
0440       9144 
0441       9138 
0442       9129 
0443       9114 
0444       9089 
0445       9076 
0446       9042 
0447       9034 
0448       9030 
0449       9003 
0450       8994 
0451       8964 
0452       8954 
0453       8930 
0454       8906 
0455       8896 
0456       5727 
0457       5726 
0458       5726 
0459       5717 
0460       5712 
0461       5688 
0462       5688 
0463       5682 
0464       5678 
0465       5666 
0466       5648 
0467       5623 
0468       5623 
0469       5637 
0470       5637 
0471       5627 
0472       5605 
0473       5601 
0474       5596 
0475       5594 
0476       5591 
0477       5580 
0478       5571 
0479       5553 
0480       5534 
0481       5534 
0482       5539 
0483       5540 
0484       5540 
0485       5540 
0486       5527 
0487       5526 
0488       5526 
0489       5516 
0490       5515 
0491       5512 
0492       5502 
0493       5484 
0494       5474 
0495       5474 
0496       5474 
0497       5468 
0498       5466 
0499       5465 
0500       5460 
0501       5460 
0502       5460 
0503       5470 
0504       5458 
0505       5453 
0506       5449 
0507       5445 
0508       5445 
0509       5445 
0510       5439 
0511       5438 
0512       5439 
0513       5440 
0514       5440 
0515       5440 
0516       5428 
0517       5438 
0518       5438 
0519       5438 
0520       5424 
0521       5398 
0522       5398 
0523       5400 
0524       5415 
0525       5415 
0526       5407 
0527       5407 
0528       5420 
0529       5422 
0530       5426 
0531       5426 
0532       5421 
0533       5413 
0534       5408 
0535       5408 
0536       5402 
0537       5402 
0538       5412 
0539       5412 
0540       5412 
0541       5416 
0542       5425 
0543       5431 
0544       5438 
0545       5438 
0546       5418 
0547       5416 
0548       5416 
0549       5430 
0550       5430 
0551       5430 
0552       5435 
0553       5439 
0554       5445 
0555       5447 
0556       5452 
0557       5452 
0558       5450 
0559       5450 
0560       5467 
0561       5467 
0562       5452 
0563       5452 
0564       5455 
0565       5458 
0566       5473 
0567       5485 
0568       5485 
0569       5495 
0570       5501 
0571       5514 
0572       5519 
0573       5519 
0574       5519 
0575       5520 
0576       5522 
0577       5522 
0578       5522 
0579       5532 
0580       5540 
0581       5543 
0582       5551 
0583       5557 
0584       5561 
0585       5570 
0586       5575 
0587       5583 
0588       5588 
0589       5589 
0590       5588 
0591       5583 
0592       5583 
0593       5604 
0594       5617 
0595       5622 
0596       5637 
0597       5637 
0598       5637 
0599       5648 
0600       5660 
0601       5660 
0602       5668 
0603       5668 
0604       5686 
0605       5686 
0606       5697 
0607       5723 
0608       5723 
0609       5742 
0610       5743 
0611       5759 
0612       5764 
0613       5764 
0614       5780 
0615       5784 
0616       5784 
0617       5787 
0618       5788 
0619       5839 
0620       5843 
0621       5856 
0622       5857 
0623       5865 
0624       5870 
0625       5894 
0626       5910 
0627       5912 
0628       5912 
0629       5912 
0630       5928 
0631       5949 
0632       5971 
0633       5980 
0634       5995 
0635       5997 
0636       5997 
0637       6026 
0638       6043 
0639       6051 
0640       6051 
0641       6051 
0642       6093 
0643       6117 
0644       6123 
0645       6138 
0646       6169 
0647       6175 
0648       6180 
0649       6188 
0650       6210 
0651       6210 
0652       6210 
0653       6245 
0654       6271 
0655       6279 
0656       6299 
0657       6318 
0658       6337 
0659       6366 
0660       6380 
0661       6385 
0662       6385 
0663       6424 
0664       6438 
0665       6454 
0666       6489 
0667       6498 
0668       6531 
0669       6536 
0670       6555 
0671       6558 
0672       6568 
0673       6614 
0674       6638 
0675       6642 
0676       6673 
0677       6692 
0678       6713 
0679       6722 
0680       6760 
0681       6771 
0682       6777 
0683       6836 
0684       6848 
0685       6892 
0686       6905 
0687       6919 
0688       6942 
0689       6959 
0690       6974 
0691       7007 
0692       7055 
0693       7088 
0694       7097 
0695       7124 
0696       7156 
0697       7170 
0698       7177 
0699       7221 
0700       7254 
0701       7268 
0702       7327 
0703       7343 
0704       7372 
0705       7388 
0706       7390 
0707       7464 
0708       7498 
0709       7530 
0710       7550 
0711       7554 
0712       7618 
0713       7618 
0714       7618 
0715       1 
0716       8459 
0717       8545 
0718       8604 
0719       8638 
0720       8744 
0721       12850 
0722       12900 
0723       12975 
0724       13061 
0725       13116 
0726       13177 
0727       13268 
0728       13328 
0729       13393 
0730       13471 
0731       13559 
0732       13656 
0733       13733 
0734       13788 
0735       13884 
0736       13965 
0737       14075 
0738       14101 
0739       14230 
0740       14325 
0741       14424 
0742       14503 
0743       14582 
0744       14708 
0745       14759 
0746       14871 
0747       14984 
0748       15090 
0749       15201 
0750       15276 
0751       15419 
0752       15514 
0753       15584 
0754       15703 
0755       15791 
0756       15933 
0757       16026 
0758       16132 
0759       16216 
0760       16275 
0761       16293 
0762       16344 
0763       16522 
0764       16608 
0765       16687 
0766       16687 
0767       16682 
0768       16643 
0769       16609 
0770       16559 
0771       16504 
0772       16495 
0773       16431 
0774       16373 
0775       16355 
0776       16308 
0777       16281 
0778       16241 
0779       16216 
0780       16157 
0781       16134 
0782       16098 
0783       16039 
0784       16022 
0785       15975 
0786       15940 
0787       15899 
0788       15873 
0789       15849 
0790       15794 
0791       15789 
0792       15735 
0793       15716 
0794       15672 
0795       15666 
0796       15606 
0797       15606 
0798       15570 
0799       1 
0800       1 
0801       1 
0802       1 
0803       1 
0804       1 
0805       1 
0806       1 
0807       1 
0808       1 
0809       1 
0810       1 
0811       1 
0812       1 
0813       1 
0814       1 
0815       1 
0816       1 
0817       1 
0818       1 
0819       1 
0820       19060 
0821       19180 
0822       19180 
0823       1 
0824       1 
0825       1 
0826       18891 
0827       18891 
0828       18699 
0829       18699 
0830       1 
0831       1 
0832       1 
0833       1 
0834       1 
0835       1 
0836       1 
0837       1 
0838       1 
0839       1 
0840       1 
0841       1 
0842       1 
0843       1 
0844       1 
0845       1 
0846       1 
0847       1 
0848       1 
0849       1 
0850       1 
0851       1 
0852       1 
0853       1 
0854       1 
0855       1 
0856       1 
0857       1 
0858       1 
0859       1 
0860       1 
0861       1 
0862       1 
0863       1 
0864       1 
0865       1 
0866       1 
0867       1 
0868       1 
0869       1 
0870       1 
0871       1 
0872       1 
0873       1 
0874       1 
0875       1 
0876       1 
0877       1 
0878       1 
0879       1 
0880       1 
0881       1 
0882       1 
0883       1 
0884       1 
0885       1 
0886       1 
0887       1 
0888       1 
0889       1 
0890       1 
0891       1 
0892       1 
0893       1 
0894       1 
0895       1 
0896       1 
0897       1 
0898       1 
0899       1 
0900       1 
0901       1 
0902       1 
0903       1 
0904       1 
0905       1 
0906       1 
0907       1 
0908       1 
0909       1 
0910       1 
0911       1 
0912       1 
0913       1 
0914       1 
0915       1 
0916       1 
0917       1 
0918       1 
0919       1 
0920       1 
0921       1 
0922       1 
0923       1 
0924       1 
0925       1 
0926       1 
0927       1 
0928       1 
0929       1 
0930       1 
0931       1 
0932       1 
0933       1 
0934       1 
0935       1 
0936       1 
0937       1 
0938       1 
0939       1 
0940       1 
0941       1 
0942       1 
0943       1 
0944       1 
0945       1 
0946       1 
0947       1 
0948       1 
0949       1 
0950       1 
0951       1 
0952       1 
0953       1 
0954       1 
0955       1 
0956       1 
0957       1 
0958       1 
0959       1 
0960       1 
0961       1 
0962       1 
0963       1 
0964       1 
0965       1 
0966       1 
0967       1 
0968       1 
0969       1 
0970       1 
0971       1 
0972       1 
0973       1 
0974       1 
0975       1 
0976       1 
0977       1 
0978       1 
0979       1 
0980       1 
0981       1 
0982       1 
0983       1 
0984       1 
0985       1 
0986       1 
0987       1 
0988       1 
0989       1 
0990       1 
0991       1 
0992       1 
0993       1 
0994       1 
0995       1 
0996       1 
0997       1 
0998       1 
0999       1 
1000       1 
1001       1 
1002       1 
1003       1 
1004       1 
1005       1 
1006       1 
1007       4 
1008       4 
1009       4 
1010       42 
1011       42 
1012       4 
1013       42 
1014       46 
1015       43 
1016       43 
1017       62 
1018       65 
1019       54 
1020       54 
1021       54 
1022       54 
1023       54 
1024       54 
1025       54 
1026       54 
1027       54 
1028       54 
1029       49 
1030       49 
1031       49 
1032       49 
1033       49 
1034       58 
1035       58 
1036       62 
1037       62 
1038       69 
1039       69 
1040       69 
1041       72 
1042       72 
1043       69 
1044       68 
1045       68 
1046       68 
1047       68 
1048       69 
1049       69 
1050       69 
1051       69 
1052       65 
1053       65 
1054       65 
1055       65 
1056       65 
1057       69 
1058       71 
1059       71 
1060       71 
1061       68 
1062       66 
1063       66 
1064       64 
1065       64 
1066       61 
1067       61 
1068       61 
1069       66 
1070       66 
1071       67 
1072       67 
1073       69 
1074       70 
1075       69 
1076       69 
1077       69 
1078       66 
1079       66 
1297966665.755372
