0000       1 
0001       1 
0002       1 
0003       1 
0004       1 
0005       1 
0006       1 
0007       1 
0008       1 
0009       1 
0010       1 
0011       1 
0012       1 
0013       1 
0014       1 
0015       1 
0016       1 
0017       1 
0018       1 
0019       1 
0020       1 
0021       1 
0022       1 
0023       1 
0024       1 
0025       1 
0026       1 
0027       1 
0028       1 
0029       1 
0030       1 
0031       1 
0032       1 
0033       1 
0034       1 
0035       1 
0036       1 
0037       1 
0038       1 
0039       1 
0040       1 
0041       1 
0042       1 
0043       1 
0044       1 
0045       1 
0046       1 
0047       1 
0048       1 
0049       1 
0050       1 
0051       1 
0052       1 
0053       1 
0054       1 
0055       1 
0056       1 
0057       1 
0058       1 
0059       1 
0060       1 
0061       1 
0062       1 
0063       1 
0064       1 
0065       1 
0066       1 
0067       1 
0068       1 
0069       1 
0070       1 
0071       1 
0072       1 
0073       1 
0074       1 
0075       1 
0076       1 
0077       1 
0078       1 
0079       1 
0080       1 
0081       1 
0082       1 
0083       1 
0084       1 
0085       1 
0086       1 
0087       1 
0088       1 
0089       1 
0090       1 
0091       1 
0092       1 
0093       1 
0094       1 
0095       1 
0096       1 
0097       1 
0098       1 
0099       1 
0100       1 
0101       1 
0102       1 
0103       1 
0104       1 
0105       1 
0106       1 
0107       1 
0108       1 
0109       1 
0110       1 
0111       1 
0112       1 
0113       1 
0114       1 
0115       1 
0116       1 
0117       1 
0118       1 
0119       1 
0120       1 
0121       1 
0122       1 
0123       1 
0124       1 
0125       1 
0126       1 
0127       1 
0128       1 
0129       1 
0130       1 
0131       1 
0132       1 
0133       1 
0134       1 
0135       1 
0136       1 
0137       1 
0138       1 
0139       1 
0140       1 
0141       1 
0142       1 
0143       1 
0144       1 
0145       1 
0146       1 
0147       1 
0148       1 
0149       1 
0150       1 
0151       1 
0152       1 
0153       1 
0154       1 
0155       1 
0156       1 
0157       1 
0158       1 
0159       1 
0160       1 
0161       1 
0162       1 
0163       1 
0164       1 
0165       1 
0166       1 
0167       1 
0168       1 
0169       1 
0170       1 
0171       1 
0172       1 
0173       1 
0174       1 
0175       1 
0176       1 
0177       1 
0178       1 
0179       1 
0180       1 
0181       1 
0182       1 
0183       1 
0184       1 
0185       1 
0186       1 
0187       1 
0188       1 
0189       1 
0190       1 
0191       1 
0192       1 
0193       1 
0194       1 
0195       1 
0196       1 
0197       1 
0198       1 
0199       1 
0200       1 
0201       1 
0202       1 
0203       1 
0204       1 
0205       1 
0206       1 
0207       1 
0208       1 
0209       1 
0210       1 
0211       1 
0212       1 
0213       1 
0214       1 
0215       1 
0216       1 
0217       1 
0218       1 
0219       1 
0220       1 
0221       1 
0222       1 
0223       1 
0224       1 
0225       1 
0226       1 
0227       1 
0228       1 
0229       1 
0230       1 
0231       1 
0232       1 
0233       1 
0234       1 
0235       1 
0236       1 
0237       1 
0238       1 
0239       1 
0240       1 
0241       1 
0242       1 
0243       1 
0244       1 
0245       1 
0246       1 
0247       1 
0248       1 
0249       1 
0250       1 
0251       1 
0252       1 
0253       1 
0254       1 
0255       1 
0256       1 
0257       1 
0258       1 
0259       1 
0260       1 
0261       1 
0262       1 
0263       1 
0264       1 
0265       1 
0266       1 
0267       1 
0268       1 
0269       1 
0270       1 
0271       1 
0272       1 
0273       1 
0274       1 
0275       1 
0276       13302 
0277       13302 
0278       13302 
0279       13170 
0280       13056 
0281       12958 
0282       12836 
0283       12672 
0284       12628 
0285       12487 
0286       12413 
0287       12278 
0288       12093 
0289       1 
0290       11831 
0291       11831 
0292       11831 
0293       11736 
0294       11650 
0295       11564 
0296       11477 
0297       11417 
0298       11291 
0299       11193 
0300       11135 
0301       11064 
0302       10977 
0303       10924 
0304       10857 
0305       10737 
0306       10671 
0307       10601 
0308       10541 
0309       10513 
0310       10410 
0311       10329 
0312       10243 
0313       10207 
0314       10135 
0315       10131 
0316       10064 
0317       9978 
0318       9935 
0319       9891 
0320       9795 
0321       9767 
0322       9703 
0323       9622 
0324       9575 
0325       9538 
0326       9467 
0327       9430 
0328       9399 
0329       9327 
0330       9269 
0331       9213 
0332       9192 
0333       9133 
0334       9056 
0335       9033 
0336       8977 
0337       8939 
0338       8928 
0339       8840 
0340       8815 
0341       8756 
0342       8718 
0343       8674 
0344       8640 
0345       8607 
0346       8577 
0347       8534 
0348       8483 
0349       8429 
0350       8407 
0351       8401 
0352       8360 
0353       8302 
0354       8284 
0355       8253 
0356       8180 
0357       8139 
0358       8100 
0359       8093 
0360       8041 
0361       8022 
0362       8004 
0363       7953 
0364       7922 
0365       7896 
0366       7890 
0367       7841 
0368       7817 
0369       7760 
0370       7739 
0371       7719 
0372       7680 
0373       7640 
0374       7629 
0375       7595 
0376       7574 
0377       7551 
0378       7518 
0379       7493 
0380       7454 
0381       7443 
0382       7434 
0383       7405 
0384       7373 
0385       7343 
0386       7324 
0387       7311 
0388       7269 
0389       7260 
0390       7226 
0391       7219 
0392       7183 
0393       7152 
0394       7137 
0395       7120 
0396       7110 
0397       7087 
0398       7057 
0399       7034 
0400       7029 
0401       7004 
0402       6976 
0403       6955 
0404       6953 
0405       6927 
0406       6879 
0407       6878 
0408       6857 
0409       6852 
0410       6831 
0411       6805 
0412       6791 
0413       6786 
0414       6774 
0415       6735 
0416       6720 
0417       6688 
0418       6674 
0419       6674 
0420       6669 
0421       6632 
0422       6627 
0423       6617 
0424       6610 
0425       6578 
0426       6564 
0427       6561 
0428       6553 
0429       6544 
0430       6525 
0431       6497 
0432       6480 
0433       6473 
0434       6469 
0435       6451 
0436       6447 
0437       6429 
0438       6409 
0439       6386 
0440       6375 
0441       6366 
0442       6357 
0443       6334 
0444       6331 
0445       6326 
0446       6326 
0447       6303 
0448       6303 
0449       6303 
0450       6273 
0451       6265 
0452       6260 
0453       6233 
0454       6233 
0455       6233 
0456       6226 
0457       6214 
0458       6195 
0459       6188 
0460       6183 
0461       6183 
0462       6178 
0463       6169 
0464       6146 
0465       6144 
0466       6129 
0467       6126 
0468       6120 
0469       6113 
0470       6111 
0471       6088 
0472       6080 
0473       6080 
0474       6081 
0475       6081 
0476       6054 
0477       6041 
0478       6035 
0479       6035 
0480       6035 
0481       6035 
0482       6025 
0483       6022 
0484       6017 
0485       6002 
0486       6000 
0487       6001 
0488       5990 
0489       5981 
0490       5979 
0491       5961 
0492       5961 
0493       5962 
0494       5962 
0495       5951 
0496       5943 
0497       5937 
0498       5937 
0499       5940 
0500       5945 
0501       5949 
0502       5949 
0503       5941 
0504       5923 
0505       5920 
0506       5919 
0507       5920 
0508       5922 
0509       5922 
0510       5907 
0511       5890 
0512       5887 
0513       5878 
0514       5875 
0515       5843 
0516       5782 
0517       5696 
0518       5674 
0519       5656 
0520       5652 
0521       5651 
0522       5651 
0523       5651 
0524       5665 
0525       5710 
0526       8433 
0527       8487 
0528       8497 
0529       8510 
0530       8520 
0531       8511 
0532       8511 
0533       8511 
0534       8512 
0535       8512 
0536       8518 
0537       8518 
0538       8515 
0539       8511 
0540       8515 
0541       8523 
0542       8523 
0543       8531 
0544       8528 
0545       8535 
0546       8528 
0547       8529 
0548       8529 
0549       8538 
0550       8545 
0551       8545 
0552       8543 
0553       8543 
0554       8543 
0555       8546 
0556       8562 
0557       8562 
0558       8603 
0559       8671 
0560       8738 
0561       8746 
0562       8766 
0563       8766 
0564       8766 
0565       8762 
0566       8764 
0567       8764 
0568       8783 
0569       8791 
0570       8792 
0571       8807 
0572       8807 
0573       8807 
0574       8811 
0575       8835 
0576       8856 
0577       8856 
0578       8856 
0579       8856 
0580       8857 
0581       8866 
0582       8891 
0583       8893 
0584       8910 
0585       8923 
0586       8932 
0587       8941 
0588       8941 
0589       8950 
0590       8966 
0591       8966 
0592       8972 
0593       8973 
0594       8991 
0595       9015 
0596       9021 
0597       9021 
0598       9029 
0599       9056 
0600       9056 
0601       9063 
0602       9082 
0603       9100 
0604       9110 
0605       9120 
0606       9141 
0607       9143 
0608       9170 
0609       9176 
0610       9186 
0611       9201 
0612       9214 
0613       9237 
0614       9237 
0615       9260 
0616       9284 
0617       9288 
0618       9315 
0619       9315 
0620       9315 
0621       9336 
0622       9373 
0623       9388 
0624       9401 
0625       9402 
0626       9427 
0627       9430 
0628       9478 
0629       9490 
0630       9514 
0631       9533 
0632       9543 
0633       9558 
0634       9570 
0635       9581 
0636       9625 
0637       9643 
0638       9657 
0639       9661 
0640       9718 
0641       9733 
0642       9746 
0643       9763 
0644       9776 
0645       9795 
0646       9815 
0647       9863 
0648       9865 
0649       9879 
0650       9895 
0651       9933 
0652       9957 
0653       9986 
0654       10000 
0655       10029 
0656       10038 
0657       10074 
0658       10076 
0659       10116 
0660       10123 
0661       10165 
0662       10185 
0663       10209 
0664       10233 
0665       10253 
0666       10313 
0667       10322 
0668       10372 
0669       10401 
0670       10404 
0671       10438 
0672       10485 
0673       10504 
0674       10549 
0675       10571 
0676       10597 
0677       10623 
0678       10680 
0679       10705 
0680       10739 
0681       10757 
0682       10802 
0683       10838 
0684       10879 
0685       10929 
0686       10949 
0687       10994 
0688       11048 
0689       11059 
0690       11113 
0691       11172 
0692       11224 
0693       11252 
0694       11299 
0695       11331 
0696       11374 
0697       11428 
0698       11472 
0699       11522 
0700       11544 
0701       11628 
0702       11678 
0703       11706 
0704       11752 
0705       11798 
0706       11884 
0707       11918 
0708       11978 
0709       11999 
0710       12051 
0711       12116 
0712       12165 
0713       12290 
0714       12303 
0715       12400 
0716       12426 
0717       12497 
0718       12545 
0719       12627 
0720       12675 
0721       12750 
0722       12824 
0723       12881 
0724       12932 
0725       12994 
0726       13046 
0727       13140 
0728       13186 
0729       13250 
0730       13273 
0731       13346 
0732       13412 
0733       13496 
0734       13554 
0735       13624 
0736       13708 
0737       13778 
0738       13857 
0739       13937 
0740       14024 
0741       14097 
0742       14195 
0743       14253 
0744       14337 
0745       14419 
0746       14498 
0747       14561 
0748       14654 
0749       14745 
0750       14829 
0751       14948 
0752       15018 
0753       15095 
0754       15218 
0755       15298 
0756       15356 
0757       15503 
0758       15549 
0759       15675 
0760       15805 
0761       15877 
0762       15993 
0763       16111 
0764       16225 
0765       16328 
0766       16431 
0767       16576 
0768       16680 
0769       16791 
0770       16914 
0771       17065 
0772       17220 
0773       17329 
0774       17461 
0775       17607 
0776       17752 
0777       17852 
0778       17852 
0779       1 
0780       1 
0781       1 
0782       1 
0783       1 
0784       1 
0785       1 
0786       1 
0787       1 
0788       1 
0789       1 
0790       1 
0791       1 
0792       1 
0793       1 
0794       1 
0795       1 
0796       1 
0797       1 
0798       1 
0799       1 
0800       1 
0801       1 
0802       1 
0803       1 
0804       1 
0805       1 
0806       1 
0807       1 
0808       1 
0809       1 
0810       1 
0811       1 
0812       1 
0813       1 
0814       1 
0815       1 
0816       1 
0817       8315 
0818       8315 
0819       8311 
0820       8301 
0821       8285 
0822       8271 
0823       8254 
0824       8243 
0825       8243 
0826       8243 
0827       1 
0828       1 
0829       1 
0830       1 
0831       1 
0832       1 
0833       1 
0834       1 
0835       1 
0836       1 
0837       1 
0838       1 
0839       1 
0840       1 
0841       1 
0842       1 
0843       1 
0844       1 
0845       1 
0846       1 
0847       1 
0848       1 
0849       1 
0850       1 
0851       1 
0852       1 
0853       1 
0854       1 
0855       1 
0856       1 
0857       1 
0858       1 
0859       1 
0860       1 
0861       1 
0862       1 
0863       1 
0864       1 
0865       1 
0866       1 
0867       1 
0868       1 
0869       1 
0870       1 
0871       1 
0872       1 
0873       1 
0874       1 
0875       1 
0876       1 
0877       1 
0878       1 
0879       1 
0880       1 
0881       1 
0882       1 
0883       1 
0884       1 
0885       1 
0886       1 
0887       1 
0888       1 
0889       1 
0890       1 
0891       1 
0892       1 
0893       1 
0894       1 
0895       1 
0896       1 
0897       1 
0898       1 
0899       1 
0900       1 
0901       1 
0902       1 
0903       1 
0904       1 
0905       1 
0906       1 
0907       1 
0908       1 
0909       1 
0910       1 
0911       1 
0912       1 
0913       1 
0914       1 
0915       1 
0916       1 
0917       1 
0918       1 
0919       1 
0920       1 
0921       1 
0922       1 
0923       1 
0924       1 
0925       1 
0926       1 
0927       1 
0928       1 
0929       1 
0930       1 
0931       1 
0932       1 
0933       1 
0934       1 
0935       1 
0936       1 
0937       1 
0938       1 
0939       1 
0940       1 
0941       1 
0942       1 
0943       1 
0944       1 
0945       1 
0946       1 
0947       1 
0948       1 
0949       1 
0950       1 
0951       1 
0952       1 
0953       1 
0954       1 
0955       1 
0956       1 
0957       1 
0958       1 
0959       1 
0960       1 
0961       1 
0962       1 
0963       1 
0964       1 
0965       1 
0966       1 
0967       1 
0968       1 
0969       1 
0970       1 
0971       1 
0972       1 
0973       1 
0974       1 
0975       1 
0976       1 
0977       1 
0978       1 
0979       1 
0980       1 
0981       1 
0982       1 
0983       1 
0984       1 
0985       1 
0986       1 
0987       1 
0988       1 
0989       1 
0990       1 
0991       1 
0992       1 
0993       1 
0994       1 
0995       1 
0996       1 
0997       1 
0998       1 
0999       1 
1000       1 
1001       1 
1002       1 
1003       1 
1004       1 
1005       1 
1006       1 
1007       4 
1008       4 
1009       43 
1010       48 
1011       48 
1012       53 
1013       48 
1014       53 
1015       53 
1016       53 
1017       62 
1018       62 
1019       62 
1020       58 
1021       53 
1022       53 
1023       56 
1024       56 
1025       56 
1026       63 
1027       64 
1028       63 
1029       63 
1030       56 
1031       56 
1032       56 
1033       59 
1034       61 
1035       61 
1036       61 
1037       73 
1038       64 
1039       64 
1040       67 
1041       72 
1042       71 
1043       71 
1044       67 
1045       71 
1046       67 
1047       66 
1048       67 
1049       67 
1050       67 
1051       67 
1052       71 
1053       71 
1054       71 
1055       71 
1056       69 
1057       68 
1058       63 
1059       63 
1060       65 
1061       65 
1062       65 
1063       65 
1064       65 
1065       65 
1066       67 
1067       67 
1068       64 
1069       64 
1070       64 
1071       64 
1072       64 
1073       67 
1074       67 
1075       67 
1076       64 
1077       64 
1078       58 
1079       56 
1297966640.383066
