0000       1 
0001       1 
0002       1 
0003       1 
0004       1 
0005       1 
0006       1 
0007       1 
0008       1 
0009       1 
0010       1 
0011       1 
0012       1 
0013       1 
0014       1 
0015       1 
0016       1 
0017       1 
0018       1 
0019       1 
0020       1 
0021       1 
0022       1 
0023       1 
0024       1 
0025       1 
0026       1 
0027       1 
0028       1 
0029       1 
0030       1 
0031       1 
0032       1 
0033       1 
0034       1 
0035       1 
0036       1 
0037       1 
0038       1 
0039       1 
0040       1 
0041       1 
0042       1 
0043       1 
0044       1 
0045       1 
0046       1 
0047       1 
0048       1 
0049       1 
0050       1 
0051       1 
0052       1 
0053       1 
0054       1 
0055       1 
0056       1 
0057       1 
0058       1 
0059       1 
0060       1 
0061       1 
0062       1 
0063       1 
0064       1 
0065       1 
0066       1 
0067       1 
0068       1 
0069       1 
0070       1 
0071       1 
0072       1 
0073       1 
0074       1 
0075       1 
0076       1 
0077       1 
0078       1 
0079       1 
0080       1 
0081       1 
0082       1 
0083       1 
0084       1 
0085       1 
0086       1 
0087       1 
0088       1 
0089       1 
0090       1 
0091       1 
0092       1 
0093       1 
0094       1 
0095       1 
0096       1 
0097       1 
0098       1 
0099       1 
0100       1 
0101       1 
0102       1 
0103       1 
0104       1 
0105       1 
0106       1 
0107       1 
0108       1 
0109       1 
0110       1 
0111       1 
0112       1 
0113       1 
0114       1 
0115       1 
0116       1 
0117       1 
0118       1 
0119       1 
0120       1 
0121       1 
0122       1 
0123       1 
0124       1 
0125       1 
0126       1 
0127       1 
0128       1 
0129       1 
0130       1 
0131       1 
0132       1 
0133       1 
0134       1 
0135       1 
0136       1 
0137       1 
0138       1 
0139       1 
0140       1 
0141       1 
0142       1 
0143       1 
0144       1 
0145       1 
0146       1 
0147       1 
0148       1 
0149       1 
0150       1 
0151       1 
0152       1 
0153       1 
0154       1 
0155       1 
0156       1 
0157       1 
0158       1 
0159       1 
0160       1 
0161       1 
0162       1 
0163       1 
0164       1 
0165       1 
0166       1 
0167       1 
0168       1 
0169       1 
0170       1 
0171       1 
0172       1 
0173       1 
0174       1 
0175       1 
0176       1 
0177       1 
0178       1 
0179       1 
0180       1 
0181       1 
0182       1 
0183       1 
0184       1 
0185       1 
0186       1 
0187       1 
0188       1 
0189       1 
0190       1 
0191       1 
0192       1 
0193       1 
0194       1 
0195       1 
0196       1 
0197       1 
0198       1 
0199       1 
0200       1 
0201       1 
0202       1 
0203       1 
0204       1 
0205       1 
0206       1 
0207       1 
0208       1 
0209       1 
0210       1 
0211       1 
0212       1 
0213       1 
0214       1 
0215       1 
0216       1 
0217       1 
0218       1 
0219       1 
0220       1 
0221       1 
0222       1 
0223       1 
0224       1 
0225       1 
0226       1 
0227       1 
0228       1 
0229       1 
0230       1 
0231       1 
0232       1 
0233       1 
0234       1 
0235       1 
0236       1 
0237       1 
0238       1 
0239       1 
0240       1 
0241       1 
0242       1 
0243       1 
0244       1 
0245       1 
0246       1 
0247       1 
0248       1 
0249       1 
0250       1 
0251       1 
0252       1 
0253       1 
0254       1 
0255       1 
0256       1 
0257       1 
0258       1 
0259       1 
0260       1 
0261       1 
0262       1 
0263       1 
0264       1 
0265       1 
0266       1 
0267       1 
0268       1 
0269       1 
0270       1 
0271       1 
0272       1 
0273       1 
0274       1 
0275       1 
0276       1 
0277       1 
0278       1 
0279       1 
0280       1 
0281       1 
0282       1 
0283       1 
0284       1 
0285       1 
0286       1 
0287       1 
0288       1 
0289       1 
0290       1 
0291       1 
0292       1 
0293       1 
0294       1 
0295       1 
0296       1 
0297       1 
0298       1 
0299       1 
0300       1 
0301       1 
0302       1 
0303       1 
0304       1 
0305       1 
0306       1 
0307       1 
0308       1 
0309       1 
0310       1 
0311       1 
0312       1 
0313       1 
0314       1 
0315       1 
0316       1 
0317       1 
0318       1 
0319       1 
0320       1 
0321       1 
0322       1 
0323       1 
0324       1 
0325       1 
0326       1 
0327       1 
0328       1 
0329       1 
0330       1 
0331       1 
0332       1 
0333       1 
0334       1 
0335       1 
0336       1 
0337       1 
0338       1 
0339       1 
0340       1 
0341       1 
0342       1 
0343       1 
0344       1 
0345       1 
0346       1 
0347       1 
0348       1 
0349       1 
0350       1 
0351       1 
0352       1 
0353       1 
0354       1 
0355       1 
0356       1 
0357       1 
0358       1 
0359       1 
0360       1 
0361       1 
0362       1 
0363       1 
0364       1 
0365       1 
0366       1 
0367       1 
0368       1 
0369       1 
0370       1 
0371       1 
0372       1 
0373       1 
0374       1 
0375       1 
0376       17534 
0377       17534 
0378       17534 
0379       17012 
0380       16910 
0381       16711 
0382       16711 
0383       1 
0384       1 
0385       1 
0386       1 
0387       1 
0388       16669 
0389       16669 
0390       1 
0391       1 
0392       1 
0393       1 
0394       1 
0395       1 
0396       1 
0397       1 
0398       1 
0399       1 
0400       16591 
0401       16591 
0402       16302 
0403       1 
0404       1 
0405       16125 
0406       16125 
0407       16125 
0408       15634 
0409       15634 
0410       15634 
0411       15634 
0412       1 
0413       1 
0414       1 
0415       1 
0416       1 
0417       1 
0418       1 
0419       1 
0420       1 
0421       1 
0422       15723 
0423       15723 
0424       15620 
0425       15412 
0426       15412 
0427       15412 
0428       15184 
0429       15184 
0430       15184 
0431       15184 
0432       15184 
0433       1 
0434       1 
0435       1 
0436       1 
0437       1 
0438       1 
0439       1 
0440       1 
0441       1 
0442       16345 
0443       16345 
0444       1 
0445       1 
0446       1 
0447       1 
0448       1 
0449       1 
0450       1 
0451       17695 
0452       17701 
0453       17701 
0454       17731 
0455       17814 
0456       17814 
0457       1 
0458       1 
0459       1 
0460       1 
0461       1 
0462       1 
0463       1 
0464       1 
0465       1 
0466       1 
0467       1 
0468       1 
0469       17306 
0470       17330 
0471       17469 
0472       17495 
0473       17495 
0474       17496 
0475       17596 
0476       17596 
0477       17589 
0478       1 
0479       1 
0480       1 
0481       1 
0482       1 
0483       1 
0484       1 
0485       1 
0486       1 
0487       1 
0488       1 
0489       1 
0490       1 
0491       14270 
0492       14270 
0493       14243 
0494       1 
0495       1 
0496       1 
0497       1 
0498       1 
0499       1 
0500       1 
0501       1 
0502       1 
0503       1 
0504       1 
0505       1 
0506       1 
0507       1 
0508       1 
0509       1 
0510       1 
0511       1 
0512       1 
0513       1 
0514       1 
0515       1 
0516       1 
0517       1 
0518       1 
0519       1 
0520       1 
0521       1 
0522       1 
0523       1 
0524       1 
0525       1 
0526       1 
0527       1 
0528       1 
0529       1 
0530       1 
0531       1 
0532       1 
0533       1 
0534       1 
0535       1 
0536       1 
0537       1 
0538       1 
0539       1 
0540       1 
0541       1 
0542       1 
0543       1 
0544       1 
0545       1 
0546       1 
0547       1 
0548       1 
0549       1 
0550       1 
0551       1 
0552       1 
0553       1 
0554       1 
0555       1 
0556       1 
0557       1 
0558       1 
0559       1 
0560       1 
0561       1 
0562       1 
0563       1 
0564       18391 
0565       18391 
0566       18391 
0567       18379 
0568       18278 
0569       18174 
0570       17873 
0571       17748 
0572       17748 
0573       17748 
0574       17626 
0575       17500 
0576       17412 
0577       17263 
0578       17160 
0579       17087 
0580       16930 
0581       16766 
0582       16716 
0583       16621 
0584       16470 
0585       16374 
0586       16334 
0587       16249 
0588       1 
0589       1 
0590       1 
0591       1 
0592       1 
0593       1 
0594       1 
0595       1 
0596       1 
0597       15170 
0598       15170 
0599       15170 
0600       15111 
0601       15076 
0602       14953 
0603       14922 
0604       14881 
0605       14854 
0606       14794 
0607       14746 
0608       14633 
0609       14597 
0610       14546 
0611       14453 
0612       14424 
0613       14365 
0614       14264 
0615       14224 
0616       14179 
0617       14092 
0618       14063 
0619       13999 
0620       13964 
0621       13891 
0622       13850 
0623       13777 
0624       13720 
0625       13713 
0626       13713 
0627       13713 
0628       13668 
0629       13638 
0630       13560 
0631       13517 
0632       13478 
0633       13403 
0634       13331 
0635       13283 
0636       13246 
0637       13196 
0638       13128 
0639       13107 
0640       13021 
0641       13003 
0642       12944 
0643       12921 
0644       12848 
0645       12830 
0646       12760 
0647       12709 
0648       12668 
0649       12637 
0650       12627 
0651       12566 
0652       12528 
0653       12455 
0654       12448 
0655       12378 
0656       12353 
0657       12341 
0658       12296 
0659       12276 
0660       12248 
0661       12199 
0662       12183 
0663       12110 
0664       12104 
0665       12083 
0666       12038 
0667       12026 
0668       11969 
0669       11941 
0670       11904 
0671       11886 
0672       11857 
0673       11835 
0674       11816 
0675       11734 
0676       11728 
0677       11716 
0678       11685 
0679       11647 
0680       11625 
0681       11620 
0682       11580 
0683       11532 
0684       11502 
0685       11481 
0686       11455 
0687       11431 
0688       11406 
0689       11392 
0690       11371 
0691       11338 
0692       11334 
0693       11303 
0694       11281 
0695       11248 
0696       11234 
0697       11230 
0698       11186 
0699       11178 
0700       11178 
0701       11130 
0702       11105 
0703       11103 
0704       11091 
0705       11082 
0706       11051 
0707       11028 
0708       11006 
0709       11000 
0710       10981 
0711       10940 
0712       10937 
0713       10937 
0714       10907 
0715       10887 
0716       10870 
0717       10870 
0718       10846 
0719       10823 
0720       10822 
0721       10781 
0722       10781 
0723       10775 
0724       10732 
0725       10728 
0726       10712 
0727       10711 
0728       10711 
0729       10701 
0730       10681 
0731       10656 
0732       10639 
0733       10633 
0734       10627 
0735       10608 
0736       10598 
0737       10592 
0738       10587 
0739       10579 
0740       10561 
0741       10561 
0742       10544 
0743       10511 
0744       10495 
0745       10495 
0746       10488 
0747       10488 
0748       10488 
0749       10479 
0750       10461 
0751       10455 
0752       10447 
0753       10435 
0754       10435 
0755       10437 
0756       10437 
0757       10419 
0758       10415 
0759       10411 
0760       10393 
0761       10393 
0762       10392 
0763       10385 
0764       10371 
0765       10367 
0766       10371 
0767       10343 
0768       10353 
0769       10340 
0770       10337 
0771       10337 
0772       10321 
0773       10321 
0774       10321 
0775       10322 
0776       10307 
0777       10315 
0778       10312 
0779       10312 
0780       10303 
0781       10291 
0782       10303 
0783       10292 
0784       10292 
0785       10281 
0786       10280 
0787       10272 
0788       10273 
0789       10273 
0790       10277 
0791       10295 
0792       10295 
0793       10291 
0794       10290 
0795       10272 
0796       10272 
0797       10272 
0798       10268 
0799       10291 
0800       10275 
0801       10285 
0802       10285 
0803       10285 
0804       10289 
0805       10294 
0806       10297 
0807       10294 
0808       10304 
0809       10286 
0810       10305 
0811       10305 
0812       10322 
0813       10322 
0814       527 
0815       518 
0816       518 
0817       518 
0818       518 
0819       515 
0820       515 
0821       515 
0822       515 
0823       520 
0824       520 
0825       515 
0826       515 
0827       515 
0828       515 
0829       515 
0830       517 
0831       521 
0832       521 
0833       521 
0834       522 
0835       522 
0836       524 
0837       527 
0838       529 
0839       529 
0840       529 
0841       531 
0842       531 
0843       540 
0844       544 
0845       544 
0846       544 
0847       555 
0848       557 
0849       10585 
0850       10621 
0851       10621 
0852       787 
0853       787 
0854       786 
0855       786 
0856       784 
0857       784 
0858       782 
0859       784 
0860       786 
0861       788 
0862       806 
0863       890 
0864       1162 
0865       1162 
0866       1162 
0867       1104 
0868       1050 
0869       1039 
0870       1039 
0871       1039 
0872       1044 
0873       1073 
0874       1111 
0875       1186 
0876       1286 
0877       1286 
0878       1286 
0879       1286 
0880       1286 
0881       1333 
0882       1419 
0883       1506 
0884       1529 
0885       1569 
0886       1633 
0887       1751 
0888       1800 
0889       1804 
0890       1804 
0891       1813 
0892       1816 
0893       1825 
0894       1831 
0895       1834 
0896       1836 
0897       1843 
0898       1849 
0899       1853 
0900       1858 
0901       1863 
0902       1867 
0903       1868 
0904       1875 
0905       1887 
0906       1888 
0907       1891 
0908       1899 
0909       1919 
0910       1923 
0911       1953 
0912       2007 
0913       2030 
0914       2039 
0915       2041 
0916       2050 
0917       2058 
0918       2064 
0919       2068 
0920       2082 
0921       2092 
0922       2097 
0923       2100 
0924       2112 
0925       2116 
0926       2118 
0927       2126 
0928       2132 
0929       2137 
0930       2146 
0931       2163 
0932       2164 
0933       2170 
0934       2172 
0935       2178 
0936       2183 
0937       2200 
0938       2212 
0939       2212 
0940       2221 
0941       2229 
0942       2232 
0943       2239 
0944       2246 
0945       2261 
0946       2266 
0947       2273 
0948       2273 
0949       2285 
0950       2306 
0951       2311 
0952       2315 
0953       2323 
0954       2332 
0955       2333 
0956       2333 
0957       2357 
0958       2372 
0959       2373 
0960       2376 
0961       2376 
0962       2398 
0963       2414 
0964       2416 
0965       2431 
0966       2438 
0967       2448 
0968       2463 
0969       2472 
0970       2482 
0971       2491 
0972       2500 
0973       2524 
0974       2528 
0975       2539 
0976       2543 
0977       2547 
0978       2563 
0979       2581 
0980       2592 
0981       2608 
0982       2610 
0983       2611 
0984       2633 
0985       2673 
0986       2678 
0987       2708 
0988       2709 
0989       2719 
0990       2720 
0991       2741 
0992       2751 
0993       2759 
0994       2772 
0995       2815 
0996       2819 
0997       2827 
0998       2836 
0999       2859 
1000       2868 
1001       2892 
1002       2900 
1003       2900 
1004       2929 
1005       2929 
1006       2929 
1007       60 
1008       59 
1009       59 
1010       59 
1011       53 
1012       53 
1013       51 
1014       50 
1015       50 
1016       50 
1017       50 
1018       50 
1019       50 
1020       50 
1021       50 
1022       51 
1023       51 
1024       53 
1025       58 
1026       61 
1027       61 
1028       61 
1029       55 
1030       54 
1031       53 
1032       53 
1033       53 
1034       62 
1035       67 
1036       70 
1037       70 
1038       67 
1039       67 
1040       68 
1041       66 
1042       68 
1043       68 
1044       97 
1045       97 
1046       97 
1047       93 
1048       67 
1049       62 
1050       62 
1051       65 
1052       67 
1053       70 
1054       70 
1055       70 
1056       72 
1057       74 
1058       66 
1059       72 
1060       72 
1061       72 
1062       65 
1063       62 
1064       62 
1065       69 
1066       62 
1067       62 
1068       69 
1069       68 
1070       68 
1071       69 
1072       69 
1073       68 
1074       68 
1075       68 
1076       67 
1077       68 
1078       67 
1079       67 
1297966610.088344
