0000       1 
0001       1 
0002       1 
0003       1 
0004       1 
0005       1 
0006       1 
0007       1 
0008       1 
0009       1 
0010       1 
0011       1 
0012       1 
0013       1 
0014       1 
0015       1 
0016       1 
0017       1 
0018       1 
0019       1 
0020       1 
0021       1 
0022       1 
0023       1 
0024       1 
0025       1 
0026       1 
0027       1 
0028       1 
0029       1 
0030       1 
0031       1 
0032       1 
0033       1 
0034       1 
0035       1 
0036       1 
0037       1 
0038       1 
0039       1 
0040       1 
0041       1 
0042       1 
0043       1 
0044       1 
0045       1 
0046       1 
0047       1 
0048       1 
0049       1 
0050       1 
0051       1 
0052       1 
0053       1 
0054       1 
0055       1 
0056       1 
0057       1 
0058       1 
0059       1 
0060       1 
0061       1 
0062       1 
0063       1 
0064       1 
0065       1 
0066       1 
0067       1 
0068       1 
0069       1 
0070       1 
0071       1 
0072       1 
0073       1 
0074       1 
0075       1 
0076       1 
0077       1 
0078       1 
0079       1 
0080       1 
0081       1 
0082       1 
0083       1 
0084       1 
0085       1 
0086       1 
0087       1 
0088       1 
0089       1 
0090       1 
0091       1 
0092       1 
0093       1 
0094       1 
0095       1 
0096       1 
0097       1 
0098       1 
0099       1 
0100       1 
0101       1 
0102       1 
0103       1 
0104       1 
0105       1 
0106       1 
0107       1 
0108       1 
0109       1 
0110       1 
0111       1 
0112       1 
0113       1 
0114       1 
0115       1 
0116       1 
0117       1 
0118       1 
0119       1 
0120       1 
0121       1 
0122       1 
0123       1 
0124       1 
0125       1 
0126       1 
0127       1 
0128       1 
0129       1 
0130       1 
0131       1 
0132       1 
0133       1 
0134       1 
0135       1 
0136       1 
0137       1 
0138       1 
0139       1 
0140       1 
0141       1 
0142       1 
0143       1 
0144       1 
0145       1 
0146       1 
0147       1 
0148       1 
0149       1 
0150       1 
0151       1 
0152       1 
0153       1 
0154       1 
0155       1 
0156       1 
0157       1 
0158       1 
0159       1 
0160       1 
0161       1 
0162       1 
0163       1 
0164       1 
0165       1 
0166       1 
0167       1 
0168       1 
0169       1 
0170       1 
0171       1 
0172       1 
0173       1 
0174       1 
0175       1 
0176       1 
0177       1 
0178       1 
0179       1 
0180       1 
0181       1 
0182       1 
0183       1 
0184       1 
0185       1 
0186       1 
0187       1 
0188       1 
0189       1 
0190       1 
0191       1 
0192       1 
0193       1 
0194       1 
0195       1 
0196       1 
0197       1 
0198       1 
0199       1 
0200       1 
0201       1 
0202       1 
0203       1 
0204       1 
0205       1 
0206       1 
0207       1 
0208       1 
0209       1 
0210       1 
0211       1 
0212       1 
0213       1 
0214       1 
0215       1 
0216       1 
0217       1 
0218       1 
0219       1 
0220       1 
0221       1 
0222       1 
0223       1 
0224       1 
0225       1 
0226       1 
0227       1 
0228       1 
0229       1 
0230       1 
0231       1 
0232       1 
0233       1 
0234       1 
0235       1 
0236       1 
0237       1 
0238       1 
0239       1 
0240       1 
0241       1 
0242       1 
0243       1 
0244       1 
0245       1 
0246       1 
0247       1 
0248       1 
0249       1 
0250       1 
0251       1 
0252       1 
0253       1 
0254       1 
0255       1 
0256       1 
0257       1 
0258       1 
0259       1 
0260       1 
0261       1 
0262       1 
0263       1 
0264       1 
0265       1 
0266       1 
0267       1 
0268       1 
0269       1 
0270       1 
0271       1 
0272       1 
0273       1 
0274       1 
0275       1 
0276       1 
0277       1 
0278       1 
0279       1 
0280       1 
0281       1 
0282       1 
0283       1 
0284       1 
0285       1 
0286       1 
0287       1 
0288       1 
0289       1 
0290       1 
0291       1 
0292       1 
0293       1 
0294       1 
0295       1 
0296       1 
0297       1 
0298       1 
0299       1 
0300       1 
0301       1 
0302       1 
0303       1 
0304       1 
0305       1 
0306       1 
0307       1 
0308       1 
0309       1 
0310       1 
0311       1 
0312       1 
0313       1 
0314       1 
0315       1 
0316       1 
0317       1 
0318       1 
0319       1 
0320       1 
0321       1 
0322       1 
0323       1 
0324       1 
0325       1 
0326       1 
0327       1 
0328       1 
0329       1 
0330       1 
0331       1 
0332       1 
0333       1 
0334       1 
0335       1 
0336       1 
0337       1 
0338       1 
0339       1 
0340       1 
0341       1 
0342       1 
0343       1 
0344       1 
0345       1 
0346       1 
0347       1 
0348       1 
0349       1 
0350       1 
0351       1 
0352       1 
0353       1 
0354       1 
0355       1 
0356       1 
0357       1 
0358       1 
0359       1 
0360       1 
0361       1 
0362       1 
0363       1 
0364       1 
0365       1 
0366       1 
0367       1 
0368       1 
0369       1 
0370       1 
0371       1 
0372       1 
0373       16828 
0374       16828 
0375       16828 
0376       16824 
0377       16795 
0378       16795 
0379       16796 
0380       16817 
0381       16796 
0382       16817 
0383       16782 
0384       16782 
0385       1 
0386       1 
0387       1 
0388       1 
0389       1 
0390       1 
0391       1 
0392       1 
0393       16512 
0394       16512 
0395       16512 
0396       16521 
0397       16541 
0398       16658 
0399       16550 
0400       16550 
0401       16438 
0402       15901 
0403       15869 
0404       15890 
0405       15901 
0406       15890 
0407       15862 
0408       15800 
0409       15799 
0410       15780 
0411       15780 
0412       15731 
0413       15795 
0414       15795 
0415       15795 
0416       1 
0417       1 
0418       1 
0419       1 
0420       15637 
0421       15637 
0422       15427 
0423       15391 
0424       15385 
0425       1 
0426       1 
0427       1 
0428       1 
0429       1 
0430       1 
0431       1 
0432       16140 
0433       16140 
0434       1 
0435       1 
0436       1 
0437       1 
0438       1 
0439       1 
0440       1 
0441       1 
0442       1 
0443       1 
0444       1 
0445       1 
0446       1 
0447       1 
0448       1 
0449       1 
0450       1 
0451       1 
0452       1 
0453       1 
0454       1 
0455       1 
0456       1 
0457       1 
0458       1 
0459       1 
0460       1 
0461       1 
0462       1 
0463       1 
0464       1 
0465       1 
0466       1 
0467       1 
0468       17593 
0469       17593 
0470       1 
0471       1 
0472       1 
0473       17592 
0474       17597 
0475       17592 
0476       1 
0477       1 
0478       1 
0479       1 
0480       1 
0481       1 
0482       1 
0483       1 
0484       1 
0485       1 
0486       1 
0487       1 
0488       1 
0489       1 
0490       14232 
0491       14244 
0492       14244 
0493       1 
0494       1 
0495       1 
0496       1 
0497       1 
0498       1 
0499       1 
0500       1 
0501       1 
0502       1 
0503       1 
0504       1 
0505       1 
0506       1 
0507       1 
0508       1 
0509       1 
0510       1 
0511       1 
0512       1 
0513       1 
0514       1 
0515       1 
0516       1 
0517       1 
0518       1 
0519       1 
0520       1 
0521       1 
0522       1 
0523       1 
0524       1 
0525       1 
0526       1 
0527       1 
0528       1 
0529       1 
0530       1 
0531       1 
0532       1 
0533       1 
0534       1 
0535       1 
0536       1 
0537       1 
0538       1 
0539       1 
0540       1 
0541       1 
0542       1 
0543       1 
0544       1 
0545       1 
0546       1 
0547       1 
0548       1 
0549       1 
0550       1 
0551       1 
0552       1 
0553       1 
0554       1 
0555       1 
0556       1 
0557       1 
0558       1 
0559       1 
0560       1 
0561       1 
0562       1 
0563       1 
0564       1 
0565       1 
0566       18195 
0567       18195 
0568       18176 
0569       17791 
0570       17720 
0571       17720 
0572       17720 
0573       17330 
0574       17274 
0575       17274 
0576       17274 
0577       1 
0578       1 
0579       1 
0580       1 
0581       1 
0582       1 
0583       1 
0584       1 
0585       1 
0586       1 
0587       1 
0588       1 
0589       1 
0590       1 
0591       1 
0592       1 
0593       1 
0594       1 
0595       15357 
0596       15357 
0597       15278 
0598       15234 
0599       15111 
0600       15056 
0601       14959 
0602       14951 
0603       14902 
0604       14832 
0605       14751 
0606       14670 
0607       14607 
0608       14572 
0609       14474 
0610       14413 
0611       14372 
0612       14332 
0613       14315 
0614       14259 
0615       14170 
0616       14138 
0617       14074 
0618       14022 
0619       13959 
0620       13921 
0621       13851 
0622       13794 
0623       13794 
0624       13794 
0625       13758 
0626       13738 
0627       13633 
0628       13574 
0629       13538 
0630       13496 
0631       13451 
0632       13361 
0633       13333 
0634       13284 
0635       13209 
0636       13102 
0637       13097 
0638       13062 
0639       13027 
0640       12975 
0641       12918 
0642       12896 
0643       12837 
0644       12777 
0645       12749 
0646       12680 
0647       12665 
0648       12610 
0649       12577 
0650       12541 
0651       12523 
0652       12466 
0653       12419 
0654       12385 
0655       12341 
0656       12325 
0657       12296 
0658       12259 
0659       12232 
0660       12186 
0661       12158 
0662       12116 
0663       12081 
0664       12052 
0665       12001 
0666       11998 
0667       11945 
0668       11940 
0669       11903 
0670       11857 
0671       11855 
0672       11806 
0673       11770 
0674       11744 
0675       11739 
0676       11687 
0677       11654 
0678       11637 
0679       11592 
0680       11572 
0681       11528 
0682       11502 
0683       11498 
0684       11474 
0685       11450 
0686       11417 
0687       11392 
0688       11360 
0689       11349 
0690       11319 
0691       11287 
0692       11250 
0693       11227 
0694       11219 
0695       11215 
0696       11190 
0697       11176 
0698       11158 
0699       11144 
0700       11114 
0701       11107 
0702       11105 
0703       11052 
0704       11046 
0705       11035 
0706       11011 
0707       10987 
0708       10957 
0709       10956 
0710       10946 
0711       10939 
0712       10917 
0713       10885 
0714       10869 
0715       10851 
0716       10851 
0717       10832 
0718       10801 
0719       10794 
0720       10766 
0721       10765 
0722       10747 
0723       10738 
0724       10720 
0725       10697 
0726       10696 
0727       10685 
0728       10668 
0729       10654 
0730       10639 
0731       10625 
0732       10621 
0733       10610 
0734       10594 
0735       10584 
0736       10566 
0737       10563 
0738       10557 
0739       10535 
0740       10534 
0741       10521 
0742       10517 
0743       10510 
0744       10510 
0745       10492 
0746       10481 
0747       10475 
0748       10457 
0749       10440 
0750       10428 
0751       10432 
0752       10427 
0753       10416 
0754       10412 
0755       10411 
0756       10405 
0757       10397 
0758       10373 
0759       10373 
0760       10354 
0761       10353 
0762       10349 
0763       10344 
0764       10330 
0765       10330 
0766       10333 
0767       10333 
0768       10317 
0769       10313 
0770       10312 
0771       10305 
0772       10295 
0773       10305 
0774       10292 
0775       10291 
0776       10278 
0777       10278 
0778       10286 
0779       10286 
0780       10283 
0781       10278 
0782       10278 
0783       10276 
0784       10276 
0785       10267 
0786       10276 
0787       10267 
0788       10255 
0789       10255 
0790       10268 
0791       10268 
0792       10268 
0793       10258 
0794       10254 
0795       10254 
0796       10258 
0797       10268 
0798       10268 
0799       10263 
0800       10251 
0801       10263 
0802       10251 
0803       10261 
0804       10259 
0805       10261 
0806       10294 
0807       10294 
0808       515 
0809       511 
0810       511 
0811       515 
0812       517 
0813       520 
0814       520 
0815       517 
0816       512 
0817       512 
0818       510 
0819       510 
0820       512 
0821       510 
0822       510 
0823       510 
0824       510 
0825       510 
0826       515 
0827       511 
0828       511 
0829       515 
0830       518 
0831       519 
0832       524 
0833       524 
0834       524 
0835       535 
0836       536 
0837       536 
0838       541 
0839       551 
0840       553 
0841       555 
0842       595 
0843       10525 
0844       10540 
0845       10540 
0846       785 
0847       778 
0848       778 
0849       780 
0850       780 
0851       779 
0852       780 
0853       780 
0854       780 
0855       782 
0856       801 
0857       842 
0858       922 
0859       1215 
0860       1215 
0861       1215 
0862       1071 
0863       1036 
0864       1028 
0865       1028 
0866       1028 
0867       1028 
0868       1067 
0869       1138 
0870       1236 
0871       1253 
0872       1253 
0873       1270 
0874       1270 
0875       1277 
0876       1314 
0877       1438 
0878       1505 
0879       1509 
0880       1541 
0881       1611 
0882       1720 
0883       1773 
0884       1787 
0885       1791 
0886       1799 
0887       1806 
0888       1806 
0889       1811 
0890       1814 
0891       1818 
0892       1819 
0893       1823 
0894       1832 
0895       1835 
0896       1845 
0897       1845 
0898       1847 
0899       1856 
0900       1857 
0901       1873 
0902       1879 
0903       1883 
0904       1888 
0905       1904 
0906       1924 
0907       1972 
0908       2019 
0909       2020 
0910       2028 
0911       2026 
0912       2030 
0913       2039 
0914       2039 
0915       2053 
0916       2065 
0917       2067 
0918       2068 
0919       2082 
0920       2088 
0921       2093 
0922       2101 
0923       2102 
0924       2119 
0925       2124 
0926       2126 
0927       2131 
0928       2137 
0929       2146 
0930       2158 
0931       2170 
0932       2171 
0933       2171 
0934       2172 
0935       2176 
0936       2186 
0937       2196 
0938       2208 
0939       2219 
0940       2226 
0941       2230 
0942       2241 
0943       2244 
0944       2251 
0945       2256 
0946       2259 
0947       2263 
0948       2283 
0949       2289 
0950       2295 
0951       2319 
0952       2321 
0953       2322 
0954       2334 
0955       2345 
0956       2364 
0957       2367 
0958       2376 
0959       2380 
0960       2389 
0961       2402 
0962       2410 
0963       2417 
0964       2422 
0965       2440 
0966       2445 
0967       2462 
0968       2468 
0969       2470 
0970       2498 
0971       2504 
0972       2513 
0973       2528 
0974       2528 
0975       2555 
0976       2563 
0977       2564 
0978       2567 
0979       2578 
0980       2591 
0981       2599 
0982       2628 
0983       2643 
0984       2657 
0985       2672 
0986       2684 
0987       2692 
0988       2706 
0989       2708 
0990       2727 
0991       2742 
0992       2752 
0993       2781 
0994       2805 
0995       2821 
0996       2829 
0997       2850 
0998       2859 
0999       2869 
1000       2872 
1001       2890 
1002       2898 
1003       2927 
1004       2943 
1005       2943 
1006       2943 
1007       52 
1008       52 
1009       52 
1010       52 
1011       50 
1012       50 
1013       50 
1014       46 
1015       45 
1016       46 
1017       45 
1018       45 
1019       50 
1020       50 
1021       50 
1022       50 
1023       50 
1024       54 
1025       63 
1026       63 
1027       63 
1028       59 
1029       52 
1030       52 
1031       54 
1032       54 
1033       54 
1034       56 
1035       59 
1036       70 
1037       70 
1038       70 
1039       74 
1040       74 
1041       68 
1042       75 
1043       75 
1044       103 
1045       103 
1046       103 
1047       72 
1048       71 
1049       71 
1050       69 
1051       69 
1052       72 
1053       72 
1054       70 
1055       72 
1056       72 
1057       72 
1058       72 
1059       72 
1060       73 
1061       72 
1062       72 
1063       72 
1064       73 
1065       72 
1066       72 
1067       70 
1068       63 
1069       63 
1070       65 
1071       65 
1072       65 
1073       65 
1074       64 
1075       64 
1076       64 
1077       70 
1078       70 
1079       70 
1297966610.312809
