0000       1 
0001       1 
0002       1 
0003       1 
0004       1 
0005       1 
0006       1 
0007       1 
0008       1 
0009       1 
0010       1 
0011       1 
0012       1 
0013       1 
0014       1 
0015       1 
0016       1 
0017       1 
0018       1 
0019       1 
0020       1 
0021       1 
0022       1 
0023       1 
0024       1 
0025       1 
0026       1 
0027       1 
0028       1 
0029       1 
0030       1 
0031       1 
0032       1 
0033       1 
0034       1 
0035       1 
0036       1 
0037       1 
0038       1 
0039       1 
0040       1 
0041       1 
0042       1 
0043       1 
0044       1 
0045       1 
0046       1 
0047       1 
0048       1 
0049       1 
0050       1 
0051       1 
0052       1 
0053       1 
0054       1 
0055       1 
0056       1 
0057       1 
0058       1 
0059       1 
0060       1 
0061       1 
0062       1 
0063       1 
0064       1 
0065       1 
0066       1 
0067       1 
0068       1 
0069       1 
0070       1 
0071       1 
0072       1 
0073       1 
0074       1 
0075       1 
0076       1 
0077       1 
0078       1 
0079       1 
0080       1 
0081       1 
0082       1 
0083       1 
0084       1 
0085       1 
0086       1 
0087       1 
0088       1 
0089       1 
0090       1 
0091       1 
0092       1 
0093       1 
0094       1 
0095       1 
0096       1 
0097       1 
0098       1 
0099       1 
0100       1 
0101       1 
0102       1 
0103       1 
0104       1 
0105       1 
0106       1 
0107       1 
0108       1 
0109       1 
0110       1 
0111       1 
0112       1 
0113       1 
0114       1 
0115       1 
0116       1 
0117       1 
0118       1 
0119       1 
0120       1 
0121       1 
0122       1 
0123       1 
0124       1 
0125       1 
0126       1 
0127       1 
0128       1 
0129       1 
0130       1 
0131       1 
0132       1 
0133       1 
0134       1 
0135       1 
0136       1 
0137       1 
0138       1 
0139       1 
0140       1 
0141       1 
0142       1 
0143       1 
0144       1 
0145       1 
0146       1 
0147       1 
0148       1 
0149       1 
0150       1 
0151       1 
0152       1 
0153       1 
0154       1 
0155       1 
0156       1 
0157       1 
0158       1 
0159       1 
0160       1 
0161       1 
0162       1 
0163       1 
0164       1 
0165       1 
0166       1 
0167       1 
0168       1 
0169       1 
0170       1 
0171       1 
0172       1 
0173       1 
0174       1 
0175       1 
0176       1 
0177       1 
0178       1 
0179       1 
0180       1 
0181       1 
0182       1 
0183       1 
0184       1 
0185       1 
0186       1 
0187       1 
0188       1 
0189       1 
0190       1 
0191       1 
0192       1 
0193       1 
0194       1 
0195       1 
0196       1 
0197       1 
0198       1 
0199       1 
0200       1 
0201       1 
0202       1 
0203       1 
0204       1 
0205       1 
0206       1 
0207       1 
0208       1 
0209       1 
0210       1 
0211       1 
0212       1 
0213       1 
0214       1 
0215       1 
0216       1 
0217       1 
0218       1 
0219       1 
0220       1 
0221       1 
0222       1 
0223       1 
0224       1 
0225       1 
0226       1 
0227       1 
0228       1 
0229       1 
0230       1 
0231       1 
0232       1 
0233       1 
0234       1 
0235       1 
0236       1 
0237       1 
0238       1 
0239       1 
0240       20831 
0241       20864 
0242       20864 
0243       1 
0244       1 
0245       1 
0246       1 
0247       1 
0248       1 
0249       17667 
0250       17686 
0251       17756 
0252       17768 
0253       17797 
0254       17829 
0255       17844 
0256       17878 
0257       17913 
0258       17913 
0259       17920 
0260       17944 
0261       17996 
0262       17996 
0263       1 
0264       1 
0265       1 
0266       1 
0267       1 
0268       1 
0269       1 
0270       1 
0271       1 
0272       1 
0273       1 
0274       1 
0275       1 
0276       1 
0277       1 
0278       1 
0279       1 
0280       1 
0281       1 
0282       1 
0283       1 
0284       1 
0285       1 
0286       1 
0287       1 
0288       1 
0289       19082 
0290       19082 
0291       1 
0292       1 
0293       1 
0294       1 
0295       1 
0296       1 
0297       1 
0298       1 
0299       1 
0300       1 
0301       1 
0302       1 
0303       1 
0304       1 
0305       1 
0306       1 
0307       1 
0308       16653 
0309       16653 
0310       16653 
0311       16607 
0312       16471 
0313       16201 
0314       1 
0315       1 
0316       1 
0317       1 
0318       1 
0319       1 
0320       1 
0321       1 
0322       1 
0323       1 
0324       1 
0325       1 
0326       1 
0327       1 
0328       1 
0329       1 
0330       1 
0331       1 
0332       1 
0333       1 
0334       1 
0335       1 
0336       1 
0337       1 
0338       1 
0339       1 
0340       1 
0341       1 
0342       1 
0343       1 
0344       1 
0345       1 
0346       1 
0347       13090 
0348       13090 
0349       13147 
0350       13090 
0351       13073 
0352       13001 
0353       13001 
0354       12953 
0355       12888 
0356       12833 
0357       12743 
0358       12684 
0359       12600 
0360       12582 
0361       12464 
0362       12458 
0363       12385 
0364       12319 
0365       12274 
0366       12212 
0367       12159 
0368       12142 
0369       12056 
0370       12003 
0371       11986 
0372       11909 
0373       11886 
0374       11780 
0375       9372 
0376       9315 
0377       9236 
0378       9166 
0379       9075 
0380       9074 
0381       9054 
0382       9054 
0383       9036 
0384       9036 
0385       9062 
0386       9088 
0387       9088 
0388       9062 
0389       9044 
0390       9020 
0391       9010 
0392       8980 
0393       8847 
0394       8823 
0395       8791 
0396       8726 
0397       8719 
0398       8702 
0399       8702 
0400       8713 
0401       8735 
0402       8748 
0403       8748 
0404       8700 
0405       8700 
0406       8712 
0407       8712 
0408       8663 
0409       8663 
0410       8644 
0411       8665 
0412       8655 
0413       8655 
0414       8563 
0415       8553 
0416       8541 
0417       8532 
0418       8532 
0419       8535 
0420       8535 
0421       8575 
0422       8599 
0423       8615 
0424       8669 
0425       8677 
0426       8679 
0427       8738 
0428       9120 
0429       9483 
0430       9727 
0431       9735 
0432       9735 
0433       9666 
0434       9666 
0435       9680 
0436       9680 
0437       9680 
0438       9626 
0439       9612 
0440       9602 
0441       9577 
0442       9570 
0443       9539 
0444       9518 
0445       9512 
0446       9502 
0447       9462 
0448       9443 
0449       9436 
0450       9443 
0451       9436 
0452       9413 
0453       9397 
0454       9395 
0455       9380 
0456       9375 
0457       9362 
0458       9344 
0459       9326 
0460       9291 
0461       9286 
0462       9276 
0463       9274 
0464       9236 
0465       9226 
0466       9216 
0467       9196 
0468       9185 
0469       9166 
0470       9159 
0471       9131 
0472       9122 
0473       9116 
0474       9090 
0475       9088 
0476       9076 
0477       9058 
0478       9034 
0479       9026 
0480       9025 
0481       9017 
0482       9017 
0483       8998 
0484       8973 
0485       8970 
0486       8957 
0487       8947 
0488       8947 
0489       8947 
0490       8928 
0491       8915 
0492       8895 
0493       8886 
0494       7615 
0495       7591 
0496       7580 
0497       7569 
0498       7567 
0499       7555 
0500       7526 
0501       7500 
0502       7465 
0503       7458 
0504       7451 
0505       7443 
0506       7441 
0507       7410 
0508       7394 
0509       7387 
0510       7383 
0511       7383 
0512       7374 
0513       7374 
0514       7377 
0515       7400 
0516       7425 
0517       7428 
0518       7428 
0519       7421 
0520       7386 
0521       7352 
0522       7352 
0523       7351 
0524       7355 
0525       7375 
0526       7424 
0527       7465 
0528       7465 
0529       7444 
0530       7414 
0531       7413 
0532       7413 
0533       7461 
0534       7521 
0535       7548 
0536       7550 
0537       7553 
0538       7622 
0539       7669 
0540       7989 
0541       8409 
0542       8492 
0543       8492 
0544       8489 
0545       8474 
0546       8457 
0547       8457 
0548       8476 
0549       8476 
0550       8432 
0551       8411 
0552       8327 
0553       8173 
0554       8059 
0555       7996 
0556       7920 
0557       7770 
0558       7563 
0559       7422 
0560       7357 
0561       7324 
0562       7231 
0563       7152 
0564       7146 
0565       7140 
0566       7125 
0567       7125 
0568       7125 
0569       7091 
0570       7050 
0571       7025 
0572       7005 
0573       6998 
0574       6993 
0575       6962 
0576       6962 
0577       6996 
0578       7006 
0579       7019 
0580       7019 
0581       7022 
0582       7026 
0583       7046 
0584       7052 
0585       7056 
0586       7067 
0587       7090 
0588       7093 
0589       7099 
0590       7125 
0591       7154 
0592       7187 
0593       7201 
0594       7203 
0595       7205 
0596       7222 
0597       7250 
0598       7271 
0599       7298 
0600       7320 
0601       7351 
0602       7377 
0603       7438 
0604       7478 
0605       7558 
0606       8032 
0607       8104 
0608       8104 
0609       8097 
0610       8075 
0611       8055 
0612       7963 
0613       7893 
0614       7867 
0615       7867 
0616       7870 
0617       7870 
0618       7832 
0619       7831 
0620       7831 
0621       7845 
0622       7859 
0623       7896 
0624       7906 
0625       7906 
0626       7889 
0627       7889 
0628       7912 
0629       7924 
0630       7931 
0631       7966 
0632       8014 
0633       8033 
0634       8036 
0635       9340 
0636       9357 
0637       9395 
0638       9413 
0639       9427 
0640       9430 
0641       9460 
0642       9460 
0643       9436 
0644       9299 
0645       9176 
0646       9086 
0647       8993 
0648       8917 
0649       8833 
0650       8769 
0651       8688 
0652       8600 
0653       8535 
0654       8467 
0655       8386 
0656       8339 
0657       8251 
0658       8183 
0659       8113 
0660       8103 
0661       8097 
0662       8095 
0663       8086 
0664       8086 
0665       8100 
0666       8100 
0667       8084 
0668       8084 
0669       8121 
0670       8121 
0671       7770 
0672       7710 
0673       7667 
0674       7619 
0675       7580 
0676       7526 
0677       7468 
0678       7431 
0679       7369 
0680       7319 
0681       7148 
0682       6872 
0683       6818 
0684       6764 
0685       6728 
0686       6673 
0687       6645 
0688       6588 
0689       6556 
0690       6513 
0691       6487 
0692       6457 
0693       6416 
0694       6375 
0695       6343 
0696       6301 
0697       6274 
0698       6240 
0699       6215 
0700       6176 
0701       6133 
0702       6104 
0703       6070 
0704       6037 
0705       6022 
0706       6001 
0707       5962 
0708       5928 
0709       5897 
0710       5858 
0711       5845 
0712       5818 
0713       5792 
0714       5762 
0715       5726 
0716       5715 
0717       5686 
0718       5657 
0719       5628 
0720       5609 
0721       5580 
0722       5556 
0723       5537 
0724       5496 
0725       5484 
0726       5483 
0727       5484 
0728       5481 
0729       5483 
0730       5483 
0731       5483 
0732       5513 
0733       5531 
0734       5540 
0735       5540 
0736       5516 
0737       5504 
0738       5504 
0739       5506 
0740       5518 
0741       5699 
0742       5773 
0743       7811 
0744       7811 
0745       7805 
0746       7805 
0747       7767 
0748       7737 
0749       7706 
0750       7669 
0751       7625 
0752       7609 
0753       7583 
0754       7570 
0755       7534 
0756       7509 
0757       7485 
0758       7455 
0759       7437 
0760       7403 
0761       7397 
0762       7361 
0763       7336 
0764       7315 
0765       7296 
0766       7269 
0767       7245 
0768       7231 
0769       7192 
0770       7184 
0771       7157 
0772       7137 
0773       7119 
0774       7107 
0775       4676 
0776       4609 
0777       4573 
0778       4556 
0779       4534 
0780       4526 
0781       4520 
0782       4506 
0783       4485 
0784       4477 
0785       4471 
0786       4462 
0787       4446 
0788       4432 
0789       4424 
0790       4421 
0791       4408 
0792       4386 
0793       4384 
0794       4368 
0795       4367 
0796       4356 
0797       4335 
0798       4331 
0799       4331 
0800       4331 
0801       4350 
0802       4390 
0803       4433 
0804       4476 
0805       4476 
0806       4476 
0807       4470 
0808       4463 
0809       4458 
0810       4449 
0811       4443 
0812       4437 
0813       4428 
0814       4417 
0815       4411 
0816       4405 
0817       4405 
0818       4402 
0819       4390 
0820       4385 
0821       4372 
0822       4366 
0823       4364 
0824       4363 
0825       4341 
0826       4338 
0827       4337 
0828       4327 
0829       4327 
0830       4327 
0831       4414 
0832       5540 
0833       5594 
0834       5669 
0835       5767 
0836       5828 
0837       5885 
0838       6034 
0839       6129 
0840       6201 
0841       6269 
0842       6269 
0843       6294 
0844       6294 
0845       6294 
0846       6277 
0847       6271 
0848       6263 
0849       6219 
0850       6169 
0851       6169 
0852       6175 
0853       6210 
0854       6237 
0855       6242 
0856       6279 
0857       6315 
0858       6391 
0859       6623 
0860       6648 
0861       6775 
0862       6775 
0863       6733 
0864       6731 
0865       6685 
0866       6685 
0867       6724 
0868       6834 
0869       7018 
0870       7018 
0871       1 
0872       1 
0873       1 
0874       1 
0875       1 
0876       1 
0877       1 
0878       1 
0879       1 
0880       1 
0881       7107 
0882       7107 
0883       7089 
0884       7089 
0885       7094 
0886       7094 
0887       7074 
0888       7064 
0889       7064 
0890       7053 
0891       7053 
0892       7053 
0893       7056 
0894       7064 
0895       7064 
0896       7062 
0897       7061 
0898       7038 
0899       1 
0900       1 
0901       1 
0902       1 
0903       1 
0904       1 
0905       1 
0906       1 
0907       1 
0908       1 
0909       1 
0910       1 
0911       1 
0912       1 
0913       1 
0914       1 
0915       1 
0916       1 
0917       1 
0918       1 
0919       1 
0920       1 
0921       1 
0922       1 
0923       1 
0924       1 
0925       1 
0926       1 
0927       1 
0928       1 
0929       1 
0930       1 
0931       1 
0932       1 
0933       1 
0934       1 
0935       1 
0936       1 
0937       1 
0938       1 
0939       1 
0940       1 
0941       1 
0942       1 
0943       1 
0944       1 
0945       1 
0946       1 
0947       1 
0948       1 
0949       1 
0950       1 
0951       1 
0952       1 
0953       1 
0954       1 
0955       1 
0956       1 
0957       1 
0958       1 
0959       1 
0960       1 
0961       1 
0962       1 
0963       1 
0964       1 
0965       1 
0966       1 
0967       1 
0968       1 
0969       1 
0970       1 
0971       1 
0972       1 
0973       1 
0974       1 
0975       1 
0976       1 
0977       1 
0978       1 
0979       1 
0980       1 
0981       1 
0982       1 
0983       1 
0984       1 
0985       1 
0986       1 
0987       1 
0988       1 
0989       1 
0990       1 
0991       1 
0992       1 
0993       1 
0994       1 
0995       1 
0996       1 
0997       1 
0998       1 
0999       1 
1000       1 
1001       1 
1002       1 
1003       1 
1004       1 
1005       1 
1006       1 
1007       4 
1008       4 
1009       42 
1010       51 
1011       51 
1012       51 
1013       56 
1014       51 
1015       49 
1016       57 
1017       49 
1018       49 
1019       56 
1020       60 
1021       56 
1022       56 
1023       53 
1024       53 
1025       53 
1026       68 
1027       68 
1028       68 
1029       59 
1030       59 
1031       56 
1032       55 
1033       56 
1034       60 
1035       60 
1036       65 
1037       66 
1038       69 
1039       70 
1040       70 
1041       73 
1042       73 
1043       74 
1044       73 
1045       73 
1046       74 
1047       74 
1048       68 
1049       64 
1050       61 
1051       61 
1052       61 
1053       69 
1054       69 
1055       69 
1056       66 
1057       65 
1058       64 
1059       64 
1060       64 
1061       64 
1062       64 
1063       65 
1064       65 
1065       70 
1066       70 
1067       70 
1068       68 
1069       68 
1070       68 
1071       68 
1072       69 
1073       69 
1074       71 
1075       71 
1076       71 
1077       71 
1078       71 
1079       70 
1297966689.944151
