0000       1 
0001       1 
0002       1 
0003       1 
0004       1 
0005       1 
0006       1 
0007       1 
0008       1 
0009       1 
0010       1 
0011       1 
0012       1 
0013       1 
0014       1 
0015       1 
0016       1 
0017       1 
0018       1 
0019       1 
0020       1 
0021       1 
0022       1 
0023       1 
0024       1 
0025       1 
0026       1 
0027       1 
0028       1 
0029       1 
0030       1 
0031       1 
0032       1 
0033       1 
0034       1 
0035       1 
0036       1 
0037       1 
0038       1 
0039       1 
0040       1 
0041       1 
0042       1 
0043       1 
0044       1 
0045       1 
0046       1 
0047       1 
0048       1 
0049       1 
0050       1 
0051       1 
0052       1 
0053       1 
0054       1 
0055       1 
0056       1 
0057       1 
0058       1 
0059       1 
0060       1 
0061       1 
0062       1 
0063       1 
0064       1 
0065       1 
0066       1 
0067       1 
0068       1 
0069       1 
0070       1 
0071       1 
0072       1 
0073       1 
0074       1 
0075       1 
0076       1 
0077       1 
0078       1 
0079       17735 
0080       17735 
0081       17735 
0082       17698 
0083       17582 
0084       1 
0085       1 
0086       1 
0087       17440 
0088       17440 
0089       17489 
0090       17444 
0091       17444 
0092       17257 
0093       1 
0094       1 
0095       1 
0096       1 
0097       1 
0098       1 
0099       1 
0100       1 
0101       1 
0102       16445 
0103       16445 
0104       16463 
0105       16817 
0106       16817 
0107       16596 
0108       16596 
0109       16596 
0110       16656 
0111       16656 
0112       1 
0113       1 
0114       1 
0115       1 
0116       1 
0117       1 
0118       16662 
0119       16662 
0120       16095 
0121       16058 
0122       16062 
0123       16058 
0124       16058 
0125       16062 
0126       16390 
0127       16390 
0128       16390 
0129       16454 
0130       16487 
0131       16487 
0132       15733 
0133       15733 
0134       15733 
0135       16373 
0136       16373 
0137       16373 
0138       16328 
0139       1 
0140       1 
0141       1 
0142       15655 
0143       15655 
0144       1 
0145       1 
0146       1 
0147       1 
0148       1 
0149       1 
0150       1 
0151       16463 
0152       16463 
0153       16363 
0154       16169 
0155       16169 
0156       16088 
0157       16040 
0158       15951 
0159       15885 
0160       15885 
0161       15484 
0162       15344 
0163       15344 
0164       15484 
0165       16261 
0166       16314 
0167       16261 
0168       1 
0169       1 
0170       1 
0171       14932 
0172       14946 
0173       14932 
0174       14893 
0175       14849 
0176       14849 
0177       14827 
0178       14729 
0179       14729 
0180       15161 
0181       15161 
0182       1 
0183       1 
0184       1 
0185       14889 
0186       14889 
0187       1 
0188       1 
0189       1 
0190       1 
0191       1 
0192       1 
0193       1 
0194       1 
0195       1 
0196       1 
0197       15830 
0198       17424 
0199       15830 
0200       1 
0201       1 
0202       1 
0203       16668 
0204       16668 
0205       1 
0206       1 
0207       1 
0208       1 
0209       1 
0210       1 
0211       16356 
0212       16448 
0213       16518 
0214       16518 
0215       16602 
0216       16816 
0217       16816 
0218       1 
0219       1 
0220       1 
0221       1 
0222       1 
0223       1 
0224       1 
0225       1 
0226       1 
0227       21490 
0228       21490 
0229       21252 
0230       21060 
0231       20875 
0232       20699 
0233       20531 
0234       20400 
0235       20197 
0236       20096 
0237       19895 
0238       19735 
0239       19567 
0240       19423 
0241       19232 
0242       19060 
0243       18887 
0244       18788 
0245       18621 
0246       18441 
0247       18306 
0248       18177 
0249       18029 
0250       17911 
0251       17709 
0252       17626 
0253       17502 
0254       17135 
0255       17000 
0256       17000 
0257       17000 
0258       16861 
0259       16769 
0260       16643 
0261       16530 
0262       16403 
0263       16288 
0264       16181 
0265       16075 
0266       15950 
0267       15842 
0268       15764 
0269       15667 
0270       15597 
0271       15502 
0272       15439 
0273       15350 
0274       15254 
0275       15163 
0276       15051 
0277       14994 
0278       14919 
0279       14820 
0280       14779 
0281       14752 
0282       14655 
0283       14583 
0284       14528 
0285       14457 
0286       14382 
0287       14274 
0288       14186 
0289       14039 
0290       13957 
0291       13938 
0292       13911 
0293       13899 
0294       13824 
0295       13753 
0296       13695 
0297       13628 
0298       13555 
0299       13483 
0300       13441 
0301       13384 
0302       13326 
0303       13313 
0304       13231 
0305       13195 
0306       13099 
0307       13067 
0308       13017 
0309       12932 
0310       12876 
0311       12863 
0312       12777 
0313       12716 
0314       12683 
0315       12631 
0316       12570 
0317       12519 
0318       12461 
0319       12410 
0320       12363 
0321       12308 
0322       12264 
0323       12224 
0324       12165 
0325       12130 
0326       12054 
0327       12021 
0328       11988 
0329       11963 
0330       11917 
0331       11868 
0332       11806 
0333       11804 
0334       11751 
0335       11694 
0336       11677 
0337       11659 
0338       11597 
0339       11564 
0340       11527 
0341       11499 
0342       11454 
0343       11432 
0344       11393 
0345       11355 
0346       11301 
0347       11278 
0348       11255 
0349       11204 
0350       11178 
0351       11136 
0352       11102 
0353       11082 
0354       11027 
0355       11010 
0356       10980 
0357       10967 
0358       10947 
0359       10902 
0360       10864 
0361       10842 
0362       10814 
0363       10792 
0364       10776 
0365       10741 
0366       10717 
0367       10712 
0368       10675 
0369       10638 
0370       10623 
0371       10605 
0372       10562 
0373       10542 
0374       10516 
0375       10507 
0376       10453 
0377       10445 
0378       10418 
0379       10402 
0380       10361 
0381       10342 
0382       10322 
0383       10313 
0384       10290 
0385       10268 
0386       10244 
0387       10216 
0388       10194 
0389       10190 
0390       10190 
0391       10151 
0392       10131 
0393       10099 
0394       10082 
0395       10081 
0396       10053 
0397       10045 
0398       10007 
0399       9993 
0400       9989 
0401       9980 
0402       9958 
0403       9957 
0404       9921 
0405       9905 
0406       9890 
0407       9865 
0408       9856 
0409       9844 
0410       9840 
0411       9807 
0412       9798 
0413       9791 
0414       9774 
0415       9749 
0416       9742 
0417       9724 
0418       9717 
0419       9693 
0420       9679 
0421       9662 
0422       9654 
0423       9645 
0424       9612 
0425       9594 
0426       9581 
0427       9579 
0428       9579 
0429       9579 
0430       9574 
0431       9568 
0432       9545 
0433       9537 
0434       9524 
0435       9504 
0436       9498 
0437       9498 
0438       9471 
0439       9470 
0440       9460 
0441       9441 
0442       9441 
0443       9414 
0444       9414 
0445       9411 
0446       9409 
0447       9405 
0448       9388 
0449       9388 
0450       9388 
0451       9365 
0452       9362 
0453       9352 
0454       9349 
0455       9341 
0456       9341 
0457       9336 
0458       9310 
0459       9310 
0460       9313 
0461       9313 
0462       9313 
0463       9299 
0464       9298 
0465       9298 
0466       9286 
0467       9280 
0468       9271 
0469       9271 
0470       9285 
0471       9285 
0472       9264 
0473       9264 
0474       9264 
0475       9264 
0476       9266 
0477       9256 
0478       9256 
0479       9251 
0480       9251 
0481       9255 
0482       9255 
0483       9238 
0484       9231 
0485       9238 
0486       9239 
0487       9241 
0488       9239 
0489       9236 
0490       9236 
0491       9257 
0492       9257 
0493       9259 
0494       9245 
0495       9246 
0496       9245 
0497       9246 
0498       9254 
0499       9254 
0500       9254 
0501       9252 
0502       9265 
0503       9267 
0504       9267 
0505       9272 
0506       9266 
0507       9273 
0508       9273 
0509       9291 
0510       9291 
0511       9300 
0512       9293 
0513       9293 
0514       9293 
0515       9292 
0516       9299 
0517       9306 
0518       9324 
0519       9330 
0520       9336 
0521       9336 
0522       9337 
0523       9344 
0524       9344 
0525       9344 
0526       9357 
0527       9387 
0528       9399 
0529       9399 
0530       9397 
0531       9387 
0532       9397 
0533       9429 
0534       9433 
0535       9433 
0536       9444 
0537       9457 
0538       9457 
0539       9457 
0540       9488 
0541       9491 
0542       9495 
0543       9510 
0544       9533 
0545       9535 
0546       9545 
0547       9560 
0548       9580 
0549       9597 
0550       9602 
0551       9608 
0552       9638 
0553       9639 
0554       9645 
0555       9658 
0556       9708 
0557       9712 
0558       9738 
0559       9754 
0560       9760 
0561       9778 
0562       9787 
0563       9802 
0564       9826 
0565       9833 
0566       9862 
0567       9870 
0568       9930 
0569       9946 
0570       9966 
0571       9976 
0572       9976 
0573       9979 
0574       9979 
0575       9994 
0576       10044 
0577       10081 
0578       10089 
0579       10117 
0580       10118 
0581       10148 
0582       10149 
0583       10203 
0584       10210 
0585       10212 
0586       10235 
0587       10273 
0588       10284 
0589       10321 
0590       10338 
0591       10359 
0592       10368 
0593       10394 
0594       10406 
0595       10436 
0596       10455 
0597       10455 
0598       10396 
0599       10395 
0600       10393 
0601       10378 
0602       6980 
0603       6934 
0604       6871 
0605       6842 
0606       4945 
0607       4891 
0608       4861 
0609       4861 
0610       4861 
0611       4862 
0612       4880 
0613       4880 
0614       4880 
0615       2932 
0616       2893 
0617       2829 
0618       2823 
0619       2662 
0620       2562 
0621       2499 
0622       2421 
0623       2347 
0624       2271 
0625       2032 
0626       1854 
0627       1825 
0628       1820 
0629       1820 
0630       1820 
0631       1816 
0632       1816 
0633       1801 
0634       1755 
0635       1744 
0636       1744 
0637       1743 
0638       1744 
0639       1746 
0640       1746 
0641       1746 
0642       1766 
0643       1767 
0644       1774 
0645       1786 
0646       1796 
0647       1798 
0648       1803 
0649       1814 
0650       1817 
0651       1832 
0652       1845 
0653       1851 
0654       1854 
0655       1857 
0656       1875 
0657       1893 
0658       1903 
0659       1907 
0660       1909 
0661       1910 
0662       1910 
0663       1910 
0664       1899 
0665       1748 
0666       1678 
0667       1678 
0668       1678 
0669       1741 
0670       1894 
0671       1997 
0672       2020 
0673       2033 
0674       2033 
0675       2033 
0676       1630 
0677       1497 
0678       1497 
0679       1497 
0680       1508 
0681       1576 
0682       1954 
0683       2215 
0684       2270 
0685       2277 
0686       2303 
0687       2313 
0688       2313 
0689       2319 
0690       2319 
0691       2060 
0692       1275 
0693       1275 
0694       1275 
0695       1320 
0696       1926 
0697       2382 
0698       2448 
0699       2480 
0700       2498 
0701       2510 
0702       2530 
0703       2538 
0704       2556 
0705       2569 
0706       2576 
0707       2576 
0708       2595 
0709       2595 
0710       2535 
0711       1103 
0712       1058 
0713       1058 
0714       1058 
0715       1079 
0716       2719 
0717       2769 
0718       2800 
0719       2813 
0720       2828 
0721       2837 
0722       2851 
0723       2900 
0724       2924 
0725       2957 
0726       2988 
0727       3007 
0728       3019 
0729       3043 
0730       3055 
0731       3074 
0732       3080 
0733       3108 
0734       3137 
0735       3201 
0736       3211 
0737       3211 
0738       3211 
0739       902 
0740       857 
0741       848 
0742       847 
0743       847 
0744       839 
0745       839 
0746       843 
0747       843 
0748       843 
0749       854 
0750       857 
0751       873 
0752       882 
0753       3817 
0754       3859 
0755       3926 
0756       3982 
0757       4018 
0758       4082 
0759       4117 
0760       4166 
0761       4226 
0762       4260 
0763       4313 
0764       4376 
0765       4436 
0766       4478 
0767       4542 
0768       4592 
0769       4646 
0770       4739 
0771       4776 
0772       4776 
0773       4781 
0774       4781 
0775       4781 
0776       4785 
0777       4799 
0778       4878 
0779       4917 
0780       4979 
0781       5002 
0782       5031 
0783       5031 
0784       5031 
0785       1 
0786       1 
0787       4909 
0788       4909 
0789       1 
0790       1 
0791       1 
0792       1 
0793       1 
0794       1 
0795       1 
0796       1 
0797       4904 
0798       1 
0799       1 
0800       1 
0801       1 
0802       1 
0803       1 
0804       1 
0805       1 
0806       1 
0807       1 
0808       1 
0809       1 
0810       1 
0811       1 
0812       1 
0813       1 
0814       1 
0815       1 
0816       1 
0817       1 
0818       1 
0819       1 
0820       1 
0821       1 
0822       1 
0823       1 
0824       1 
0825       1 
0826       1 
0827       1 
0828       1 
0829       1 
0830       1 
0831       1 
0832       1 
0833       1 
0834       1 
0835       1 
0836       1 
0837       1 
0838       1 
0839       1 
0840       1 
0841       1 
0842       1 
0843       1 
0844       1 
0845       1 
0846       1 
0847       1 
0848       1 
0849       1 
0850       1 
0851       1 
0852       1 
0853       1 
0854       1 
0855       1 
0856       1 
0857       1 
0858       1 
0859       1 
0860       1 
0861       1 
0862       1 
0863       1 
0864       1 
0865       1 
0866       1 
0867       1 
0868       1 
0869       1 
0870       1 
0871       1 
0872       1 
0873       1 
0874       1 
0875       1 
0876       1 
0877       1 
0878       1 
0879       1 
0880       1 
0881       1 
0882       1 
0883       1 
0884       1 
0885       1 
0886       1 
0887       1 
0888       1 
0889       1 
0890       1 
0891       1 
0892       1 
0893       1 
0894       1 
0895       1 
0896       1 
0897       1 
0898       1 
0899       1 
0900       1 
0901       1 
0902       1 
0903       1 
0904       1 
0905       1 
0906       1 
0907       1 
0908       1 
0909       1 
0910       1 
0911       1 
0912       1 
0913       1 
0914       1 
0915       1 
0916       1 
0917       1 
0918       1 
0919       1 
0920       1 
0921       1 
0922       1 
0923       1 
0924       1 
0925       1 
0926       1 
0927       1 
0928       1 
0929       1 
0930       1 
0931       1 
0932       1 
0933       1 
0934       1 
0935       1 
0936       1 
0937       1 
0938       1 
0939       1 
0940       1 
0941       1 
0942       1 
0943       1 
0944       1 
0945       1 
0946       1 
0947       1 
0948       1 
0949       1 
0950       1 
0951       1 
0952       1 
0953       1 
0954       1 
0955       1 
0956       1 
0957       1 
0958       1 
0959       1 
0960       1 
0961       1 
0962       1 
0963       1 
0964       1 
0965       1 
0966       1 
0967       1 
0968       1 
0969       1 
0970       1 
0971       1 
0972       1 
0973       1 
0974       1 
0975       1 
0976       1 
0977       1 
0978       1 
0979       1 
0980       1 
0981       1 
0982       1 
0983       1 
0984       1 
0985       1 
0986       1 
0987       1 
0988       1 
0989       1 
0990       1 
0991       1 
0992       1 
0993       1 
0994       1 
0995       1 
0996       1 
0997       1 
0998       1 
0999       1 
1000       1 
1001       1 
1002       1 
1003       1 
1004       1 
1005       1 
1006       1 
1007       4 
1008       4 
1009       4 
1010       4 
1011       4 
1012       4 
1013       4 
1014       4 
1015       46 
1016       62 
1017       64 
1018       62 
1019       62 
1020       49 
1021       49 
1022       49 
1023       61 
1024       61 
1025       61 
1026       61 
1027       61 
1028       57 
1029       57 
1030       53 
1031       53 
1032       53 
1033       57 
1034       58 
1035       61 
1036       67 
1037       69 
1038       69 
1039       69 
1040       69 
1041       74 
1042       68 
1043       68 
1044       69 
1045       68 
1046       68 
1047       68 
1048       62 
1049       62 
1050       65 
1051       65 
1052       67 
1053       67 
1054       65 
1055       61 
1056       61 
1057       61 
1058       63 
1059       65 
1060       65 
1061       65 
1062       64 
1063       64 
1064       64 
1065       64 
1066       64 
1067       69 
1068       69 
1069       72 
1070       72 
1071       72 
1072       67 
1073       63 
1074       61 
1075       63 
1076       63 
1077       63 
1078       66 
1079       66 
1297966614.351573
