0000       1 
0001       1 
0002       1 
0003       1 
0004       1 
0005       1 
0006       1 
0007       1 
0008       1 
0009       1 
0010       1 
0011       1 
0012       1 
0013       1 
0014       1 
0015       1 
0016       1 
0017       1 
0018       1 
0019       1 
0020       1 
0021       1 
0022       1 
0023       1 
0024       1 
0025       1 
0026       1 
0027       1 
0028       1 
0029       1 
0030       1 
0031       1 
0032       1 
0033       1 
0034       1 
0035       1 
0036       1 
0037       1 
0038       1 
0039       1 
0040       1 
0041       1 
0042       1 
0043       1 
0044       1 
0045       1 
0046       1 
0047       1 
0048       1 
0049       1 
0050       1 
0051       1 
0052       1 
0053       1 
0054       1 
0055       1 
0056       1 
0057       1 
0058       1 
0059       1 
0060       1 
0061       1 
0062       1 
0063       1 
0064       1 
0065       1 
0066       1 
0067       1 
0068       1 
0069       1 
0070       1 
0071       1 
0072       1 
0073       1 
0074       1 
0075       1 
0076       1 
0077       1 
0078       1 
0079       1 
0080       1 
0081       1 
0082       1 
0083       1 
0084       1 
0085       1 
0086       1 
0087       1 
0088       1 
0089       1 
0090       1 
0091       1 
0092       1 
0093       1 
0094       1 
0095       1 
0096       1 
0097       1 
0098       1 
0099       1 
0100       1 
0101       1 
0102       4516 
0103       4519 
0104       4519 
0105       4519 
0106       4519 
0107       4519 
0108       4517 
0109       4512 
0110       4505 
0111       4499 
0112       4497 
0113       4493 
0114       4493 
0115       4489 
0116       4482 
0117       4473 
0118       4473 
0119       4472 
0120       4472 
0121       4472 
0122       4469 
0123       4464 
0124       4464 
0125       4457 
0126       4457 
0127       4462 
0128       4455 
0129       4454 
0130       4447 
0131       4447 
0132       4446 
0133       4440 
0134       4438 
0135       4438 
0136       4436 
0137       4436 
0138       4434 
0139       4432 
0140       4429 
0141       4429 
0142       4427 
0143       4427 
0144       4426 
0145       4426 
0146       4426 
0147       4425 
0148       4423 
0149       4423 
0150       4426 
0151       4426 
0152       4429 
0153       4430 
0154       4430 
0155       4431 
0156       4430 
0157       4430 
0158       4431 
0159       4431 
0160       4429 
0161       4431 
0162       4429 
0163       4426 
0164       4426 
0165       4425 
0166       4421 
0167       4421 
0168       4421 
0169       4433 
0170       4435 
0171       4435 
0172       4438 
0173       4438 
0174       4439 
0175       4439 
0176       4440 
0177       4446 
0178       4448 
0179       4448 
0180       4450 
0181       4451 
0182       4452 
0183       4453 
0184       4458 
0185       4460 
0186       4473 
0187       4473 
0188       4474 
0189       4475 
0190       4475 
0191       4475 
0192       4480 
0193       4482 
0194       4487 
0195       4489 
0196       4494 
0197       4503 
0198       4504 
0199       4503 
0200       4503 
0201       4506 
0202       4506 
0203       4503 
0204       4498 
0205       1 
0206       1 
0207       1 
0208       1 
0209       1 
0210       1 
0211       1 
0212       1 
0213       1 
0214       1 
0215       1 
0216       1 
0217       1 
0218       1 
0219       1 
0220       1 
0221       1 
0222       1 
0223       1 
0224       23207 
0225       23237 
0226       23242 
0227       23257 
0228       23320 
0229       23330 
0230       23375 
0231       23375 
0232       1 
0233       1 
0234       1 
0235       23584 
0236       23584 
0237       23429 
0238       1 
0239       1 
0240       1 
0241       1 
0242       1 
0243       1 
0244       1 
0245       1 
0246       1 
0247       1 
0248       1 
0249       23924 
0250       23968 
0251       24018 
0252       24280 
0253       24308 
0254       24353 
0255       24406 
0256       24406 
0257       1 
0258       1 
0259       1 
0260       1 
0261       1 
0262       1 
0263       1 
0264       1 
0265       1 
0266       1 
0267       1 
0268       1 
0269       1 
0270       1 
0271       1 
0272       1 
0273       18203 
0274       18206 
0275       18203 
0276       1 
0277       1 
0278       1 
0279       15675 
0280       15771 
0281       15810 
0282       15810 
0283       15799 
0284       15781 
0285       15702 
0286       15610 
0287       15585 
0288       15498 
0289       15379 
0290       15234 
0291       15194 
0292       15116 
0293       15040 
0294       14942 
0295       14898 
0296       14826 
0297       14729 
0298       14709 
0299       14571 
0300       14518 
0301       14482 
0302       14349 
0303       14314 
0304       14227 
0305       14180 
0306       14085 
0307       14014 
0308       13949 
0309       13859 
0310       13804 
0311       13703 
0312       13645 
0313       13607 
0314       13531 
0315       13445 
0316       13370 
0317       13341 
0318       13271 
0319       13229 
0320       13127 
0321       13089 
0322       13037 
0323       12917 
0324       12895 
0325       12856 
0326       12759 
0327       12732 
0328       12693 
0329       12618 
0330       12597 
0331       12534 
0332       12474 
0333       12438 
0334       12376 
0335       12315 
0336       12242 
0337       12211 
0338       12157 
0339       12152 
0340       12087 
0341       12060 
0342       12004 
0343       11951 
0344       11943 
0345       11893 
0346       11827 
0347       11792 
0348       11752 
0349       11735 
0350       11681 
0351       11666 
0352       11590 
0353       11577 
0354       11514 
0355       11491 
0356       11457 
0357       11409 
0358       11408 
0359       11382 
0360       11306 
0361       11258 
0362       11238 
0363       11214 
0364       11183 
0365       11099 
0366       11084 
0367       11016 
0368       11005 
0369       10989 
0370       10945 
0371       10899 
0372       10848 
0373       10832 
0374       10831 
0375       10789 
0376       10723 
0377       10713 
0378       10698 
0379       10652 
0380       10621 
0381       10619 
0382       10598 
0383       10552 
0384       10530 
0385       10523 
0386       10489 
0387       10457 
0388       10448 
0389       10430 
0390       10417 
0391       10373 
0392       10352 
0393       10334 
0394       10319 
0395       10312 
0396       10286 
0397       10263 
0398       10247 
0399       10226 
0400       10174 
0401       10164 
0402       10150 
0403       10145 
0404       10139 
0405       10098 
0406       10029 
0407       9815 
0408       9377 
0409       9331 
0410       9320 
0411       9331 
0412       9369 
0413       9432 
0414       9564 
0415       9724 
0416       9799 
0417       9951 
0418       10018 
0419       10119 
0420       10186 
0421       10326 
0422       10395 
0423       10424 
0424       10533 
0425       10601 
0426       10601 
0427       10601 
0428       1 
0429       1 
0430       1 
0431       1 
0432       1 
0433       1 
0434       12277 
0435       12298 
0436       12299 
0437       12358 
0438       12419 
0439       12519 
0440       12693 
0441       12717 
0442       12717 
0443       12599 
0444       12590 
0445       12590 
0446       12590 
0447       12517 
0448       12494 
0449       12494 
0450       12490 
0451       12503 
0452       12506 
0453       12507 
0454       12522 
0455       12540 
0456       12540 
0457       12536 
0458       12536 
0459       12539 
0460       12539 
0461       12539 
0462       14777 
0463       14777 
0464       14713 
0465       14701 
0466       14676 
0467       14644 
0468       14620 
0469       14618 
0470       14567 
0471       14525 
0472       14508 
0473       14508 
0474       14506 
0475       14455 
0476       14454 
0477       14406 
0478       14388 
0479       14343 
0480       9095 
0481       14303 
0482       14303 
0483       14303 
0484       14261 
0485       14192 
0486       14133 
0487       14118 
0488       14066 
0489       13986 
0490       13895 
0491       13895 
0492       13951 
0493       13951 
0494       13910 
0495       13818 
0496       13594 
0497       13545 
0498       13517 
0499       13507 
0500       13507 
0501       13507 
0502       13517 
0503       13517 
0504       13496 
0505       13496 
0506       13501 
0507       13563 
0508       13609 
0509       13624 
0510       13624 
0511       13603 
0512       8669 
0513       8486 
0514       8486 
0515       9533 
0516       9580 
0517       13681 
0518       13693 
0519       13693 
0520       13703 
0521       13736 
0522       13762 
0523       13736 
0524       12934 
0525       12760 
0526       12647 
0527       11821 
0528       11821 
0529       11821 
0530       11826 
0531       11818 
0532       11774 
0533       11721 
0534       11630 
0535       11518 
0536       10848 
0537       10689 
0538       10689 
0539       11144 
0540       11144 
0541       1 
0542       1 
0543       1 
0544       1 
0545       1 
0546       1 
0547       1 
0548       1 
0549       1 
0550       1 
0551       7618 
0552       7984 
0553       8099 
0554       8134 
0555       8134 
0556       8113 
0557       8106 
0558       8032 
0559       7945 
0560       7912 
0561       7910 
0562       1 
0563       1 
0564       1 
0565       1 
0566       8026 
0567       8026 
0568       1 
0569       1 
0570       1 
0571       1 
0572       1 
0573       15156 
0574       15156 
0575       15156 
0576       1 
0577       1 
0578       1 
0579       1 
0580       1 
0581       1 
0582       1 
0583       1 
0584       1 
0585       1 
0586       1 
0587       1 
0588       13660 
0589       13660 
0590       13660 
0591       13660 
0592       13694 
0593       13713 
0594       13727 
0595       13727 
0596       13727 
0597       13755 
0598       13786 
0599       13820 
0600       13837 
0601       13866 
0602       13911 
0603       13967 
0604       13967 
0605       10573 
0606       10503 
0607       10503 
0608       10564 
0609       10618 
0610       10618 
0611       10618 
0612       10629 
0613       14151 
0614       14151 
0615       1 
0616       1 
0617       1 
0618       1 
0619       1 
0620       1 
0621       1 
0622       1 
0623       1 
0624       1 
0625       1 
0626       1 
0627       1 
0628       1 
0629       1 
0630       1 
0631       15422 
0632       15422 
0633       1 
0634       1 
0635       1 
0636       1 
0637       1 
0638       1 
0639       1 
0640       17913 
0641       17913 
0642       1 
0643       1 
0644       1 
0645       1 
0646       18054 
0647       18054 
0648       18045 
0649       1 
0650       1 
0651       1 
0652       1 
0653       1 
0654       1 
0655       1 
0656       1 
0657       1 
0658       1 
0659       1 
0660       1 
0661       1 
0662       1 
0663       1 
0664       1 
0665       1 
0666       1 
0667       1 
0668       1 
0669       1 
0670       1 
0671       1 
0672       1 
0673       1 
0674       1 
0675       1 
0676       1 
0677       1 
0678       1 
0679       1 
0680       1 
0681       1 
0682       1 
0683       1 
0684       19911 
0685       19911 
0686       19800 
0687       19691 
0688       19562 
0689       19516 
0690       19447 
0691       19333 
0692       19272 
0693       19199 
0694       19120 
0695       19019 
0696       18906 
0697       18882 
0698       18739 
0699       18664 
0700       18609 
0701       18599 
0702       18599 
0703       18586 
0704       1 
0705       1 
0706       1 
0707       1 
0708       1 
0709       1 
0710       1 
0711       1 
0712       1 
0713       1 
0714       1 
0715       1 
0716       1 
0717       1 
0718       1 
0719       1 
0720       1 
0721       1 
0722       17050 
0723       17050 
0724       17001 
0725       16943 
0726       16895 
0727       16832 
0728       16781 
0729       16727 
0730       16673 
0731       16595 
0732       16555 
0733       16532 
0734       16470 
0735       16432 
0736       16369 
0737       16324 
0738       16287 
0739       16246 
0740       16162 
0741       16117 
0742       16076 
0743       16042 
0744       15993 
0745       15955 
0746       15925 
0747       15871 
0748       15814 
0749       15780 
0750       15765 
0751       15693 
0752       15672 
0753       15609 
0754       15558 
0755       15550 
0756       15550 
0757       15600 
0758       15606 
0759       15606 
0760       15607 
0761       17621 
0762       17621 
0763       17588 
0764       17583 
0765       17538 
0766       17448 
0767       17445 
0768       17445 
0769       17531 
0770       17531 
0771       1 
0772       1 
0773       1 
0774       1 
0775       1 
0776       14943 
0777       14943 
0778       14929 
0779       14882 
0780       14880 
0781       14835 
0782       14815 
0783       14720 
0784       14638 
0785       14583 
0786       14532 
0787       14528 
0788       14481 
0789       14454 
0790       14444 
0791       14393 
0792       14368 
0793       14359 
0794       14334 
0795       14293 
0796       14293 
0797       14371 
0798       14437 
0799       14437 
0800       14394 
0801       14375 
0802       14374 
0803       14356 
0804       14322 
0805       14293 
0806       14288 
0807       14263 
0808       14263 
0809       14263 
0810       16241 
0811       16241 
0812       16230 
0813       16185 
0814       16185 
0815       16185 
0816       1 
0817       1 
0818       1 
0819       1 
0820       1 
0821       1 
0822       1 
0823       1 
0824       1 
0825       1 
0826       1 
0827       1 
0828       1 
0829       1 
0830       1 
0831       1 
0832       1 
0833       1 
0834       1 
0835       1 
0836       1 
0837       1 
0838       1 
0839       1 
0840       1 
0841       1 
0842       1 
0843       1 
0844       1 
0845       1 
0846       1 
0847       1 
0848       1 
0849       1 
0850       1 
0851       1 
0852       1 
0853       1 
0854       1 
0855       1 
0856       1 
0857       1 
0858       1 
0859       1 
0860       1 
0861       1 
0862       1 
0863       1 
0864       1 
0865       1 
0866       1 
0867       1 
0868       1 
0869       1 
0870       1 
0871       1 
0872       1 
0873       1 
0874       1 
0875       1 
0876       1 
0877       1 
0878       1 
0879       1 
0880       1 
0881       1 
0882       1 
0883       1 
0884       1 
0885       1 
0886       1 
0887       1 
0888       1 
0889       1 
0890       1 
0891       1 
0892       1 
0893       1 
0894       1 
0895       1 
0896       1 
0897       1 
0898       1 
0899       1 
0900       1 
0901       1 
0902       1 
0903       1 
0904       1 
0905       1 
0906       1 
0907       1 
0908       1 
0909       1 
0910       1 
0911       1 
0912       1 
0913       1 
0914       1 
0915       1 
0916       1 
0917       1 
0918       1 
0919       1 
0920       1 
0921       1 
0922       1 
0923       1 
0924       1 
0925       1 
0926       1 
0927       1 
0928       1 
0929       1 
0930       1 
0931       1 
0932       1 
0933       1 
0934       1 
0935       1 
0936       1 
0937       1 
0938       1 
0939       1 
0940       1 
0941       1 
0942       1 
0943       1 
0944       1 
0945       1 
0946       1 
0947       1 
0948       1 
0949       1 
0950       1 
0951       1 
0952       1 
0953       1 
0954       1 
0955       1 
0956       1 
0957       1 
0958       1 
0959       1 
0960       1 
0961       1 
0962       1 
0963       1 
0964       1 
0965       1 
0966       1 
0967       1 
0968       1 
0969       1 
0970       1 
0971       1 
0972       1 
0973       1 
0974       1 
0975       1 
0976       1 
0977       1 
0978       1 
0979       1 
0980       1 
0981       1 
0982       1 
0983       1 
0984       1 
0985       1 
0986       1 
0987       1 
0988       1 
0989       1 
0990       1 
0991       1 
0992       1 
0993       1 
0994       1 
0995       1 
0996       1 
0997       1 
0998       1 
0999       1 
1000       1 
1001       1 
1002       1 
1003       1 
1004       1 
1005       1 
1006       1 
1007       1 
1008       4 
1009       4 
1010       4 
1011       41 
1012       41 
1013       41 
1014       4 
1015       4 
1016       4 
1017       42 
1018       43 
1019       46 
1020       43 
1021       57 
1022       57 
1023       70 
1024       71 
1025       71 
1026       71 
1027       67 
1028       58 
1029       58 
1030       55 
1031       53 
1032       54 
1033       55 
1034       55 
1035       68 
1036       69 
1037       69 
1038       71 
1039       71 
1040       69 
1041       68 
1042       67 
1043       66 
1044       66 
1045       65 
1046       63 
1047       66 
1048       69 
1049       69 
1050       69 
1051       69 
1052       69 
1053       64 
1054       64 
1055       64 
1056       68 
1057       69 
1058       69 
1059       70 
1060       70 
1061       70 
1062       71 
1063       71 
1064       67 
1065       73 
1066       73 
1067       73 
1068       73 
1069       73 
1070       70 
1071       70 
1072       70 
1073       70 
1074       69 
1075       69 
1076       67 
1077       67 
1078       68 
1079       67 
1297966704.416550
