0000       1 
0001       1 
0002       1 
0003       1 
0004       1 
0005       1 
0006       1 
0007       1 
0008       1 
0009       1 
0010       1 
0011       1 
0012       1 
0013       1 
0014       1 
0015       1 
0016       1 
0017       1 
0018       1 
0019       1 
0020       1 
0021       1 
0022       1 
0023       1 
0024       1 
0025       1 
0026       1 
0027       1 
0028       1 
0029       1 
0030       1 
0031       1 
0032       1 
0033       1 
0034       1 
0035       1 
0036       1 
0037       1 
0038       1 
0039       1 
0040       1 
0041       1 
0042       1 
0043       1 
0044       1 
0045       1 
0046       1 
0047       1 
0048       1 
0049       1 
0050       1 
0051       1 
0052       1 
0053       1 
0054       1 
0055       1 
0056       1 
0057       1 
0058       1 
0059       1 
0060       1 
0061       1 
0062       1 
0063       1 
0064       1 
0065       1 
0066       1 
0067       1 
0068       1 
0069       1 
0070       1 
0071       1 
0072       1 
0073       1 
0074       1 
0075       1 
0076       1 
0077       1 
0078       1 
0079       1 
0080       1 
0081       1 
0082       1 
0083       1 
0084       1 
0085       1 
0086       1 
0087       1 
0088       1 
0089       1 
0090       1 
0091       1 
0092       1 
0093       1 
0094       1 
0095       1 
0096       1 
0097       1 
0098       1 
0099       1 
0100       1 
0101       1 
0102       1 
0103       1 
0104       1 
0105       1 
0106       1 
0107       1 
0108       1 
0109       1 
0110       1 
0111       1 
0112       1 
0113       1 
0114       1 
0115       1 
0116       1 
0117       1 
0118       1 
0119       1 
0120       1 
0121       1 
0122       1 
0123       1 
0124       1 
0125       1 
0126       1 
0127       1 
0128       1 
0129       1 
0130       1 
0131       1 
0132       1 
0133       1 
0134       1 
0135       1 
0136       1 
0137       1 
0138       1 
0139       1 
0140       1 
0141       1 
0142       1 
0143       1 
0144       1 
0145       1 
0146       1 
0147       1 
0148       1 
0149       1 
0150       1 
0151       1 
0152       1 
0153       1 
0154       1 
0155       1 
0156       1 
0157       1 
0158       1 
0159       1 
0160       1 
0161       1 
0162       1 
0163       1 
0164       1 
0165       1 
0166       1 
0167       1 
0168       1 
0169       1 
0170       1 
0171       1 
0172       1 
0173       1 
0174       1 
0175       1 
0176       1 
0177       1 
0178       1 
0179       1 
0180       1 
0181       1 
0182       1 
0183       1 
0184       1 
0185       1 
0186       1 
0187       1 
0188       1 
0189       1 
0190       1 
0191       1 
0192       1 
0193       1 
0194       1 
0195       1 
0196       1 
0197       1 
0198       1 
0199       1 
0200       1 
0201       1 
0202       1 
0203       1 
0204       1 
0205       1 
0206       1 
0207       1 
0208       1 
0209       1 
0210       1 
0211       1 
0212       1 
0213       1 
0214       1 
0215       1 
0216       1 
0217       1 
0218       1 
0219       1 
0220       1 
0221       1 
0222       1 
0223       1 
0224       1 
0225       1 
0226       1 
0227       1 
0228       1 
0229       1 
0230       1 
0231       1 
0232       1 
0233       1 
0234       1 
0235       1 
0236       1 
0237       1 
0238       1 
0239       1 
0240       1 
0241       1 
0242       1 
0243       1 
0244       1 
0245       1 
0246       1 
0247       1 
0248       1 
0249       1 
0250       1 
0251       1 
0252       1 
0253       1 
0254       1 
0255       1 
0256       1 
0257       1 
0258       1 
0259       1 
0260       1 
0261       1 
0262       1 
0263       1 
0264       1 
0265       1 
0266       1 
0267       1 
0268       1 
0269       1 
0270       1 
0271       1 
0272       1 
0273       1 
0274       1 
0275       1 
0276       1 
0277       1 
0278       12868 
0279       12868 
0280       12734 
0281       12611 
0282       12611 
0283       12374 
0284       12296 
0285       12296 
0286       12202 
0287       12139 
0288       12022 
0289       11926 
0290       11811 
0291       11755 
0292       11681 
0293       11593 
0294       11550 
0295       11435 
0296       11337 
0297       11230 
0298       11138 
0299       11050 
0300       10998 
0301       10930 
0302       10879 
0303       10777 
0304       10725 
0305       10631 
0306       10582 
0307       10509 
0308       10462 
0309       10357 
0310       10347 
0311       10279 
0312       10207 
0313       10147 
0314       10094 
0315       9992 
0316       9955 
0317       9864 
0318       9850 
0319       9790 
0320       9714 
0321       9678 
0322       9576 
0323       9561 
0324       9525 
0325       9470 
0326       9411 
0327       9347 
0328       9297 
0329       9262 
0330       9220 
0331       9166 
0332       9103 
0333       9059 
0334       9015 
0335       8971 
0336       8944 
0337       8899 
0338       8843 
0339       8830 
0340       8762 
0341       8749 
0342       8695 
0343       8655 
0344       8621 
0345       8596 
0346       8530 
0347       8488 
0348       8468 
0349       8427 
0350       8397 
0351       8354 
0352       8307 
0353       8265 
0354       8213 
0355       8200 
0356       8144 
0357       8129 
0358       8073 
0359       8064 
0360       8028 
0361       7990 
0362       7953 
0363       7941 
0364       7903 
0365       7890 
0366       7838 
0367       7783 
0368       7775 
0369       7760 
0370       7716 
0371       7672 
0372       7663 
0373       7645 
0374       7608 
0375       7565 
0376       7551 
0377       7543 
0378       7497 
0379       7462 
0380       7447 
0381       7404 
0382       7400 
0383       7373 
0384       7352 
0385       7316 
0386       7308 
0387       7302 
0388       7253 
0389       7242 
0390       7208 
0391       7200 
0392       7196 
0393       7164 
0394       7136 
0395       7117 
0396       7109 
0397       7074 
0398       7062 
0399       7039 
0400       7013 
0401       6995 
0402       6988 
0403       6950 
0404       6937 
0405       6902 
0406       6897 
0407       6881 
0408       6875 
0409       6838 
0410       6808 
0411       6806 
0412       6801 
0413       6791 
0414       6762 
0415       6735 
0416       6733 
0417       6726 
0418       6705 
0419       6681 
0420       6664 
0421       6645 
0422       6630 
0423       6628 
0424       6612 
0425       6596 
0426       6589 
0427       6565 
0428       6541 
0429       6527 
0430       6523 
0431       6517 
0432       6498 
0433       6483 
0434       6483 
0435       6465 
0436       6454 
0437       6430 
0438       6417 
0439       6414 
0440       6398 
0441       6382 
0442       6377 
0443       6368 
0444       6355 
0445       6349 
0446       6331 
0447       6327 
0448       6325 
0449       6325 
0450       6291 
0451       6291 
0452       6291 
0453       6257 
0454       6251 
0455       6239 
0456       6239 
0457       6230 
0458       6222 
0459       6207 
0460       6204 
0461       6195 
0462       6190 
0463       6178 
0464       6169 
0465       6161 
0466       6158 
0467       6158 
0468       6142 
0469       6138 
0470       6132 
0471       6123 
0472       6100 
0473       6095 
0474       6045 
0475       5958 
0476       5884 
0477       5870 
0478       5836 
0479       5836 
0480       5830 
0481       5817 
0482       5817 
0483       5886 
0484       6015 
0485       6148 
0486       6290 
0487       6429 
0488       6593 
0489       6758 
0490       6926 
0491       7094 
0492       7292 
0493       7503 
0494       7692 
0495       7909 
0496       8160 
0497       8364 
0498       8536 
0499       8643 
0500       8643 
0501       8618 
0502       8618 
0503       8619 
0504       8619 
0505       8619 
0506       8617 
0507       8622 
0508       8606 
0509       8607 
0510       8605 
0511       8598 
0512       8595 
0513       8595 
0514       8592 
0515       8589 
0516       8588 
0517       8587 
0518       8577 
0519       8574 
0520       8573 
0521       8573 
0522       8573 
0523       8570 
0524       8570 
0525       8570 
0526       8573 
0527       8560 
0528       8566 
0529       8566 
0530       8637 
0531       8730 
0532       8735 
0533       8735 
0534       8732 
0535       8732 
0536       8737 
0537       8753 
0538       8753 
0539       8753 
0540       8744 
0541       8743 
0542       8743 
0543       8747 
0544       8748 
0545       8758 
0546       8758 
0547       8758 
0548       8748 
0549       8748 
0550       8752 
0551       8784 
0552       8784 
0553       8778 
0554       8778 
0555       8787 
0556       8798 
0557       8792 
0558       8799 
0559       8801 
0560       8813 
0561       8813 
0562       8809 
0563       8809 
0564       8821 
0565       8832 
0566       8839 
0567       8860 
0568       8860 
0569       8859 
0570       8859 
0571       8859 
0572       8872 
0573       8879 
0574       8895 
0575       8909 
0576       8923 
0577       8927 
0578       8928 
0579       8928 
0580       8928 
0581       8933 
0582       8950 
0583       8966 
0584       8967 
0585       8986 
0586       8987 
0587       9010 
0588       9010 
0589       9013 
0590       9021 
0591       9032 
0592       9031 
0593       9038 
0594       9073 
0595       9083 
0596       9103 
0597       9119 
0598       9129 
0599       9130 
0600       9139 
0601       9141 
0602       9174 
0603       9194 
0604       9194 
0605       9194 
0606       9209 
0607       9238 
0608       9243 
0609       9243 
0610       9243 
0611       9279 
0612       9286 
0613       9310 
0614       9321 
0615       9322 
0616       9342 
0617       9379 
0618       9379 
0619       9388 
0620       9389 
0621       9435 
0622       9464 
0623       9466 
0624       9469 
0625       9485 
0626       9508 
0627       9540 
0628       9550 
0629       9552 
0630       9569 
0631       9600 
0632       9611 
0633       9651 
0634       9662 
0635       9676 
0636       9676 
0637       9679 
0638       9737 
0639       9744 
0640       9780 
0641       9782 
0642       9789 
0643       9853 
0644       9876 
0645       9882 
0646       9933 
0647       9945 
0648       9965 
0649       9968 
0650       10009 
0651       10060 
0652       10065 
0653       10080 
0654       10134 
0655       10140 
0656       10153 
0657       10176 
0658       10226 
0659       10239 
0660       10274 
0661       10302 
0662       10339 
0663       10360 
0664       10400 
0665       10421 
0666       10443 
0667       10481 
0668       10516 
0669       10559 
0670       10571 
0671       10601 
0672       10610 
0673       10682 
0674       10683 
0675       10765 
0676       10795 
0677       10829 
0678       10842 
0679       10881 
0680       10938 
0681       10982 
0682       10995 
0683       11047 
0684       11071 
0685       11115 
0686       11183 
0687       11214 
0688       11271 
0689       11292 
0690       11337 
0691       11384 
0692       11476 
0693       11483 
0694       11523 
0695       11571 
0696       11617 
0697       11676 
0698       11721 
0699       11745 
0700       11790 
0701       11824 
0702       11868 
0703       11932 
0704       11956 
0705       12037 
0706       12064 
0707       12117 
0708       12165 
0709       12209 
0710       12273 
0711       12361 
0712       12402 
0713       12462 
0714       12516 
0715       12580 
0716       12611 
0717       12687 
0718       12695 
0719       12765 
0720       12840 
0721       12915 
0722       12995 
0723       13041 
0724       13121 
0725       13175 
0726       13249 
0727       13314 
0728       13391 
0729       13452 
0730       13503 
0731       13567 
0732       13661 
0733       13693 
0734       13767 
0735       13879 
0736       13919 
0737       14025 
0738       14095 
0739       14162 
0740       14229 
0741       14312 
0742       14375 
0743       14472 
0744       14556 
0745       14633 
0746       14752 
0747       14833 
0748       14924 
0749       14966 
0750       15059 
0751       15168 
0752       15282 
0753       15411 
0754       15473 
0755       15580 
0756       15710 
0757       15827 
0758       15908 
0759       16015 
0760       16168 
0761       16266 
0762       16341 
0763       16458 
0764       16619 
0765       16709 
0766       16832 
0767       16968 
0768       17087 
0769       17213 
0770       17343 
0771       17471 
0772       17674 
0773       17723 
0774       17887 
0775       18055 
0776       18195 
0777       18317 
0778       18490 
0779       18651 
0780       18847 
0781       18981 
0782       19132 
0783       19291 
0784       19466 
0785       19644 
0786       19847 
0787       20010 
0788       20167 
0789       20368 
0790       20514 
0791       20739 
0792       20866 
0793       21050 
0794       21292 
0795       21471 
0796       21699 
0797       21931 
0798       22123 
0799       22440 
0800       22440 
0801       22440 
0802       1 
0803       1 
0804       1 
0805       1 
0806       1 
0807       1 
0808       1 
0809       1 
0810       1 
0811       1 
0812       1 
0813       1 
0814       1 
0815       1 
0816       1 
0817       1 
0818       1 
0819       1 
0820       1 
0821       1 
0822       1 
0823       1 
0824       1 
0825       1 
0826       1 
0827       1 
0828       1 
0829       1 
0830       1 
0831       1 
0832       1 
0833       1 
0834       1 
0835       1 
0836       1 
0837       1 
0838       1 
0839       1 
0840       1 
0841       1 
0842       1 
0843       1 
0844       1 
0845       1 
0846       1 
0847       1 
0848       1 
0849       1 
0850       1 
0851       1 
0852       1 
0853       1 
0854       1 
0855       1 
0856       1 
0857       1 
0858       1 
0859       1 
0860       1 
0861       1 
0862       1 
0863       1 
0864       1 
0865       1 
0866       1 
0867       1 
0868       1 
0869       1 
0870       1 
0871       1 
0872       1 
0873       1 
0874       1 
0875       1 
0876       1 
0877       1 
0878       1 
0879       1 
0880       1 
0881       1 
0882       1 
0883       1 
0884       1 
0885       1 
0886       1 
0887       1 
0888       1 
0889       1 
0890       1 
0891       1 
0892       1 
0893       1 
0894       1 
0895       1 
0896       1 
0897       1 
0898       1 
0899       1 
0900       1 
0901       1 
0902       1 
0903       1 
0904       1 
0905       1 
0906       1 
0907       1 
0908       1 
0909       1 
0910       1 
0911       1 
0912       1 
0913       1 
0914       1 
0915       1 
0916       1 
0917       1 
0918       1 
0919       1 
0920       1 
0921       1 
0922       1 
0923       1 
0924       1 
0925       1 
0926       1 
0927       1 
0928       1 
0929       1 
0930       1 
0931       1 
0932       1 
0933       1 
0934       1 
0935       1 
0936       1 
0937       1 
0938       1 
0939       1 
0940       1 
0941       1 
0942       1 
0943       1 
0944       1 
0945       1 
0946       1 
0947       1 
0948       1 
0949       1 
0950       1 
0951       1 
0952       1 
0953       1 
0954       1 
0955       1 
0956       1 
0957       1 
0958       1 
0959       1 
0960       1 
0961       1 
0962       1 
0963       1 
0964       1 
0965       1 
0966       1 
0967       1 
0968       1 
0969       1 
0970       1 
0971       1 
0972       1 
0973       1 
0974       1 
0975       1 
0976       1 
0977       1 
0978       1 
0979       1 
0980       1 
0981       1 
0982       1 
0983       1 
0984       1 
0985       1 
0986       1 
0987       1 
0988       1 
0989       1 
0990       1 
0991       1 
0992       1 
0993       1 
0994       1 
0995       1 
0996       1 
0997       1 
0998       1 
0999       1 
1000       1 
1001       1 
1002       1 
1003       1 
1004       1 
1005       1 
1006       4 
1007       4 
1008       44 
1009       4 
1010       44 
1011       49 
1012       53 
1013       55 
1014       55 
1015       55 
1016       55 
1017       55 
1018       44 
1019       59 
1020       59 
1021       59 
1022       49 
1023       59 
1024       61 
1025       61 
1026       63 
1027       63 
1028       63 
1029       60 
1030       60 
1031       60 
1032       60 
1033       65 
1034       67 
1035       67 
1036       67 
1037       67 
1038       70 
1039       74 
1040       74 
1041       66 
1042       57 
1043       57 
1044       57 
1045       70 
1046       74 
1047       74 
1048       74 
1049       66 
1050       61 
1051       61 
1052       66 
1053       63 
1054       63 
1055       63 
1056       63 
1057       63 
1058       69 
1059       69 
1060       69 
1061       64 
1062       64 
1063       64 
1064       73 
1065       73 
1066       74 
1067       74 
1068       72 
1069       69 
1070       69 
1071       69 
1072       69 
1073       73 
1074       77 
1075       77 
1076       73 
1077       73 
1078       73 
1079       66 
1297966639.178840
