0000       1 
0001       1 
0002       1 
0003       1 
0004       1 
0005       1 
0006       1 
0007       1 
0008       1 
0009       1 
0010       1 
0011       1 
0012       1 
0013       1 
0014       1 
0015       1 
0016       1 
0017       1 
0018       1 
0019       1 
0020       1 
0021       1 
0022       1 
0023       1 
0024       1 
0025       1 
0026       1 
0027       1 
0028       1 
0029       1 
0030       1 
0031       1 
0032       1 
0033       1 
0034       1 
0035       1 
0036       1 
0037       1 
0038       1 
0039       1 
0040       1 
0041       1 
0042       1 
0043       1 
0044       1 
0045       1 
0046       1 
0047       1 
0048       1 
0049       1 
0050       1 
0051       1 
0052       1 
0053       1 
0054       1 
0055       1 
0056       1 
0057       1 
0058       1 
0059       1 
0060       1 
0061       1 
0062       1 
0063       1 
0064       1 
0065       1 
0066       1 
0067       1 
0068       1 
0069       1 
0070       1 
0071       1 
0072       1 
0073       1 
0074       1 
0075       1 
0076       1 
0077       1 
0078       1 
0079       1 
0080       1 
0081       1 
0082       1 
0083       1 
0084       1 
0085       1 
0086       1 
0087       1 
0088       1 
0089       1 
0090       1 
0091       1 
0092       1 
0093       1 
0094       1 
0095       1 
0096       1 
0097       1 
0098       1 
0099       1 
0100       1 
0101       1 
0102       1 
0103       1 
0104       1 
0105       1 
0106       1 
0107       1 
0108       1 
0109       1 
0110       1 
0111       1 
0112       1 
0113       1 
0114       1 
0115       1 
0116       1 
0117       1 
0118       1 
0119       1 
0120       1 
0121       1 
0122       1 
0123       1 
0124       1 
0125       1 
0126       1 
0127       1 
0128       1 
0129       1 
0130       1 
0131       1 
0132       1 
0133       1 
0134       1 
0135       1 
0136       1 
0137       1 
0138       1 
0139       1 
0140       1 
0141       1 
0142       1 
0143       1 
0144       1 
0145       1 
0146       1 
0147       1 
0148       1 
0149       1 
0150       1 
0151       1 
0152       1 
0153       1 
0154       1 
0155       1 
0156       1 
0157       1 
0158       1 
0159       1 
0160       1 
0161       1 
0162       1 
0163       1 
0164       1 
0165       1 
0166       1 
0167       1 
0168       1 
0169       1 
0170       1 
0171       1 
0172       1 
0173       1 
0174       1 
0175       1 
0176       1 
0177       1 
0178       1 
0179       1 
0180       1 
0181       1 
0182       1 
0183       1 
0184       1 
0185       1 
0186       1 
0187       1 
0188       1 
0189       1 
0190       1 
0191       1 
0192       1 
0193       1 
0194       1 
0195       1 
0196       1 
0197       1 
0198       1 
0199       1 
0200       1 
0201       1 
0202       1 
0203       1 
0204       1 
0205       1 
0206       1 
0207       1 
0208       1 
0209       1 
0210       1 
0211       1 
0212       1 
0213       1 
0214       1 
0215       1 
0216       1 
0217       1 
0218       1 
0219       1 
0220       1 
0221       1 
0222       1 
0223       1 
0224       1 
0225       1 
0226       1 
0227       1 
0228       1 
0229       1 
0230       1 
0231       1 
0232       1 
0233       1 
0234       1 
0235       1 
0236       1 
0237       1 
0238       1 
0239       1 
0240       1 
0241       1 
0242       1 
0243       1 
0244       1 
0245       1 
0246       1 
0247       1 
0248       1 
0249       1 
0250       1 
0251       1 
0252       1 
0253       1 
0254       1 
0255       1 
0256       1 
0257       1 
0258       1 
0259       1 
0260       1 
0261       1 
0262       1 
0263       1 
0264       1 
0265       1 
0266       1 
0267       1 
0268       1 
0269       1 
0270       1 
0271       1 
0272       1 
0273       1 
0274       1 
0275       1 
0276       1 
0277       1 
0278       1 
0279       1 
0280       1 
0281       1 
0282       1 
0283       1 
0284       1 
0285       1 
0286       1 
0287       1 
0288       1 
0289       1 
0290       1 
0291       11587 
0292       11587 
0293       11587 
0294       11599 
0295       11647 
0296       11647 
0297       11556 
0298       11508 
0299       11396 
0300       11299 
0301       11226 
0302       11153 
0303       11101 
0304       11004 
0305       10901 
0306       10862 
0307       10750 
0308       10716 
0309       10646 
0310       10535 
0311       10478 
0312       10422 
0313       10327 
0314       10269 
0315       10220 
0316       10150 
0317       10138 
0318       10045 
0319       9968 
0320       9955 
0321       9861 
0322       9804 
0323       9742 
0324       9676 
0325       9650 
0326       9612 
0327       9506 
0328       9443 
0329       9403 
0330       9348 
0331       9304 
0332       9276 
0333       9210 
0334       9192 
0335       9101 
0336       9057 
0337       9049 
0338       9002 
0339       8937 
0340       8887 
0341       8850 
0342       8810 
0343       8767 
0344       8727 
0345       8686 
0346       8658 
0347       8594 
0348       8532 
0349       8526 
0350       8485 
0351       8450 
0352       8403 
0353       8367 
0354       8340 
0355       8301 
0356       8250 
0357       8189 
0358       8180 
0359       8141 
0360       8120 
0361       8095 
0362       8043 
0363       8020 
0364       7965 
0365       7956 
0366       7897 
0367       7882 
0368       7855 
0369       7825 
0370       7773 
0371       7746 
0372       7734 
0373       7709 
0374       7662 
0375       7628 
0376       7601 
0377       7585 
0378       7563 
0379       7538 
0380       7519 
0381       7473 
0382       7467 
0383       7429 
0384       7411 
0385       7383 
0386       7354 
0387       7332 
0388       7318 
0389       7283 
0390       7261 
0391       7245 
0392       7210 
0393       7189 
0394       7179 
0395       7163 
0396       7159 
0397       7131 
0398       7092 
0399       7090 
0400       7056 
0401       7035 
0402       7014 
0403       6992 
0404       6958 
0405       6955 
0406       6950 
0407       6919 
0408       6889 
0409       6871 
0410       6863 
0411       6828 
0412       6828 
0413       6813 
0414       6771 
0415       6750 
0416       6740 
0417       6730 
0418       6728 
0419       6684 
0420       6668 
0421       6649 
0422       6649 
0423       6619 
0424       6617 
0425       6588 
0426       6587 
0427       6561 
0428       6544 
0429       6540 
0430       6531 
0431       6498 
0432       6492 
0433       6464 
0434       6453 
0435       6436 
0436       6424 
0437       6422 
0438       6390 
0439       6390 
0440       6390 
0441       6359 
0442       6342 
0443       6341 
0444       6340 
0445       6318 
0446       6313 
0447       6294 
0448       6283 
0449       6283 
0450       6272 
0451       6272 
0452       6260 
0453       6233 
0454       6219 
0455       6217 
0456       6200 
0457       6195 
0458       6192 
0459       6180 
0460       6173 
0461       6154 
0462       6141 
0463       6140 
0464       6125 
0465       6120 
0466       6107 
0467       6107 
0468       6093 
0469       6093 
0470       6079 
0471       6072 
0472       6070 
0473       6051 
0474       6051 
0475       6051 
0476       6043 
0477       6026 
0478       6018 
0479       6000 
0480       6000 
0481       6001 
0482       6001 
0483       5987 
0484       5981 
0485       5979 
0486       5971 
0487       5971 
0488       5965 
0489       5961 
0490       5948 
0491       5943 
0492       5943 
0493       5943 
0494       5939 
0495       5925 
0496       5923 
0497       5920 
0498       5914 
0499       5918 
0500       5918 
0501       5918 
0502       5893 
0503       5888 
0504       5885 
0505       5876 
0506       5885 
0507       5883 
0508       5890 
0509       5883 
0510       5879 
0511       5875 
0512       5879 
0513       5875 
0514       5877 
0515       5861 
0516       5871 
0517       5861 
0518       5870 
0519       5857 
0520       5857 
0521       5853 
0522       5850 
0523       5851 
0524       5848 
0525       5850 
0526       5841 
0527       5840 
0528       5839 
0529       5838 
0530       5829 
0531       5838 
0532       5841 
0533       5848 
0534       5850 
0535       5848 
0536       5846 
0537       5843 
0538       5843 
0539       5853 
0540       5853 
0541       5845 
0542       5845 
0543       5846 
0544       5851 
0545       5851 
0546       5851 
0547       5842 
0548       5842 
0549       5841 
0550       5841 
0551       5845 
0552       5847 
0553       5847 
0554       5847 
0555       5855 
0556       5858 
0557       5858 
0558       5866 
0559       5866 
0560       5866 
0561       5866 
0562       5863 
0563       5863 
0564       5877 
0565       5892 
0566       5888 
0567       5896 
0568       5896 
0569       5900 
0570       5900 
0571       5900 
0572       5906 
0573       5911 
0574       5923 
0575       5923 
0576       5923 
0577       5936 
0578       5936 
0579       5936 
0580       5950 
0581       5950 
0582       5950 
0583       5958 
0584       5961 
0585       5980 
0586       5980 
0587       5980 
0588       5985 
0589       5992 
0590       5999 
0591       6000 
0592       6009 
0593       6023 
0594       6029 
0595       6031 
0596       6042 
0597       6051 
0598       6055 
0599       6058 
0600       6059 
0601       6065 
0602       6082 
0603       6093 
0604       6097 
0605       6107 
0606       6111 
0607       6131 
0608       6133 
0609       6145 
0610       6150 
0611       6157 
0612       6167 
0613       6184 
0614       6207 
0615       6210 
0616       6216 
0617       6219 
0618       6231 
0619       6246 
0620       6249 
0621       6273 
0622       6274 
0623       6291 
0624       6293 
0625       6311 
0626       6313 
0627       6324 
0628       6333 
0629       6343 
0630       6364 
0631       6371 
0632       6388 
0633       6408 
0634       6415 
0635       6421 
0636       6432 
0637       6440 
0638       6451 
0639       6463 
0640       6485 
0641       6490 
0642       6507 
0643       6522 
0644       6546 
0645       6567 
0646       6581 
0647       6595 
0648       6600 
0649       6620 
0650       6634 
0651       6655 
0652       6657 
0653       6684 
0654       6699 
0655       6714 
0656       6741 
0657       6741 
0658       6787 
0659       6788 
0660       6805 
0661       6837 
0662       6843 
0663       6858 
0664       6875 
0665       6881 
0666       6911 
0667       6937 
0668       6951 
0669       6984 
0670       7006 
0671       7008 
0672       7021 
0673       7052 
0674       7073 
0675       7090 
0676       7124 
0677       7153 
0678       7177 
0679       7178 
0680       7201 
0681       7236 
0682       7250 
0683       7284 
0684       7331 
0685       7332 
0686       7353 
0687       7357 
0688       7395 
0689       7408 
0690       7427 
0691       7477 
0692       7517 
0693       7540 
0694       7552 
0695       7583 
0696       7610 
0697       7639 
0698       7660 
0699       7725 
0700       7743 
0701       7781 
0702       7788 
0703       7805 
0704       7848 
0705       7884 
0706       7902 
0707       7951 
0708       7976 
0709       8013 
0710       8035 
0711       8080 
0712       8122 
0713       8132 
0714       8155 
0715       8213 
0716       8259 
0717       8274 
0718       8313 
0719       8353 
0720       8396 
0721       8441 
0722       8487 
0723       8512 
0724       8584 
0725       8602 
0726       8625 
0727       8689 
0728       8734 
0729       8763 
0730       8811 
0731       8835 
0732       8926 
0733       8963 
0734       8980 
0735       9030 
0736       9087 
0737       9128 
0738       9190 
0739       9221 
0740       9280 
0741       9320 
0742       9348 
0743       9430 
0744       9484 
0745       9530 
0746       9577 
0747       9577 
0748       9504 
0749       9479 
0750       9467 
0751       9479 
0752       9553 
0753       14732 
0754       14787 
0755       14845 
0756       14919 
0757       15005 
0758       15074 
0759       15190 
0760       15200 
0761       15224 
0762       15224 
0763       1 
0764       1 
0765       1 
0766       1 
0767       1 
0768       1 
0769       1 
0770       1 
0771       1 
0772       1 
0773       12233 
0774       12423 
0775       12528 
0776       12629 
0777       12724 
0778       12784 
0779       12894 
0780       12997 
0781       13033 
0782       13195 
0783       13314 
0784       13400 
0785       13503 
0786       13633 
0787       13633 
0788       13715 
0789       13935 
0790       13935 
0791       1 
0792       1 
0793       1 
0794       1 
0795       1 
0796       1 
0797       1 
0798       1 
0799       8597 
0800       8597 
0801       8582 
0802       8582 
0803       8582 
0804       8584 
0805       8584 
0806       8584 
0807       1 
0808       1 
0809       1 
0810       1 
0811       1 
0812       1 
0813       1 
0814       1 
0815       1 
0816       1 
0817       1 
0818       1 
0819       1 
0820       1 
0821       1 
0822       1 
0823       1 
0824       1 
0825       1 
0826       1 
0827       1 
0828       1 
0829       1 
0830       1 
0831       1 
0832       1 
0833       1 
0834       1 
0835       1 
0836       1 
0837       1 
0838       1 
0839       1 
0840       1 
0841       1 
0842       1 
0843       1 
0844       1 
0845       1 
0846       1 
0847       16455 
0848       16455 
0849       16452 
0850       16427 
0851       16413 
0852       16126 
0853       16346 
0854       16346 
0855       16346 
0856       16264 
0857       16264 
0858       1 
0859       16292 
0860       16292 
0861       16293 
0862       16292 
0863       1 
0864       1 
0865       1 
0866       1 
0867       1 
0868       1 
0869       1 
0870       1 
0871       1 
0872       1 
0873       1 
0874       1 
0875       1 
0876       1 
0877       1 
0878       1 
0879       1 
0880       1 
0881       1 
0882       1 
0883       1 
0884       1 
0885       1 
0886       1 
0887       1 
0888       1 
0889       1 
0890       1 
0891       1 
0892       1 
0893       1 
0894       1 
0895       1 
0896       1 
0897       1 
0898       1 
0899       1 
0900       1 
0901       1 
0902       1 
0903       1 
0904       1 
0905       1 
0906       1 
0907       1 
0908       1 
0909       1 
0910       1 
0911       1 
0912       1 
0913       1 
0914       1 
0915       1 
0916       1 
0917       1 
0918       1 
0919       1 
0920       1 
0921       1 
0922       1 
0923       1 
0924       1 
0925       1 
0926       1 
0927       1 
0928       1 
0929       1 
0930       1 
0931       1 
0932       1 
0933       1 
0934       1 
0935       1 
0936       1 
0937       1 
0938       1 
0939       1 
0940       1 
0941       1 
0942       1 
0943       1 
0944       1 
0945       1 
0946       1 
0947       1 
0948       1 
0949       1 
0950       1 
0951       1 
0952       1 
0953       1 
0954       1 
0955       1 
0956       1 
0957       1 
0958       1 
0959       1 
0960       1 
0961       1 
0962       1 
0963       1 
0964       1 
0965       1 
0966       1 
0967       1 
0968       1 
0969       1 
0970       1 
0971       1 
0972       1 
0973       1 
0974       1 
0975       1 
0976       1 
0977       1 
0978       1 
0979       1 
0980       1 
0981       1 
0982       1 
0983       1 
0984       1 
0985       1 
0986       1 
0987       1 
0988       1 
0989       1 
0990       1 
0991       1 
0992       1 
0993       1 
0994       1 
0995       1 
0996       1 
0997       1 
0998       1 
0999       1 
1000       1 
1001       1 
1002       1 
1003       1 
1004       1 
1005       1 
1006       1 
1007       1 
1008       1 
1009       4 
1010       57 
1011       57 
1012       57 
1013       57 
1014       58 
1015       44 
1016       4 
1017       44 
1018       45 
1019       45 
1020       45 
1021       51 
1022       55 
1023       60 
1024       65 
1025       65 
1026       65 
1027       62 
1028       62 
1029       57 
1030       57 
1031       54 
1032       54 
1033       61 
1034       61 
1035       64 
1036       72 
1037       73 
1038       73 
1039       73 
1040       73 
1041       68 
1042       66 
1043       66 
1044       66 
1045       66 
1046       65 
1047       70 
1048       70 
1049       71 
1050       71 
1051       71 
1052       71 
1053       62 
1054       62 
1055       62 
1056       71 
1057       71 
1058       73 
1059       73 
1060       71 
1061       68 
1062       68 
1063       66 
1064       65 
1065       64 
1066       64 
1067       64 
1068       64 
1069       65 
1070       65 
1071       65 
1072       65 
1073       65 
1074       72 
1075       72 
1076       73 
1077       72 
1078       71 
1079       69 
1297966648.479559
