0000       1 
0001       1 
0002       1 
0003       1 
0004       1 
0005       1 
0006       1 
0007       1 
0008       1 
0009       1 
0010       1 
0011       1 
0012       1 
0013       1 
0014       1 
0015       1 
0016       1 
0017       1 
0018       1 
0019       1 
0020       1 
0021       1 
0022       1 
0023       1 
0024       1 
0025       1 
0026       1 
0027       1 
0028       1 
0029       1 
0030       1 
0031       1 
0032       1 
0033       1 
0034       1 
0035       1 
0036       1 
0037       1 
0038       1 
0039       1 
0040       1 
0041       1 
0042       1 
0043       1 
0044       1 
0045       1 
0046       1 
0047       1 
0048       1 
0049       1 
0050       1 
0051       1 
0052       1 
0053       1 
0054       1 
0055       1 
0056       1 
0057       1 
0058       1 
0059       1 
0060       1 
0061       1 
0062       1 
0063       1 
0064       1 
0065       1 
0066       1 
0067       1 
0068       1 
0069       1 
0070       1 
0071       1 
0072       1 
0073       1 
0074       1 
0075       1 
0076       1 
0077       1 
0078       1 
0079       1 
0080       1 
0081       1 
0082       1 
0083       1 
0084       1 
0085       1 
0086       1 
0087       1 
0088       1 
0089       1 
0090       1 
0091       1 
0092       1 
0093       1 
0094       1 
0095       1 
0096       1 
0097       1 
0098       1 
0099       1 
0100       1 
0101       1 
0102       1 
0103       1 
0104       1 
0105       1 
0106       1 
0107       1 
0108       1 
0109       1 
0110       1 
0111       1 
0112       1 
0113       1 
0114       1 
0115       1 
0116       1 
0117       1 
0118       1 
0119       1 
0120       1 
0121       1 
0122       1 
0123       1 
0124       1 
0125       1 
0126       1 
0127       1 
0128       1 
0129       1 
0130       1 
0131       1 
0132       1 
0133       1 
0134       22617 
0135       22617 
0136       22595 
0137       22546 
0138       22481 
0139       1 
0140       1 
0141       1 
0142       22277 
0143       22313 
0144       22277 
0145       1 
0146       1 
0147       1 
0148       1 
0149       22286 
0150       22287 
0151       22286 
0152       22268 
0153       22258 
0154       22247 
0155       22195 
0156       22189 
0157       16449 
0158       16441 
0159       16441 
0160       16429 
0161       16415 
0162       16396 
0163       16390 
0164       16371 
0165       16368 
0166       16356 
0167       16351 
0168       16351 
0169       16343 
0170       16341 
0171       16341 
0172       16341 
0173       16340 
0174       16335 
0175       16322 
0176       16117 
0177       16107 
0178       16105 
0179       16104 
0180       16094 
0181       16072 
0182       16072 
0183       16112 
0184       16181 
0185       16260 
0186       16673 
0187       16674 
0188       16682 
0189       16682 
0190       16682 
0191       16694 
0192       16694 
0193       16680 
0194       1 
0195       1 
0196       1 
0197       1 
0198       1 
0199       1 
0200       1 
0201       16172 
0202       16172 
0203       16106 
0204       16106 
0205       16106 
0206       16106 
0207       16105 
0208       16109 
0209       16117 
0210       16137 
0211       16140 
0212       16140 
0213       16140 
0214       16152 
0215       16152 
0216       15600 
0217       1 
0218       1 
0219       15600 
0220       16175 
0221       16216 
0222       16216 
0223       15660 
0224       1 
0225       1 
0226       15660 
0227       16177 
0228       16250 
0229       16305 
0230       16407 
0231       16486 
0232       16499 
0233       16500 
0234       16521 
0235       16539 
0236       16543 
0237       16564 
0238       16567 
0239       16591 
0240       16612 
0241       16624 
0242       16631 
0243       16661 
0244       16666 
0245       16699 
0246       16699 
0247       16641 
0248       16603 
0249       16603 
0250       16603 
0251       16617 
0252       16629 
0253       16668 
0254       16677 
0255       16687 
0256       16710 
0257       16757 
0258       16768 
0259       16768 
0260       16746 
0261       16746 
0262       16746 
0263       16867 
0264       16881 
0265       16902 
0266       16962 
0267       16970 
0268       16995 
0269       16995 
0270       17000 
0271       17045 
0272       17083 
0273       17240 
0274       17344 
0275       17367 
0276       17399 
0277       17433 
0278       17441 
0279       17467 
0280       17494 
0281       17494 
0282       17346 
0283       14468 
0284       14396 
0285       14396 
0286       14441 
0287       14444 
0288       14461 
0289       14514 
0290       14535 
0291       14538 
0292       14588 
0293       14623 
0294       14658 
0295       14679 
0296       14716 
0297       14746 
0298       14771 
0299       14804 
0300       14842 
0301       14868 
0302       14912 
0303       14912 
0304       1 
0305       1 
0306       1 
0307       1 
0308       1 
0309       1 
0310       1 
0311       13235 
0312       13235 
0313       13117 
0314       13054 
0315       12957 
0316       12831 
0317       12754 
0318       12639 
0319       12559 
0320       12474 
0321       12425 
0322       12275 
0323       12224 
0324       12142 
0325       12046 
0326       11975 
0327       11911 
0328       11899 
0329       11899 
0330       11938 
0331       11964 
0332       11964 
0333       12013 
0334       12027 
0335       12050 
0336       12060 
0337       12075 
0338       12119 
0339       12144 
0340       12153 
0341       12188 
0342       12197 
0343       12204 
0344       12197 
0345       1 
0346       1 
0347       1 
0348       1 
0349       1 
0350       1 
0351       1 
0352       1 
0353       1 
0354       12378 
0355       12378 
0356       12378 
0357       12372 
0358       12372 
0359       12372 
0360       12406 
0361       12496 
0362       12507 
0363       12556 
0364       12556 
0365       12545 
0366       12485 
0367       12438 
0368       12412 
0369       12405 
0370       12404 
0371       12332 
0372       12323 
0373       12245 
0374       12205 
0375       12144 
0376       12115 
0377       12066 
0378       11982 
0379       11945 
0380       11886 
0381       11851 
0382       11757 
0383       11752 
0384       11715 
0385       11661 
0386       11603 
0387       11570 
0388       11527 
0389       11472 
0390       11431 
0391       11369 
0392       11334 
0393       11279 
0394       11237 
0395       11187 
0396       11179 
0397       11130 
0398       11080 
0399       11043 
0400       11017 
0401       10975 
0402       10930 
0403       10887 
0404       10867 
0405       10827 
0406       10791 
0407       10767 
0408       10727 
0409       10661 
0410       10661 
0411       10651 
0412       10651 
0413       10631 
0414       10580 
0415       10577 
0416       10546 
0417       10513 
0418       10494 
0419       10429 
0420       10420 
0421       10415 
0422       10365 
0423       10316 
0424       10307 
0425       10257 
0426       10253 
0427       10240 
0428       10198 
0429       10183 
0430       10133 
0431       10122 
0432       10113 
0433       10067 
0434       10038 
0435       10032 
0436       9991 
0437       9970 
0438       9956 
0439       7004 
0440       7004 
0441       7028 
0442       7086 
0443       7086 
0444       7059 
0445       7051 
0446       7034 
0447       7024 
0448       7003 
0449       6990 
0450       6982 
0451       6957 
0452       6946 
0453       6922 
0454       6920 
0455       6907 
0456       6899 
0457       6882 
0458       6879 
0459       6863 
0460       6834 
0461       6798 
0462       6796 
0463       6783 
0464       6783 
0465       6777 
0466       6763 
0467       6747 
0468       6737 
0469       6721 
0470       6721 
0471       6690 
0472       6660 
0473       6659 
0474       6658 
0475       6655 
0476       6647 
0477       6635 
0478       6629 
0479       6617 
0480       6614 
0481       6602 
0482       6558 
0483       6547 
0484       6547 
0485       6551 
0486       6559 
0487       6559 
0488       6541 
0489       6540 
0490       6518 
0491       6515 
0492       6491 
0493       6485 
0494       6458 
0495       6458 
0496       6445 
0497       6452 
0498       6446 
0499       6446 
0500       6435 
0501       6432 
0502       6432 
0503       6411 
0504       6405 
0505       6369 
0506       6363 
0507       6363 
0508       6368 
0509       6368 
0510       6360 
0511       6360 
0512       6360 
0513       6350 
0514       6350 
0515       6350 
0516       6337 
0517       6324 
0518       6295 
0519       6295 
0520       6319 
0521       6320 
0522       6319 
0523       6315 
0524       6314 
0525       6314 
0526       6312 
0527       6293 
0528       6280 
0529       6270 
0530       6246 
0531       6246 
0532       6273 
0533       6274 
0534       6274 
0535       6267 
0536       6267 
0537       6267 
0538       6258 
0539       6258 
0540       6258 
0541       6256 
0542       6232 
0543       6230 
0544       6230 
0545       6259 
0546       6259 
0547       6255 
0548       6240 
0549       6237 
0550       6240 
0551       6243 
0552       6248 
0553       6248 
0554       6234 
0555       6212 
0556       6212 
0557       6246 
0558       6246 
0559       6252 
0560       6252 
0561       6247 
0562       6247 
0563       6253 
0564       6253 
0565       6253 
0566       6241 
0567       6221 
0568       6221 
0569       6246 
0570       6253 
0571       6267 
0572       6267 
0573       6262 
0574       6262 
0575       6263 
0576       6263 
0577       6266 
0578       6261 
0579       6248 
0580       6248 
0581       6257 
0582       6270 
0583       6271 
0584       6272 
0585       6280 
0586       6293 
0587       6293 
0588       6293 
0589       6305 
0590       6305 
0591       6285 
0592       6285 
0593       6289 
0594       6313 
0595       6324 
0596       6327 
0597       6345 
0598       6350 
0599       6350 
0600       6350 
0601       6360 
0602       6362 
0603       6360 
0604       6362 
0605       6362 
0606       6375 
0607       6394 
0608       6395 
0609       6397 
0610       6416 
0611       6423 
0612       6438 
0613       6438 
0614       6435 
0615       6434 
0616       6434 
0617       6442 
0618       6459 
0619       6486 
0620       6492 
0621       6493 
0622       6504 
0623       6506 
0624       6512 
0625       6529 
0626       6529 
0627       6515 
0628       6515 
0629       6569 
0630       6575 
0631       6594 
0632       6597 
0633       6609 
0634       6615 
0635       6628 
0636       6633 
0637       6634 
0638       6640 
0639       6644 
0640       6667 
0641       6678 
0642       6698 
0643       6702 
0644       6720 
0645       6730 
0646       6749 
0647       6749 
0648       6749 
0649       6750 
0650       6769 
0651       6805 
0652       6819 
0653       6837 
0654       6843 
0655       6872 
0656       6888 
0657       6894 
0658       6894 
0659       6899 
0660       6904 
0661       6945 
0662       6965 
0663       6975 
0664       6986 
0665       6998 
0666       7018 
0667       7041 
0668       7045 
0669       7051 
0670       7058 
0671       7101 
0672       7119 
0673       7146 
0674       7159 
0675       7183 
0676       7187 
0677       7206 
0678       7210 
0679       7224 
0680       7247 
0681       7274 
0682       7299 
0683       7325 
0684       7344 
0685       7371 
0686       7383 
0687       7388 
0688       7389 
0689       7423 
0690       7471 
0691       7502 
0692       7515 
0693       7540 
0694       7545 
0695       7564 
0696       7575 
0697       7594 
0698       7640 
0699       7660 
0700       7673 
0701       7708 
0702       7741 
0703       7770 
0704       7770 
0705       7781 
0706       7760 
0707       7781 
0708       10766 
0709       10807 
0710       10832 
0711       10855 
0712       10896 
0713       10950 
0714       10991 
0715       11040 
0716       11088 
0717       11095 
0718       11145 
0719       11200 
0720       11260 
0721       11272 
0722       11320 
0723       11375 
0724       11415 
0725       11453 
0726       11497 
0727       11549 
0728       11569 
0729       11622 
0730       11673 
0731       11718 
0732       11735 
0733       11735 
0734       1 
0735       1 
0736       1 
0737       1 
0738       6779 
0739       6804 
0740       6842 
0741       6879 
0742       6924 
0743       6934 
0744       6977 
0745       6999 
0746       7048 
0747       7110 
0748       7151 
0749       7174 
0750       7212 
0751       7226 
0752       7227 
0753       7248 
0754       7248 
0755       7231 
0756       7170 
0757       7125 
0758       7117 
0759       7092 
0760       7087 
0761       7051 
0762       3370 
0763       3370 
0764       3370 
0765       3388 
0766       3398 
0767       3408 
0768       3419 
0769       3425 
0770       3425 
0771       3455 
0772       3465 
0773       3484 
0774       3492 
0775       3493 
0776       3510 
0777       3516 
0778       3541 
0779       3545 
0780       3564 
0781       3601 
0782       3601 
0783       3601 
0784       3593 
0785       3591 
0786       3542 
0787       3350 
0788       3033 
0789       3033 
0790       3027 
0791       3033 
0792       3047 
0793       3058 
0794       3060 
0795       3074 
0796       3076 
0797       3090 
0798       3097 
0799       3112 
0800       3112 
0801       3145 
0802       3157 
0803       3181 
0804       3187 
0805       3214 
0806       3215 
0807       3237 
0808       3272 
0809       3300 
0810       3305 
0811       3328 
0812       3349 
0813       3381 
0814       3407 
0815       3411 
0816       3442 
0817       3475 
0818       3513 
0819       3543 
0820       3579 
0821       3619 
0822       3638 
0823       3667 
0824       3713 
0825       3758 
0826       3808 
0827       3859 
0828       3897 
0829       3963 
0830       3988 
0831       4054 
0832       4147 
0833       4216 
0834       4265 
0835       4321 
0836       4383 
0837       6032 
0838       6032 
0839       6032 
0840       6028 
0841       6018 
0842       5967 
0843       5958 
0844       5935 
0845       5910 
0846       5906 
0847       5892 
0848       5870 
0849       5819 
0850       5805 
0851       5800 
0852       5788 
0853       5775 
0854       5774 
0855       5741 
0856       5711 
0857       5703 
0858       5696 
0859       5691 
0860       5665 
0861       5665 
0862       5611 
0863       5586 
0864       5586 
0865       5586 
0866       5591 
0867       5609 
0868       5690 
0869       5810 
0870       5932 
0871       6077 
0872       6132 
0873       6132 
0874       6127 
0875       6093 
0876       6087 
0877       6078 
0878       6078 
0879       6073 
0880       6082 
0881       6082 
0882       6082 
0883       6067 
0884       6020 
0885       6020 
0886       6057 
0887       6060 
0888       6057 
0889       6060 
0890       6050 
0891       5995 
0892       5995 
0893       6037 
0894       6038 
0895       6038 
0896       6038 
0897       6036 
0898       5981 
0899       5981 
0900       6033 
0901       6035 
0902       6043 
0903       6043 
0904       6021 
0905       5713 
0906       1 
0907       1 
0908       1 
0909       1 
0910       1 
0911       1 
0912       1 
0913       1 
0914       1 
0915       1 
0916       1 
0917       1 
0918       1 
0919       1 
0920       1 
0921       1 
0922       1 
0923       1 
0924       1 
0925       1 
0926       1 
0927       1 
0928       1 
0929       1 
0930       1 
0931       1 
0932       1 
0933       1 
0934       1 
0935       1 
0936       1 
0937       1 
0938       1 
0939       1 
0940       1 
0941       1 
0942       1 
0943       1 
0944       1 
0945       1 
0946       1 
0947       1 
0948       1 
0949       1 
0950       1 
0951       1 
0952       1 
0953       1 
0954       1 
0955       1 
0956       1 
0957       1 
0958       1 
0959       1 
0960       1 
0961       1 
0962       1 
0963       1 
0964       1 
0965       1 
0966       1 
0967       1 
0968       1 
0969       1 
0970       1 
0971       1 
0972       1 
0973       1 
0974       1 
0975       1 
0976       1 
0977       1 
0978       1 
0979       1 
0980       1 
0981       1 
0982       1 
0983       1 
0984       1 
0985       1 
0986       1 
0987       1 
0988       1 
0989       1 
0990       1 
0991       1 
0992       1 
0993       1 
0994       1 
0995       1 
0996       1 
0997       1 
0998       1 
0999       1 
1000       1 
1001       1 
1002       1 
1003       1 
1004       1 
1005       1 
1006       1 
1007       4 
1008       4 
1009       4 
1010       4 
1011       4 
1012       49 
1013       49 
1014       49 
1015       49 
1016       49 
1017       58 
1018       58 
1019       55 
1020       53 
1021       53 
1022       46 
1023       46 
1024       53 
1025       60 
1026       60 
1027       60 
1028       55 
1029       55 
1030       55 
1031       55 
1032       58 
1033       58 
1034       59 
1035       59 
1036       61 
1037       65 
1038       66 
1039       66 
1040       68 
1041       68 
1042       75 
1043       70 
1044       70 
1045       70 
1046       70 
1047       68 
1048       68 
1049       69 
1050       68 
1051       69 
1052       69 
1053       72 
1054       70 
1055       72 
1056       72 
1057       72 
1058       70 
1059       65 
1060       64 
1061       64 
1062       65 
1063       65 
1064       62 
1065       65 
1066       62 
1067       62 
1068       65 
1069       66 
1070       70 
1071       72 
1072       70 
1073       66 
1074       70 
1075       67 
1076       63 
1077       67 
1078       70 
1079       67 
1297966677.995157
