0000       1 
0001       1 
0002       1 
0003       1 
0004       1 
0005       1 
0006       1 
0007       1 
0008       1 
0009       1 
0010       1 
0011       1 
0012       1 
0013       1 
0014       1 
0015       1 
0016       1 
0017       1 
0018       1 
0019       1 
0020       1 
0021       1 
0022       1 
0023       1 
0024       1 
0025       1 
0026       1 
0027       1 
0028       1 
0029       1 
0030       1 
0031       1 
0032       1 
0033       1 
0034       1 
0035       1 
0036       1 
0037       1 
0038       1 
0039       1 
0040       1 
0041       1 
0042       1 
0043       1 
0044       1 
0045       1 
0046       1 
0047       1 
0048       1 
0049       1 
0050       1 
0051       1 
0052       1 
0053       1 
0054       1 
0055       1 
0056       1 
0057       1 
0058       1 
0059       1 
0060       1 
0061       1 
0062       1 
0063       1 
0064       1 
0065       1 
0066       1 
0067       1 
0068       1 
0069       1 
0070       1 
0071       1 
0072       1 
0073       1 
0074       1 
0075       1 
0076       1 
0077       1 
0078       1 
0079       1 
0080       1 
0081       1 
0082       1 
0083       1 
0084       1 
0085       1 
0086       1 
0087       1 
0088       1 
0089       1 
0090       1 
0091       1 
0092       1 
0093       1 
0094       1 
0095       1 
0096       1 
0097       1 
0098       1 
0099       1 
0100       1 
0101       1 
0102       1 
0103       1 
0104       1 
0105       1 
0106       1 
0107       1 
0108       1 
0109       1 
0110       1 
0111       1 
0112       1 
0113       1 
0114       1 
0115       1 
0116       1 
0117       1 
0118       1 
0119       1 
0120       1 
0121       1 
0122       1 
0123       1 
0124       1 
0125       1 
0126       1 
0127       1 
0128       1 
0129       1 
0130       1 
0131       1 
0132       1 
0133       1 
0134       1 
0135       1 
0136       1 
0137       1 
0138       1 
0139       1 
0140       1 
0141       1 
0142       1 
0143       1 
0144       1 
0145       1 
0146       1 
0147       1 
0148       1 
0149       1 
0150       1 
0151       1 
0152       1 
0153       1 
0154       1 
0155       1 
0156       1 
0157       1 
0158       1 
0159       1 
0160       1 
0161       1 
0162       1 
0163       1 
0164       1 
0165       1 
0166       1 
0167       1 
0168       1 
0169       1 
0170       1 
0171       1 
0172       1 
0173       1 
0174       1 
0175       1 
0176       1 
0177       1 
0178       1 
0179       1 
0180       1 
0181       1 
0182       1 
0183       1 
0184       1 
0185       1 
0186       1 
0187       1 
0188       1 
0189       1 
0190       1 
0191       1 
0192       1 
0193       1 
0194       1 
0195       1 
0196       1 
0197       1 
0198       1 
0199       1 
0200       1 
0201       1 
0202       1 
0203       1 
0204       1 
0205       1 
0206       1 
0207       1 
0208       1 
0209       1 
0210       1 
0211       1 
0212       1 
0213       1 
0214       1 
0215       1 
0216       1 
0217       1 
0218       1 
0219       1 
0220       1 
0221       1 
0222       1 
0223       1 
0224       1 
0225       1 
0226       1 
0227       1 
0228       1 
0229       1 
0230       1 
0231       1 
0232       1 
0233       1 
0234       1 
0235       1 
0236       1 
0237       1 
0238       1 
0239       1 
0240       21299 
0241       21451 
0242       21451 
0243       1 
0244       1 
0245       1 
0246       1 
0247       1 
0248       1 
0249       18319 
0250       18342 
0251       18415 
0252       18447 
0253       18485 
0254       18492 
0255       18507 
0256       18569 
0257       18573 
0258       18575 
0259       18601 
0260       18677 
0261       18821 
0262       22206 
0263       22217 
0264       22262 
0265       22292 
0266       22347 
0267       22350 
0268       22417 
0269       22430 
0270       22486 
0271       22539 
0272       22550 
0273       22550 
0274       1 
0275       1 
0276       1 
0277       1 
0278       1 
0279       1 
0280       1 
0281       1 
0282       1 
0283       1 
0284       1 
0285       1 
0286       1 
0287       1 
0288       1 
0289       1 
0290       1 
0291       1 
0292       1 
0293       1 
0294       1 
0295       1 
0296       1 
0297       1 
0298       1 
0299       1 
0300       1 
0301       1 
0302       1 
0303       1 
0304       1 
0305       1 
0306       1 
0307       1 
0308       1 
0309       1 
0310       1 
0311       1 
0312       16702 
0313       16702 
0314       16553 
0315       16416 
0316       16314 
0317       16204 
0318       16151 
0319       16011 
0320       15897 
0321       15827 
0322       15725 
0323       15614 
0324       15496 
0325       15436 
0326       15139 
0327       1 
0328       1 
0329       14714 
0330       14714 
0331       14714 
0332       1 
0333       1 
0334       1 
0335       1 
0336       1 
0337       1 
0338       1 
0339       1 
0340       1 
0341       1 
0342       1 
0343       1 
0344       1 
0345       1 
0346       1 
0347       1 
0348       1 
0349       1 
0350       1 
0351       1 
0352       13224 
0353       13224 
0354       13130 
0355       13043 
0356       12987 
0357       12987 
0358       12891 
0359       12818 
0360       12635 
0361       12454 
0362       12619 
0363       12619 
0364       12561 
0365       12466 
0366       12407 
0367       12308 
0368       12301 
0369       12243 
0370       12191 
0371       12128 
0372       12107 
0373       12007 
0374       11976 
0375       11953 
0376       9533 
0377       9533 
0378       9530 
0379       9535 
0380       9530 
0381       9463 
0382       9429 
0383       9412 
0384       9402 
0385       9036 
0386       9024 
0387       9024 
0388       9024 
0389       9003 
0390       8963 
0391       8920 
0392       8920 
0393       8923 
0394       8935 
0395       8952 
0396       9026 
0397       9061 
0398       9128 
0399       9237 
0400       9380 
0401       9380 
0402       9239 
0403       9064 
0404       9033 
0405       9029 
0406       9029 
0407       10546 
0408       10546 
0409       10495 
0410       10263 
0411       9591 
0412       9591 
0413       9456 
0414       9608 
0415       9470 
0416       9470 
0417       9470 
0418       9638 
0419       9701 
0420       9729 
0421       9701 
0422       9745 
0423       9745 
0424       9991 
0425       10013 
0426       10018 
0427       10013 
0428       9993 
0429       9987 
0430       9942 
0431       9913 
0432       9899 
0433       9859 
0434       9849 
0435       9846 
0436       9829 
0437       9811 
0438       9799 
0439       9794 
0440       9794 
0441       9782 
0442       9768 
0443       9756 
0444       9736 
0445       9689 
0446       9687 
0447       9655 
0448       9649 
0449       9617 
0450       9612 
0451       9581 
0452       9563 
0453       9558 
0454       9546 
0455       9523 
0456       9522 
0457       9494 
0458       9437 
0459       9431 
0460       9429 
0461       9422 
0462       9381 
0463       9356 
0464       9338 
0465       9312 
0466       9307 
0467       9307 
0468       9293 
0469       9290 
0470       9263 
0471       9255 
0472       9240 
0473       9227 
0474       9212 
0475       9205 
0476       9182 
0477       7956 
0478       7918 
0479       7917 
0480       7899 
0481       7853 
0482       7834 
0483       7830 
0484       7824 
0485       7821 
0486       7780 
0487       7757 
0488       7746 
0489       7714 
0490       7711 
0491       7690 
0492       7680 
0493       7690 
0494       7678 
0495       7678 
0496       7678 
0497       7668 
0498       7654 
0499       7640 
0500       7628 
0501       7612 
0502       7612 
0503       7623 
0504       7641 
0505       7641 
0506       7615 
0507       7608 
0508       7608 
0509       7661 
0510       7751 
0511       7764 
0512       7802 
0513       7802 
0514       7802 
0515       7819 
0516       7903 
0517       8033 
0518       8178 
0519       8239 
0520       8239 
0521       8245 
0522       8557 
0523       8767 
0524       8817 
0525       8817 
0526       8806 
0527       8794 
0528       8775 
0529       8772 
0530       8772 
0531       8782 
0532       8782 
0533       8773 
0534       8708 
0535       8581 
0536       8581 
0537       8665 
0538       8665 
0539       8384 
0540       8114 
0541       8102 
0542       8023 
0543       7926 
0544       7890 
0545       7851 
0546       7751 
0547       7662 
0548       7559 
0549       7478 
0550       7414 
0551       7343 
0552       7314 
0553       7184 
0554       7097 
0555       7058 
0556       7035 
0557       7019 
0558       7005 
0559       7003 
0560       7000 
0561       6995 
0562       6995 
0563       6989 
0564       6987 
0565       6980 
0566       6977 
0567       6980 
0568       6995 
0569       6996 
0570       6997 
0571       7001 
0572       7002 
0573       7008 
0574       7008 
0575       7011 
0576       7023 
0577       7044 
0578       7052 
0579       7072 
0580       7101 
0581       7132 
0582       7177 
0583       7258 
0584       7280 
0585       7372 
0586       7571 
0587       7827 
0588       7933 
0589       7933 
0590       7869 
0591       7737 
0592       7704 
0593       7685 
0594       7704 
0595       7726 
0596       7726 
0597       7713 
0598       7713 
0599       7709 
0600       7668 
0601       7661 
0602       7661 
0603       7678 
0604       7680 
0605       7681 
0606       7772 
0607       7774 
0608       7787 
0609       7787 
0610       7713 
0611       7713 
0612       7741 
0613       7743 
0614       7785 
0615       7791 
0616       7792 
0617       7792 
0618       9223 
0619       9244 
0620       9244 
0621       9225 
0622       9225 
0623       9264 
0624       9280 
0625       9309 
0626       9316 
0627       9316 
0628       9246 
0629       9034 
0630       8919 
0631       8829 
0632       8738 
0633       8641 
0634       8567 
0635       8467 
0636       8391 
0637       8278 
0638       8199 
0639       8134 
0640       8051 
0641       7935 
0642       7910 
0643       7870 
0644       7870 
0645       7870 
0646       7867 
0647       7867 
0648       7869 
0649       7879 
0650       7875 
0651       7879 
0652       7875 
0653       7689 
0654       7500 
0655       7446 
0656       7406 
0657       7329 
0658       7289 
0659       7213 
0660       7165 
0661       7086 
0662       6744 
0663       6565 
0664       6519 
0665       6483 
0666       6421 
0667       6367 
0668       6326 
0669       6275 
0670       6230 
0671       6206 
0672       6156 
0673       6119 
0674       6067 
0675       6042 
0676       6003 
0677       5964 
0678       5927 
0679       5875 
0680       5845 
0681       5807 
0682       5779 
0683       5733 
0684       5718 
0685       5657 
0686       5631 
0687       5583 
0688       5563 
0689       5537 
0690       5517 
0691       5464 
0692       5441 
0693       5404 
0694       5371 
0695       5351 
0696       5323 
0697       5298 
0698       5272 
0699       5231 
0700       5202 
0701       5186 
0702       5158 
0703       5133 
0704       5120 
0705       5115 
0706       5112 
0707       5112 
0708       5111 
0709       5111 
0710       5111 
0711       5122 
0712       5136 
0713       5152 
0714       5152 
0715       5146 
0716       5115 
0717       5115 
0718       5111 
0719       5122 
0720       5122 
0721       5301 
0722       5349 
0723       7287 
0724       7302 
0725       7321 
0726       7374 
0727       7409 
0728       7441 
0729       7441 
0730       7425 
0731       7393 
0732       7377 
0733       7343 
0734       7323 
0735       7274 
0736       7237 
0737       7221 
0738       7188 
0739       7169 
0740       7136 
0741       7091 
0742       7063 
0743       7044 
0744       7030 
0745       7000 
0746       6974 
0747       6971 
0748       6921 
0749       6886 
0750       6860 
0751       6857 
0752       6836 
0753       6808 
0754       6768 
0755       4192 
0756       4119 
0757       4089 
0758       4075 
0759       4074 
0760       4049 
0761       4034 
0762       4020 
0763       4008 
0764       3997 
0765       3991 
0766       3988 
0767       3972 
0768       3958 
0769       3944 
0770       3930 
0771       3907 
0772       3900 
0773       3893 
0774       3888 
0775       3879 
0776       3859 
0777       3853 
0778       3836 
0779       3834 
0780       3834 
0781       3836 
0782       3851 
0783       3881 
0784       3925 
0785       3952 
0786       3968 
0787       3970 
0788       3970 
0789       3968 
0790       3960 
0791       3959 
0792       3951 
0793       3933 
0794       3925 
0795       3918 
0796       3911 
0797       3901 
0798       3901 
0799       3888 
0800       3883 
0801       3867 
0802       3865 
0803       3849 
0804       3842 
0805       3838 
0806       3836 
0807       3828 
0808       3822 
0809       3808 
0810       3807 
0811       3801 
0812       3779 
0813       3779 
0814       3779 
0815       3779 
0816       3788 
0817       3897 
0818       4855 
0819       4910 
0820       4989 
0821       5025 
0822       5093 
0823       5144 
0824       5190 
0825       5262 
0826       5314 
0827       5405 
0828       5470 
0829       5547 
0830       5636 
0831       5678 
0832       5732 
0833       5742 
0834       5773 
0835       5773 
0836       5757 
0837       5747 
0838       5738 
0839       5722 
0840       5716 
0841       5713 
0842       5705 
0843       5697 
0844       5697 
0845       5709 
0846       5776 
0847       5820 
0848       5860 
0849       7130 
0850       7130 
0851       7114 
0852       7112 
0853       7101 
0854       7101 
0855       7101 
0856       7111 
0857       7160 
0858       7160 
0859       1 
0860       1 
0861       1 
0862       1 
0863       1 
0864       1 
0865       1 
0866       1 
0867       1 
0868       1 
0869       1 
0870       1 
0871       1 
0872       1 
0873       1 
0874       1 
0875       1 
0876       1 
0877       1 
0878       1 
0879       1 
0880       1 
0881       1 
0882       1 
0883       1 
0884       1 
0885       1 
0886       1 
0887       1 
0888       1 
0889       1 
0890       1 
0891       1 
0892       1 
0893       1 
0894       1 
0895       1 
0896       1 
0897       1 
0898       1 
0899       1 
0900       1 
0901       1 
0902       1 
0903       1 
0904       1 
0905       1 
0906       1 
0907       1 
0908       1 
0909       1 
0910       1 
0911       1 
0912       1 
0913       1 
0914       1 
0915       1 
0916       1 
0917       1 
0918       1 
0919       1 
0920       1 
0921       1 
0922       1 
0923       1 
0924       1 
0925       1 
0926       1 
0927       1 
0928       1 
0929       1 
0930       1 
0931       1 
0932       1 
0933       1 
0934       1 
0935       1 
0936       1 
0937       1 
0938       1 
0939       1 
0940       1 
0941       1 
0942       1 
0943       1 
0944       1 
0945       1 
0946       1 
0947       1 
0948       1 
0949       1 
0950       1 
0951       1 
0952       1 
0953       1 
0954       1 
0955       1 
0956       1 
0957       1 
0958       1 
0959       1 
0960       1 
0961       1 
0962       1 
0963       1 
0964       1 
0965       1 
0966       1 
0967       1 
0968       1 
0969       1 
0970       1 
0971       1 
0972       1 
0973       1 
0974       1 
0975       1 
0976       1 
0977       1 
0978       1 
0979       1 
0980       1 
0981       1 
0982       1 
0983       1 
0984       1 
0985       1 
0986       1 
0987       1 
0988       1 
0989       1 
0990       1 
0991       1 
0992       1 
0993       1 
0994       1 
0995       1 
0996       1 
0997       1 
0998       1 
0999       1 
1000       1 
1001       1 
1002       1 
1003       1 
1004       1 
1005       1 
1006       4 
1007       4 
1008       49 
1009       52 
1010       50 
1011       50 
1012       50 
1013       48 
1014       41 
1015       41 
1016       48 
1017       47 
1018       58 
1019       58 
1020       56 
1021       47 
1022       53 
1023       51 
1024       51 
1025       53 
1026       54 
1027       56 
1028       56 
1029       54 
1030       51 
1031       51 
1032       51 
1033       54 
1034       64 
1035       64 
1036       67 
1037       64 
1038       67 
1039       67 
1040       72 
1041       67 
1042       71 
1043       71 
1044       70 
1045       61 
1046       63 
1047       63 
1048       63 
1049       63 
1050       68 
1051       72 
1052       72 
1053       72 
1054       72 
1055       70 
1056       70 
1057       68 
1058       68 
1059       71 
1060       71 
1061       69 
1062       70 
1063       70 
1064       70 
1065       70 
1066       70 
1067       70 
1068       68 
1069       68 
1070       68 
1071       68 
1072       68 
1073       67 
1074       67 
1075       68 
1076       66 
1077       66 
1078       67 
1079       66 
1297966689.352296
