0000       1 
0001       1 
0002       1 
0003       1 
0004       1 
0005       1 
0006       1 
0007       1 
0008       1 
0009       1 
0010       1 
0011       1 
0012       1 
0013       1 
0014       1 
0015       1 
0016       1 
0017       1 
0018       1 
0019       1 
0020       1 
0021       1 
0022       1 
0023       1 
0024       1 
0025       1 
0026       1 
0027       1 
0028       1 
0029       1 
0030       1 
0031       1 
0032       1 
0033       1 
0034       1 
0035       1 
0036       1 
0037       1 
0038       1 
0039       1 
0040       1 
0041       1 
0042       1 
0043       1 
0044       1 
0045       1 
0046       1 
0047       1 
0048       1 
0049       1 
0050       1 
0051       1 
0052       1 
0053       1 
0054       1 
0055       1 
0056       1 
0057       1 
0058       1 
0059       1 
0060       1 
0061       1 
0062       1 
0063       1 
0064       1 
0065       1 
0066       1 
0067       1 
0068       1 
0069       1 
0070       1 
0071       1 
0072       1 
0073       1 
0074       1 
0075       1 
0076       1 
0077       1 
0078       1 
0079       1 
0080       1 
0081       1 
0082       1 
0083       1 
0084       1 
0085       1 
0086       1 
0087       1 
0088       1 
0089       1 
0090       1 
0091       1 
0092       1 
0093       1 
0094       1 
0095       1 
0096       1 
0097       1 
0098       1 
0099       1 
0100       1 
0101       1 
0102       1 
0103       1 
0104       17457 
0105       17483 
0106       17479 
0107       17479 
0108       17442 
0109       16897 
0110       16605 
0111       16605 
0112       16660 
0113       16660 
0114       16660 
0115       16637 
0116       16606 
0117       16606 
0118       16423 
0119       16330 
0120       16309 
0121       16309 
0122       1 
0123       16322 
0124       16322 
0125       16322 
0126       16363 
0127       16730 
0128       16730 
0129       16114 
0130       1 
0131       1 
0132       1 
0133       1 
0134       1 
0135       1 
0136       1 
0137       1 
0138       1 
0139       1 
0140       1 
0141       15096 
0142       15159 
0143       15096 
0144       15092 
0145       14962 
0146       14944 
0147       14944 
0148       14972 
0149       15003 
0150       15032 
0151       15032 
0152       15032 
0153       1 
0154       1 
0155       1 
0156       1 
0157       1 
0158       1 
0159       14724 
0160       14724 
0161       14752 
0162       14724 
0163       14829 
0164       17349 
0165       17349 
0166       1 
0167       1 
0168       1 
0169       1 
0170       14833 
0171       14858 
0172       14833 
0173       14858 
0174       15498 
0175       15499 
0176       15498 
0177       1 
0178       1 
0179       1 
0180       1 
0181       1 
0182       1 
0183       1 
0184       1 
0185       1 
0186       1 
0187       1 
0188       1 
0189       15203 
0190       15203 
0191       15530 
0192       15604 
0193       15647 
0194       15661 
0195       15945 
0196       16416 
0197       16416 
0198       15801 
0199       15718 
0200       15718 
0201       15718 
0202       15682 
0203       15551 
0204       14816 
0205       14807 
0206       14671 
0207       14634 
0208       14671 
0209       14671 
0210       14664 
0211       14632 
0212       14632 
0213       14632 
0214       14535 
0215       14363 
0216       14337 
0217       14363 
0218       14337 
0219       1 
0220       1 
0221       1 
0222       1 
0223       1 
0224       1 
0225       1 
0226       15266 
0227       15266 
0228       15266 
0229       1 
0230       1 
0231       1 
0232       1 
0233       1 
0234       1 
0235       1 
0236       1 
0237       1 
0238       1 
0239       15845 
0240       15845 
0241       15899 
0242       15899 
0243       15994 
0244       16051 
0245       16095 
0246       16150 
0247       16255 
0248       16255 
0249       1 
0250       1 
0251       1 
0252       1 
0253       20245 
0254       20322 
0255       20322 
0256       20337 
0257       20373 
0258       20397 
0259       20565 
0260       20565 
0261       20561 
0262       20450 
0263       20378 
0264       20180 
0265       20030 
0266       19903 
0267       19559 
0268       19439 
0269       19439 
0270       19313 
0271       19208 
0272       19018 
0273       18884 
0274       18756 
0275       18606 
0276       18465 
0277       18334 
0278       18199 
0279       18046 
0280       17935 
0281       17799 
0282       17650 
0283       17521 
0284       17447 
0285       17306 
0286       17207 
0287       17083 
0288       16918 
0289       16851 
0290       16763 
0291       16609 
0292       16523 
0293       16450 
0294       16322 
0295       16242 
0296       16159 
0297       16057 
0298       15924 
0299       15860 
0300       15710 
0301       15528 
0302       15526 
0303       15418 
0304       15311 
0305       15218 
0306       15146 
0307       15036 
0308       14980 
0309       14902 
0310       14829 
0311       14761 
0312       14692 
0313       14638 
0314       14582 
0315       14512 
0316       14439 
0317       14395 
0318       14320 
0319       14270 
0320       14209 
0321       14147 
0322       14099 
0323       14042 
0324       13958 
0325       13895 
0326       13837 
0327       13742 
0328       13661 
0329       13589 
0330       13480 
0331       13479 
0332       13451 
0333       13444 
0334       13422 
0335       13386 
0336       13323 
0337       13269 
0338       13242 
0339       13199 
0340       13126 
0341       13061 
0342       13018 
0343       12969 
0344       12925 
0345       12880 
0346       12829 
0347       12756 
0348       12714 
0349       12677 
0350       12653 
0351       12601 
0352       12548 
0353       12505 
0354       12455 
0355       12399 
0356       12368 
0357       12305 
0358       12300 
0359       12236 
0360       12209 
0361       12165 
0362       12092 
0363       12059 
0364       12019 
0365       11988 
0366       11941 
0367       11928 
0368       11880 
0369       11821 
0370       11804 
0371       11785 
0372       11746 
0373       11689 
0374       11665 
0375       11627 
0376       11592 
0377       11564 
0378       11558 
0379       11516 
0380       11472 
0381       11436 
0382       11416 
0383       11395 
0384       11345 
0385       11323 
0386       11304 
0387       11267 
0388       11231 
0389       11209 
0390       11176 
0391       11144 
0392       11126 
0393       11098 
0394       11063 
0395       11057 
0396       11046 
0397       11010 
0398       10993 
0399       10951 
0400       10909 
0401       10908 
0402       10888 
0403       10850 
0404       10830 
0405       10829 
0406       10770 
0407       10758 
0408       10726 
0409       10718 
0410       10691 
0411       10659 
0412       10654 
0413       10646 
0414       10608 
0415       10593 
0416       10575 
0417       10560 
0418       10535 
0419       10535 
0420       10513 
0421       10506 
0422       10472 
0423       10452 
0424       10419 
0425       10406 
0426       10400 
0427       10380 
0428       10368 
0429       10364 
0430       10343 
0431       10328 
0432       10304 
0433       10286 
0434       10277 
0435       10273 
0436       10246 
0437       10241 
0438       10229 
0439       10208 
0440       10197 
0441       10182 
0442       10152 
0443       10147 
0444       10139 
0445       10124 
0446       10104 
0447       10102 
0448       10100 
0449       10064 
0450       10063 
0451       10064 
0452       10063 
0453       10029 
0454       10017 
0455       10001 
0456       9988 
0457       9992 
0458       9980 
0459       9971 
0460       9967 
0461       9966 
0462       9937 
0463       9931 
0464       9932 
0465       9926 
0466       9899 
0467       9895 
0468       9882 
0469       9882 
0470       9881 
0471       9859 
0472       9840 
0473       9832 
0474       9832 
0475       9821 
0476       9809 
0477       9809 
0478       9807 
0479       9791 
0480       9780 
0481       9780 
0482       9780 
0483       9771 
0484       9767 
0485       9767 
0486       9767 
0487       9752 
0488       9752 
0489       9752 
0490       9731 
0491       9731 
0492       9731 
0493       9727 
0494       9714 
0495       9713 
0496       9713 
0497       9704 
0498       9705 
0499       9704 
0500       9702 
0501       9701 
0502       9702 
0503       9701 
0504       9696 
0505       9694 
0506       9694 
0507       9689 
0508       9681 
0509       9689 
0510       9681 
0511       9692 
0512       9687 
0513       9688 
0514       9687 
0515       9682 
0516       9682 
0517       9690 
0518       9690 
0519       9697 
0520       9697 
0521       9697 
0522       9692 
0523       9692 
0524       9704 
0525       9714 
0526       9714 
0527       9719 
0528       9723 
0529       9730 
0530       9731 
0531       9731 
0532       9733 
0533       9729 
0534       9733 
0535       9733 
0536       9751 
0537       9769 
0538       9769 
0539       9758 
0540       9758 
0541       9776 
0542       9780 
0543       9792 
0544       9793 
0545       9793 
0546       9793 
0547       9805 
0548       9825 
0549       9833 
0550       9833 
0551       9833 
0552       9838 
0553       9846 
0554       9846 
0555       9852 
0556       9879 
0557       9887 
0558       9898 
0559       9899 
0560       9903 
0561       9912 
0562       9936 
0563       9949 
0564       9936 
0565       9949 
0566       9958 
0567       9981 
0568       10000 
0569       10002 
0570       10019 
0571       10028 
0572       10049 
0573       10060 
0574       10078 
0575       10096 
0576       10107 
0577       10112 
0578       10123 
0579       10138 
0580       10152 
0581       10158 
0582       10187 
0583       10188 
0584       10204 
0585       10232 
0586       10260 
0587       10263 
0588       10273 
0589       10283 
0590       10325 
0591       10343 
0592       10356 
0593       10359 
0594       10385 
0595       10386 
0596       10420 
0597       10457 
0598       10487 
0599       10513 
0600       10527 
0601       10553 
0602       10573 
0603       10592 
0604       10602 
0605       10609 
0606       10653 
0607       10667 
0608       10689 
0609       10710 
0610       10717 
0611       10742 
0612       10770 
0613       10810 
0614       10830 
0615       10831 
0616       10871 
0617       10910 
0618       10924 
0619       10944 
0620       10954 
0621       10954 
0622       1865 
0623       1860 
0624       1860 
0625       1860 
0626       1860 
0627       1860 
0628       1820 
0629       1786 
0630       1784 
0631       1783 
0632       1783 
0633       1783 
0634       1784 
0635       1790 
0636       1792 
0637       1797 
0638       1808 
0639       1817 
0640       1818 
0641       1821 
0642       1828 
0643       1829 
0644       1846 
0645       1858 
0646       1863 
0647       1866 
0648       1866 
0649       1881 
0650       1886 
0651       1890 
0652       1890 
0653       1886 
0654       1757 
0655       1682 
0656       1652 
0657       1645 
0658       1536 
0659       1443 
0660       1424 
0661       1417 
0662       1408 
0663       1395 
0664       1249 
0665       1201 
0666       1198 
0667       1198 
0668       1198 
0669       1214 
0670       1282 
0671       1282 
0672       1282 
0673       1003 
0674       945 
0675       943 
0676       943 
0677       943 
0678       956 
0679       982 
0680       2162 
0681       2257 
0682       2257 
0683       2162 
0684       689 
0685       671 
0686       671 
0687       671 
0688       671 
0689       667 
0690       666 
0691       662 
0692       666 
0693       667 
0694       680 
0695       682 
0696       686 
0697       686 
0698       687 
0699       687 
0700       700 
0701       709 
0702       710 
0703       2394 
0704       2487 
0705       2496 
0706       2514 
0707       2535 
0708       2541 
0709       2554 
0710       2568 
0711       2586 
0712       2597 
0713       2608 
0714       2611 
0715       2633 
0716       2646 
0717       2673 
0718       2682 
0719       2694 
0720       2706 
0721       2718 
0722       2744 
0723       2757 
0724       2786 
0725       2807 
0726       2821 
0727       2841 
0728       2871 
0729       2879 
0730       2893 
0731       2907 
0732       2929 
0733       2942 
0734       2971 
0735       3000 
0736       3026 
0737       3054 
0738       3065 
0739       3088 
0740       3106 
0741       3131 
0742       3138 
0743       3147 
0744       3157 
0745       3187 
0746       3228 
0747       3241 
0748       3297 
0749       3309 
0750       3336 
0751       3374 
0752       3400 
0753       3431 
0754       3435 
0755       3463 
0756       3489 
0757       3514 
0758       3563 
0759       3609 
0760       3627 
0761       3658 
0762       3683 
0763       3739 
0764       3771 
0765       3803 
0766       3847 
0767       3875 
0768       3910 
0769       3982 
0770       4050 
0771       4071 
0772       4102 
0773       4123 
0774       4168 
0775       4255 
0776       4322 
0777       4412 
0778       4424 
0779       4476 
0780       4523 
0781       4565 
0782       4624 
0783       4684 
0784       4756 
0785       4805 
0786       4846 
0787       4928 
0788       4993 
0789       5054 
0790       5119 
0791       5183 
0792       5242 
0793       5311 
0794       5389 
0795       5471 
0796       5574 
0797       5655 
0798       5717 
0799       5781 
0800       5800 
0801       5902 
0802       5919 
0803       5937 
0804       5928 
0805       5933 
0806       5933 
0807       6014 
0808       6072 
0809       6072 
0810       1 
0811       1 
0812       1 
0813       1 
0814       1 
0815       1 
0816       1 
0817       1 
0818       1 
0819       1 
0820       1 
0821       1 
0822       1 
0823       1 
0824       1 
0825       1 
0826       1 
0827       1 
0828       1 
0829       1 
0830       1 
0831       6039 
0832       6039 
0833       1 
0834       1 
0835       1 
0836       1 
0837       1 
0838       1 
0839       1 
0840       1 
0841       1 
0842       1 
0843       6098 
0844       6111 
0845       6112 
0846       6114 
0847       6114 
0848       6114 
0849       1 
0850       1 
0851       1 
0852       1 
0853       1 
0854       1 
0855       1 
0856       1 
0857       1 
0858       1 
0859       1 
0860       1 
0861       1 
0862       1 
0863       1 
0864       1 
0865       1 
0866       1 
0867       1 
0868       1 
0869       1 
0870       1 
0871       1 
0872       1 
0873       1 
0874       1 
0875       1 
0876       1 
0877       1 
0878       1 
0879       1 
0880       1 
0881       1 
0882       1 
0883       1 
0884       1 
0885       1 
0886       1 
0887       1 
0888       1 
0889       1 
0890       1 
0891       1 
0892       1 
0893       1 
0894       1 
0895       1 
0896       1 
0897       1 
0898       1 
0899       1 
0900       1 
0901       1 
0902       1 
0903       1 
0904       1 
0905       1 
0906       1 
0907       1 
0908       1 
0909       1 
0910       1 
0911       1 
0912       1 
0913       1 
0914       1 
0915       1 
0916       1 
0917       1 
0918       1 
0919       1 
0920       1 
0921       1 
0922       1 
0923       1 
0924       1 
0925       1 
0926       1 
0927       1 
0928       1 
0929       1 
0930       1 
0931       1 
0932       1 
0933       1 
0934       1 
0935       1 
0936       1 
0937       1 
0938       1 
0939       1 
0940       1 
0941       1 
0942       1 
0943       1 
0944       1 
0945       1 
0946       1 
0947       1 
0948       1 
0949       1 
0950       1 
0951       1 
0952       1 
0953       1 
0954       1 
0955       1 
0956       1 
0957       1 
0958       1 
0959       1 
0960       1 
0961       1 
0962       1 
0963       1 
0964       1 
0965       1 
0966       1 
0967       1 
0968       1 
0969       1 
0970       1 
0971       1 
0972       1 
0973       1 
0974       1 
0975       1 
0976       1 
0977       1 
0978       1 
0979       1 
0980       1 
0981       1 
0982       1 
0983       1 
0984       1 
0985       1 
0986       1 
0987       1 
0988       1 
0989       1 
0990       1 
0991       1 
0992       1 
0993       1 
0994       1 
0995       1 
0996       1 
0997       1 
0998       1 
0999       1 
1000       1 
1001       1 
1002       1 
1003       1 
1004       1 
1005       1 
1006       1 
1007       1 
1008       4 
1009       4 
1010       41 
1011       52 
1012       52 
1013       53 
1014       53 
1015       53 
1016       53 
1017       51 
1018       51 
1019       52 
1020       53 
1021       53 
1022       54 
1023       57 
1024       57 
1025       57 
1026       57 
1027       57 
1028       57 
1029       54 
1030       56 
1031       56 
1032       50 
1033       56 
1034       58 
1035       59 
1036       68 
1037       70 
1038       70 
1039       68 
1040       66 
1041       66 
1042       64 
1043       66 
1044       72 
1045       72 
1046       65 
1047       65 
1048       65 
1049       65 
1050       67 
1051       68 
1052       68 
1053       67 
1054       67 
1055       65 
1056       65 
1057       65 
1058       66 
1059       66 
1060       66 
1061       63 
1062       63 
1063       63 
1064       61 
1065       63 
1066       64 
1067       64 
1068       63 
1069       63 
1070       62 
1071       62 
1072       62 
1073       64 
1074       72 
1075       72 
1076       64 
1077       64 
1078       70 
1079       62 
1297966613.166144
