0000       1 
0001       1 
0002       1 
0003       1 
0004       1 
0005       1 
0006       1 
0007       1 
0008       1 
0009       1 
0010       1 
0011       1 
0012       1 
0013       1 
0014       1 
0015       1 
0016       1 
0017       1 
0018       1 
0019       1 
0020       1 
0021       1 
0022       1 
0023       1 
0024       1 
0025       1 
0026       1 
0027       1 
0028       1 
0029       1 
0030       1 
0031       1 
0032       1 
0033       1 
0034       1 
0035       1 
0036       1 
0037       1 
0038       1 
0039       1 
0040       1 
0041       1 
0042       1 
0043       1 
0044       1 
0045       1 
0046       1 
0047       1 
0048       1 
0049       1 
0050       1 
0051       1 
0052       1 
0053       1 
0054       1 
0055       1 
0056       1 
0057       1 
0058       1 
0059       1 
0060       1 
0061       1 
0062       1 
0063       1 
0064       1 
0065       1 
0066       1 
0067       1 
0068       1 
0069       1 
0070       1 
0071       1 
0072       1 
0073       1 
0074       1 
0075       1 
0076       1 
0077       1 
0078       1 
0079       1 
0080       1 
0081       1 
0082       1 
0083       1 
0084       1 
0085       1 
0086       1 
0087       1 
0088       1 
0089       1 
0090       1 
0091       1 
0092       1 
0093       1 
0094       1 
0095       1 
0096       1 
0097       1 
0098       1 
0099       1 
0100       1 
0101       1 
0102       1 
0103       1 
0104       1 
0105       1 
0106       1 
0107       1 
0108       1 
0109       1 
0110       1 
0111       1 
0112       1 
0113       1 
0114       1 
0115       1 
0116       1 
0117       1 
0118       1 
0119       1 
0120       1 
0121       1 
0122       1 
0123       1 
0124       1 
0125       1 
0126       1 
0127       1 
0128       1 
0129       1 
0130       1 
0131       1 
0132       1 
0133       1 
0134       1 
0135       1 
0136       1 
0137       1 
0138       1 
0139       1 
0140       1 
0141       1 
0142       1 
0143       1 
0144       1 
0145       1 
0146       1 
0147       1 
0148       1 
0149       1 
0150       1 
0151       1 
0152       1 
0153       1 
0154       1 
0155       1 
0156       1 
0157       1 
0158       1 
0159       1 
0160       1 
0161       1 
0162       1 
0163       1 
0164       1 
0165       1 
0166       1 
0167       1 
0168       1 
0169       1 
0170       1 
0171       1 
0172       1 
0173       1 
0174       1 
0175       1 
0176       1 
0177       1 
0178       1 
0179       1 
0180       1 
0181       1 
0182       1 
0183       1 
0184       1 
0185       1 
0186       1 
0187       1 
0188       1 
0189       1 
0190       1 
0191       1 
0192       1 
0193       1 
0194       1 
0195       1 
0196       1 
0197       1 
0198       1 
0199       1 
0200       1 
0201       1 
0202       1 
0203       1 
0204       1 
0205       1 
0206       1 
0207       1 
0208       1 
0209       1 
0210       1 
0211       1 
0212       1 
0213       1 
0214       1 
0215       1 
0216       1 
0217       1 
0218       1 
0219       1 
0220       1 
0221       1 
0222       1 
0223       1 
0224       1 
0225       1 
0226       1 
0227       1 
0228       1 
0229       1 
0230       1 
0231       1 
0232       1 
0233       1 
0234       1 
0235       1 
0236       1 
0237       1 
0238       1 
0239       1 
0240       1 
0241       1 
0242       1 
0243       1 
0244       1 
0245       1 
0246       1 
0247       1 
0248       1 
0249       20961 
0250       21013 
0251       21013 
0252       21054 
0253       21070 
0254       21098 
0255       21113 
0256       21146 
0257       21153 
0258       21181 
0259       21181 
0260       21181 
0261       1 
0262       1 
0263       1 
0264       1 
0265       1 
0266       1 
0267       1 
0268       1 
0269       1 
0270       1 
0271       1 
0272       1 
0273       1 
0274       1 
0275       1 
0276       1 
0277       1 
0278       1 
0279       1 
0280       1 
0281       1 
0282       1 
0283       1 
0284       1 
0285       1 
0286       1 
0287       1 
0288       1 
0289       1 
0290       1 
0291       1 
0292       1 
0293       1 
0294       1 
0295       1 
0296       1 
0297       1 
0298       1 
0299       1 
0300       1 
0301       1 
0302       1 
0303       1 
0304       1 
0305       1 
0306       1 
0307       1 
0308       1 
0309       1 
0310       1 
0311       1 
0312       1 
0313       1 
0314       1 
0315       1 
0316       1 
0317       1 
0318       1 
0319       1 
0320       1 
0321       1 
0322       1 
0323       1 
0324       1 
0325       1 
0326       1 
0327       1 
0328       1 
0329       1 
0330       1 
0331       15173 
0332       15173 
0333       15275 
0334       15173 
0335       11971 
0336       11783 
0337       11785 
0338       11783 
0339       11692 
0340       11634 
0341       11634 
0342       11661 
0343       11661 
0344       11651 
0345       11581 
0346       11547 
0347       11365 
0348       11257 
0349       11224 
0350       11148 
0351       11148 
0352       11168 
0353       11213 
0354       11168 
0355       11091 
0356       11079 
0357       11066 
0358       11040 
0359       10984 
0360       10915 
0361       10903 
0362       10889 
0363       10843 
0364       10843 
0365       10852 
0366       10869 
0367       10878 
0368       10889 
0369       10889 
0370       10875 
0371       10875 
0372       10875 
0373       10891 
0374       10865 
0375       10891 
0376       12123 
0377       12123 
0378       12053 
0379       12030 
0380       11959 
0381       11865 
0382       11849 
0383       11792 
0384       11745 
0385       11707 
0386       11678 
0387       11625 
0388       11561 
0389       11558 
0390       11519 
0391       11468 
0392       11409 
0393       11380 
0394       11336 
0395       11335 
0396       11308 
0397       11289 
0398       11246 
0399       11203 
0400       11178 
0401       11116 
0402       11111 
0403       11082 
0404       11009 
0405       10995 
0406       10939 
0407       10906 
0408       10883 
0409       10825 
0410       10815 
0411       10782 
0412       10731 
0413       10700 
0414       10653 
0415       10636 
0416       9055 
0417       9028 
0418       9009 
0419       8993 
0420       8954 
0421       8938 
0422       8935 
0423       8883 
0424       8809 
0425       8788 
0426       8763 
0427       8740 
0428       8740 
0429       8758 
0430       8758 
0431       8674 
0432       8635 
0433       8624 
0434       8618 
0435       8615 
0436       8612 
0437       8563 
0438       8533 
0439       8529 
0440       8522 
0441       8522 
0442       8561 
0443       8561 
0444       8568 
0445       8568 
0446       8588 
0447       8606 
0448       8685 
0449       8806 
0450       8822 
0451       8838 
0452       8877 
0453       8997 
0454       9009 
0455       9013 
0456       9032 
0457       9046 
0458       9241 
0459       9435 
0460       9435 
0461       9344 
0462       9248 
0463       9228 
0464       9228 
0465       9221 
0466       9221 
0467       9191 
0468       9128 
0469       8873 
0470       7811 
0471       7635 
0472       7478 
0473       7428 
0474       7403 
0475       7397 
0476       7380 
0477       7365 
0478       7348 
0479       7329 
0480       7295 
0481       7290 
0482       7281 
0483       7265 
0484       7253 
0485       7248 
0486       7248 
0487       7239 
0488       7223 
0489       7195 
0490       7195 
0491       7195 
0492       7202 
0493       7205 
0494       7205 
0495       7212 
0496       7220 
0497       7237 
0498       7237 
0499       7284 
0500       7347 
0501       7378 
0502       7398 
0503       7423 
0504       7463 
0505       7512 
0506       7530 
0507       7702 
0508       7961 
0509       7961 
0510       7949 
0511       7913 
0512       7875 
0513       7655 
0514       7592 
0515       7588 
0516       7563 
0517       7563 
0518       7563 
0519       7537 
0520       7537 
0521       7533 
0522       7480 
0523       7436 
0524       7419 
0525       7416 
0526       7416 
0527       7420 
0528       7426 
0529       7426 
0530       7417 
0531       7389 
0532       7389 
0533       7396 
0534       7396 
0535       7381 
0536       7381 
0537       7421 
0538       7473 
0539       7527 
0540       7534 
0541       8252 
0542       8252 
0543       7954 
0544       7954 
0545       8088 
0546       8443 
0547       8612 
0548       8670 
0549       8681 
0550       8682 
0551       8687 
0552       8691 
0553       8696 
0554       8696 
0555       8692 
0556       8692 
0557       8697 
0558       8714 
0559       8716 
0560       8716 
0561       8728 
0562       8709 
0563       8644 
0564       7284 
0565       7208 
0566       7177 
0567       7171 
0568       5046 
0569       4606 
0570       4284 
0571       4039 
0572       3953 
0573       3919 
0574       3895 
0575       3882 
0576       3867 
0577       3850 
0578       3841 
0579       3841 
0580       3841 
0581       3841 
0582       3718 
0583       2269 
0584       2165 
0585       2066 
0586       1998 
0587       1972 
0588       1972 
0589       1972 
0590       1974 
0591       1979 
0592       1980 
0593       1979 
0594       1980 
0595       1990 
0596       1985 
0597       1988 
0598       1990 
0599       1988 
0600       1988 
0601       1990 
0602       1996 
0603       2006 
0604       2006 
0605       2006 
0606       2005 
0607       2002 
0608       1998 
0609       1996 
0610       1977 
0611       1939 
0612       1917 
0613       1870 
0614       1845 
0615       1816 
0616       1795 
0617       1770 
0618       1744 
0619       1710 
0620       1682 
0621       1659 
0622       1644 
0623       1620 
0624       1607 
0625       1573 
0626       1534 
0627       1498 
0628       1498 
0629       1498 
0630       1500 
0631       1503 
0632       1507 
0633       1505 
0634       1511 
0635       1513 
0636       1519 
0637       1519 
0638       1521 
0639       1526 
0640       1542 
0641       1542 
0642       1542 
0643       1542 
0644       1542 
0645       1549 
0646       1557 
0647       1563 
0648       1565 
0649       1569 
0650       1577 
0651       1580 
0652       1580 
0653       1595 
0654       1616 
0655       1665 
0656       1866 
0657       1972 
0658       1990 
0659       2007 
0660       2009 
0661       2020 
0662       2027 
0663       2031 
0664       2032 
0665       2038 
0666       2041 
0667       2050 
0668       2055 
0669       2057 
0670       2058 
0671       2064 
0672       2064 
0673       2081 
0674       2083 
0675       2086 
0676       2098 
0677       2101 
0678       2101 
0679       2101 
0680       2103 
0681       2113 
0682       2116 
0683       2124 
0684       2134 
0685       2143 
0686       2144 
0687       2146 
0688       2151 
0689       2154 
0690       2158 
0691       2163 
0692       2166 
0693       2168 
0694       2174 
0695       2175 
0696       2182 
0697       2186 
0698       2207 
0699       2208 
0700       2210 
0701       2222 
0702       2225 
0703       2227 
0704       2247 
0705       2255 
0706       2258 
0707       2259 
0708       2270 
0709       2279 
0710       2289 
0711       2300 
0712       2310 
0713       2311 
0714       2315 
0715       2319 
0716       2328 
0717       2334 
0718       2356 
0719       2357 
0720       2380 
0721       2382 
0722       2399 
0723       2418 
0724       2420 
0725       2421 
0726       2442 
0727       2444 
0728       2447 
0729       2453 
0730       2455 
0731       2482 
0732       2502 
0733       2507 
0734       2516 
0735       2520 
0736       2531 
0737       2538 
0738       2548 
0739       2564 
0740       2573 
0741       2578 
0742       2592 
0743       2601 
0744       2623 
0745       2626 
0746       2658 
0747       2661 
0748       2668 
0749       2671 
0750       2700 
0751       2705 
0752       2736 
0753       2748 
0754       2753 
0755       2777 
0756       2780 
0757       2796 
0758       2822 
0759       2843 
0760       2864 
0761       2875 
0762       2892 
0763       2892 
0764       2893 
0765       2916 
0766       2926 
0767       2944 
0768       2966 
0769       2975 
0770       2984 
0771       3005 
0772       3009 
0773       3026 
0774       3026 
0775       3026 
0776       3026 
0777       3007 
0778       3004 
0779       3000 
0780       2990 
0781       2989 
0782       2971 
0783       2968 
0784       2949 
0785       2942 
0786       2932 
0787       2927 
0788       2920 
0789       2919 
0790       2907 
0791       2905 
0792       2905 
0793       2905 
0794       2906 
0795       2912 
0796       2923 
0797       2936 
0798       2951 
0799       2961 
0800       2980 
0801       3008 
0802       3009 
0803       3023 
0804       3084 
0805       3685 
0806       3685 
0807       3685 
0808       3676 
0809       3650 
0810       3648 
0811       3629 
0812       3627 
0813       3613 
0814       3598 
0815       3598 
0816       3598 
0817       3603 
0818       3615 
0819       3652 
0820       3665 
0821       3680 
0822       3687 
0823       3706 
0824       3725 
0825       3752 
0826       3792 
0827       3818 
0828       3858 
0829       3922 
0830       3958 
0831       4016 
0832       4070 
0833       4116 
0834       4141 
0835       4141 
0836       4141 
0837       1 
0838       1 
0839       1 
0840       1 
0841       1 
0842       1 
0843       1 
0844       1 
0845       1 
0846       1 
0847       1 
0848       1 
0849       1 
0850       1 
0851       1 
0852       1 
0853       1 
0854       1 
0855       1 
0856       1 
0857       1 
0858       1 
0859       1 
0860       1 
0861       1 
0862       1 
0863       1 
0864       1 
0865       1 
0866       1 
0867       1 
0868       1 
0869       1 
0870       1 
0871       1 
0872       1 
0873       1 
0874       1 
0875       1 
0876       1 
0877       1 
0878       1 
0879       1 
0880       1 
0881       1 
0882       1 
0883       1 
0884       1 
0885       1 
0886       1 
0887       1 
0888       1 
0889       1 
0890       1 
0891       1 
0892       1 
0893       1 
0894       1 
0895       1 
0896       1 
0897       1 
0898       1 
0899       1 
0900       1 
0901       1 
0902       1 
0903       1 
0904       1 
0905       1 
0906       1 
0907       1 
0908       1 
0909       1 
0910       1 
0911       1 
0912       1 
0913       1 
0914       1 
0915       1 
0916       1 
0917       1 
0918       1 
0919       1 
0920       1 
0921       1 
0922       1 
0923       1 
0924       1 
0925       1 
0926       1 
0927       1 
0928       1 
0929       1 
0930       1 
0931       1 
0932       1 
0933       1 
0934       1 
0935       1 
0936       1 
0937       1 
0938       1 
0939       1 
0940       1 
0941       1 
0942       1 
0943       1 
0944       1 
0945       1 
0946       1 
0947       1 
0948       1 
0949       1 
0950       1 
0951       1 
0952       1 
0953       1 
0954       1 
0955       1 
0956       1 
0957       1 
0958       1 
0959       1 
0960       1 
0961       1 
0962       1 
0963       1 
0964       1 
0965       1 
0966       1 
0967       1 
0968       1 
0969       1 
0970       1 
0971       1 
0972       1 
0973       1 
0974       1 
0975       1 
0976       1 
0977       1 
0978       1 
0979       1 
0980       1 
0981       1 
0982       1 
0983       1 
0984       1 
0985       1 
0986       1 
0987       1 
0988       1 
0989       1 
0990       1 
0991       1 
0992       1 
0993       1 
0994       1 
0995       1 
0996       1 
0997       1 
0998       1 
0999       1 
1000       1 
1001       1 
1002       1 
1003       1 
1004       1 
1005       1 
1006       1 
1007       1 
1008       44 
1009       44 
1010       44 
1011       44 
1012       42 
1013       41 
1014       41 
1015       4 
1016       41 
1017       44 
1018       50 
1019       54 
1020       54 
1021       54 
1022       54 
1023       69 
1024       69 
1025       69 
1026       69 
1027       70 
1028       69 
1029       60 
1030       61 
1031       61 
1032       49 
1033       58 
1034       61 
1035       66 
1036       76 
1037       76 
1038       76 
1039       75 
1040       74 
1041       74 
1042       75 
1043       75 
1044       70 
1045       68 
1046       66 
1047       66 
1048       66 
1049       66 
1050       68 
1051       68 
1052       68 
1053       65 
1054       68 
1055       66 
1056       65 
1057       65 
1058       66 
1059       66 
1060       65 
1061       67 
1062       67 
1063       67 
1064       62 
1065       65 
1066       65 
1067       68 
1068       65 
1069       68 
1070       68 
1071       66 
1072       66 
1073       66 
1074       65 
1075       65 
1076       66 
1077       65 
1078       65 
1079       58 
1297966686.214855
