0000       1 
0001       1 
0002       1 
0003       1 
0004       1 
0005       1 
0006       1 
0007       1 
0008       1 
0009       1 
0010       1 
0011       1 
0012       1 
0013       1 
0014       1 
0015       1 
0016       1 
0017       1 
0018       1 
0019       1 
0020       1 
0021       1 
0022       1 
0023       1 
0024       1 
0025       1 
0026       1 
0027       1 
0028       1 
0029       1 
0030       1 
0031       1 
0032       1 
0033       1 
0034       1 
0035       1 
0036       1 
0037       1 
0038       1 
0039       1 
0040       1 
0041       1 
0042       1 
0043       1 
0044       1 
0045       1 
0046       1 
0047       1 
0048       1 
0049       1 
0050       1 
0051       1 
0052       1 
0053       1 
0054       1 
0055       1 
0056       1 
0057       1 
0058       1 
0059       1 
0060       1 
0061       1 
0062       1 
0063       1 
0064       1 
0065       1 
0066       1 
0067       1 
0068       1 
0069       1 
0070       1 
0071       1 
0072       1 
0073       1 
0074       1 
0075       1 
0076       1 
0077       1 
0078       1 
0079       1 
0080       1 
0081       1 
0082       1 
0083       1 
0084       1 
0085       1 
0086       1 
0087       1 
0088       1 
0089       1 
0090       1 
0091       1 
0092       1 
0093       1 
0094       1 
0095       1 
0096       1 
0097       1 
0098       1 
0099       1 
0100       1 
0101       1 
0102       1 
0103       1 
0104       1 
0105       1 
0106       1 
0107       1 
0108       1 
0109       1 
0110       1 
0111       1 
0112       1 
0113       1 
0114       1 
0115       1 
0116       1 
0117       1 
0118       1 
0119       1 
0120       1 
0121       1 
0122       1 
0123       1 
0124       1 
0125       1 
0126       1 
0127       1 
0128       1 
0129       1 
0130       1 
0131       1 
0132       1 
0133       1 
0134       1 
0135       1 
0136       1 
0137       1 
0138       1 
0139       1 
0140       1 
0141       1 
0142       1 
0143       1 
0144       1 
0145       1 
0146       1 
0147       1 
0148       4708 
0149       4713 
0150       4713 
0151       4708 
0152       4707 
0153       4696 
0154       4692 
0155       4681 
0156       4680 
0157       4676 
0158       4668 
0159       4662 
0160       4661 
0161       4650 
0162       4650 
0163       4646 
0164       4646 
0165       4643 
0166       4631 
0167       4627 
0168       4626 
0169       4612 
0170       4611 
0171       4610 
0172       4610 
0173       4606 
0174       4599 
0175       4590 
0176       4590 
0177       4587 
0178       4584 
0179       4567 
0180       4567 
0181       4564 
0182       4564 
0183       4559 
0184       4556 
0185       4553 
0186       4552 
0187       4546 
0188       4546 
0189       4542 
0190       4542 
0191       4542 
0192       4534 
0193       4531 
0194       4530 
0195       4530 
0196       4526 
0197       4520 
0198       4520 
0199       4518 
0200       4517 
0201       4516 
0202       4516 
0203       4516 
0204       4516 
0205       4516 
0206       4500 
0207       4500 
0208       4500 
0209       4508 
0210       4508 
0211       4508 
0212       4508 
0213       4505 
0214       4503 
0215       4503 
0216       4503 
0217       4502 
0218       4502 
0219       4502 
0220       4501 
0221       4501 
0222       4497 
0223       4497 
0224       4497 
0225       4497 
0226       4498 
0227       4503 
0228       4503 
0229       4503 
0230       4501 
0231       4504 
0232       4501 
0233       4501 
0234       4504 
0235       4508 
0236       4508 
0237       4508 
0238       4510 
0239       4507 
0240       4507 
0241       4510 
0242       4519 
0243       4519 
0244       4520 
0245       4519 
0246       4519 
0247       4524 
0248       4524 
0249       4533 
0250       4534 
0251       4540 
0252       4543 
0253       4543 
0254       4543 
0255       4548 
0256       4556 
0257       4556 
0258       4559 
0259       4559 
0260       4562 
0261       4563 
0262       4577 
0263       4578 
0264       4578 
0265       4582 
0266       4585 
0267       4593 
0268       4595 
0269       4604 
0270       4604 
0271       4606 
0272       4608 
0273       4609 
0274       4613 
0275       4627 
0276       4629 
0277       4634 
0278       4642 
0279       4647 
0280       4649 
0281       4650 
0282       4663 
0283       4663 
0284       4672 
0285       4681 
0286       4682 
0287       4682 
0288       4691 
0289       4692 
0290       4710 
0291       4712 
0292       4715 
0293       4723 
0294       4724 
0295       4726 
0296       4738 
0297       4742 
0298       4759 
0299       4762 
0300       4763 
0301       4766 
0302       4772 
0303       4794 
0304       4794 
0305       4801 
0306       4804 
0307       4816 
0308       4834 
0309       4847 
0310       4847 
0311       4859 
0312       4860 
0313       4870 
0314       4876 
0315       4890 
0316       4898 
0317       4902 
0318       4915 
0319       4916 
0320       4935 
0321       4941 
0322       4958 
0323       4970 
0324       4972 
0325       4976 
0326       4989 
0327       5008 
0328       5019 
0329       5026 
0330       5037 
0331       5046 
0332       5057 
0333       5078 
0334       5083 
0335       5104 
0336       5114 
0337       5125 
0338       5133 
0339       5136 
0340       5146 
0341       5167 
0342       5175 
0343       5191 
0344       5212 
0345       5216 
0346       5235 
0347       5241 
0348       5252 
0349       5278 
0350       5290 
0351       5308 
0352       5317 
0353       5327 
0354       5343 
0355       5366 
0356       5387 
0357       5391 
0358       5409 
0359       5428 
0360       5437 
0361       5460 
0362       5469 
0363       5493 
0364       5511 
0365       5517 
0366       5529 
0367       5545 
0368       5585 
0369       5591 
0370       5615 
0371       5630 
0372       5649 
0373       5664 
0374       5679 
0375       5709 
0376       5729 
0377       5756 
0378       5761 
0379       5795 
0380       5796 
0381       5820 
0382       5838 
0383       5865 
0384       5895 
0385       5906 
0386       5923 
0387       5948 
0388       5983 
0389       5986 
0390       6017 
0391       6043 
0392       6081 
0393       6092 
0394       6112 
0395       6139 
0396       6161 
0397       6176 
0398       6204 
0399       6234 
0400       6267 
0401       6284 
0402       6327 
0403       6337 
0404       6378 
0405       6404 
0406       6436 
0407       6464 
0408       6493 
0409       6512 
0410       6552 
0411       6571 
0412       6617 
0413       6649 
0414       6667 
0415       6717 
0416       6746 
0417       6771 
0418       6801 
0419       6842 
0420       6891 
0421       6925 
0422       6960 
0423       6982 
0424       7030 
0425       7055 
0426       7101 
0427       7155 
0428       7193 
0429       7214 
0430       7266 
0431       7292 
0432       7357 
0433       7394 
0434       7435 
0435       7472 
0436       7520 
0437       7553 
0438       7607 
0439       7649 
0440       7703 
0441       7766 
0442       7805 
0443       7859 
0444       7892 
0445       7942 
0446       7997 
0447       8051 
0448       8096 
0449       8135 
0450       8214 
0451       8256 
0452       8325 
0453       8363 
0454       8429 
0455       8485 
0456       8485 
0457       8476 
0458       8460 
0459       8447 
0460       8434 
0461       8414 
0462       8376 
0463       8266 
0464       8239 
0465       8232 
0466       8232 
0467       8300 
0468       8358 
0469       8412 
0470       8545 
0471       8798 
0472       9410 
0473       9460 
0474       9460 
0475       9439 
0476       9432 
0477       9422 
0478       9406 
0479       9391 
0480       9365 
0481       9363 
0482       9278 
0483       9273 
0484       9239 
0485       9219 
0486       7760 
0487       7743 
0488       7708 
0489       7683 
0490       7664 
0491       7585 
0492       7554 
0493       7554 
0494       7559 
0495       7559 
0496       7543 
0497       7543 
0498       7542 
0499       7542 
0500       7486 
0501       7422 
0502       7390 
0503       7390 
0504       7417 
0505       7417 
0506       7385 
0507       7360 
0508       7360 
0509       7360 
0510       7290 
0511       7283 
0512       7283 
0513       7283 
0514       7215 
0515       7173 
0516       7166 
0517       7165 
0518       7165 
0519       7165 
0520       7170 
0521       7176 
0522       7185 
0523       7185 
0524       7185 
0525       7249 
0526       7249 
0527       7195 
0528       7169 
0529       7169 
0530       7211 
0531       7324 
0532       7330 
0533       7350 
0534       7401 
0535       7401 
0536       7408 
0537       7433 
0538       8523 
0539       8533 
0540       8533 
0541       8517 
0542       8512 
0543       8509 
0544       8509 
0545       8487 
0546       8487 
0547       8484 
0548       8481 
0549       8476 
0550       8474 
0551       8474 
0552       8474 
0553       8447 
0554       8434 
0555       8434 
0556       8433 
0557       8438 
0558       8429 
0559       8424 
0560       8410 
0561       8407 
0562       8404 
0563       8403 
0564       8399 
0565       8390 
0566       8390 
0567       8389 
0568       8389 
0569       8385 
0570       8384 
0571       8385 
0572       8377 
0573       8377 
0574       8376 
0575       8373 
0576       8373 
0577       8382 
0578       8383 
0579       8382 
0580       8375 
0581       8375 
0582       8378 
0583       8378 
0584       8366 
0585       8356 
0586       8364 
0587       8356 
0588       8363 
0589       8363 
0590       8373 
0591       8376 
0592       8379 
0593       8384 
0594       8384 
0595       8385 
0596       8385 
0597       8385 
0598       8387 
0599       8391 
0600       8395 
0601       8395 
0602       8395 
0603       8398 
0604       8404 
0605       8407 
0606       8416 
0607       8433 
0608       8433 
0609       8432 
0610       8430 
0611       8430 
0612       8442 
0613       8455 
0614       8455 
0615       8457 
0616       8457 
0617       8461 
0618       8469 
0619       8469 
0620       8485 
0621       8497 
0622       8503 
0623       8522 
0624       8526 
0625       8526 
0626       8526 
0627       8535 
0628       8539 
0629       8551 
0630       8557 
0631       8565 
0632       8581 
0633       8582 
0634       8600 
0635       8603 
0636       8609 
0637       8630 
0638       8637 
0639       8637 
0640       8645 
0641       8648 
0642       8663 
0643       8679 
0644       8693 
0645       8696 
0646       8710 
0647       8723 
0648       8728 
0649       8741 
0650       8771 
0651       8776 
0652       8776 
0653       8789 
0654       8799 
0655       8833 
0656       8836 
0657       8842 
0658       8865 
0659       8867 
0660       8877 
0661       8892 
0662       8922 
0663       8928 
0664       8942 
0665       8948 
0666       8959 
0667       8980 
0668       8993 
0669       9012 
0670       9022 
0671       9037 
0672       9047 
0673       9073 
0674       9079 
0675       9079 
0676       9065 
0677       8974 
0678       8925 
0679       8925 
0680       8941 
0681       8941 
0682       8918 
0683       8854 
0684       8811 
0685       8776 
0686       8730 
0687       8701 
0688       8651 
0689       8622 
0690       8617 
0691       8590 
0692       8590 
0693       8599 
0694       8620 
0695       8631 
0696       8631 
0697       8597 
0698       8597 
0699       8660 
0700       8700 
0701       8700 
0702       8616 
0703       8588 
0704       8588 
0705       8669 
0706       8712 
0707       8669 
0708       8775 
0709       9488 
0710       9631 
0711       9827 
0712       9903 
0713       9932 
0714       9936 
0715       9965 
0716       9988 
0717       10031 
0718       10043 
0719       10065 
0720       10120 
0721       10129 
0722       10185 
0723       10192 
0724       10232 
0725       10249 
0726       10261 
0727       10313 
0728       10344 
0729       10367 
0730       10404 
0731       10431 
0732       10475 
0733       10512 
0734       10553 
0735       10567 
0736       10620 
0737       10640 
0738       10672 
0739       10742 
0740       10765 
0741       10779 
0742       10814 
0743       10885 
0744       10919 
0745       10970 
0746       10999 
0747       11038 
0748       11065 
0749       11112 
0750       11163 
0751       11200 
0752       11255 
0753       11303 
0754       11318 
0755       11380 
0756       11429 
0757       11471 
0758       11533 
0759       11563 
0760       11629 
0761       11663 
0762       11721 
0763       11767 
0764       11818 
0765       11865 
0766       11916 
0767       11962 
0768       11978 
0769       12057 
0770       12123 
0771       12156 
0772       12237 
0773       12250 
0774       12335 
0775       12389 
0776       12460 
0777       12542 
0778       12633 
0779       12633 
0780       12633 
0781       1 
0782       12798 
0783       12926 
0784       12980 
0785       13066 
0786       13139 
0787       13185 
0788       13237 
0789       13304 
0790       13380 
0791       13435 
0792       13501 
0793       13520 
0794       13624 
0795       13705 
0796       13753 
0797       13823 
0798       13865 
0799       14019 
0800       14055 
0801       14146 
0802       14152 
0803       14255 
0804       14366 
0805       14460 
0806       14529 
0807       14626 
0808       14691 
0809       14746 
0810       14840 
0811       14928 
0812       14993 
0813       15071 
0814       15191 
0815       15191 
0816       15157 
0817       15100 
0818       15074 
0819       15043 
0820       14972 
0821       14949 
0822       14895 
0823       14865 
0824       14837 
0825       14793 
0826       14758 
0827       14730 
0828       14692 
0829       14651 
0830       14637 
0831       14584 
0832       14548 
0833       14515 
0834       14497 
0835       14461 
0836       14432 
0837       14388 
0838       14347 
0839       14315 
0840       14301 
0841       14278 
0842       14226 
0843       14186 
0844       14166 
0845       14130 
0846       14116 
0847       14089 
0848       14070 
0849       14029 
0850       13998 
0851       13992 
0852       13950 
0853       13940 
0854       13913 
0855       13889 
0856       13854 
0857       13849 
0858       13823 
0859       13776 
0860       13766 
0861       13743 
0862       13729 
0863       13695 
0864       13691 
0865       13675 
0866       13642 
0867       13597 
0868       13597 
0869       13597 
0870       13554 
0871       13552 
0872       13536 
0873       13526 
0874       13519 
0875       13465 
0876       13445 
0877       13445 
0878       13445 
0879       13414 
0880       13414 
0881       13414 
0882       13408 
0883       13388 
0884       13360 
0885       13310 
0886       13281 
0887       13281 
0888       13275 
0889       13275 
0890       13277 
0891       13277 
0892       13283 
0893       13283 
0894       13330 
0895       13339 
0896       13457 
0897       13476 
0898       13457 
0899       13418 
0900       13401 
0901       13401 
0902       13428 
0903       13428 
0904       13454 
0905       13454 
0906       13277 
0907       13277 
0908       13364 
0909       13372 
0910       13494 
0911       13494 
0912       13483 
0913       13483 
0914       13489 
0915       13494 
0916       13521 
0917       13576 
0918       13576 
0919       13576 
0920       13578 
0921       13580 
0922       13586 
0923       13586 
0924       13584 
0925       13546 
0926       13488 
0927       1 
0928       1 
0929       1 
0930       1 
0931       1 
0932       1 
0933       1 
0934       1 
0935       1 
0936       1 
0937       1 
0938       1 
0939       1 
0940       1 
0941       1 
0942       1 
0943       1 
0944       1 
0945       1 
0946       1 
0947       1 
0948       1 
0949       1 
0950       1 
0951       1 
0952       1 
0953       1 
0954       1 
0955       1 
0956       1 
0957       1 
0958       1 
0959       1 
0960       1 
0961       1 
0962       1 
0963       1 
0964       1 
0965       1 
0966       1 
0967       1 
0968       1 
0969       1 
0970       1 
0971       1 
0972       1 
0973       1 
0974       1 
0975       1 
0976       1 
0977       1 
0978       1 
0979       1 
0980       1 
0981       1 
0982       1 
0983       1 
0984       1 
0985       1 
0986       1 
0987       1 
0988       1 
0989       1 
0990       1 
0991       1 
0992       1 
0993       1 
0994       1 
0995       1 
0996       1 
0997       1 
0998       1 
0999       1 
1000       1 
1001       1 
1002       1 
1003       1 
1004       1 
1005       1 
1006       4 
1007       4 
1008       4 
1009       4 
1010       4 
1011       42 
1012       45 
1013       49 
1014       55 
1015       53 
1016       58 
1017       58 
1018       53 
1019       53 
1020       56 
1021       53 
1022       56 
1023       61 
1024       65 
1025       61 
1026       61 
1027       60 
1028       56 
1029       52 
1030       52 
1031       53 
1032       53 
1033       56 
1034       58 
1035       62 
1036       64 
1037       68 
1038       68 
1039       68 
1040       68 
1041       71 
1042       68 
1043       65 
1044       65 
1045       65 
1046       65 
1047       65 
1048       68 
1049       68 
1050       68 
1051       64 
1052       64 
1053       64 
1054       66 
1055       66 
1056       68 
1057       71 
1058       71 
1059       68 
1060       71 
1061       71 
1062       68 
1063       67 
1064       67 
1065       67 
1066       68 
1067       67 
1068       67 
1069       65 
1070       65 
1071       65 
1072       69 
1073       73 
1074       73 
1075       69 
1076       69 
1077       64 
1078       64 
1079       64 
1297966714.905345
