0000       1 
0001       1 
0002       1 
0003       1 
0004       1 
0005       1 
0006       1 
0007       1 
0008       1 
0009       1 
0010       1 
0011       1 
0012       1 
0013       1 
0014       1 
0015       1 
0016       1 
0017       1 
0018       1 
0019       1 
0020       1 
0021       1 
0022       1 
0023       1 
0024       1 
0025       1 
0026       1 
0027       1 
0028       1 
0029       1 
0030       1 
0031       1 
0032       1 
0033       1 
0034       1 
0035       1 
0036       1 
0037       1 
0038       1 
0039       1 
0040       1 
0041       1 
0042       1 
0043       1 
0044       1 
0045       1 
0046       1 
0047       1 
0048       1 
0049       1 
0050       1 
0051       1 
0052       1 
0053       1 
0054       1 
0055       1 
0056       1 
0057       1 
0058       1 
0059       1 
0060       1 
0061       1 
0062       1 
0063       1 
0064       1 
0065       1 
0066       1 
0067       1 
0068       1 
0069       1 
0070       1 
0071       1 
0072       1 
0073       1 
0074       1 
0075       1 
0076       1 
0077       1 
0078       1 
0079       1 
0080       1 
0081       1 
0082       1 
0083       1 
0084       1 
0085       1 
0086       1 
0087       1 
0088       1 
0089       1 
0090       1 
0091       1 
0092       1 
0093       1 
0094       1 
0095       1 
0096       1 
0097       1 
0098       1 
0099       1 
0100       1 
0101       1 
0102       1 
0103       1 
0104       1 
0105       1 
0106       1 
0107       1 
0108       1 
0109       1 
0110       1 
0111       1 
0112       1 
0113       1 
0114       1 
0115       1 
0116       1 
0117       1 
0118       1 
0119       1 
0120       1 
0121       1 
0122       1 
0123       1 
0124       1 
0125       1 
0126       1 
0127       1 
0128       1 
0129       1 
0130       1 
0131       1 
0132       1 
0133       1 
0134       1 
0135       1 
0136       1 
0137       1 
0138       1 
0139       1 
0140       1 
0141       1 
0142       1 
0143       1 
0144       1 
0145       1 
0146       1 
0147       1 
0148       1 
0149       1 
0150       1 
0151       1 
0152       1 
0153       1 
0154       1 
0155       1 
0156       1 
0157       1 
0158       1 
0159       1 
0160       1 
0161       1 
0162       1 
0163       1 
0164       1 
0165       1 
0166       1 
0167       1 
0168       1 
0169       1 
0170       1 
0171       1 
0172       1 
0173       1 
0174       1 
0175       1 
0176       1 
0177       1 
0178       1 
0179       1 
0180       1 
0181       1 
0182       1 
0183       1 
0184       1 
0185       1 
0186       1 
0187       1 
0188       1 
0189       1 
0190       1 
0191       1 
0192       1 
0193       1 
0194       1 
0195       1 
0196       1 
0197       1 
0198       1 
0199       1 
0200       1 
0201       1 
0202       1 
0203       1 
0204       1 
0205       1 
0206       1 
0207       1 
0208       1 
0209       1 
0210       1 
0211       1 
0212       1 
0213       1 
0214       1 
0215       1 
0216       1 
0217       1 
0218       1 
0219       1 
0220       1 
0221       1 
0222       1 
0223       1 
0224       1 
0225       1 
0226       1 
0227       1 
0228       1 
0229       1 
0230       1 
0231       1 
0232       1 
0233       1 
0234       1 
0235       1 
0236       1 
0237       1 
0238       1 
0239       1 
0240       1 
0241       1 
0242       1 
0243       1 
0244       1 
0245       1 
0246       1 
0247       1 
0248       1 
0249       1 
0250       1 
0251       1 
0252       1 
0253       1 
0254       1 
0255       1 
0256       1 
0257       1 
0258       1 
0259       1 
0260       1 
0261       1 
0262       1 
0263       1 
0264       1 
0265       1 
0266       1 
0267       1 
0268       1 
0269       1 
0270       1 
0271       1 
0272       1 
0273       1 
0274       1 
0275       1 
0276       1 
0277       1 
0278       1 
0279       1 
0280       1 
0281       1 
0282       1 
0283       1 
0284       18977 
0285       18977 
0286       1 
0287       1 
0288       1 
0289       1 
0290       1 
0291       1 
0292       1 
0293       17785 
0294       17785 
0295       11126 
0296       11067 
0297       11067 
0298       11067 
0299       11079 
0300       11138 
0301       11138 
0302       11075 
0303       10992 
0304       10884 
0305       10800 
0306       10730 
0307       10705 
0308       10624 
0309       10558 
0310       10484 
0311       10413 
0312       10359 
0313       10301 
0314       10218 
0315       10161 
0316       10105 
0317       10046 
0318       9993 
0319       9916 
0320       9875 
0321       9753 
0322       9715 
0323       9691 
0324       9643 
0325       9560 
0326       9509 
0327       9477 
0328       9427 
0329       9362 
0330       9316 
0331       9269 
0332       9228 
0333       9157 
0334       9127 
0335       9072 
0336       9021 
0337       8953 
0338       8925 
0339       8880 
0340       8863 
0341       8776 
0342       8759 
0343       8720 
0344       8657 
0345       8632 
0346       8582 
0347       8552 
0348       8513 
0349       8510 
0350       8414 
0351       8408 
0352       8365 
0353       8304 
0354       8285 
0355       8254 
0356       8207 
0357       8184 
0358       8146 
0359       8112 
0360       8087 
0361       8008 
0362       7988 
0363       7966 
0364       7932 
0365       7910 
0366       7880 
0367       7841 
0368       7821 
0369       7793 
0370       7762 
0371       7716 
0372       7685 
0373       7676 
0374       7622 
0375       7611 
0376       7596 
0377       7577 
0378       7548 
0379       7513 
0380       7498 
0381       7464 
0382       7425 
0383       7396 
0384       7390 
0385       7361 
0386       7311 
0387       7308 
0388       7295 
0389       7274 
0390       7229 
0391       7219 
0392       7205 
0393       7186 
0394       7133 
0395       7131 
0396       7091 
0397       7072 
0398       7065 
0399       7046 
0400       7035 
0401       7002 
0402       6987 
0403       6967 
0404       6939 
0405       6933 
0406       6909 
0407       6883 
0408       6851 
0409       6851 
0410       6851 
0411       6821 
0412       6811 
0413       6789 
0414       6774 
0415       6753 
0416       6734 
0417       6729 
0418       6698 
0419       6679 
0420       6670 
0421       6661 
0422       6626 
0423       6611 
0424       6588 
0425       6586 
0426       6581 
0427       6556 
0428       6546 
0429       6508 
0430       6501 
0431       6494 
0432       6480 
0433       6470 
0434       6461 
0435       6456 
0436       6422 
0437       6406 
0438       6403 
0439       6395 
0440       6365 
0441       6362 
0442       6357 
0443       6340 
0444       6315 
0445       6309 
0446       6305 
0447       6298 
0448       6275 
0449       6275 
0450       6275 
0451       6261 
0452       6240 
0453       6234 
0454       6224 
0455       6216 
0456       6203 
0457       6198 
0458       6173 
0459       6159 
0460       6155 
0461       6152 
0462       6141 
0463       6139 
0464       6132 
0465       6110 
0466       6107 
0467       6095 
0468       6093 
0469       6086 
0470       6075 
0471       6065 
0472       6069 
0473       6056 
0474       6046 
0475       6044 
0476       6038 
0477       6038 
0478       6014 
0479       6011 
0480       6008 
0481       6000 
0482       6000 
0483       5993 
0484       5986 
0485       5976 
0486       5976 
0487       5970 
0488       5962 
0489       5957 
0490       5952 
0491       5951 
0492       5931 
0493       5931 
0494       5931 
0495       5934 
0496       5931 
0497       5915 
0498       5906 
0499       5906 
0500       5909 
0501       5909 
0502       5907 
0503       5907 
0504       5907 
0505       5898 
0506       5891 
0507       5881 
0508       5881 
0509       5881 
0510       5880 
0511       5871 
0512       5867 
0513       5867 
0514       5873 
0515       5873 
0516       5869 
0517       5858 
0518       5852 
0519       5847 
0520       5852 
0521       5855 
0522       5855 
0523       5847 
0524       5842 
0525       5844 
0526       5844 
0527       5844 
0528       5841 
0529       5841 
0530       5844 
0531       5844 
0532       5847 
0533       5842 
0534       5847 
0535       5847 
0536       5847 
0537       5853 
0538       5843 
0539       5851 
0540       5848 
0541       5851 
0542       5855 
0543       5855 
0544       5855 
0545       5855 
0546       5855 
0547       5854 
0548       5852 
0549       5854 
0550       5856 
0551       5856 
0552       5857 
0553       5859 
0554       5861 
0555       5865 
0556       5878 
0557       5878 
0558       5879 
0559       5880 
0560       5891 
0561       5897 
0562       5897 
0563       5897 
0564       5897 
0565       5899 
0566       5902 
0567       5905 
0568       5909 
0569       5909 
0570       5913 
0571       5919 
0572       5927 
0573       5937 
0574       5937 
0575       5945 
0576       5945 
0577       5945 
0578       5960 
0579       5962 
0580       5962 
0581       5966 
0582       5966 
0583       5973 
0584       5978 
0585       5978 
0586       5981 
0587       5990 
0588       5997 
0589       6006 
0590       6011 
0591       6017 
0592       6020 
0593       6025 
0594       6038 
0595       6041 
0596       6043 
0597       6045 
0598       6077 
0599       6088 
0600       6088 
0601       6097 
0602       6104 
0603       6107 
0604       6116 
0605       6118 
0606       6122 
0607       6134 
0608       6139 
0609       6156 
0610       6161 
0611       6161 
0612       6175 
0613       6195 
0614       6221 
0615       6223 
0616       6223 
0617       6223 
0618       6231 
0619       6246 
0620       6249 
0621       6281 
0622       6287 
0623       6289 
0624       6303 
0625       6303 
0626       6325 
0627       6350 
0628       6352 
0629       6366 
0630       6375 
0631       6391 
0632       6402 
0633       6418 
0634       6423 
0635       6441 
0636       6466 
0637       6474 
0638       6478 
0639       6505 
0640       6522 
0641       6534 
0642       6546 
0643       6552 
0644       6572 
0645       6575 
0646       6590 
0647       6613 
0648       6638 
0649       6648 
0650       6662 
0651       6687 
0652       6697 
0653       6710 
0654       6738 
0655       6742 
0656       6771 
0657       6781 
0658       6790 
0659       6802 
0660       6822 
0661       6839 
0662       6839 
0663       6886 
0664       6901 
0665       6906 
0666       6945 
0667       6954 
0668       6985 
0669       7016 
0670       7021 
0671       7062 
0672       7070 
0673       7114 
0674       7128 
0675       7129 
0676       7166 
0677       7187 
0678       7221 
0679       7231 
0680       7236 
0681       7263 
0682       7276 
0683       7317 
0684       7334 
0685       7364 
0686       7391 
0687       7402 
0688       7431 
0689       7479 
0690       7489 
0691       7529 
0692       7540 
0693       7575 
0694       7609 
0695       7628 
0696       7658 
0697       7681 
0698       7688 
0699       7717 
0700       7780 
0701       7814 
0702       7825 
0703       7834 
0704       7851 
0705       7899 
0706       7956 
0707       7998 
0708       8014 
0709       8064 
0710       8081 
0711       8090 
0712       8175 
0713       8198 
0714       8254 
0715       8257 
0716       8274 
0717       8322 
0718       8372 
0719       8418 
0720       8454 
0721       8483 
0722       8521 
0723       8561 
0724       8626 
0725       8664 
0726       8692 
0727       8720 
0728       8767 
0729       8804 
0730       8870 
0731       8910 
0732       8961 
0733       8976 
0734       9027 
0735       9071 
0736       9123 
0737       9189 
0738       9227 
0739       9272 
0740       9306 
0741       9390 
0742       9425 
0743       9490 
0744       9533 
0745       9575 
0746       9659 
0747       9715 
0748       9768 
0749       9804 
0750       9854 
0751       9930 
0752       10003 
0753       10041 
0754       10140 
0755       10140 
0756       10138 
0757       10081 
0758       10046 
0759       10046 
0760       10110 
0761       11897 
0762       11897 
0763       11877 
0764       11836 
0765       11815 
0766       11815 
0767       11842 
0768       11921 
0769       11999 
0770       12085 
0771       12187 
0772       12267 
0773       12357 
0774       12422 
0775       12526 
0776       12615 
0777       12681 
0778       12762 
0779       12852 
0780       12963 
0781       13037 
0782       13081 
0783       13247 
0784       13281 
0785       13360 
0786       13473 
0787       13584 
0788       13695 
0789       13695 
0790       1 
0791       1 
0792       1 
0793       1 
0794       1 
0795       1 
0796       1 
0797       1 
0798       1 
0799       1 
0800       1 
0801       1 
0802       1 
0803       1 
0804       1 
0805       1 
0806       1 
0807       1 
0808       1 
0809       1 
0810       1 
0811       1 
0812       1 
0813       1 
0814       1 
0815       1 
0816       1 
0817       1 
0818       1 
0819       1 
0820       1 
0821       1 
0822       8634 
0823       8634 
0824       8538 
0825       8533 
0826       8506 
0827       8477 
0828       8467 
0829       8450 
0830       8438 
0831       8422 
0832       8400 
0833       8357 
0834       8267 
0835       8174 
0836       8035 
0837       7997 
0838       7997 
0839       7997 
0840       7945 
0841       7884 
0842       7857 
0843       7852 
0844       7816 
0845       7785 
0846       7679 
0847       7641 
0848       7611 
0849       7582 
0850       7538 
0851       7527 
0852       7471 
0853       7434 
0854       7125 
0855       7125 
0856       7287 
0857       7287 
0858       7284 
0859       7284 
0860       7459 
0861       7597 
0862       7869 
0863       8155 
0864       8421 
0865       8781 
0866       9173 
0867       9445 
0868       10417 
0869       10783 
0870       11212 
0871       11212 
0872       11212 
0873       11656 
0874       13322 
0875       13322 
0876       1 
0877       1 
0878       1 
0879       1 
0880       1 
0881       1 
0882       1 
0883       7220 
0884       7220 
0885       7212 
0886       7177 
0887       7177 
0888       7177 
0889       1 
0890       1 
0891       1 
0892       1 
0893       1 
0894       1 
0895       1 
0896       1 
0897       1 
0898       1 
0899       1 
0900       1 
0901       1 
0902       1 
0903       1 
0904       1 
0905       1 
0906       1 
0907       1 
0908       1 
0909       1 
0910       1 
0911       1 
0912       1 
0913       1 
0914       1 
0915       1 
0916       1 
0917       1 
0918       1 
0919       1 
0920       1 
0921       1 
0922       1 
0923       1 
0924       1 
0925       1 
0926       1 
0927       1 
0928       1 
0929       1 
0930       1 
0931       1 
0932       1 
0933       1 
0934       1 
0935       1 
0936       1 
0937       1 
0938       1 
0939       1 
0940       1 
0941       1 
0942       1 
0943       1 
0944       1 
0945       1 
0946       1 
0947       1 
0948       1 
0949       1 
0950       1 
0951       1 
0952       1 
0953       1 
0954       1 
0955       1 
0956       1 
0957       1 
0958       1 
0959       1 
0960       1 
0961       1 
0962       1 
0963       1 
0964       1 
0965       1 
0966       1 
0967       1 
0968       1 
0969       1 
0970       1 
0971       1 
0972       1 
0973       1 
0974       1 
0975       1 
0976       1 
0977       1 
0978       1 
0979       1 
0980       1 
0981       1 
0982       1 
0983       1 
0984       1 
0985       1 
0986       1 
0987       1 
0988       1 
0989       1 
0990       1 
0991       1 
0992       1 
0993       1 
0994       1 
0995       1 
0996       1 
0997       1 
0998       1 
0999       1 
1000       1 
1001       1 
1002       1 
1003       1 
1004       1 
1005       1 
1006       1 
1007       49 
1008       49 
1009       49 
1010       49 
1011       49 
1012       43 
1013       49 
1014       69 
1015       75 
1016       75 
1017       75 
1018       43 
1019       43 
1020       43 
1021       45 
1022       50 
1023       53 
1024       57 
1025       60 
1026       60 
1027       60 
1028       58 
1029       49 
1030       47 
1031       47 
1032       47 
1033       47 
1034       58 
1035       58 
1036       58 
1037       58 
1038       61 
1039       61 
1040       63 
1041       70 
1042       63 
1043       63 
1044       63 
1045       67 
1046       66 
1047       67 
1048       68 
1049       68 
1050       68 
1051       69 
1052       69 
1053       68 
1054       68 
1055       68 
1056       63 
1057       68 
1058       63 
1059       63 
1060       63 
1061       70 
1062       61 
1063       68 
1064       68 
1065       68 
1066       61 
1067       68 
1068       64 
1069       64 
1070       64 
1071       64 
1072       64 
1073       61 
1074       64 
1075       61 
1076       65 
1077       68 
1078       68 
1079       67 
1297966649.249427
