0000       1 
0001       1 
0002       1 
0003       1 
0004       1 
0005       1 
0006       1 
0007       1 
0008       1 
0009       1 
0010       1 
0011       1 
0012       1 
0013       1 
0014       1 
0015       1 
0016       1 
0017       1 
0018       1 
0019       1 
0020       1 
0021       1 
0022       1 
0023       1 
0024       1 
0025       1 
0026       1 
0027       1 
0028       1 
0029       1 
0030       1 
0031       1 
0032       1 
0033       1 
0034       1 
0035       1 
0036       1 
0037       1 
0038       1 
0039       1 
0040       1 
0041       1 
0042       1 
0043       1 
0044       1 
0045       1 
0046       1 
0047       1 
0048       1 
0049       1 
0050       1 
0051       1 
0052       1 
0053       1 
0054       1 
0055       1 
0056       1 
0057       1 
0058       1 
0059       1 
0060       1 
0061       1 
0062       1 
0063       20764 
0064       20764 
0065       20774 
0066       20764 
0067       20746 
0068       20731 
0069       20731 
0070       1 
0071       1 
0072       1 
0073       1 
0074       1 
0075       1 
0076       1 
0077       1 
0078       1 
0079       1 
0080       1 
0081       1 
0082       1 
0083       1 
0084       1 
0085       1 
0086       19838 
0087       19838 
0088       19510 
0089       1 
0090       1 
0091       1 
0092       1 
0093       1 
0094       1 
0095       1 
0096       1 
0097       1 
0098       1 
0099       1 
0100       1 
0101       1 
0102       19098 
0103       19255 
0104       19255 
0105       18996 
0106       1 
0107       1 
0108       1 
0109       1 
0110       1 
0111       1 
0112       1 
0113       1 
0114       1 
0115       1 
0116       1 
0117       1 
0118       1 
0119       1 
0120       1 
0121       1 
0122       1 
0123       1 
0124       1 
0125       1 
0126       19536 
0127       19536 
0128       1 
0129       1 
0130       1 
0131       1 
0132       1 
0133       1 
0134       1 
0135       1 
0136       1 
0137       1 
0138       17352 
0139       17421 
0140       17429 
0141       17429 
0142       17311 
0143       1 
0144       1 
0145       1 
0146       1 
0147       1 
0148       1 
0149       1 
0150       1 
0151       1 
0152       1 
0153       1 
0154       1 
0155       1 
0156       17840 
0157       17840 
0158       1 
0159       1 
0160       1 
0161       1 
0162       1 
0163       1 
0164       1 
0165       1 
0166       1 
0167       1 
0168       1 
0169       1 
0170       1 
0171       20549 
0172       20549 
0173       18970 
0174       18910 
0175       18910 
0176       18941 
0177       18910 
0178       1 
0179       1 
0180       1 
0181       1 
0182       1 
0183       1 
0184       1 
0185       1 
0186       1 
0187       1 
0188       1 
0189       1 
0190       1 
0191       1 
0192       1 
0193       1 
0194       1 
0195       1 
0196       1 
0197       1 
0198       1 
0199       1 
0200       1 
0201       1 
0202       1 
0203       1 
0204       1 
0205       1 
0206       1 
0207       1 
0208       21075 
0209       21075 
0210       21075 
0211       20742 
0212       1 
0213       20138 
0214       20138 
0215       20138 
0216       19962 
0217       19484 
0218       19309 
0219       19309 
0220       19309 
0221       19164 
0222       18971 
0223       18825 
0224       18499 
0225       18493 
0226       18208 
0227       1 
0228       1 
0229       1 
0230       1 
0231       1 
0232       1 
0233       1 
0234       16804 
0235       16804 
0236       16919 
0237       16840 
0238       16840 
0239       16561 
0240       16458 
0241       16458 
0242       16376 
0243       16253 
0244       16160 
0245       16037 
0246       15971 
0247       15897 
0248       15762 
0249       15675 
0250       15590 
0251       15507 
0252       15364 
0253       15264 
0254       15240 
0255       15231 
0256       15209 
0257       15111 
0258       15038 
0259       14929 
0260       14851 
0261       14775 
0262       14719 
0263       14628 
0264       14556 
0265       14456 
0266       14406 
0267       14286 
0268       14246 
0269       14175 
0270       14112 
0271       14015 
0272       13979 
0273       13896 
0274       13821 
0275       13756 
0276       13713 
0277       13619 
0278       13585 
0279       13492 
0280       13455 
0281       13357 
0282       13347 
0283       13259 
0284       13173 
0285       13143 
0286       13061 
0287       13006 
0288       12980 
0289       12897 
0290       12861 
0291       12785 
0292       12746 
0293       12679 
0294       12585 
0295       12579 
0296       12511 
0297       12489 
0298       12421 
0299       12375 
0300       12328 
0301       12265 
0302       12219 
0303       12199 
0304       12138 
0305       12103 
0306       12039 
0307       12012 
0308       11965 
0309       11931 
0310       11903 
0311       11855 
0312       11802 
0313       11755 
0314       11719 
0315       11719 
0316       11659 
0317       11625 
0318       11557 
0319       11529 
0320       11506 
0321       11469 
0322       11439 
0323       11411 
0324       11404 
0325       11328 
0326       11287 
0327       11262 
0328       11231 
0329       11198 
0330       11141 
0331       11115 
0332       11090 
0333       11043 
0334       11042 
0335       11008 
0336       10960 
0337       10938 
0338       10914 
0339       10866 
0340       10841 
0341       10818 
0342       10804 
0343       10757 
0344       10737 
0345       10722 
0346       10674 
0347       10651 
0348       10645 
0349       10595 
0350       10570 
0351       10560 
0352       10535 
0353       10491 
0354       10479 
0355       10454 
0356       10425 
0357       10411 
0358       10383 
0359       10356 
0360       10339 
0361       10310 
0362       10287 
0363       10270 
0364       10253 
0365       10216 
0366       10193 
0367       10171 
0368       10154 
0369       10136 
0370       10117 
0371       10105 
0372       10099 
0373       10058 
0374       10049 
0375       10046 
0376       10004 
0377       9991 
0378       9960 
0379       9958 
0380       9953 
0381       9933 
0382       9893 
0383       9877 
0384       9872 
0385       9864 
0386       9843 
0387       9803 
0388       9790 
0389       9777 
0390       9768 
0391       9766 
0392       9745 
0393       9715 
0394       9711 
0395       9694 
0396       9690 
0397       9654 
0398       9642 
0399       9645 
0400       9628 
0401       9626 
0402       9595 
0403       9592 
0404       9578 
0405       9577 
0406       9554 
0407       9532 
0408       9528 
0409       9509 
0410       9509 
0411       9490 
0412       9490 
0413       9472 
0414       9472 
0415       9454 
0416       9454 
0417       9437 
0418       9435 
0419       9424 
0420       9413 
0421       9413 
0422       9385 
0423       9385 
0424       9377 
0425       9376 
0426       9376 
0427       9375 
0428       9366 
0429       9341 
0430       9339 
0431       9322 
0432       9316 
0433       9322 
0434       9316 
0435       9308 
0436       9300 
0437       9296 
0438       9284 
0439       9284 
0440       9294 
0441       9294 
0442       9282 
0443       9265 
0444       9259 
0445       9259 
0446       9277 
0447       9277 
0448       9276 
0449       9257 
0450       9252 
0451       9252 
0452       9246 
0453       9246 
0454       9247 
0455       9249 
0456       9247 
0457       9244 
0458       9243 
0459       9244 
0460       9236 
0461       9236 
0462       9229 
0463       9229 
0464       9234 
0465       9234 
0466       9234 
0467       9227 
0468       9227 
0469       9227 
0470       9222 
0471       9222 
0472       9222 
0473       9194 
0474       9190 
0475       9179 
0476       9179 
0477       9207 
0478       9223 
0479       9230 
0480       9235 
0481       9246 
0482       9268 
0483       9268 
0484       9249 
0485       9249 
0486       9278 
0487       9278 
0488       9290 
0489       9281 
0490       9284 
0491       9284 
0492       9287 
0493       9287 
0494       9298 
0495       9304 
0496       9315 
0497       9315 
0498       9310 
0499       9310 
0500       9311 
0501       9320 
0502       9330 
0503       9343 
0504       9343 
0505       9343 
0506       9352 
0507       9352 
0508       9357 
0509       9372 
0510       9377 
0511       9400 
0512       9412 
0513       9414 
0514       9414 
0515       9428 
0516       9434 
0517       9465 
0518       9482 
0519       9482 
0520       9489 
0521       9497 
0522       9504 
0523       9508 
0524       9516 
0525       9530 
0526       9530 
0527       9530 
0528       9549 
0529       9581 
0530       9591 
0531       9591 
0532       9593 
0533       9606 
0534       9609 
0535       9609 
0536       9655 
0537       9664 
0538       9680 
0539       9700 
0540       9713 
0541       9730 
0542       9732 
0543       9764 
0544       9784 
0545       9786 
0546       9804 
0547       9819 
0548       9839 
0549       9876 
0550       9883 
0551       9880 
0552       9883 
0553       9924 
0554       9931 
0555       9966 
0556       9971 
0557       9991 
0558       9997 
0559       10034 
0560       10040 
0561       10046 
0562       10074 
0563       10101 
0564       10112 
0565       10136 
0566       10145 
0567       10179 
0568       10187 
0569       10206 
0570       10226 
0571       10256 
0572       10271 
0573       10296 
0574       10317 
0575       10347 
0576       10360 
0577       10384 
0578       10398 
0579       10447 
0580       10478 
0581       10507 
0582       10540 
0583       10572 
0584       10578 
0585       10602 
0586       10619 
0587       10668 
0588       10686 
0589       10712 
0590       10763 
0591       10775 
0592       10814 
0593       10852 
0594       10860 
0595       10896 
0596       10896 
0597       10832 
0598       10795 
0599       10795 
0600       10795 
0601       7931 
0602       7931 
0603       7951 
0604       7973 
0605       7998 
0606       8005 
0607       8005 
0608       4982 
0609       4826 
0610       4290 
0611       4194 
0612       4166 
0613       4157 
0614       4102 
0615       4056 
0616       4056 
0617       4056 
0618       4078 
0619       4087 
0620       4104 
0621       4115 
0622       4133 
0623       4135 
0624       4163 
0625       4180 
0626       4194 
0627       4222 
0628       4250 
0629       4262 
0630       4277 
0631       4287 
0632       4322 
0633       4357 
0634       4367 
0635       4396 
0636       4479 
0637       4515 
0638       4569 
0639       4597 
0640       4623 
0641       4668 
0642       4689 
0643       4720 
0644       4728 
0645       4738 
0646       4757 
0647       4792 
0648       4794 
0649       4828 
0650       4855 
0651       4869 
0652       4900 
0653       4925 
0654       4966 
0655       4986 
0656       5017 
0657       5045 
0658       5072 
0659       5079 
0660       5134 
0661       5161 
0662       5176 
0663       5195 
0664       5249 
0665       5267 
0666       5304 
0667       5317 
0668       5357 
0669       5384 
0670       5405 
0671       5431 
0672       5459 
0673       5489 
0674       5536 
0675       5547 
0676       5603 
0677       5642 
0678       5675 
0679       5704 
0680       5745 
0681       5764 
0682       5779 
0683       5810 
0684       5861 
0685       5909 
0686       5918 
0687       5958 
0688       6012 
0689       6033 
0690       6070 
0691       6106 
0692       6152 
0693       6185 
0694       6274 
0695       6301 
0696       6329 
0697       6391 
0698       6418 
0699       6472 
0700       6533 
0701       6598 
0702       6670 
0703       6733 
0704       6764 
0705       6842 
0706       6883 
0707       6918 
0708       6984 
0709       7051 
0710       7081 
0711       7130 
0712       7220 
0713       7251 
0714       7345 
0715       7403 
0716       7455 
0717       7530 
0718       7593 
0719       7659 
0720       7725 
0721       7811 
0722       7873 
0723       7909 
0724       8005 
0725       8050 
0726       8177 
0727       8247 
0728       8314 
0729       8398 
0730       8500 
0731       8597 
0732       8676 
0733       8748 
0734       8837 
0735       8884 
0736       8938 
0737       8939 
0738       9043 
0739       9188 
0740       9299 
0741       9613 
0742       9736 
0743       9847 
0744       9973 
0745       10117 
0746       10250 
0747       10349 
0748       10568 
0749       10696 
0750       10813 
0751       10897 
0752       11091 
0753       11266 
0754       11385 
0755       11531 
0756       11692 
0757       11885 
0758       12031 
0759       12212 
0760       12424 
0761       12613 
0762       12810 
0763       12810 
0764       12977 
0765       13383 
0766       13401 
0767       13401 
0768       13401 
0769       1 
0770       1 
0771       1 
0772       1 
0773       1 
0774       1 
0775       1 
0776       1 
0777       1 
0778       1 
0779       1 
0780       1 
0781       1 
0782       24838 
0783       24842 
0784       24845 
0785       24842 
0786       24836 
0787       24633 
0788       24633 
0789       24633 
0790       1 
0791       1 
0792       1 
0793       24757 
0794       24757 
0795       24757 
0796       1 
0797       1 
0798       1 
0799       1 
0800       1 
0801       25149 
0802       25149 
0803       25108 
0804       25108 
0805       25108 
0806       25116 
0807       25081 
0808       25096 
0809       25081 
0810       25041 
0811       25004 
0812       25008 
0813       25008 
0814       24884 
0815       24848 
0816       24866 
0817       24866 
0818       24919 
0819       25107 
0820       24919 
0821       24919 
0822       1 
0823       1 
0824       1 
0825       1 
0826       1 
0827       1 
0828       1 
0829       1 
0830       1 
0831       1 
0832       1 
0833       1 
0834       1 
0835       1 
0836       1 
0837       1 
0838       1 
0839       1 
0840       1 
0841       1 
0842       1 
0843       1 
0844       1 
0845       1 
0846       1 
0847       1 
0848       1 
0849       1 
0850       1 
0851       1 
0852       1 
0853       1 
0854       1 
0855       1 
0856       1 
0857       1 
0858       1 
0859       1 
0860       1 
0861       1 
0862       1 
0863       1 
0864       1 
0865       1 
0866       1 
0867       1 
0868       1 
0869       1 
0870       1 
0871       1 
0872       1 
0873       1 
0874       1 
0875       1 
0876       1 
0877       1 
0878       1 
0879       1 
0880       1 
0881       1 
0882       1 
0883       1 
0884       1 
0885       1 
0886       1 
0887       1 
0888       1 
0889       1 
0890       1 
0891       1 
0892       1 
0893       1 
0894       1 
0895       1 
0896       1 
0897       1 
0898       1 
0899       1 
0900       1 
0901       1 
0902       1 
0903       1 
0904       1 
0905       1 
0906       1 
0907       1 
0908       1 
0909       1 
0910       1 
0911       1 
0912       1 
0913       1 
0914       1 
0915       1 
0916       1 
0917       1 
0918       1 
0919       1 
0920       1 
0921       1 
0922       1 
0923       1 
0924       1 
0925       1 
0926       1 
0927       1 
0928       1 
0929       1 
0930       1 
0931       1 
0932       1 
0933       1 
0934       1 
0935       1 
0936       1 
0937       1 
0938       1 
0939       1 
0940       1 
0941       1 
0942       1 
0943       1 
0944       1 
0945       1 
0946       1 
0947       1 
0948       1 
0949       1 
0950       1 
0951       1 
0952       1 
0953       1 
0954       1 
0955       1 
0956       1 
0957       1 
0958       1 
0959       1 
0960       1 
0961       1 
0962       1 
0963       1 
0964       1 
0965       1 
0966       1 
0967       1 
0968       1 
0969       1 
0970       1 
0971       1 
0972       1 
0973       1 
0974       1 
0975       1 
0976       1 
0977       1 
0978       1 
0979       1 
0980       1 
0981       1 
0982       1 
0983       1 
0984       1 
0985       1 
0986       1 
0987       1 
0988       1 
0989       1 
0990       1 
0991       1 
0992       1 
0993       1 
0994       1 
0995       1 
0996       1 
0997       1 
0998       1 
0999       1 
1000       1 
1001       1 
1002       1 
1003       1 
1004       1 
1005       1 
1006       1 
1007       4 
1008       4 
1009       4 
1010       4 
1011       49 
1012       51 
1013       55 
1014       49 
1015       49 
1016       48 
1017       48 
1018       47 
1019       47 
1020       47 
1021       49 
1022       49 
1023       53 
1024       61 
1025       62 
1026       62 
1027       62 
1028       61 
1029       56 
1030       53 
1031       53 
1032       50 
1033       53 
1034       53 
1035       54 
1036       65 
1037       76 
1038       77 
1039       77 
1040       77 
1041       75 
1042       66 
1043       65 
1044       65 
1045       66 
1046       67 
1047       67 
1048       67 
1049       64 
1050       64 
1051       64 
1052       66 
1053       68 
1054       68 
1055       68 
1056       68 
1057       67 
1058       67 
1059       60 
1060       60 
1061       60 
1062       62 
1063       62 
1064       66 
1065       71 
1066       71 
1067       69 
1068       69 
1069       69 
1070       69 
1071       69 
1072       69 
1073       69 
1074       69 
1075       73 
1076       66 
1077       66 
1078       66 
1079       66 
1297966617.811351
