0000       1 
0001       1 
0002       1 
0003       1 
0004       1 
0005       1 
0006       1 
0007       1 
0008       1 
0009       1 
0010       1 
0011       1 
0012       1 
0013       1 
0014       1 
0015       1 
0016       1 
0017       1 
0018       1 
0019       1 
0020       1 
0021       1 
0022       1 
0023       1 
0024       1 
0025       1 
0026       1 
0027       1 
0028       1 
0029       1 
0030       1 
0031       1 
0032       1 
0033       1 
0034       1 
0035       1 
0036       1 
0037       1 
0038       1 
0039       1 
0040       1 
0041       1 
0042       1 
0043       1 
0044       1 
0045       1 
0046       1 
0047       1 
0048       1 
0049       1 
0050       1 
0051       1 
0052       1 
0053       1 
0054       1 
0055       1 
0056       1 
0057       1 
0058       1 
0059       1 
0060       1 
0061       1 
0062       1 
0063       1 
0064       1 
0065       1 
0066       1 
0067       1 
0068       1 
0069       1 
0070       1 
0071       1 
0072       1 
0073       1 
0074       1 
0075       1 
0076       1 
0077       1 
0078       1 
0079       1 
0080       1 
0081       1 
0082       1 
0083       1 
0084       1 
0085       1 
0086       1 
0087       1 
0088       1 
0089       1 
0090       1 
0091       1 
0092       1 
0093       1 
0094       1 
0095       1 
0096       1 
0097       1 
0098       1 
0099       1 
0100       1 
0101       1 
0102       1 
0103       1 
0104       1 
0105       1 
0106       1 
0107       1 
0108       1 
0109       1 
0110       1 
0111       1 
0112       1 
0113       1 
0114       1 
0115       1 
0116       1 
0117       1 
0118       1 
0119       1 
0120       1 
0121       1 
0122       1 
0123       1 
0124       1 
0125       1 
0126       1 
0127       1 
0128       1 
0129       1 
0130       1 
0131       1 
0132       1 
0133       1 
0134       1 
0135       1 
0136       1 
0137       1 
0138       1 
0139       1 
0140       1 
0141       1 
0142       1 
0143       1 
0144       1 
0145       1 
0146       1 
0147       1 
0148       1 
0149       1 
0150       1 
0151       1 
0152       1 
0153       1 
0154       1 
0155       1 
0156       1 
0157       1 
0158       1 
0159       1 
0160       1 
0161       1 
0162       1 
0163       1 
0164       1 
0165       1 
0166       1 
0167       1 
0168       1 
0169       1 
0170       1 
0171       1 
0172       1 
0173       1 
0174       1 
0175       1 
0176       1 
0177       1 
0178       1 
0179       1 
0180       1 
0181       1 
0182       1 
0183       1 
0184       1 
0185       1 
0186       1 
0187       1 
0188       1 
0189       1 
0190       1 
0191       1 
0192       1 
0193       1 
0194       1 
0195       1 
0196       1 
0197       1 
0198       1 
0199       1 
0200       1 
0201       1 
0202       1 
0203       1 
0204       1 
0205       1 
0206       1 
0207       1 
0208       1 
0209       1 
0210       1 
0211       1 
0212       1 
0213       1 
0214       1 
0215       1 
0216       1 
0217       1 
0218       1 
0219       1 
0220       1 
0221       1 
0222       1 
0223       1 
0224       1 
0225       1 
0226       1 
0227       1 
0228       1 
0229       1 
0230       1 
0231       1 
0232       1 
0233       1 
0234       1 
0235       1 
0236       1 
0237       1 
0238       1 
0239       1 
0240       1 
0241       1 
0242       1 
0243       1 
0244       1 
0245       1 
0246       1 
0247       1 
0248       1 
0249       1 
0250       1 
0251       1 
0252       1 
0253       1 
0254       1 
0255       1 
0256       1 
0257       1 
0258       1 
0259       1 
0260       1 
0261       1 
0262       1 
0263       1 
0264       1 
0265       1 
0266       1 
0267       1 
0268       1 
0269       1 
0270       1 
0271       1 
0272       1 
0273       1 
0274       1 
0275       1 
0276       1 
0277       1 
0278       1 
0279       1 
0280       1 
0281       1 
0282       18297 
0283       18297 
0284       18202 
0285       1 
0286       17769 
0287       17769 
0288       17769 
0289       17630 
0290       17460 
0291       17331 
0292       17111 
0293       16955 
0294       16955 
0295       16857 
0296       16752 
0297       16589 
0298       16484 
0299       16369 
0300       16269 
0301       16140 
0302       16035 
0303       15906 
0304       15821 
0305       15704 
0306       15618 
0307       15457 
0308       15398 
0309       9764 
0310       9712 
0311       9654 
0312       9649 
0313       9654 
0314       9739 
0315       9739 
0316       9704 
0317       9635 
0318       9597 
0319       9558 
0320       9506 
0321       9432 
0322       9381 
0323       9334 
0324       9301 
0325       9235 
0326       9208 
0327       9152 
0328       9104 
0329       9037 
0330       9017 
0331       8962 
0332       8916 
0333       8867 
0334       8846 
0335       8787 
0336       8760 
0337       8707 
0338       8656 
0339       8653 
0340       8576 
0341       8537 
0342       8509 
0343       8458 
0344       8427 
0345       8371 
0346       8360 
0347       8284 
0348       8270 
0349       8232 
0350       8202 
0351       8157 
0352       8130 
0353       8103 
0354       8071 
0355       8032 
0356       8015 
0357       7969 
0358       7944 
0359       7903 
0360       7883 
0361       7853 
0362       7803 
0363       7775 
0364       7747 
0365       7697 
0366       7692 
0367       7670 
0368       7626 
0369       7603 
0370       7566 
0371       7534 
0372       7514 
0373       7503 
0374       7454 
0375       7449 
0376       7404 
0377       7393 
0378       7385 
0379       7352 
0380       7324 
0381       7300 
0382       7290 
0383       7272 
0384       7232 
0385       7229 
0386       7206 
0387       7178 
0388       7134 
0389       7114 
0390       7098 
0391       7071 
0392       7070 
0393       7036 
0394       7016 
0395       7006 
0396       6993 
0397       6972 
0398       6944 
0399       6936 
0400       6921 
0401       6885 
0402       6863 
0403       6854 
0404       6843 
0405       6829 
0406       6807 
0407       6772 
0408       6761 
0409       6760 
0410       6721 
0411       6714 
0412       6696 
0413       6686 
0414       6659 
0415       6647 
0416       6624 
0417       6615 
0418       6604 
0419       6593 
0420       6583 
0421       6583 
0422       6574 
0423       6547 
0424       6503 
0425       6503 
0426       6497 
0427       6491 
0428       6456 
0429       6446 
0430       6438 
0431       6420 
0432       6420 
0433       6405 
0434       6402 
0435       6376 
0436       6360 
0437       6354 
0438       6342 
0439       6335 
0440       6308 
0441       6308 
0442       6301 
0443       6299 
0444       6281 
0445       6267 
0446       6263 
0447       6237 
0448       6237 
0449       6235 
0450       6232 
0451       6203 
0452       6200 
0453       6197 
0454       6186 
0455       6174 
0456       6166 
0457       6162 
0458       6149 
0459       6141 
0460       6126 
0461       6121 
0462       6121 
0463       6121 
0464       6109 
0465       6109 
0466       6079 
0467       6079 
0468       6066 
0469       6066 
0470       6063 
0471       6058 
0472       6048 
0473       6031 
0474       6030 
0475       6021 
0476       6021 
0477       6015 
0478       6006 
0479       6005 
0480       5993 
0481       5989 
0482       5974 
0483       5974 
0484       5969 
0485       5966 
0486       5966 
0487       5959 
0488       5958 
0489       5943 
0490       5940 
0491       5940 
0492       5934 
0493       5924 
0494       5924 
0495       5926 
0496       5926 
0497       5923 
0498       5914 
0499       5906 
0500       5899 
0501       5899 
0502       5889 
0503       5889 
0504       5889 
0505       5889 
0506       5883 
0507       5883 
0508       5883 
0509       5881 
0510       5877 
0511       5863 
0512       5861 
0513       5863 
0514       5869 
0515       5869 
0516       5862 
0517       5857 
0518       5862 
0519       5858 
0520       5858 
0521       5858 
0522       5864 
0523       5864 
0524       5864 
0525       5855 
0526       5863 
0527       5863 
0528       5863 
0529       5864 
0530       5862 
0531       5864 
0532       5862 
0533       5861 
0534       5854 
0535       5854 
0536       5863 
0537       5863 
0538       5868 
0539       5876 
0540       5876 
0541       5876 
0542       5863 
0543       5863 
0544       5863 
0545       5871 
0546       5878 
0547       5875 
0548       5878 
0549       5878 
0550       5880 
0551       5884 
0552       5890 
0553       5894 
0554       5902 
0555       5904 
0556       5904 
0557       5912 
0558       5911 
0559       5913 
0560       5921 
0561       5921 
0562       5929 
0563       5931 
0564       5931 
0565       5933 
0566       5944 
0567       5944 
0568       5949 
0569       5951 
0570       5963 
0571       5963 
0572       5978 
0573       5970 
0574       5981 
0575       5983 
0576       5986 
0577       5987 
0578       6001 
0579       6015 
0580       6012 
0581       6015 
0582       6019 
0583       6031 
0584       6031 
0585       6037 
0586       6058 
0587       6059 
0588       6065 
0589       6073 
0590       6077 
0591       6089 
0592       6090 
0593       6118 
0594       6118 
0595       6118 
0596       6127 
0597       6131 
0598       6143 
0599       6149 
0600       6153 
0601       6156 
0602       6162 
0603       6176 
0604       6178 
0605       6187 
0606       6206 
0607       6221 
0608       6227 
0609       6227 
0610       6245 
0611       6257 
0612       6271 
0613       6275 
0614       6295 
0615       6300 
0616       6304 
0617       6321 
0618       6330 
0619       6353 
0620       6366 
0621       6367 
0622       6374 
0623       6396 
0624       6415 
0625       6433 
0626       6433 
0627       6433 
0628       6470 
0629       6479 
0630       6489 
0631       6492 
0632       6504 
0633       6536 
0634       6536 
0635       6549 
0636       6581 
0637       6586 
0638       6621 
0639       6623 
0640       6645 
0641       6645 
0642       6652 
0643       6667 
0644       6684 
0645       6691 
0646       6702 
0647       6736 
0648       6757 
0649       6771 
0650       6798 
0651       6801 
0652       6816 
0653       6857 
0654       6866 
0655       6876 
0656       6914 
0657       6927 
0658       6953 
0659       6972 
0660       6991 
0661       7000 
0662       7008 
0663       7038 
0664       7070 
0665       7091 
0666       7121 
0667       7144 
0668       7144 
0669       7150 
0670       7195 
0671       7214 
0672       7244 
0673       7254 
0674       7269 
0675       7328 
0676       7334 
0677       7355 
0678       7374 
0679       7406 
0680       7424 
0681       7452 
0682       7462 
0683       7494 
0684       7546 
0685       7554 
0686       7587 
0687       7615 
0688       7645 
0689       7672 
0690       7710 
0691       7731 
0692       7737 
0693       7766 
0694       7817 
0695       7853 
0696       7867 
0697       7904 
0698       7929 
0699       7937 
0700       8007 
0701       8021 
0702       8082 
0703       8097 
0704       8128 
0705       8155 
0706       8208 
0707       8226 
0708       8277 
0709       8321 
0710       8348 
0711       8372 
0712       8399 
0713       8478 
0714       8511 
0715       8533 
0716       8569 
0717       8627 
0718       8696 
0719       8715 
0720       8747 
0721       8771 
0722       8825 
0723       8894 
0724       8931 
0725       8953 
0726       8987 
0727       9058 
0728       9103 
0729       9140 
0730       9192 
0731       9221 
0732       9285 
0733       9344 
0734       9364 
0735       9403 
0736       9470 
0737       9542 
0738       9614 
0739       9651 
0740       9709 
0741       9755 
0742       9823 
0743       9879 
0744       9928 
0745       9959 
0746       10052 
0747       10096 
0748       10103 
0749       10103 
0750       10103 
0751       10188 
0752       11166 
0753       11233 
0754       11363 
0755       11432 
0756       11579 
0757       11673 
0758       11744 
0759       11853 
0760       11914 
0761       11914 
0762       11867 
0763       11746 
0764       11745 
0765       11711 
0766       11682 
0767       11667 
0768       11647 
0769       11583 
0770       11521 
0771       11521 
0772       11540 
0773       11540 
0774       11126 
0775       11053 
0776       11053 
0777       11061 
0778       11053 
0779       11045 
0780       10983 
0781       10954 
0782       10946 
0783       10919 
0784       10889 
0785       10859 
0786       10847 
0787       10809 
0788       10800 
0789       10785 
0790       10758 
0791       10738 
0792       10705 
0793       10683 
0794       10667 
0795       10652 
0796       10621 
0797       10610 
0798       10582 
0799       10568 
0800       10548 
0801       10524 
0802       10521 
0803       10500 
0804       10476 
0805       10468 
0806       10446 
0807       10435 
0808       10415 
0809       10404 
0810       10389 
0811       10362 
0812       10360 
0813       10343 
0814       10337 
0815       10313 
0816       10297 
0817       10294 
0818       10272 
0819       10264 
0820       10243 
0821       10223 
0822       10205 
0823       10205 
0824       10195 
0825       10195 
0826       7886 
0827       7879 
0828       7850 
0829       7844 
0830       7788 
0831       7776 
0832       7737 
0833       7698 
0834       7655 
0835       7624 
0836       7580 
0837       7561 
0838       7494 
0839       7469 
0840       7418 
0841       7385 
0842       7343 
0843       7313 
0844       7304 
0845       7282 
0846       7258 
0847       7200 
0848       7200 
0849       7161 
0850       7139 
0851       7139 
0852       7234 
0853       7421 
0854       7614 
0855       7837 
0856       8066 
0857       8066 
0858       8066 
0859       7471 
0860       7471 
0861       7427 
0862       7417 
0863       7416 
0864       7417 
0865       7429 
0866       7429 
0867       7411 
0868       7411 
0869       7411 
0870       7411 
0871       7402 
0872       7402 
0873       7393 
0874       7388 
0875       7388 
0876       7388 
0877       7386 
0878       7386 
0879       7386 
0880       7386 
0881       7360 
0882       1 
0883       1 
0884       1 
0885       1 
0886       1 
0887       1 
0888       1 
0889       1 
0890       1 
0891       1 
0892       1 
0893       1 
0894       1 
0895       1 
0896       1 
0897       1 
0898       1 
0899       1 
0900       1 
0901       1 
0902       1 
0903       1 
0904       1 
0905       1 
0906       1 
0907       1 
0908       1 
0909       1 
0910       1 
0911       1 
0912       1 
0913       1 
0914       1 
0915       1 
0916       1 
0917       1 
0918       1 
0919       1 
0920       1 
0921       1 
0922       1 
0923       1 
0924       1 
0925       1 
0926       1 
0927       1 
0928       1 
0929       1 
0930       1 
0931       1 
0932       1 
0933       1 
0934       1 
0935       1 
0936       1 
0937       1 
0938       1 
0939       1 
0940       1 
0941       1 
0942       1 
0943       1 
0944       1 
0945       1 
0946       1 
0947       1 
0948       1 
0949       1 
0950       1 
0951       1 
0952       1 
0953       1 
0954       1 
0955       1 
0956       1 
0957       1 
0958       1 
0959       1 
0960       1 
0961       1 
0962       1 
0963       1 
0964       1 
0965       1 
0966       1 
0967       1 
0968       1 
0969       1 
0970       1 
0971       1 
0972       1 
0973       1 
0974       1 
0975       1 
0976       1 
0977       1 
0978       1 
0979       1 
0980       1 
0981       1 
0982       1 
0983       1 
0984       1 
0985       1 
0986       1 
0987       1 
0988       1 
0989       1 
0990       1 
0991       1 
0992       1 
0993       1 
0994       1 
0995       1 
0996       1 
0997       1 
0998       1 
0999       1 
1000       1 
1001       1 
1002       1 
1003       1 
1004       1 
1005       1 
1006       1 
1007       4 
1008       4 
1009       41 
1010       41 
1011       41 
1012       51 
1013       51 
1014       51 
1015       53 
1016       60 
1017       66 
1018       66 
1019       66 
1020       66 
1021       69 
1022       56 
1023       69 
1024       69 
1025       60 
1026       60 
1027       60 
1028       60 
1029       60 
1030       60 
1031       46 
1032       46 
1033       53 
1034       53 
1035       61 
1036       73 
1037       73 
1038       73 
1039       70 
1040       70 
1041       70 
1042       70 
1043       68 
1044       69 
1045       69 
1046       69 
1047       69 
1048       69 
1049       69 
1050       71 
1051       71 
1052       66 
1053       69 
1054       69 
1055       69 
1056       69 
1057       69 
1058       72 
1059       67 
1060       67 
1061       67 
1062       67 
1063       65 
1064       65 
1065       64 
1066       64 
1067       64 
1068       62 
1069       68 
1070       68 
1071       64 
1072       62 
1073       61 
1074       61 
1075       64 
1076       59 
1077       67 
1078       67 
1079       66 
1297966651.134672
