0000       1 
0001       1 
0002       1 
0003       1 
0004       1 
0005       1 
0006       1 
0007       1 
0008       1 
0009       1 
0010       1 
0011       1 
0012       1 
0013       1 
0014       1 
0015       1 
0016       1 
0017       1 
0018       1 
0019       1 
0020       1 
0021       1 
0022       1 
0023       1 
0024       1 
0025       1 
0026       1 
0027       1 
0028       1 
0029       1 
0030       1 
0031       1 
0032       1 
0033       1 
0034       1 
0035       1 
0036       1 
0037       1 
0038       1 
0039       1 
0040       1 
0041       1 
0042       1 
0043       1 
0044       1 
0045       1 
0046       1 
0047       1 
0048       1 
0049       1 
0050       1 
0051       1 
0052       1 
0053       1 
0054       1 
0055       1 
0056       1 
0057       1 
0058       1 
0059       1 
0060       1 
0061       1 
0062       1 
0063       1 
0064       1 
0065       1 
0066       1 
0067       1 
0068       1 
0069       1 
0070       1 
0071       1 
0072       1 
0073       1 
0074       1 
0075       1 
0076       1 
0077       1 
0078       1 
0079       1 
0080       1 
0081       1 
0082       1 
0083       20572 
0084       20572 
0085       20170 
0086       1 
0087       1 
0088       1 
0089       1 
0090       1 
0091       1 
0092       1 
0093       19532 
0094       19532 
0095       19550 
0096       19532 
0097       1 
0098       1 
0099       1 
0100       1 
0101       1 
0102       1 
0103       1 
0104       1 
0105       18951 
0106       18951 
0107       18940 
0108       18931 
0109       1 
0110       1 
0111       1 
0112       1 
0113       1 
0114       1 
0115       18379 
0116       18379 
0117       1 
0118       1 
0119       1 
0120       1 
0121       1 
0122       1 
0123       1 
0124       1 
0125       1 
0126       1 
0127       1 
0128       18485 
0129       18485 
0130       18493 
0131       18485 
0132       18459 
0133       18006 
0134       17856 
0135       1 
0136       1 
0137       1 
0138       1 
0139       1 
0140       1 
0141       1 
0142       1 
0143       18371 
0144       18371 
0145       1 
0146       1 
0147       1 
0148       1 
0149       1 
0150       1 
0151       1 
0152       1 
0153       1 
0154       1 
0155       1 
0156       1 
0157       1 
0158       1 
0159       1 
0160       1 
0161       1 
0162       1 
0163       1 
0164       1 
0165       1 
0166       1 
0167       1 
0168       1 
0169       1 
0170       1 
0171       1 
0172       1 
0173       1 
0174       1 
0175       1 
0176       1 
0177       1 
0178       1 
0179       1 
0180       1 
0181       1 
0182       1 
0183       1 
0184       1 
0185       1 
0186       1 
0187       1 
0188       1 
0189       1 
0190       1 
0191       16270 
0192       16286 
0193       16270 
0194       1 
0195       1 
0196       1 
0197       1 
0198       1 
0199       1 
0200       1 
0201       1 
0202       1 
0203       1 
0204       1 
0205       1 
0206       1 
0207       1 
0208       1 
0209       22715 
0210       22715 
0211       22583 
0212       22563 
0213       22563 
0214       22563 
0215       1 
0216       1 
0217       1 
0218       1 
0219       1 
0220       1 
0221       1 
0222       1 
0223       1 
0224       1 
0225       1 
0226       1 
0227       1 
0228       1 
0229       1 
0230       1 
0231       1 
0232       1 
0233       1 
0234       1 
0235       1 
0236       1 
0237       1 
0238       1 
0239       1 
0240       1 
0241       1 
0242       1 
0243       1 
0244       1 
0245       1 
0246       1 
0247       1 
0248       21041 
0249       21041 
0250       20801 
0251       20563 
0252       20115 
0253       20178 
0254       20115 
0255       20018 
0256       19756 
0257       19560 
0258       19560 
0259       19369 
0260       19272 
0261       19142 
0262       18960 
0263       18855 
0264       18650 
0265       18553 
0266       18345 
0267       18209 
0268       18072 
0269       17931 
0270       17776 
0271       17634 
0272       17501 
0273       17416 
0274       17258 
0275       17032 
0276       16950 
0277       16865 
0278       16749 
0279       16629 
0280       1 
0281       16342 
0282       16342 
0283       16342 
0284       16088 
0285       1 
0286       15774 
0287       15774 
0288       15774 
0289       15735 
0290       15599 
0291       15500 
0292       15227 
0293       15181 
0294       15181 
0295       15181 
0296       15094 
0297       14984 
0298       14899 
0299       14794 
0300       14735 
0301       14735 
0302       14686 
0303       14565 
0304       14399 
0305       14399 
0306       14396 
0307       14392 
0308       14349 
0309       14252 
0310       14196 
0311       14090 
0312       13998 
0313       13922 
0314       13875 
0315       13830 
0316       13713 
0317       13708 
0318       13622 
0319       13565 
0320       13516 
0321       13436 
0322       13354 
0323       13331 
0324       13256 
0325       13204 
0326       13147 
0327       13100 
0328       13065 
0329       13013 
0330       12928 
0331       12914 
0332       12833 
0333       12798 
0334       12726 
0335       12695 
0336       12614 
0337       12581 
0338       12551 
0339       12491 
0340       12414 
0341       12369 
0342       12304 
0343       12284 
0344       12237 
0345       12176 
0346       12126 
0347       12084 
0348       12060 
0349       11997 
0350       11940 
0351       11933 
0352       11893 
0353       11860 
0354       11827 
0355       11774 
0356       11735 
0357       11715 
0358       11648 
0359       11631 
0360       11596 
0361       11549 
0362       11525 
0363       11472 
0364       11465 
0365       11423 
0366       11400 
0367       11358 
0368       11333 
0369       11285 
0370       11285 
0371       11241 
0372       11189 
0373       11172 
0374       11142 
0375       11111 
0376       11078 
0377       11043 
0378       10999 
0379       10990 
0380       10940 
0381       10935 
0382       10916 
0383       10868 
0384       10855 
0385       10835 
0386       10774 
0387       10772 
0388       10739 
0389       10720 
0390       10712 
0391       10674 
0392       10643 
0393       10607 
0394       10581 
0395       10565 
0396       10564 
0397       10529 
0398       10498 
0399       10491 
0400       10469 
0401       10450 
0402       10411 
0403       10395 
0404       10384 
0405       10371 
0406       10309 
0407       10308 
0408       10308 
0409       10271 
0410       10248 
0411       10247 
0412       10226 
0413       10218 
0414       10175 
0415       10152 
0416       10149 
0417       10135 
0418       10128 
0419       10108 
0420       10082 
0421       10077 
0422       10045 
0423       10038 
0424       10000 
0425       10000 
0426       9983 
0427       9964 
0428       9954 
0429       9943 
0430       9922 
0431       9901 
0432       9877 
0433       9877 
0434       9842 
0435       9842 
0436       9830 
0437       9816 
0438       9811 
0439       9779 
0440       9778 
0441       9760 
0442       9758 
0443       9758 
0444       9734 
0445       9731 
0446       9724 
0447       9700 
0448       9689 
0449       9674 
0450       9655 
0451       9655 
0452       9649 
0453       9636 
0454       9636 
0455       9632 
0456       9590 
0457       9589 
0458       9589 
0459       9572 
0460       9572 
0461       9572 
0462       9532 
0463       9532 
0464       9528 
0465       9522 
0466       9511 
0467       9506 
0468       9505 
0469       9499 
0470       9483 
0471       9479 
0472       9472 
0473       9472 
0474       9472 
0475       9465 
0476       9450 
0477       9450 
0478       9450 
0479       9438 
0480       9443 
0481       9437 
0482       9443 
0483       9416 
0484       9418 
0485       9416 
0486       9404 
0487       9400 
0488       9394 
0489       9399 
0490       9393 
0491       9382 
0492       9376 
0493       9376 
0494       9376 
0495       9374 
0496       9350 
0497       9354 
0498       9354 
0499       9374 
0500       9376 
0501       9374 
0502       9358 
0503       9353 
0504       9358 
0505       9372 
0506       9372 
0507       9364 
0508       9364 
0509       9368 
0510       9375 
0511       9375 
0512       9379 
0513       9386 
0514       9383 
0515       9389 
0516       9392 
0517       9392 
0518       9403 
0519       9406 
0520       9411 
0521       9412 
0522       9411 
0523       9410 
0524       9410 
0525       9412 
0526       9413 
0527       9443 
0528       9443 
0529       9443 
0530       9451 
0531       9463 
0532       9463 
0533       9469 
0534       9477 
0535       9488 
0536       9489 
0537       9489 
0538       9486 
0539       9486 
0540       9500 
0541       9501 
0542       9506 
0543       9506 
0544       9517 
0545       9529 
0546       9551 
0547       9556 
0548       9556 
0549       9560 
0550       9569 
0551       9580 
0552       9609 
0553       9612 
0554       9625 
0555       9636 
0556       9658 
0557       9660 
0558       9666 
0559       9694 
0560       9702 
0561       9709 
0562       9711 
0563       9711 
0564       9732 
0565       9761 
0566       9768 
0567       9780 
0568       9783 
0569       9784 
0570       9797 
0571       9814 
0572       9827 
0573       9847 
0574       9863 
0575       9880 
0576       9891 
0577       9896 
0578       9899 
0579       9936 
0580       9972 
0581       9979 
0582       9998 
0583       10008 
0584       10030 
0585       10034 
0586       10046 
0587       10062 
0588       10091 
0589       10098 
0590       10123 
0591       10126 
0592       10150 
0593       10156 
0594       10150 
0595       3784 
0596       3780 
0597       3766 
0598       3757 
0599       3757 
0600       3757 
0601       3757 
0602       3757 
0603       3757 
0604       3751 
0605       3631 
0606       3465 
0607       3453 
0608       3370 
0609       3319 
0610       3319 
0611       3307 
0612       3307 
0613       1775 
0614       1763 
0615       1763 
0616       1775 
0617       1777 
0618       1813 
0619       1813 
0620       1813 
0621       1744 
0622       1685 
0623       1682 
0624       1681 
0625       1679 
0626       1679 
0627       1679 
0628       1689 
0629       1695 
0630       1695 
0631       1697 
0632       1702 
0633       1704 
0634       1706 
0635       1724 
0636       1733 
0637       1736 
0638       1744 
0639       1744 
0640       1746 
0641       1750 
0642       1773 
0643       1778 
0644       1791 
0645       1791 
0646       1791 
0647       1783 
0648       1783 
0649       1737 
0650       1621 
0651       1572 
0652       1572 
0653       1572 
0654       1570 
0655       1570 
0656       1556 
0657       1420 
0658       1365 
0659       1365 
0660       1365 
0661       1385 
0662       1461 
0663       1716 
0664       1716 
0665       1716 
0666       1234 
0667       1159 
0668       1138 
0669       1138 
0670       1138 
0671       1144 
0672       1193 
0673       1572 
0674       1929 
0675       2118 
0676       2133 
0677       2133 
0678       2140 
0679       2140 
0680       2072 
0681       939 
0682       915 
0683       915 
0684       915 
0685       916 
0686       954 
0687       2157 
0688       2266 
0689       2285 
0690       2285 
0691       2301 
0692       2305 
0693       2311 
0694       2324 
0695       2333 
0696       2348 
0697       2350 
0698       2350 
0699       2350 
0700       679 
0701       673 
0702       673 
0703       673 
0704       668 
0705       666 
0706       663 
0707       663 
0708       663 
0709       666 
0710       669 
0711       669 
0712       671 
0713       675 
0714       681 
0715       686 
0716       691 
0717       695 
0718       2574 
0719       2672 
0720       2696 
0721       2720 
0722       2724 
0723       2727 
0724       2746 
0725       2749 
0726       2758 
0727       2807 
0728       2808 
0729       2822 
0730       2831 
0731       2856 
0732       2876 
0733       2890 
0734       2890 
0735       2890 
0736       2881 
0737       2881 
0738       2880 
0739       2877 
0740       2880 
0741       2884 
0742       2893 
0743       2896 
0744       2937 
0745       2955 
0746       2967 
0747       2995 
0748       3006 
0749       3024 
0750       3033 
0751       3059 
0752       3068 
0753       3090 
0754       5295 
0755       5327 
0756       5356 
0757       5394 
0758       7538 
0759       7541 
0760       7538 
0761       2935 
0762       2935 
0763       2935 
0764       7828 
0765       7878 
0766       7966 
0767       8040 
0768       8124 
0769       8183 
0770       9216 
0771       9319 
0772       9403 
0773       9488 
0774       9633 
0775       9674 
0776       9674 
0777       9674 
0778       9822 
0779       10180 
0780       10299 
0781       10402 
0782       10522 
0783       10628 
0784       10798 
0785       10921 
0786       11040 
0787       11170 
0788       11261 
0789       11261 
0790       11261 
0791       2880 
0792       2873 
0793       2880 
0794       2880 
0795       12590 
0796       12751 
0797       12954 
0798       13214 
0799       13406 
0800       13635 
0801       13635 
0802       13635 
0803       1 
0804       1 
0805       1 
0806       1 
0807       1 
0808       2863 
0809       2863 
0810       2863 
0811       1 
0812       1 
0813       1 
0814       1 
0815       1 
0816       1 
0817       1 
0818       1 
0819       1 
0820       1 
0821       1 
0822       1 
0823       1 
0824       1 
0825       2857 
0826       2858 
0827       2858 
0828       2857 
0829       1 
0830       1 
0831       1 
0832       1 
0833       1 
0834       1 
0835       1 
0836       1 
0837       1 
0838       1 
0839       1 
0840       1 
0841       1 
0842       1 
0843       1 
0844       1 
0845       1 
0846       1 
0847       1 
0848       1 
0849       1 
0850       1 
0851       1 
0852       1 
0853       1 
0854       1 
0855       1 
0856       1 
0857       1 
0858       1 
0859       1 
0860       1 
0861       1 
0862       1 
0863       1 
0864       1 
0865       1 
0866       1 
0867       1 
0868       1 
0869       1 
0870       1 
0871       1 
0872       1 
0873       1 
0874       1 
0875       1 
0876       1 
0877       1 
0878       1 
0879       1 
0880       1 
0881       1 
0882       1 
0883       1 
0884       1 
0885       1 
0886       1 
0887       1 
0888       1 
0889       1 
0890       1 
0891       1 
0892       1 
0893       1 
0894       1 
0895       1 
0896       1 
0897       1 
0898       1 
0899       1 
0900       1 
0901       1 
0902       1 
0903       1 
0904       1 
0905       1 
0906       1 
0907       1 
0908       1 
0909       1 
0910       1 
0911       1 
0912       1 
0913       1 
0914       1 
0915       1 
0916       1 
0917       1 
0918       1 
0919       1 
0920       1 
0921       1 
0922       1 
0923       1 
0924       1 
0925       1 
0926       1 
0927       1 
0928       1 
0929       1 
0930       1 
0931       1 
0932       1 
0933       1 
0934       1 
0935       1 
0936       1 
0937       1 
0938       1 
0939       1 
0940       1 
0941       1 
0942       1 
0943       1 
0944       1 
0945       1 
0946       1 
0947       1 
0948       1 
0949       1 
0950       1 
0951       1 
0952       1 
0953       1 
0954       1 
0955       1 
0956       1 
0957       1 
0958       1 
0959       1 
0960       1 
0961       1 
0962       1 
0963       1 
0964       1 
0965       1 
0966       1 
0967       1 
0968       1 
0969       1 
0970       1 
0971       1 
0972       1 
0973       1 
0974       1 
0975       1 
0976       1 
0977       1 
0978       1 
0979       1 
0980       1 
0981       1 
0982       1 
0983       1 
0984       1 
0985       1 
0986       1 
0987       1 
0988       1 
0989       1 
0990       1 
0991       1 
0992       1 
0993       1 
0994       1 
0995       1 
0996       1 
0997       1 
0998       1 
0999       1 
1000       1 
1001       1 
1002       1 
1003       1 
1004       1 
1005       1 
1006       4 
1007       4 
1008       4 
1009       50 
1010       50 
1011       50 
1012       53 
1013       53 
1014       51 
1015       51 
1016       51 
1017       51 
1018       52 
1019       52 
1020       52 
1021       52 
1022       52 
1023       53 
1024       61 
1025       61 
1026       61 
1027       61 
1028       55 
1029       52 
1030       49 
1031       49 
1032       49 
1033       52 
1034       66 
1035       66 
1036       69 
1037       69 
1038       69 
1039       69 
1040       68 
1041       68 
1042       68 
1043       68 
1044       68 
1045       68 
1046       66 
1047       68 
1048       70 
1049       70 
1050       63 
1051       63 
1052       63 
1053       63 
1054       64 
1055       68 
1056       70 
1057       70 
1058       68 
1059       65 
1060       64 
1061       62 
1062       60 
1063       60 
1064       60 
1065       65 
1066       69 
1067       69 
1068       69 
1069       69 
1070       68 
1071       68 
1072       68 
1073       68 
1074       66 
1075       67 
1076       67 
1077       66 
1078       64 
1079       64 
1297966616.012135
