0000       1 
0001       1 
0002       1 
0003       1 
0004       1 
0005       1 
0006       1 
0007       1 
0008       1 
0009       1 
0010       1 
0011       1 
0012       1 
0013       1 
0014       1 
0015       1 
0016       1 
0017       1 
0018       1 
0019       1 
0020       1 
0021       1 
0022       1 
0023       1 
0024       1 
0025       1 
0026       1 
0027       1 
0028       1 
0029       1 
0030       1 
0031       1 
0032       1 
0033       1 
0034       1 
0035       1 
0036       1 
0037       1 
0038       1 
0039       1 
0040       1 
0041       1 
0042       1 
0043       1 
0044       1 
0045       1 
0046       1 
0047       1 
0048       1 
0049       1 
0050       1 
0051       1 
0052       1 
0053       1 
0054       1 
0055       1 
0056       1 
0057       1 
0058       1 
0059       1 
0060       1 
0061       1 
0062       1 
0063       1 
0064       1 
0065       1 
0066       1 
0067       1 
0068       1 
0069       1 
0070       1 
0071       1 
0072       1 
0073       1 
0074       1 
0075       1 
0076       1 
0077       1 
0078       1 
0079       1 
0080       1 
0081       1 
0082       1 
0083       1 
0084       1 
0085       1 
0086       1 
0087       1 
0088       1 
0089       1 
0090       1 
0091       1 
0092       1 
0093       1 
0094       1 
0095       1 
0096       1 
0097       1 
0098       1 
0099       1 
0100       1 
0101       1 
0102       1 
0103       1 
0104       1 
0105       1 
0106       1 
0107       1 
0108       1 
0109       1 
0110       1 
0111       1 
0112       1 
0113       1 
0114       1 
0115       1 
0116       1 
0117       1 
0118       1 
0119       1 
0120       1 
0121       1 
0122       1 
0123       1 
0124       1 
0125       1 
0126       1 
0127       1 
0128       23922 
0129       23925 
0130       23925 
0131       23911 
0132       23859 
0133       23843 
0134       1 
0135       1 
0136       1 
0137       1 
0138       1 
0139       1 
0140       1 
0141       23666 
0142       23666 
0143       23468 
0144       23654 
0145       23654 
0146       23654 
0147       23599 
0148       23599 
0149       23599 
0150       17864 
0151       17847 
0152       17847 
0153       17847 
0154       17828 
0155       17817 
0156       17808 
0157       17796 
0158       17795 
0159       17786 
0160       17780 
0161       17780 
0162       17776 
0163       17762 
0164       17748 
0165       17748 
0166       17742 
0167       17734 
0168       17526 
0169       17524 
0170       17526 
0171       17515 
0172       17511 
0173       17511 
0174       17536 
0175       17604 
0176       17706 
0177       17802 
0178       17830 
0179       17856 
0180       17861 
0181       17906 
0182       17907 
0183       17907 
0184       1 
0185       1 
0186       1 
0187       1 
0188       1 
0189       1 
0190       17728 
0191       17728 
0192       17599 
0193       17557 
0194       17549 
0195       17557 
0196       17563 
0197       17568 
0198       17569 
0199       17573 
0200       17588 
0201       17589 
0202       17600 
0203       17600 
0204       17531 
0205       17030 
0206       1 
0207       1 
0208       17030 
0209       17642 
0210       17642 
0211       17106 
0212       1 
0213       1 
0214       17106 
0215       17695 
0216       17733 
0217       17774 
0218       17935 
0219       17940 
0220       17943 
0221       17958 
0222       17965 
0223       17979 
0224       18026 
0225       18030 
0226       18031 
0227       18032 
0228       18074 
0229       18076 
0230       18102 
0231       18114 
0232       18114 
0233       18107 
0234       18030 
0235       18026 
0236       18026 
0237       18053 
0238       18064 
0239       18095 
0240       18103 
0241       18108 
0242       18139 
0243       18180 
0244       18202 
0245       18202 
0246       18202 
0247       18202 
0248       18265 
0249       18301 
0250       18312 
0251       18337 
0252       18384 
0253       18384 
0254       18391 
0255       18439 
0256       18488 
0257       18529 
0258       18724 
0259       18744 
0260       18792 
0261       18805 
0262       18822 
0263       18854 
0264       18854 
0265       15813 
0266       15750 
0267       15813 
0268       15813 
0269       15837 
0270       15852 
0271       15886 
0272       15908 
0273       15923 
0274       15980 
0275       15991 
0276       16013 
0277       16063 
0278       16074 
0279       16123 
0280       16170 
0281       16187 
0282       16234 
0283       16234 
0284       1 
0285       1 
0286       1 
0287       1 
0288       1 
0289       1 
0290       1 
0291       14498 
0292       14498 
0293       14396 
0294       14266 
0295       14114 
0296       14003 
0297       13893 
0298       13780 
0299       13652 
0300       13566 
0301       13438 
0302       13366 
0303       13283 
0304       13164 
0305       13075 
0306       12996 
0307       12877 
0308       12771 
0309       12684 
0310       12590 
0311       12590 
0312       12617 
0313       12636 
0314       12663 
0315       12698 
0316       12752 
0317       12768 
0318       12795 
0319       12843 
0320       12883 
0321       12935 
0322       12985 
0323       13021 
0324       13060 
0325       13100 
0326       13160 
0327       13184 
0328       13220 
0329       13295 
0330       13301 
0331       13347 
0332       13425 
0333       13501 
0334       13501 
0335       13575 
0336       13609 
0337       13624 
0338       13681 
0339       13681 
0340       13633 
0341       13574 
0342       13574 
0343       13574 
0344       13538 
0345       13440 
0346       13400 
0347       13321 
0348       13277 
0349       13187 
0350       13144 
0351       13089 
0352       13016 
0353       12940 
0354       12873 
0355       12849 
0356       12759 
0357       12702 
0358       12636 
0359       12616 
0360       12536 
0361       12480 
0362       12407 
0363       12363 
0364       12289 
0365       12246 
0366       12206 
0367       12139 
0368       12094 
0369       12042 
0370       11958 
0371       11915 
0372       11878 
0373       11820 
0374       11799 
0375       11746 
0376       11703 
0377       11658 
0378       11642 
0379       11586 
0380       11581 
0381       11528 
0382       11503 
0383       11440 
0384       11420 
0385       11352 
0386       11317 
0387       11306 
0388       11223 
0389       11193 
0390       11192 
0391       11106 
0392       11078 
0393       11062 
0394       11038 
0395       11007 
0396       10983 
0397       10893 
0398       10883 
0399       10871 
0400       10829 
0401       10779 
0402       10755 
0403       10749 
0404       7575 
0405       7562 
0406       7546 
0407       7511 
0408       7474 
0409       7452 
0410       7452 
0411       7466 
0412       7468 
0413       7525 
0414       7549 
0415       7558 
0416       7549 
0417       7542 
0418       7539 
0419       7485 
0420       7453 
0421       7448 
0422       7418 
0423       7352 
0424       7344 
0425       7316 
0426       7290 
0427       7218 
0428       7218 
0429       7200 
0430       7200 
0431       7182 
0432       7173 
0433       7143 
0434       7121 
0435       7101 
0436       7061 
0437       7054 
0438       7048 
0439       7048 
0440       7029 
0441       7015 
0442       7013 
0443       6986 
0444       6964 
0445       6939 
0446       6894 
0447       6892 
0448       6892 
0449       6890 
0450       6876 
0451       6862 
0452       6858 
0453       6834 
0454       6825 
0455       6820 
0456       6790 
0457       6766 
0458       6762 
0459       6762 
0460       6754 
0461       6753 
0462       6732 
0463       6731 
0464       6713 
0465       6697 
0466       6684 
0467       6642 
0468       6642 
0469       6648 
0470       6649 
0471       6648 
0472       6638 
0473       6611 
0474       6606 
0475       6602 
0476       6583 
0477       6580 
0478       6551 
0479       6551 
0480       6546 
0481       6551 
0482       6546 
0483       6534 
0484       6526 
0485       6506 
0486       6503 
0487       6501 
0488       6495 
0489       6469 
0490       6450 
0491       6450 
0492       6460 
0493       6466 
0494       6460 
0495       6454 
0496       6447 
0497       6436 
0498       6432 
0499       6432 
0500       6408 
0501       6378 
0502       6378 
0503       6385 
0504       6395 
0505       6395 
0506       6388 
0507       6375 
0508       6376 
0509       6375 
0510       6362 
0511       6361 
0512       6351 
0513       6327 
0514       6322 
0515       6322 
0516       6322 
0517       6333 
0518       6335 
0519       6335 
0520       6316 
0521       6308 
0522       6308 
0523       6313 
0524       6313 
0525       6284 
0526       6284 
0527       6293 
0528       6299 
0529       6304 
0530       6312 
0531       6304 
0532       6312 
0533       6302 
0534       6308 
0535       6302 
0536       6285 
0537       6257 
0538       6257 
0539       6270 
0540       6278 
0541       6287 
0542       6289 
0543       6293 
0544       6289 
0545       6292 
0546       6286 
0547       6283 
0548       6278 
0549       6269 
0550       6259 
0551       6259 
0552       6273 
0553       6282 
0554       6288 
0555       6288 
0556       6288 
0557       6291 
0558       6291 
0559       6291 
0560       6290 
0561       6286 
0562       6268 
0563       6268 
0564       6284 
0565       6297 
0566       6312 
0567       6308 
0568       6318 
0569       6318 
0570       6322 
0571       6328 
0572       6328 
0573       6326 
0574       6291 
0575       6291 
0576       6308 
0577       6341 
0578       6344 
0579       6347 
0580       6350 
0581       6355 
0582       6357 
0583       6360 
0584       6366 
0585       6366 
0586       6353 
0587       6353 
0588       6367 
0589       6378 
0590       6389 
0591       6390 
0592       6402 
0593       6413 
0594       6416 
0595       6415 
0596       6423 
0597       6419 
0598       6419 
0599       6419 
0600       6447 
0601       6452 
0602       6465 
0603       6478 
0604       6491 
0605       6495 
0606       6499 
0607       6503 
0608       6503 
0609       6495 
0610       6495 
0611       6506 
0612       6535 
0613       6547 
0614       6551 
0615       6564 
0616       6567 
0617       6583 
0618       6594 
0619       6604 
0620       6604 
0621       6599 
0622       6599 
0623       6635 
0624       6653 
0625       6670 
0626       6679 
0627       6679 
0628       6681 
0629       6691 
0630       6707 
0631       6709 
0632       6709 
0633       6731 
0634       6759 
0635       6760 
0636       6783 
0637       6798 
0638       6804 
0639       6814 
0640       6834 
0641       6834 
0642       6829 
0643       6829 
0644       6853 
0645       6889 
0646       6914 
0647       6924 
0648       6927 
0649       6941 
0650       6958 
0651       6973 
0652       6974 
0653       6975 
0654       6974 
0655       6957 
0656       6957 
0657       9604 
0658       9608 
0659       9627 
0660       9652 
0661       9705 
0662       9720 
0663       9748 
0664       9752 
0665       9784 
0666       9816 
0667       9853 
0668       9859 
0669       9905 
0670       9912 
0671       9961 
0672       9963 
0673       9983 
0674       10038 
0675       10067 
0676       10082 
0677       10115 
0678       10143 
0679       10170 
0680       10186 
0681       10253 
0682       10266 
0683       10269 
0684       10315 
0685       10344 
0686       10375 
0687       10421 
0688       10423 
0689       10495 
0690       10498 
0691       10539 
0692       10570 
0693       10614 
0694       10636 
0695       10694 
0696       10735 
0697       10753 
0698       10787 
0699       10829 
0700       10871 
0701       10887 
0702       10938 
0703       10969 
0704       11027 
0705       11054 
0706       11135 
0707       11156 
0708       11200 
0709       11207 
0710       11296 
0711       11332 
0712       11399 
0713       11420 
0714       11454 
0715       11481 
0716       11508 
0717       11525 
0718       11534 
0719       11600 
0720       11645 
0721       11720 
0722       11764 
0723       11834 
0724       11929 
0725       11929 
0726       11862 
0727       11862 
0728       11862 
0729       11816 
0730       11789 
0731       11756 
0732       11710 
0733       11675 
0734       11609 
0735       11534 
0736       11508 
0737       11491 
0738       11462 
0739       11344 
0740       11329 
0741       11323 
0742       11319 
0743       11283 
0744       11231 
0745       11193 
0746       11157 
0747       11112 
0748       11077 
0749       11039 
0750       11024 
0751       10971 
0752       10923 
0753       10887 
0754       10870 
0755       10814 
0756       10786 
0757       10742 
0758       10712 
0759       10700 
0760       10649 
0761       10616 
0762       10588 
0763       10543 
0764       10522 
0765       10365 
0766       10073 
0767       9852 
0768       9852 
0769       9804 
0770       9804 
0771       1 
0772       1 
0773       9889 
0774       9889 
0775       9889 
0776       9735 
0777       9673 
0778       9673 
0779       9696 
0780       9673 
0781       1 
0782       1 
0783       1 
0784       1 
0785       1 
0786       1 
0787       1 
0788       4198 
0789       4221 
0790       4235 
0791       4244 
0792       4273 
0793       4286 
0794       4312 
0795       4335 
0796       4352 
0797       4377 
0798       4399 
0799       4428 
0800       4458 
0801       4470 
0802       4477 
0803       4477 
0804       4477 
0805       4462 
0806       3800 
0807       3769 
0808       3769 
0809       3769 
0810       3786 
0811       3810 
0812       3820 
0813       3835 
0814       3841 
0815       3883 
0816       3919 
0817       3925 
0818       3966 
0819       4006 
0820       4041 
0821       4078 
0822       4112 
0823       4159 
0824       4162 
0825       4201 
0826       4258 
0827       4290 
0828       4351 
0829       4397 
0830       4417 
0831       4499 
0832       4558 
0833       4610 
0834       4653 
0835       4760 
0836       4803 
0837       4873 
0838       4996 
0839       5103 
0840       5216 
0841       5306 
0842       5417 
0843       7471 
0844       7471 
0845       7467 
0846       7453 
0847       7398 
0848       7395 
0849       7317 
0850       7263 
0851       7243 
0852       7234 
0853       7200 
0854       7158 
0855       7124 
0856       7079 
0857       7071 
0858       7065 
0859       6999 
0860       6996 
0861       6963 
0862       6899 
0863       6840 
0864       6840 
0865       6821 
0866       6898 
0867       6929 
0868       7088 
0869       7266 
0870       7503 
0871       7582 
0872       7582 
0873       7564 
0874       7529 
0875       7496 
0876       7496 
0877       7523 
0878       7523 
0879       7515 
0880       7415 
0881       7506 
0882       7506 
0883       7506 
0884       7487 
0885       7337 
0886       7337 
0887       1 
0888       1 
0889       1 
0890       1 
0891       1 
0892       1 
0893       1 
0894       1 
0895       1 
0896       1 
0897       1 
0898       1 
0899       1 
0900       1 
0901       1 
0902       1 
0903       1 
0904       1 
0905       1 
0906       1 
0907       1 
0908       1 
0909       1 
0910       1 
0911       1 
0912       1 
0913       1 
0914       1 
0915       1 
0916       1 
0917       1 
0918       1 
0919       1 
0920       1 
0921       1 
0922       1 
0923       1 
0924       1 
0925       1 
0926       1 
0927       1 
0928       1 
0929       1 
0930       1 
0931       1 
0932       1 
0933       1 
0934       1 
0935       1 
0936       1 
0937       1 
0938       1 
0939       1 
0940       1 
0941       1 
0942       1 
0943       1 
0944       1 
0945       1 
0946       1 
0947       1 
0948       1 
0949       1 
0950       1 
0951       1 
0952       1 
0953       1 
0954       1 
0955       1 
0956       1 
0957       1 
0958       1 
0959       1 
0960       1 
0961       1 
0962       1 
0963       1 
0964       1 
0965       1 
0966       1 
0967       1 
0968       1 
0969       1 
0970       1 
0971       1 
0972       1 
0973       1 
0974       1 
0975       1 
0976       1 
0977       1 
0978       1 
0979       1 
0980       1 
0981       1 
0982       1 
0983       1 
0984       1 
0985       1 
0986       1 
0987       1 
0988       1 
0989       1 
0990       1 
0991       1 
0992       1 
0993       1 
0994       1 
0995       1 
0996       1 
0997       1 
0998       1 
0999       1 
1000       1 
1001       1 
1002       1 
1003       1 
1004       1 
1005       1 
1006       4 
1007       59 
1008       59 
1009       59 
1010       43 
1011       4 
1012       4 
1013       43 
1014       43 
1015       49 
1016       55 
1017       55 
1018       50 
1019       50 
1020       50 
1021       50 
1022       50 
1023       51 
1024       51 
1025       54 
1026       54 
1027       54 
1028       54 
1029       54 
1030       52 
1031       51 
1032       51 
1033       52 
1034       57 
1035       65 
1036       74 
1037       74 
1038       74 
1039       66 
1040       66 
1041       66 
1042       65 
1043       65 
1044       65 
1045       63 
1046       63 
1047       63 
1048       61 
1049       62 
1050       63 
1051       63 
1052       63 
1053       69 
1054       69 
1055       70 
1056       70 
1057       70 
1058       69 
1059       69 
1060       69 
1061       62 
1062       62 
1063       62 
1064       62 
1065       68 
1066       68 
1067       70 
1068       70 
1069       70 
1070       70 
1071       70 
1072       70 
1073       70 
1074       70 
1075       68 
1076       70 
1077       72 
1078       69 
1079       69 
1297966676.239440
