0000       1 
0001       1 
0002       1 
0003       1 
0004       1 
0005       1 
0006       1 
0007       1 
0008       1 
0009       1 
0010       1 
0011       1 
0012       1 
0013       1 
0014       1 
0015       1 
0016       1 
0017       1 
0018       1 
0019       1 
0020       1 
0021       1 
0022       1 
0023       1 
0024       1 
0025       1 
0026       1 
0027       1 
0028       1 
0029       1 
0030       1 
0031       1 
0032       1 
0033       1 
0034       1 
0035       1 
0036       1 
0037       1 
0038       1 
0039       1 
0040       1 
0041       1 
0042       1 
0043       1 
0044       1 
0045       1 
0046       1 
0047       1 
0048       1 
0049       1 
0050       1 
0051       1 
0052       1 
0053       1 
0054       1 
0055       1 
0056       1 
0057       1 
0058       1 
0059       1 
0060       1 
0061       1 
0062       1 
0063       1 
0064       1 
0065       1 
0066       1 
0067       1 
0068       1 
0069       1 
0070       1 
0071       1 
0072       1 
0073       1 
0074       1 
0075       1 
0076       1 
0077       1 
0078       1 
0079       1 
0080       1 
0081       1 
0082       1 
0083       1 
0084       1 
0085       1 
0086       1 
0087       1 
0088       1 
0089       1 
0090       1 
0091       1 
0092       1 
0093       1 
0094       1 
0095       1 
0096       1 
0097       1 
0098       1 
0099       1 
0100       1 
0101       1 
0102       1 
0103       1 
0104       1 
0105       1 
0106       1 
0107       1 
0108       1 
0109       1 
0110       1 
0111       1 
0112       1 
0113       1 
0114       1 
0115       1 
0116       1 
0117       1 
0118       1 
0119       1 
0120       1 
0121       1 
0122       1 
0123       1 
0124       1 
0125       1 
0126       1 
0127       1 
0128       1 
0129       1 
0130       1 
0131       1 
0132       1 
0133       1 
0134       1 
0135       1 
0136       1 
0137       1 
0138       1 
0139       1 
0140       1 
0141       1 
0142       1 
0143       1 
0144       1 
0145       1 
0146       1 
0147       1 
0148       1 
0149       1 
0150       1 
0151       1 
0152       1 
0153       1 
0154       1 
0155       1 
0156       1 
0157       1 
0158       1 
0159       1 
0160       1 
0161       1 
0162       1 
0163       1 
0164       1 
0165       1 
0166       1 
0167       1 
0168       1 
0169       1 
0170       1 
0171       1 
0172       1 
0173       1 
0174       1 
0175       1 
0176       1 
0177       1 
0178       1 
0179       1 
0180       1 
0181       1 
0182       1 
0183       1 
0184       1 
0185       1 
0186       1 
0187       1 
0188       1 
0189       1 
0190       1 
0191       1 
0192       1 
0193       1 
0194       1 
0195       1 
0196       1 
0197       1 
0198       1 
0199       1 
0200       1 
0201       1 
0202       1 
0203       1 
0204       1 
0205       1 
0206       1 
0207       1 
0208       1 
0209       20108 
0210       20193 
0211       20193 
0212       20315 
0213       20400 
0214       20484 
0215       20484 
0216       20484 
0217       1 
0218       20564 
0219       20964 
0220       20964 
0221       20474 
0222       20354 
0223       20354 
0224       20474 
0225       20354 
0226       1 
0227       1 
0228       1 
0229       1 
0230       1 
0231       19054 
0232       19054 
0233       19012 
0234       1 
0235       1 
0236       1 
0237       1 
0238       1 
0239       1 
0240       1 
0241       1 
0242       1 
0243       1 
0244       1 
0245       1 
0246       1 
0247       1 
0248       1 
0249       1 
0250       1 
0251       1 
0252       1 
0253       1 
0254       1 
0255       1 
0256       1 
0257       1 
0258       1 
0259       1 
0260       1 
0261       1 
0262       1 
0263       1 
0264       1 
0265       1 
0266       1 
0267       1 
0268       1 
0269       1 
0270       1 
0271       1 
0272       1 
0273       1 
0274       1 
0275       1 
0276       1 
0277       1 
0278       1 
0279       1 
0280       1 
0281       1 
0282       1 
0283       1 
0284       1 
0285       1 
0286       1 
0287       1 
0288       1 
0289       1 
0290       1 
0291       1 
0292       1 
0293       1 
0294       1 
0295       1 
0296       1 
0297       1 
0298       1 
0299       1 
0300       1 
0301       1 
0302       1 
0303       1 
0304       1 
0305       1 
0306       1 
0307       1 
0308       1 
0309       1 
0310       1 
0311       1 
0312       1 
0313       1 
0314       1 
0315       18080 
0316       18080 
0317       17962 
0318       17792 
0319       17668 
0320       17557 
0321       17315 
0322       17137 
0323       17137 
0324       17014 
0325       16784 
0326       16674 
0327       16615 
0328       16499 
0329       16358 
0330       16278 
0331       16161 
0332       16049 
0333       15958 
0334       15848 
0335       15709 
0336       15577 
0337       15497 
0338       15372 
0339       15334 
0340       15182 
0341       15105 
0342       14982 
0343       14884 
0344       14807 
0345       14702 
0346       14647 
0347       14529 
0348       14448 
0349       14300 
0350       14257 
0351       14168 
0352       14056 
0353       13888 
0354       13730 
0355       13580 
0356       13459 
0357       13417 
0358       13333 
0359       13265 
0360       13208 
0361       13154 
0362       13048 
0363       12981 
0364       12891 
0365       12845 
0366       12799 
0367       12671 
0368       12612 
0369       12555 
0370       12523 
0371       12445 
0372       12383 
0373       12299 
0374       12253 
0375       12189 
0376       12150 
0377       12073 
0378       12035 
0379       11956 
0380       11934 
0381       11881 
0382       11848 
0383       11777 
0384       11710 
0385       11687 
0386       11635 
0387       11582 
0388       11557 
0389       11521 
0390       11521 
0391       11537 
0392       11537 
0393       11529 
0394       11484 
0395       11434 
0396       11397 
0397       11346 
0398       11314 
0399       11309 
0400       11223 
0401       11175 
0402       11144 
0403       11113 
0404       11044 
0405       10988 
0406       10978 
0407       10933 
0408       10926 
0409       10891 
0410       10839 
0411       10800 
0412       10769 
0413       10712 
0414       10666 
0415       10663 
0416       10650 
0417       10575 
0418       10543 
0419       10522 
0420       10499 
0421       10459 
0422       10404 
0423       10374 
0424       10345 
0425       10304 
0426       10298 
0427       10280 
0428       10234 
0429       10216 
0430       10162 
0431       10140 
0432       10132 
0433       10090 
0434       10065 
0435       10024 
0436       10009 
0437       10006 
0438       9947 
0439       9904 
0440       9894 
0441       9894 
0442       9852 
0443       9808 
0444       9801 
0445       9766 
0446       9737 
0447       9693 
0448       9688 
0449       9640 
0450       9633 
0451       9613 
0452       9584 
0453       9559 
0454       9551 
0455       9522 
0456       9517 
0457       9496 
0458       9456 
0459       9454 
0460       9433 
0461       9390 
0462       9371 
0463       9344 
0464       9341 
0465       9329 
0466       9300 
0467       9270 
0468       9268 
0469       9223 
0470       9219 
0471       9203 
0472       9185 
0473       9166 
0474       9165 
0475       9150 
0476       9124 
0477       9099 
0478       9093 
0479       9061 
0480       9059 
0481       9026 
0482       9026 
0483       9009 
0484       9000 
0485       8988 
0486       8978 
0487       8971 
0488       8941 
0489       8938 
0490       8912 
0491       8896 
0492       8892 
0493       8860 
0494       8860 
0495       8852 
0496       8842 
0497       8839 
0498       8822 
0499       8821 
0500       8784 
0501       8779 
0502       8777 
0503       8765 
0504       8755 
0505       8755 
0506       8728 
0507       8728 
0508       8726 
0509       8726 
0510       8711 
0511       8681 
0512       8676 
0513       8676 
0514       8671 
0515       8671 
0516       8663 
0517       8640 
0518       8630 
0519       8621 
0520       8620 
0521       8620 
0522       8608 
0523       8592 
0524       8580 
0525       8586 
0526       8569 
0527       8569 
0528       8569 
0529       8566 
0530       8562 
0531       8562 
0532       8562 
0533       8547 
0534       8547 
0535       8542 
0536       8539 
0537       8534 
0538       8522 
0539       8514 
0540       8514 
0541       8514 
0542       8510 
0543       8508 
0544       8507 
0545       8498 
0546       8493 
0547       8488 
0548       8488 
0549       8493 
0550       8500 
0551       8500 
0552       8479 
0553       8479 
0554       8479 
0555       8479 
0556       8475 
0557       8475 
0558       8480 
0559       8484 
0560       8485 
0561       8490 
0562       8492 
0563       8492 
0564       8494 
0565       8497 
0566       8497 
0567       8496 
0568       8496 
0569       8503 
0570       8503 
0571       8503 
0572       8505 
0573       8512 
0574       8505 
0575       8512 
0576       8512 
0577       8514 
0578       8527 
0579       8527 
0580       8535 
0581       8541 
0582       8546 
0583       8546 
0584       8550 
0585       8565 
0586       8565 
0587       8570 
0588       8570 
0589       8573 
0590       8577 
0591       8579 
0592       8599 
0593       8604 
0594       8607 
0595       8611 
0596       8611 
0597       8611 
0598       8623 
0599       8623 
0600       8623 
0601       8625 
0602       8636 
0603       8642 
0604       8650 
0605       8652 
0606       8650 
0607       8652 
0608       8666 
0609       8668 
0610       8709 
0611       8711 
0612       8711 
0613       8711 
0614       8713 
0615       8725 
0616       8756 
0617       8758 
0618       8773 
0619       8784 
0620       8789 
0621       8794 
0622       8819 
0623       8830 
0624       8840 
0625       8856 
0626       8881 
0627       8881 
0628       8881 
0629       8900 
0630       8902 
0631       8916 
0632       8926 
0633       8935 
0634       8937 
0635       8949 
0636       8976 
0637       8982 
0638       9003 
0639       9009 
0640       9015 
0641       9038 
0642       9053 
0643       9054 
0644       9063 
0645       9096 
0646       9108 
0647       9113 
0648       9125 
0649       9141 
0650       9151 
0651       9182 
0652       9204 
0653       9217 
0654       9223 
0655       9231 
0656       9246 
0657       9276 
0658       9287 
0659       9311 
0660       9326 
0661       9342 
0662       9349 
0663       9390 
0664       9390 
0665       9429 
0666       9432 
0667       9453 
0668       9466 
0669       9514 
0670       9525 
0671       9534 
0672       9579 
0673       9585 
0674       9607 
0675       9648 
0676       9665 
0677       9688 
0678       9691 
0679       9718 
0680       9764 
0681       9778 
0682       9789 
0683       9844 
0684       9867 
0685       9899 
0686       9920 
0687       9939 
0688       9952 
0689       9985 
0690       10025 
0691       10052 
0692       10066 
0693       10085 
0694       10156 
0695       10160 
0696       10201 
0697       10234 
0698       10237 
0699       10262 
0700       10313 
0701       10368 
0702       10375 
0703       10375 
0704       10370 
0705       10361 
0706       10361 
0707       10379 
0708       10393 
0709       10404 
0710       10422 
0711       10449 
0712       10493 
0713       10537 
0714       10559 
0715       10597 
0716       10625 
0717       10666 
0718       10668 
0719       10725 
0720       10754 
0721       10804 
0722       10860 
0723       10878 
0724       10890 
0725       10890 
0726       10725 
0727       8039 
0728       8018 
0729       8039 
0730       8079 
0731       8090 
0732       8114 
0733       8157 
0734       8196 
0735       8226 
0736       8254 
0737       8282 
0738       8364 
0739       8365 
0740       8398 
0741       8408 
0742       8408 
0743       8408 
0744       8364 
0745       8357 
0746       8291 
0747       8288 
0748       8258 
0749       8165 
0750       8062 
0751       7896 
0752       7793 
0753       7741 
0754       7697 
0755       7662 
0756       7660 
0757       7612 
0758       7564 
0759       7557 
0760       7546 
0761       5959 
0762       5956 
0763       5942 
0764       5942 
0765       5899 
0766       5879 
0767       5860 
0768       5845 
0769       5802 
0770       5784 
0771       5721 
0772       5692 
0773       5675 
0774       5632 
0775       5600 
0776       5540 
0777       5515 
0778       5502 
0779       5394 
0780       5319 
0781       5319 
0782       5319 
0783       5303 
0784       5276 
0785       5254 
0786       5210 
0787       5205 
0788       5199 
0789       5205 
0790       5220 
0791       5224 
0792       5275 
0793       5302 
0794       5321 
0795       5372 
0796       5401 
0797       5439 
0798       5495 
0799       5534 
0800       5585 
0801       5625 
0802       5682 
0803       5725 
0804       5787 
0805       5822 
0806       5875 
0807       5942 
0808       6025 
0809       6116 
0810       6192 
0811       6303 
0812       6384 
0813       6455 
0814       6511 
0815       6558 
0816       6619 
0817       6660 
0818       6751 
0819       6807 
0820       6883 
0821       6970 
0822       7035 
0823       7107 
0824       7162 
0825       7242 
0826       7296 
0827       7379 
0828       7428 
0829       7496 
0830       7550 
0831       7636 
0832       7733 
0833       7806 
0834       7851 
0835       7864 
0836       7869 
0837       7957 
0838       8086 
0839       8196 
0840       8486 
0841       8647 
0842       8721 
0843       8721 
0844       8594 
0845       8587 
0846       8587 
0847       8588 
0848       9344 
0849       9559 
0850       9713 
0851       9887 
0852       10014 
0853       10120 
0854       10268 
0855       10383 
0856       10511 
0857       10696 
0858       10892 
0859       10998 
0860       11181 
0861       11395 
0862       11590 
0863       11792 
0864       11982 
0865       12196 
0866       12446 
0867       12621 
0868       12938 
0869       13181 
0870       13181 
0871       13181 
0872       1 
0873       1 
0874       1 
0875       1 
0876       14997 
0877       14997 
0878       1 
0879       1 
0880       1 
0881       22502 
0882       22502 
0883       22472 
0884       22455 
0885       1 
0886       1 
0887       1 
0888       1 
0889       1 
0890       1 
0891       1 
0892       1 
0893       1 
0894       1 
0895       1 
0896       1 
0897       1 
0898       1 
0899       1 
0900       1 
0901       22565 
0902       22568 
0903       22568 
0904       22568 
0905       22572 
0906       22572 
0907       22572 
0908       22547 
0909       22277 
0910       22246 
0911       22246 
0912       22222 
0913       22222 
0914       22220 
0915       22238 
0916       22238 
0917       22238 
0918       22234 
0919       22234 
0920       22239 
0921       22239 
0922       22221 
0923       1 
0924       1 
0925       1 
0926       25999 
0927       25999 
0928       1 
0929       1 
0930       1 
0931       1 
0932       1 
0933       1 
0934       1 
0935       1 
0936       1 
0937       1 
0938       1 
0939       1 
0940       1 
0941       1 
0942       1 
0943       1 
0944       1 
0945       1 
0946       1 
0947       1 
0948       1 
0949       1 
0950       1 
0951       1 
0952       1 
0953       1 
0954       1 
0955       1 
0956       1 
0957       1 
0958       1 
0959       1 
0960       1 
0961       1 
0962       1 
0963       1 
0964       1 
0965       1 
0966       1 
0967       1 
0968       1 
0969       1 
0970       1 
0971       1 
0972       1 
0973       1 
0974       1 
0975       1 
0976       1 
0977       1 
0978       1 
0979       1 
0980       1 
0981       1 
0982       1 
0983       1 
0984       1 
0985       1 
0986       1 
0987       1 
0988       1 
0989       1 
0990       1 
0991       1 
0992       1 
0993       1 
0994       1 
0995       1 
0996       1 
0997       1 
0998       1 
0999       1 
1000       1 
1001       1 
1002       1 
1003       1 
1004       1 
1005       1 
1006       1 
1007       4 
1008       4 
1009       41 
1010       42 
1011       55 
1012       64 
1013       64 
1014       67 
1015       58 
1016       58 
1017       50 
1018       50 
1019       50 
1020       50 
1021       55 
1022       63 
1023       63 
1024       63 
1025       67 
1026       68 
1027       68 
1028       68 
1029       66 
1030       57 
1031       57 
1032       57 
1033       59 
1034       62 
1035       65 
1036       66 
1037       70 
1038       74 
1039       73 
1040       73 
1041       73 
1042       63 
1043       63 
1044       63 
1045       67 
1046       69 
1047       69 
1048       69 
1049       69 
1050       69 
1051       66 
1052       66 
1053       69 
1054       66 
1055       72 
1056       72 
1057       71 
1058       64 
1059       67 
1060       64 
1061       63 
1062       63 
1063       67 
1064       68 
1065       69 
1066       70 
1067       69 
1068       69 
1069       70 
1070       69 
1071       69 
1072       69 
1073       71 
1074       71 
1075       71 
1076       71 
1077       71 
1078       73 
1079       71 
1297966627.596730
