0000       1 
0001       1 
0002       1 
0003       1 
0004       1 
0005       1 
0006       1 
0007       1 
0008       1 
0009       1 
0010       1 
0011       1 
0012       1 
0013       1 
0014       1 
0015       1 
0016       1 
0017       1 
0018       1 
0019       1 
0020       1 
0021       1 
0022       1 
0023       1 
0024       1 
0025       1 
0026       1 
0027       1 
0028       1 
0029       1 
0030       1 
0031       1 
0032       1 
0033       1 
0034       1 
0035       1 
0036       1 
0037       1 
0038       1 
0039       1 
0040       1 
0041       1 
0042       1 
0043       1 
0044       1 
0045       1 
0046       1 
0047       1 
0048       1 
0049       1 
0050       1 
0051       1 
0052       1 
0053       1 
0054       1 
0055       1 
0056       1 
0057       1 
0058       1 
0059       1 
0060       1 
0061       1 
0062       1 
0063       1 
0064       1 
0065       1 
0066       1 
0067       1 
0068       1 
0069       1 
0070       1 
0071       1 
0072       1 
0073       1 
0074       1 
0075       1 
0076       1 
0077       1 
0078       1 
0079       1 
0080       1 
0081       1 
0082       1 
0083       1 
0084       1 
0085       1 
0086       1 
0087       1 
0088       1 
0089       1 
0090       1 
0091       1 
0092       1 
0093       1 
0094       1 
0095       1 
0096       1 
0097       1 
0098       1 
0099       1 
0100       1 
0101       1 
0102       1 
0103       1 
0104       1 
0105       1 
0106       1 
0107       1 
0108       1 
0109       1 
0110       1 
0111       1 
0112       1 
0113       1 
0114       1 
0115       1 
0116       1 
0117       1 
0118       1 
0119       1 
0120       1 
0121       1 
0122       1 
0123       1 
0124       1 
0125       1 
0126       1 
0127       1 
0128       1 
0129       1 
0130       1 
0131       1 
0132       1 
0133       1 
0134       1 
0135       1 
0136       1 
0137       1 
0138       1 
0139       1 
0140       1 
0141       1 
0142       1 
0143       1 
0144       1 
0145       1 
0146       1 
0147       1 
0148       1 
0149       1 
0150       1 
0151       1 
0152       1 
0153       1 
0154       1 
0155       1 
0156       1 
0157       1 
0158       1 
0159       1 
0160       1 
0161       1 
0162       1 
0163       1 
0164       1 
0165       1 
0166       1 
0167       1 
0168       1 
0169       1 
0170       1 
0171       1 
0172       1 
0173       1 
0174       1 
0175       1 
0176       1 
0177       1 
0178       1 
0179       1 
0180       1 
0181       1 
0182       1 
0183       1 
0184       1 
0185       1 
0186       1 
0187       1 
0188       1 
0189       1 
0190       1 
0191       1 
0192       1 
0193       1 
0194       1 
0195       1 
0196       1 
0197       1 
0198       1 
0199       1 
0200       1 
0201       1 
0202       1 
0203       1 
0204       1 
0205       1 
0206       1 
0207       1 
0208       1 
0209       1 
0210       1 
0211       1 
0212       1 
0213       1 
0214       1 
0215       1 
0216       1 
0217       1 
0218       1 
0219       1 
0220       1 
0221       1 
0222       1 
0223       1 
0224       1 
0225       1 
0226       14160 
0227       14160 
0228       14219 
0229       14219 
0230       1 
0231       1 
0232       1 
0233       14577 
0234       14577 
0235       1 
0236       1 
0237       1 
0238       1 
0239       1 
0240       1 
0241       1 
0242       1 
0243       1 
0244       1 
0245       1 
0246       1 
0247       1 
0248       1 
0249       1 
0250       1 
0251       1 
0252       1 
0253       1 
0254       1 
0255       1 
0256       1 
0257       1 
0258       1 
0259       1 
0260       1 
0261       1 
0262       1 
0263       1 
0264       1 
0265       1 
0266       1 
0267       1 
0268       1 
0269       1 
0270       1 
0271       1 
0272       1 
0273       1 
0274       1 
0275       1 
0276       1 
0277       1 
0278       1 
0279       1 
0280       1 
0281       1 
0282       1 
0283       1 
0284       1 
0285       1 
0286       1 
0287       1 
0288       1 
0289       1 
0290       1 
0291       1 
0292       1 
0293       1 
0294       1 
0295       1 
0296       1 
0297       1 
0298       1 
0299       1 
0300       1 
0301       1 
0302       1 
0303       1 
0304       1 
0305       1 
0306       1 
0307       1 
0308       1 
0309       1 
0310       1 
0311       18014 
0312       18014 
0313       18014 
0314       17896 
0315       17766 
0316       17654 
0317       17473 
0318       17356 
0319       17207 
0320       17149 
0321       17030 
0322       16863 
0323       16707 
0324       16595 
0325       16521 
0326       16403 
0327       16268 
0328       16150 
0329       16073 
0330       15988 
0331       15849 
0332       15741 
0333       15629 
0334       15544 
0335       15464 
0336       15366 
0337       15223 
0338       15188 
0339       15093 
0340       14987 
0341       14870 
0342       14806 
0343       14724 
0344       14653 
0345       14533 
0346       14474 
0347       14364 
0348       14313 
0349       14219 
0350       14131 
0351       14064 
0352       13989 
0353       13906 
0354       13828 
0355       13759 
0356       13658 
0357       13623 
0358       13544 
0359       13465 
0360       13379 
0361       13340 
0362       13263 
0363       13194 
0364       13138 
0365       13064 
0366       13006 
0367       12943 
0368       12882 
0369       12796 
0370       12776 
0371       12740 
0372       12648 
0373       12595 
0374       12551 
0375       12476 
0376       12425 
0377       12370 
0378       12332 
0379       12270 
0380       12170 
0381       12139 
0382       12090 
0383       12067 
0384       12022 
0385       11950 
0386       11893 
0387       11867 
0388       11813 
0389       11769 
0390       11708 
0391       11696 
0392       11625 
0393       11610 
0394       11565 
0395       11502 
0396       11471 
0397       11407 
0398       11392 
0399       11344 
0400       11336 
0401       11272 
0402       11190 
0403       11175 
0404       11110 
0405       11086 
0406       11082 
0407       10998 
0408       10989 
0409       10962 
0410       10937 
0411       10879 
0412       10858 
0413       10798 
0414       10785 
0415       10762 
0416       10716 
0417       10694 
0418       10662 
0419       10626 
0420       10576 
0421       10550 
0422       10537 
0423       10519 
0424       10459 
0425       10419 
0426       10418 
0427       10378 
0428       10349 
0429       10322 
0430       10275 
0431       10260 
0432       10245 
0433       10212 
0434       10190 
0435       10175 
0436       10141 
0437       10090 
0438       10074 
0439       10055 
0440       10054 
0441       9985 
0442       9979 
0443       9954 
0444       9933 
0445       9915 
0446       9901 
0447       9873 
0448       9837 
0449       9825 
0450       9794 
0451       9783 
0452       9756 
0453       9754 
0454       9724 
0455       9709 
0456       9663 
0457       9652 
0458       9619 
0459       9605 
0460       9604 
0461       9574 
0462       9540 
0463       9396 
0464       9342 
0465       9317 
0466       9297 
0467       9265 
0468       9261 
0469       9248 
0470       9227 
0471       9226 
0472       9199 
0473       9194 
0474       9175 
0475       9166 
0476       9158 
0477       9135 
0478       9115 
0479       9085 
0480       9085 
0481       9080 
0482       9046 
0483       9045 
0484       9025 
0485       9018 
0486       9010 
0487       8990 
0488       8988 
0489       8971 
0490       8950 
0491       8938 
0492       8938 
0493       8935 
0494       8922 
0495       8908 
0496       8891 
0497       8886 
0498       8870 
0499       8870 
0500       8860 
0501       8842 
0502       8837 
0503       8817 
0504       8811 
0505       8811 
0506       8811 
0507       8806 
0508       8800 
0509       8784 
0510       8778 
0511       5756 
0512       5743 
0513       5743 
0514       5743 
0515       5744 
0516       5744 
0517       5747 
0518       5747 
0519       5750 
0520       5769 
0521       5846 
0522       5902 
0523       5921 
0524       5921 
0525       5921 
0526       5914 
0527       5909 
0528       5909 
0529       5912 
0530       5917 
0531       5912 
0532       5909 
0533       5901 
0534       5901 
0535       5901 
0536       5902 
0537       5902 
0538       5905 
0539       5902 
0540       5905 
0541       5907 
0542       5907 
0543       5894 
0544       5894 
0545       5884 
0546       5893 
0547       5893 
0548       5893 
0549       5897 
0550       5897 
0551       5897 
0552       5896 
0553       5896 
0554       5894 
0555       5894 
0556       5892 
0557       5898 
0558       5898 
0559       5898 
0560       5909 
0561       5914 
0562       5914 
0563       5911 
0564       5909 
0565       5905 
0566       5905 
0567       5905 
0568       5912 
0569       5930 
0570       5930 
0571       5930 
0572       5930 
0573       5923 
0574       5920 
0575       5920 
0576       5928 
0577       5928 
0578       5928 
0579       5935 
0580       5937 
0581       5937 
0582       5946 
0583       5948 
0584       5952 
0585       5952 
0586       5952 
0587       5963 
0588       5966 
0589       5972 
0590       5977 
0591       6000 
0592       6000 
0593       6000 
0594       6009 
0595       6009 
0596       6009 
0597       6014 
0598       6015 
0599       6014 
0600       6025 
0601       6044 
0602       6051 
0603       6052 
0604       6052 
0605       6053 
0606       6060 
0607       6074 
0608       6080 
0609       6091 
0610       6091 
0611       6092 
0612       6098 
0613       6107 
0614       6113 
0615       6132 
0616       6132 
0617       6132 
0618       6144 
0619       6149 
0620       6174 
0621       6175 
0622       6179 
0623       6181 
0624       6198 
0625       6208 
0626       6212 
0627       6212 
0628       6232 
0629       6238 
0630       6250 
0631       6254 
0632       6266 
0633       6280 
0634       6280 
0635       6292 
0636       6302 
0637       6322 
0638       6326 
0639       6329 
0640       6359 
0641       6374 
0642       6375 
0643       6381 
0644       6405 
0645       6419 
0646       6448 
0647       6448 
0648       6449 
0649       6465 
0650       6470 
0651       6476 
0652       6486 
0653       6517 
0654       6530 
0655       6540 
0656       6566 
0657       6575 
0658       6579 
0659       6598 
0660       6599 
0661       6607 
0662       6639 
0663       6653 
0664       6671 
0665       6680 
0666       6709 
0667       6729 
0668       6742 
0669       6750 
0670       6768 
0671       6782 
0672       6807 
0673       6841 
0674       6846 
0675       6860 
0676       6868 
0677       6891 
0678       6894 
0679       6912 
0680       6971 
0681       6987 
0682       6988 
0683       7003 
0684       7036 
0685       7073 
0686       7081 
0687       7091 
0688       7121 
0689       7149 
0690       7168 
0691       7173 
0692       7191 
0693       7202 
0694       7233 
0695       7251 
0696       7277 
0697       7313 
0698       7334 
0699       7335 
0700       7372 
0701       7405 
0702       7418 
0703       7451 
0704       7473 
0705       7514 
0706       7539 
0707       7559 
0708       7579 
0709       7589 
0710       7632 
0711       7656 
0712       7674 
0713       7700 
0714       7752 
0715       7772 
0716       7803 
0717       7828 
0718       7848 
0719       7881 
0720       7928 
0721       7944 
0722       7993 
0723       8019 
0724       8050 
0725       8079 
0726       8120 
0727       8163 
0728       8170 
0729       8224 
0730       8230 
0731       8272 
0732       8331 
0733       8357 
0734       8405 
0735       8448 
0736       8470 
0737       8527 
0738       8537 
0739       8589 
0740       8639 
0741       8645 
0742       8714 
0743       8762 
0744       8792 
0745       8826 
0746       8866 
0747       8908 
0748       8936 
0749       8975 
0750       9036 
0751       9087 
0752       9092 
0753       9161 
0754       9218 
0755       9257 
0756       9551 
0757       10012 
0758       10074 
0759       10153 
0760       10295 
0761       10345 
0762       10421 
0763       10482 
0764       10526 
0765       10589 
0766       10667 
0767       10720 
0768       10790 
0769       10863 
0770       10913 
0771       10967 
0772       11028 
0773       11089 
0774       11174 
0775       11204 
0776       11325 
0777       11330 
0778       11460 
0779       11520 
0780       11551 
0781       11659 
0782       11710 
0783       11770 
0784       11813 
0785       11860 
0786       11951 
0787       12021 
0788       12106 
0789       12107 
0790       12107 
0791       12077 
0792       12025 
0793       12019 
0794       11832 
0795       1 
0796       10137 
0797       10137 
0798       10137 
0799       10115 
0800       10098 
0801       10080 
0802       10053 
0803       10041 
0804       10025 
0805       9983 
0806       9951 
0807       9940 
0808       9899 
0809       9888 
0810       9868 
0811       9857 
0812       9827 
0813       9823 
0814       9807 
0815       9778 
0816       9776 
0817       9749 
0818       9667 
0819       9617 
0820       9545 
0821       9545 
0822       9528 
0823       9553 
0824       9551 
0825       9551 
0826       9540 
0827       9538 
0828       9508 
0829       1 
0830       1 
0831       1 
0832       1 
0833       1 
0834       6604 
0835       6621 
0836       6621 
0837       6616 
0838       6572 
0839       6553 
0840       6516 
0841       6502 
0842       6497 
0843       6435 
0844       6420 
0845       6396 
0846       6340 
0847       6330 
0848       6284 
0849       6262 
0850       6247 
0851       6196 
0852       6186 
0853       6161 
0854       6130 
0855       6111 
0856       6060 
0857       6040 
0858       6027 
0859       6025 
0860       5949 
0861       5874 
0862       5874 
0863       5876 
0864       5876 
0865       5877 
0866       5965 
0867       6048 
0868       6185 
0869       6343 
0870       6506 
0871       6702 
0872       6860 
0873       7269 
0874       7505 
0875       7526 
0876       7663 
0877       7820 
0878       8746 
0879       8932 
0880       9243 
0881       9508 
0882       9869 
0883       10162 
0884       10512 
0885       10918 
0886       11382 
0887       11382 
0888       11382 
0889       11890 
0890       13296 
0891       13296 
0892       1 
0893       1 
0894       1 
0895       1 
0896       1 
0897       1 
0898       1 
0899       1 
0900       1 
0901       1 
0902       1 
0903       1 
0904       1 
0905       1 
0906       1 
0907       1 
0908       1 
0909       1 
0910       1 
0911       1 
0912       1 
0913       1 
0914       1 
0915       1 
0916       1 
0917       1 
0918       1 
0919       1 
0920       1 
0921       1 
0922       1 
0923       1 
0924       1 
0925       1 
0926       1 
0927       1 
0928       1 
0929       1 
0930       1 
0931       1 
0932       1 
0933       1 
0934       1 
0935       1 
0936       1 
0937       1 
0938       1 
0939       1 
0940       1 
0941       1 
0942       1 
0943       1 
0944       1 
0945       1 
0946       1 
0947       1 
0948       1 
0949       1 
0950       1 
0951       1 
0952       1 
0953       1 
0954       1 
0955       1 
0956       1 
0957       1 
0958       1 
0959       1 
0960       1 
0961       1 
0962       1 
0963       1 
0964       1 
0965       1 
0966       1 
0967       1 
0968       1 
0969       1 
0970       1 
0971       1 
0972       1 
0973       1 
0974       1 
0975       1 
0976       1 
0977       1 
0978       1 
0979       1 
0980       1 
0981       1 
0982       1 
0983       1 
0984       1 
0985       1 
0986       1 
0987       1 
0988       1 
0989       1 
0990       1 
0991       1 
0992       1 
0993       1 
0994       1 
0995       1 
0996       1 
0997       1 
0998       1 
0999       1 
1000       1 
1001       1 
1002       1 
1003       1 
1004       1 
1005       1 
1006       1 
1007       4 
1008       41 
1009       41 
1010       41 
1011       41 
1012       4 
1013       4 
1014       56 
1015       61 
1016       61 
1017       61 
1018       59 
1019       47 
1020       46 
1021       46 
1022       47 
1023       54 
1024       54 
1025       61 
1026       59 
1027       61 
1028       59 
1029       59 
1030       53 
1031       52 
1032       52 
1033       53 
1034       57 
1035       63 
1036       68 
1037       72 
1038       72 
1039       72 
1040       72 
1041       72 
1042       72 
1043       73 
1044       73 
1045       72 
1046       68 
1047       67 
1048       64 
1049       64 
1050       66 
1051       66 
1052       66 
1053       66 
1054       66 
1055       68 
1056       69 
1057       69 
1058       69 
1059       65 
1060       64 
1061       61 
1062       64 
1063       64 
1064       65 
1065       70 
1066       70 
1067       71 
1068       70 
1069       68 
1070       61 
1071       60 
1072       60 
1073       57 
1074       57 
1075       61 
1076       65 
1077       63 
1078       65 
1079       63 
1297966658.563664
