0000       1 
0001       1 
0002       1 
0003       1 
0004       1 
0005       1 
0006       1 
0007       1 
0008       1 
0009       1 
0010       1 
0011       1 
0012       1 
0013       1 
0014       1 
0015       1 
0016       1 
0017       1 
0018       1 
0019       1 
0020       1 
0021       1 
0022       1 
0023       1 
0024       1 
0025       1 
0026       1 
0027       1 
0028       1 
0029       1 
0030       1 
0031       1 
0032       1 
0033       1 
0034       1 
0035       1 
0036       1 
0037       1 
0038       1 
0039       1 
0040       1 
0041       1 
0042       1 
0043       1 
0044       1 
0045       1 
0046       1 
0047       1 
0048       1 
0049       1 
0050       1 
0051       1 
0052       1 
0053       1 
0054       1 
0055       1 
0056       1 
0057       1 
0058       1 
0059       1 
0060       1 
0061       1 
0062       1 
0063       1 
0064       1 
0065       1 
0066       1 
0067       1 
0068       1 
0069       1 
0070       1 
0071       1 
0072       1 
0073       1 
0074       1 
0075       1 
0076       1 
0077       1 
0078       1 
0079       1 
0080       1 
0081       1 
0082       1 
0083       1 
0084       1 
0085       1 
0086       1 
0087       1 
0088       1 
0089       1 
0090       1 
0091       1 
0092       1 
0093       1 
0094       1 
0095       1 
0096       1 
0097       1 
0098       1 
0099       1 
0100       1 
0101       1 
0102       1 
0103       1 
0104       1 
0105       1 
0106       1 
0107       1 
0108       1 
0109       1 
0110       1 
0111       1 
0112       1 
0113       1 
0114       1 
0115       1 
0116       1 
0117       1 
0118       1 
0119       1 
0120       1 
0121       1 
0122       1 
0123       1 
0124       1 
0125       1 
0126       1 
0127       1 
0128       1 
0129       1 
0130       1 
0131       1 
0132       1 
0133       1 
0134       1 
0135       1 
0136       1 
0137       1 
0138       1 
0139       1 
0140       1 
0141       1 
0142       1 
0143       1 
0144       1 
0145       1 
0146       33838 
0147       33838 
0148       28157 
0149       28096 
0150       28091 
0151       28086 
0152       28086 
0153       28081 
0154       28062 
0155       28062 
0156       28046 
0157       28037 
0158       28016 
0159       27841 
0160       27839 
0161       27814 
0162       27814 
0163       27876 
0164       27876 
0165       1 
0166       1 
0167       1 
0168       1 
0169       28040 
0170       28040 
0171       27842 
0172       27842 
0173       1 
0174       27785 
0175       27785 
0176       27793 
0177       27798 
0178       27806 
0179       27820 
0180       27825 
0181       27825 
0182       27825 
0183       27837 
0184       27837 
0185       27837 
0186       27311 
0187       1 
0188       27311 
0189       27887 
0190       27963 
0191       27963 
0192       28097 
0193       28097 
0194       28097 
0195       1 
0196       1 
0197       1 
0198       1 
0199       28221 
0200       28221 
0201       28053 
0202       28053 
0203       28079 
0204       28091 
0205       28134 
0206       28134 
0207       28134 
0208       28134 
0209       28134 
0210       28211 
0211       28213 
0212       28243 
0213       28267 
0214       28270 
0215       28267 
0216       28176 
0217       1 
0218       1 
0219       1 
0220       1 
0221       1 
0222       1 
0223       1 
0224       1 
0225       1 
0226       28605 
0227       28605 
0228       28694 
0229       28705 
0230       28748 
0231       28794 
0232       28805 
0233       28872 
0234       28890 
0235       28897 
0236       28890 
0237       1 
0238       1 
0239       1 
0240       1 
0241       1 
0242       1 
0243       1 
0244       1 
0245       1 
0246       1 
0247       1 
0248       1 
0249       1 
0250       1 
0251       1 
0252       1 
0253       1 
0254       1 
0255       1 
0256       1 
0257       1 
0258       16254 
0259       16254 
0260       16092 
0261       15871 
0262       15774 
0263       15565 
0264       15464 
0265       15191 
0266       15143 
0267       14948 
0268       14849 
0269       14643 
0270       14561 
0271       14461 
0272       14270 
0273       14234 
0274       13970 
0275       13924 
0276       13797 
0277       13657 
0278       13559 
0279       13396 
0280       13357 
0281       13264 
0282       13072 
0283       13043 
0284       12910 
0285       12786 
0286       12706 
0287       12608 
0288       12487 
0289       12471 
0290       12314 
0291       12207 
0292       12169 
0293       12094 
0294       11930 
0295       11896 
0296       11817 
0297       11666 
0298       11641 
0299       11585 
0300       11461 
0301       11358 
0302       11343 
0303       11245 
0304       11129 
0305       11085 
0306       11030 
0307       10963 
0308       10847 
0309       10814 
0310       10766 
0311       10707 
0312       10603 
0313       10535 
0314       10515 
0315       10440 
0316       10391 
0317       10282 
0318       10250 
0319       10196 
0320       10162 
0321       10031 
0322       10022 
0323       9987 
0324       9928 
0325       9868 
0326       9756 
0327       9748 
0328       9715 
0329       9661 
0330       9471 
0331       9449 
0332       9449 
0333       9502 
0334       9531 
0335       9594 
0336       9655 
0337       9691 
0338       9722 
0339       9758 
0340       9809 
0341       9833 
0342       9901 
0343       9924 
0344       9980 
0345       9998 
0346       10041 
0347       10086 
0348       10138 
0349       10159 
0350       10196 
0351       10229 
0352       10233 
0353       10253 
0354       10271 
0355       10283 
0356       10294 
0357       10295 
0358       10311 
0359       10327 
0360       10337 
0361       10361 
0362       10386 
0363       10407 
0364       10428 
0365       10470 
0366       10492 
0367       10504 
0368       10532 
0369       10551 
0370       10582 
0371       10604 
0372       10645 
0373       10680 
0374       10686 
0375       10680 
0376       10677 
0377       10626 
0378       10619 
0379       10616 
0380       10543 
0381       10505 
0382       10487 
0383       10455 
0384       10404 
0385       10375 
0386       10345 
0387       10298 
0388       10283 
0389       10259 
0390       10210 
0391       10178 
0392       10141 
0393       10132 
0394       10110 
0395       10084 
0396       10067 
0397       10007 
0398       10006 
0399       9956 
0400       9952 
0401       9904 
0402       9892 
0403       9849 
0404       9834 
0405       9802 
0406       9772 
0407       9771 
0408       9720 
0409       9704 
0410       9667 
0411       9647 
0412       9632 
0413       9604 
0414       9586 
0415       9552 
0416       9530 
0417       9520 
0418       9489 
0419       9484 
0420       9460 
0421       9440 
0422       9425 
0423       9396 
0424       9381 
0425       9360 
0426       9334 
0427       9298 
0428       9270 
0429       9265 
0430       9250 
0431       9247 
0432       9241 
0433       9208 
0434       9197 
0435       9172 
0436       9149 
0437       9134 
0438       9109 
0439       9095 
0440       9080 
0441       9047 
0442       9039 
0443       9034 
0444       9030 
0445       9006 
0446       8984 
0447       8974 
0448       5767 
0449       5744 
0450       5742 
0451       5728 
0452       5728 
0453       5728 
0454       5702 
0455       5694 
0456       5686 
0457       5683 
0458       5668 
0459       5655 
0460       5650 
0461       5650 
0462       5650 
0463       5649 
0464       5641 
0465       5641 
0466       5635 
0467       5610 
0468       5598 
0469       5598 
0470       5593 
0471       5584 
0472       5570 
0473       5550 
0474       5550 
0475       5557 
0476       5567 
0477       5557 
0478       5533 
0479       5533 
0480       5533 
0481       5529 
0482       5528 
0483       5528 
0484       5520 
0485       5510 
0486       5492 
0487       5483 
0488       5480 
0489       5479 
0490       5477 
0491       5477 
0492       5476 
0493       5475 
0494       5474 
0495       5474 
0496       5472 
0497       5472 
0498       5451 
0499       5450 
0500       5442 
0501       5442 
0502       5446 
0503       5446 
0504       5445 
0505       5435 
0506       5442 
0507       5436 
0508       5439 
0509       5439 
0510       5439 
0511       5434 
0512       5423 
0513       5410 
0514       5392 
0515       5392 
0516       5410 
0517       5426 
0518       5410 
0519       5402 
0520       5402 
0521       5402 
0522       5416 
0523       5416 
0524       5411 
0525       5409 
0526       5406 
0527       5388 
0528       5388 
0529       5389 
0530       5412 
0531       5412 
0532       5408 
0533       5400 
0534       5400 
0535       5408 
0536       5415 
0537       5415 
0538       5424 
0539       5424 
0540       5420 
0541       5413 
0542       5406 
0543       5406 
0544       5414 
0545       5426 
0546       5426 
0547       5426 
0548       5428 
0549       5428 
0550       5440 
0551       5440 
0552       5437 
0553       5437 
0554       5454 
0555       5454 
0556       5430 
0557       5428 
0558       5428 
0559       5443 
0560       5469 
0561       5472 
0562       5481 
0563       5481 
0564       5474 
0565       5466 
0566       5466 
0567       5491 
0568       5491 
0569       5490 
0570       5484 
0571       5484 
0572       5499 
0573       5510 
0574       5526 
0575       5531 
0576       5534 
0577       5538 
0578       5540 
0579       5541 
0580       5556 
0581       5566 
0582       5566 
0583       5562 
0584       5559 
0585       5559 
0586       5578 
0587       5599 
0588       5599 
0589       5603 
0590       5614 
0591       5624 
0592       5626 
0593       5626 
0594       5629 
0595       5638 
0596       5642 
0597       5642 
0598       5645 
0599       5663 
0600       5683 
0601       5684 
0602       5691 
0603       5694 
0604       5723 
0605       5725 
0606       5732 
0607       5757 
0608       5757 
0609       5743 
0610       5743 
0611       5759 
0612       5781 
0613       5789 
0614       5802 
0615       5806 
0616       5832 
0617       5834 
0618       5849 
0619       5851 
0620       5876 
0621       5876 
0622       5878 
0623       5878 
0624       5893 
0625       5915 
0626       5933 
0627       5945 
0628       5955 
0629       5972 
0630       5974 
0631       5987 
0632       5989 
0633       5992 
0634       5998 
0635       6014 
0636       6050 
0637       6059 
0638       6066 
0639       6093 
0640       6113 
0641       6129 
0642       6132 
0643       6140 
0644       6141 
0645       6144 
0646       6168 
0647       6202 
0648       6223 
0649       6231 
0650       6253 
0651       6274 
0652       6277 
0653       6307 
0654       6311 
0655       6317 
0656       6317 
0657       6359 
0658       6366 
0659       6410 
0660       6428 
0661       6429 
0662       6455 
0663       6477 
0664       6489 
0665       6496 
0666       6515 
0667       6531 
0668       6567 
0669       6595 
0670       6610 
0671       6630 
0672       6648 
0673       6679 
0674       6679 
0675       6682 
0676       6704 
0677       6755 
0678       6776 
0679       6802 
0680       6832 
0681       6839 
0682       6870 
0683       6892 
0684       6895 
0685       6939 
0686       6955 
0687       6992 
0688       7021 
0689       7041 
0690       7074 
0691       7110 
0692       7120 
0693       7127 
0694       7170 
0695       7202 
0696       7250 
0697       7265 
0698       7294 
0699       7322 
0700       7325 
0701       7334 
0702       7370 
0703       7429 
0704       7448 
0705       7500 
0706       7538 
0707       7550 
0708       7538 
0709       7538 
0710       7558 
0711       8519 
0712       8554 
0713       8586 
0714       8637 
0715       12375 
0716       12718 
0717       12788 
0718       12835 
0719       12901 
0720       12972 
0721       13032 
0722       13109 
0723       13182 
0724       13240 
0725       13318 
0726       13396 
0727       13474 
0728       13541 
0729       13618 
0730       13677 
0731       13787 
0732       13876 
0733       13969 
0734       14026 
0735       14112 
0736       14183 
0737       14299 
0738       14385 
0739       14494 
0740       14598 
0741       14680 
0742       14783 
0743       14880 
0744       14982 
0745       15107 
0746       15195 
0747       15278 
0748       15399 
0749       15455 
0750       15575 
0751       15703 
0752       15762 
0753       15917 
0754       16054 
0755       16112 
0756       16171 
0757       16209 
0758       16227 
0759       16333 
0760       16473 
0761       16581 
0762       16647 
0763       16647 
0764       16573 
0765       16532 
0766       16489 
0767       16441 
0768       16402 
0769       16350 
0770       16322 
0771       16291 
0772       16226 
0773       16219 
0774       16159 
0775       16119 
0776       16109 
0777       16053 
0778       16024 
0779       15970 
0780       15923 
0781       15901 
0782       15868 
0783       15864 
0784       15803 
0785       15749 
0786       15732 
0787       15689 
0788       15671 
0789       15615 
0790       15610 
0791       15577 
0792       15533 
0793       15518 
0794       15518 
0795       15476 
0796       1 
0797       1 
0798       1 
0799       1 
0800       1 
0801       1 
0802       1 
0803       1 
0804       1 
0805       1 
0806       1 
0807       1 
0808       1 
0809       1 
0810       18304 
0811       18304 
0812       18154 
0813       18001 
0814       18001 
0815       18001 
0816       18001 
0817       19029 
0818       19029 
0819       18385 
0820       18276 
0821       18276 
0822       18385 
0823       18584 
0824       18584 
0825       18443 
0826       1 
0827       1 
0828       1 
0829       1 
0830       1 
0831       1 
0832       1 
0833       1 
0834       1 
0835       1 
0836       1 
0837       1 
0838       1 
0839       1 
0840       1 
0841       1 
0842       1 
0843       1 
0844       1 
0845       1 
0846       1 
0847       1 
0848       1 
0849       1 
0850       1 
0851       1 
0852       1 
0853       1 
0854       1 
0855       1 
0856       1 
0857       1 
0858       1 
0859       1 
0860       1 
0861       1 
0862       1 
0863       1 
0864       1 
0865       1 
0866       1 
0867       1 
0868       1 
0869       1 
0870       1 
0871       1 
0872       1 
0873       1 
0874       1 
0875       1 
0876       1 
0877       1 
0878       1 
0879       1 
0880       1 
0881       1 
0882       1 
0883       1 
0884       1 
0885       1 
0886       1 
0887       1 
0888       1 
0889       1 
0890       1 
0891       1 
0892       1 
0893       1 
0894       1 
0895       1 
0896       1 
0897       1 
0898       1 
0899       1 
0900       1 
0901       1 
0902       1 
0903       1 
0904       1 
0905       1 
0906       1 
0907       1 
0908       1 
0909       1 
0910       1 
0911       1 
0912       1 
0913       1 
0914       1 
0915       1 
0916       1 
0917       1 
0918       1 
0919       1 
0920       1 
0921       1 
0922       1 
0923       1 
0924       1 
0925       1 
0926       1 
0927       1 
0928       1 
0929       1 
0930       1 
0931       1 
0932       1 
0933       1 
0934       1 
0935       1 
0936       1 
0937       1 
0938       1 
0939       1 
0940       1 
0941       1 
0942       1 
0943       1 
0944       1 
0945       1 
0946       1 
0947       1 
0948       1 
0949       1 
0950       1 
0951       1 
0952       1 
0953       1 
0954       1 
0955       1 
0956       1 
0957       1 
0958       1 
0959       1 
0960       1 
0961       1 
0962       1 
0963       1 
0964       1 
0965       1 
0966       1 
0967       1 
0968       1 
0969       1 
0970       1 
0971       1 
0972       1 
0973       1 
0974       1 
0975       1 
0976       1 
0977       1 
0978       1 
0979       1 
0980       1 
0981       1 
0982       1 
0983       1 
0984       1 
0985       1 
0986       1 
0987       1 
0988       1 
0989       1 
0990       1 
0991       1 
0992       1 
0993       1 
0994       1 
0995       1 
0996       1 
0997       1 
0998       1 
0999       1 
1000       1 
1001       1 
1002       1 
1003       1 
1004       1 
1005       1 
1006       1 
1007       4 
1008       4 
1009       4 
1010       4 
1011       4 
1012       44 
1013       4 
1014       43 
1015       43 
1016       44 
1017       53 
1018       60 
1019       60 
1020       59 
1021       59 
1022       58 
1023       58 
1024       59 
1025       57 
1026       57 
1027       63 
1028       57 
1029       56 
1030       56 
1031       56 
1032       54 
1033       54 
1034       59 
1035       61 
1036       64 
1037       82 
1038       82 
1039       82 
1040       77 
1041       74 
1042       73 
1043       72 
1044       67 
1045       67 
1046       67 
1047       65 
1048       62 
1049       62 
1050       62 
1051       59 
1052       68 
1053       68 
1054       64 
1055       64 
1056       68 
1057       69 
1058       72 
1059       72 
1060       72 
1061       69 
1062       69 
1063       69 
1064       69 
1065       68 
1066       72 
1067       68 
1068       68 
1069       69 
1070       70 
1071       69 
1072       69 
1073       69 
1074       68 
1075       67 
1076       68 
1077       69 
1078       66 
1079       66 
1297966665.636924
