0000       1 
0001       1 
0002       1 
0003       1 
0004       1 
0005       1 
0006       1 
0007       1 
0008       1 
0009       1 
0010       1 
0011       1 
0012       1 
0013       1 
0014       1 
0015       1 
0016       1 
0017       1 
0018       1 
0019       1 
0020       1 
0021       1 
0022       1 
0023       1 
0024       1 
0025       1 
0026       1 
0027       1 
0028       1 
0029       1 
0030       1 
0031       1 
0032       1 
0033       1 
0034       1 
0035       1 
0036       1 
0037       1 
0038       1 
0039       1 
0040       1 
0041       1 
0042       1 
0043       1 
0044       1 
0045       1 
0046       1 
0047       1 
0048       1 
0049       1 
0050       1 
0051       1 
0052       1 
0053       1 
0054       1 
0055       1 
0056       1 
0057       1 
0058       1 
0059       1 
0060       1 
0061       1 
0062       1 
0063       1 
0064       1 
0065       1 
0066       1 
0067       1 
0068       1 
0069       1 
0070       1 
0071       1 
0072       1 
0073       1 
0074       1 
0075       1 
0076       1 
0077       1 
0078       1 
0079       1 
0080       1 
0081       1 
0082       1 
0083       1 
0084       1 
0085       1 
0086       1 
0087       1 
0088       1 
0089       1 
0090       1 
0091       1 
0092       1 
0093       1 
0094       1 
0095       1 
0096       1 
0097       1 
0098       1 
0099       1 
0100       1 
0101       1 
0102       1 
0103       1 
0104       1 
0105       1 
0106       1 
0107       1 
0108       1 
0109       1 
0110       1 
0111       1 
0112       1 
0113       1 
0114       1 
0115       1 
0116       1 
0117       1 
0118       1 
0119       1 
0120       1 
0121       1 
0122       1 
0123       1 
0124       1 
0125       1 
0126       1 
0127       1 
0128       1 
0129       1 
0130       1 
0131       1 
0132       1 
0133       1 
0134       1 
0135       1 
0136       1 
0137       1 
0138       1 
0139       1 
0140       1 
0141       1 
0142       1 
0143       1 
0144       1 
0145       1 
0146       1 
0147       1 
0148       1 
0149       1 
0150       1 
0151       1 
0152       1 
0153       1 
0154       1 
0155       1 
0156       1 
0157       1 
0158       1 
0159       1 
0160       1 
0161       1 
0162       1 
0163       1 
0164       1 
0165       1 
0166       1 
0167       1 
0168       1 
0169       1 
0170       1 
0171       1 
0172       4711 
0173       4716 
0174       4716 
0175       4716 
0176       4713 
0177       4707 
0178       4703 
0179       4683 
0180       4680 
0181       4680 
0182       4674 
0183       4671 
0184       4670 
0185       4664 
0186       4647 
0187       4645 
0188       4640 
0189       4637 
0190       4635 
0191       4628 
0192       4621 
0193       4621 
0194       4609 
0195       4608 
0196       4602 
0197       4599 
0198       4598 
0199       4597 
0200       4593 
0201       4587 
0202       4578 
0203       4578 
0204       4576 
0205       4574 
0206       4569 
0207       4563 
0208       4561 
0209       4559 
0210       4557 
0211       4555 
0212       4555 
0213       4550 
0214       4546 
0215       4539 
0216       4538 
0217       4538 
0218       4528 
0219       4528 
0220       4527 
0221       4527 
0222       4523 
0223       4521 
0224       4521 
0225       4516 
0226       4514 
0227       4512 
0228       4511 
0229       4509 
0230       4509 
0231       4503 
0232       4503 
0233       4504 
0234       4504 
0235       4505 
0236       4505 
0237       4505 
0238       4505 
0239       4505 
0240       4505 
0241       4511 
0242       4511 
0243       4504 
0244       4503 
0245       4503 
0246       4503 
0247       4503 
0248       4503 
0249       4504 
0250       4504 
0251       4508 
0252       4508 
0253       4508 
0254       4506 
0255       4506 
0256       4506 
0257       4507 
0258       4507 
0259       4507 
0260       4507 
0261       4507 
0262       4512 
0263       4512 
0264       4512 
0265       4516 
0266       4517 
0267       4517 
0268       4520 
0269       4528 
0270       4530 
0271       4530 
0272       4531 
0273       4539 
0274       4539 
0275       4541 
0276       4541 
0277       4545 
0278       4548 
0279       4549 
0280       4554 
0281       4562 
0282       4562 
0283       4563 
0284       4565 
0285       4571 
0286       4571 
0287       4577 
0288       4577 
0289       4577 
0290       4579 
0291       4589 
0292       4591 
0293       4607 
0294       4607 
0295       4609 
0296       4609 
0297       4619 
0298       4622 
0299       4630 
0300       4631 
0301       4632 
0302       4644 
0303       4647 
0304       4652 
0305       4657 
0306       4661 
0307       4661 
0308       4663 
0309       4672 
0310       4678 
0311       4692 
0312       4693 
0313       4697 
0314       4700 
0315       4710 
0316       4723 
0317       4723 
0318       4724 
0319       4724 
0320       4734 
0321       4748 
0322       4761 
0323       4773 
0324       4778 
0325       4778 
0326       4788 
0327       4788 
0328       4799 
0329       4815 
0330       4824 
0331       4836 
0332       4838 
0333       4842 
0334       4844 
0335       4867 
0336       4869 
0337       4873 
0338       4879 
0339       4881 
0340       4903 
0341       4916 
0342       4928 
0343       4932 
0344       4934 
0345       4945 
0346       4947 
0347       4965 
0348       4979 
0349       4982 
0350       4999 
0351       5012 
0352       5024 
0353       5026 
0354       5038 
0355       5051 
0356       5069 
0357       5079 
0358       5086 
0359       5092 
0360       5102 
0361       5129 
0362       5135 
0363       5144 
0364       5154 
0365       5165 
0366       5177 
0367       5191 
0368       5210 
0369       5216 
0370       5244 
0371       5254 
0372       5257 
0373       5281 
0374       5293 
0375       5304 
0376       5314 
0377       5344 
0378       5347 
0379       5374 
0380       5379 
0381       5398 
0382       5411 
0383       5426 
0384       5444 
0385       5470 
0386       5482 
0387       5488 
0388       5512 
0389       5542 
0390       5563 
0391       5566 
0392       5577 
0393       5589 
0394       5631 
0395       5633 
0396       5661 
0397       5679 
0398       5686 
0399       5711 
0400       5720 
0401       5756 
0402       5769 
0403       5792 
0404       5815 
0405       5827 
0406       5848 
0407       5862 
0408       5896 
0409       5923 
0410       5932 
0411       5952 
0412       5981 
0413       6005 
0414       6018 
0415       6047 
0416       6078 
0417       6097 
0418       6131 
0419       6152 
0420       6162 
0421       6186 
0422       6206 
0423       6234 
0424       6282 
0425       6298 
0426       6347 
0427       6347 
0428       6391 
0429       6428 
0430       6442 
0431       6475 
0432       6511 
0433       6534 
0434       6559 
0435       6583 
0436       6636 
0437       6660 
0438       6687 
0439       6718 
0440       6783 
0441       6805 
0442       6838 
0443       6862 
0444       6920 
0445       6957 
0446       6974 
0447       7017 
0448       7044 
0449       7091 
0450       7120 
0451       7191 
0452       7206 
0453       7255 
0454       7294 
0455       7328 
0456       7384 
0457       7418 
0458       7459 
0459       7498 
0460       7538 
0461       7579 
0462       7650 
0463       7668 
0464       7729 
0465       7765 
0466       7814 
0467       7858 
0468       7923 
0469       7963 
0470       8002 
0471       8078 
0472       8114 
0473       8186 
0474       8237 
0475       8292 
0476       8360 
0477       8422 
0478       8457 
0479       8465 
0480       8465 
0481       8424 
0482       8424 
0483       8424 
0484       8334 
0485       8306 
0486       8267 
0487       8240 
0488       8240 
0489       8266 
0490       8281 
0491       8331 
0492       8364 
0493       8447 
0494       8578 
0495       8666 
0496       9272 
0497       9411 
0498       9432 
0499       9432 
0500       9429 
0501       9402 
0502       9399 
0503       9383 
0504       9359 
0505       9321 
0506       9289 
0507       9254 
0508       9233 
0509       9217 
0510       7779 
0511       7750 
0512       7706 
0513       7650 
0514       7609 
0515       7574 
0516       7555 
0517       7555 
0518       7550 
0519       7541 
0520       7541 
0521       7541 
0522       7538 
0523       7500 
0524       7461 
0525       7412 
0526       7412 
0527       7435 
0528       7442 
0529       7442 
0530       7376 
0531       7336 
0532       7328 
0533       7321 
0534       7277 
0535       7277 
0536       7277 
0537       7214 
0538       7207 
0539       7172 
0540       7172 
0541       7165 
0542       7165 
0543       7165 
0544       7175 
0545       7203 
0546       7203 
0547       7173 
0548       7173 
0549       7225 
0550       7225 
0551       7171 
0552       7171 
0553       7181 
0554       7220 
0555       7291 
0556       7322 
0557       7389 
0558       7398 
0559       7398 
0560       7398 
0561       8543 
0562       8544 
0563       8543 
0564       8533 
0565       8533 
0566       8516 
0567       8512 
0568       8494 
0569       8492 
0570       8487 
0571       8476 
0572       8469 
0573       8469 
0574       8463 
0575       8452 
0576       8448 
0577       8439 
0578       8423 
0579       8423 
0580       8427 
0581       8442 
0582       8427 
0583       8413 
0584       8413 
0585       8402 
0586       8400 
0587       8396 
0588       8396 
0589       8388 
0590       8388 
0591       8388 
0592       8383 
0593       8383 
0594       8380 
0595       8378 
0596       8378 
0597       8378 
0598       8374 
0599       8374 
0600       8377 
0601       8381 
0602       8381 
0603       8377 
0604       8377 
0605       8377 
0606       8375 
0607       8375 
0608       8375 
0609       8383 
0610       8370 
0611       8369 
0612       8369 
0613       8372 
0614       8379 
0615       8379 
0616       8379 
0617       8393 
0618       8393 
0619       8389 
0620       8389 
0621       8395 
0622       8395 
0623       8395 
0624       8404 
0625       8416 
0626       8416 
0627       8415 
0628       8409 
0629       8415 
0630       8440 
0631       8440 
0632       8441 
0633       8436 
0634       8441 
0635       8449 
0636       8449 
0637       8449 
0638       8461 
0639       8466 
0640       8478 
0641       8482 
0642       8485 
0643       8490 
0644       8490 
0645       8490 
0646       8520 
0647       8521 
0648       8527 
0649       8532 
0650       8542 
0651       8558 
0652       8566 
0653       8567 
0654       8567 
0655       8570 
0656       8585 
0657       8606 
0658       8607 
0659       8621 
0660       8624 
0661       8637 
0662       8637 
0663       8652 
0664       8660 
0665       8672 
0666       8673 
0667       8678 
0668       8688 
0669       8708 
0670       8725 
0671       8731 
0672       8747 
0673       8750 
0674       8761 
0675       8776 
0676       8785 
0677       8796 
0678       8828 
0679       8834 
0680       8852 
0681       8855 
0682       8876 
0683       8876 
0684       8896 
0685       8922 
0686       8923 
0687       8938 
0688       8940 
0689       8962 
0690       8970 
0691       8991 
0692       9009 
0693       9023 
0694       9051 
0695       9054 
0696       9058 
0697       9087 
0698       9088 
0699       9088 
0700       9055 
0701       8976 
0702       8964 
0703       8964 
0704       8944 
0705       8944 
0706       8929 
0707       8833 
0708       8760 
0709       8743 
0710       8695 
0711       8665 
0712       8644 
0713       8644 
0714       8644 
0715       8633 
0716       8624 
0717       8597 
0718       8624 
0719       8627 
0720       8642 
0721       8650 
0722       8691 
0723       8715 
0724       8715 
0725       8703 
0726       8665 
0727       8665 
0728       8745 
0729       8811 
0730       8833 
0731       8965 
0732       9157 
0733       9406 
0734       9481 
0735       9881 
0736       9917 
0737       9948 
0738       9957 
0739       9977 
0740       10018 
0741       10036 
0742       10078 
0743       10108 
0744       10131 
0745       10170 
0746       10192 
0747       10229 
0748       10267 
0749       10295 
0750       10328 
0751       10342 
0752       10375 
0753       10377 
0754       10417 
0755       10461 
0756       10494 
0757       10538 
0758       10551 
0759       10602 
0760       10639 
0761       10685 
0762       10704 
0763       10741 
0764       10793 
0765       10813 
0766       10861 
0767       10898 
0768       10945 
0769       10975 
0770       11039 
0771       11065 
0772       11112 
0773       11184 
0774       11202 
0775       11244 
0776       11286 
0777       11353 
0778       11358 
0779       11438 
0780       11471 
0781       11548 
0782       11582 
0783       11635 
0784       11677 
0785       11707 
0786       11755 
0787       11834 
0788       11886 
0789       11916 
0790       11960 
0791       11988 
0792       12079 
0793       12114 
0794       12178 
0795       12239 
0796       12296 
0797       12329 
0798       12397 
0799       12405 
0800       12496 
0801       12496 
0802       1 
0803       1 
0804       1 
0805       1 
0806       1 
0807       1 
0808       1 
0809       1 
0810       1 
0811       13180 
0812       13273 
0813       13286 
0814       13347 
0815       13389 
0816       13476 
0817       13506 
0818       13595 
0819       13668 
0820       13774 
0821       13847 
0822       13889 
0823       13964 
0824       14012 
0825       14114 
0826       14215 
0827       14298 
0828       14368 
0829       14484 
0830       14529 
0831       14653 
0832       14719 
0833       14817 
0834       14847 
0835       14974 
0836       15091 
0837       15166 
0838       15166 
0839       15134 
0840       15116 
0841       15043 
0842       15025 
0843       14959 
0844       14885 
0845       14808 
0846       14745 
0847       14728 
0848       14728 
0849       14729 
0850       14729 
0851       14682 
0852       14667 
0853       14640 
0854       14595 
0855       14555 
0856       14503 
0857       14487 
0858       14445 
0859       14421 
0860       14386 
0861       14366 
0862       14319 
0863       14281 
0864       14267 
0865       14235 
0866       14202 
0867       14188 
0868       14137 
0869       14106 
0870       14085 
0871       14071 
0872       14041 
0873       13997 
0874       13986 
0875       13970 
0876       13921 
0877       13896 
0878       13876 
0879       13855 
0880       13827 
0881       13812 
0882       13789 
0883       13756 
0884       13734 
0885       13717 
0886       13689 
0887       13650 
0888       13638 
0889       13617 
0890       13609 
0891       13588 
0892       13570 
0893       13534 
0894       13526 
0895       13498 
0896       13492 
0897       13472 
0898       13455 
0899       13431 
0900       13421 
0901       13419 
0902       13379 
0903       13360 
0904       13351 
0905       13343 
0906       13318 
0907       13312 
0908       13277 
0909       13264 
0910       13239 
0911       13233 
0912       13233 
0913       13216 
0914       13209 
0915       13175 
0916       13161 
0917       13157 
0918       13138 
0919       13137 
0920       13122 
0921       13103 
0922       13096 
0923       13093 
0924       13071 
0925       13062 
0926       13059 
0927       13037 
0928       13031 
0929       13004 
0930       13004 
0931       13004 
0932       1 
0933       1 
0934       1 
0935       1 
0936       1 
0937       1 
0938       1 
0939       1 
0940       1 
0941       1 
0942       1 
0943       1 
0944       1 
0945       1 
0946       1 
0947       1 
0948       1 
0949       1 
0950       1 
0951       1 
0952       1 
0953       1 
0954       1 
0955       1 
0956       1 
0957       1 
0958       1 
0959       1 
0960       1 
0961       1 
0962       1 
0963       1 
0964       1 
0965       1 
0966       1 
0967       1 
0968       1 
0969       1 
0970       1 
0971       1 
0972       1 
0973       1 
0974       1 
0975       1 
0976       1 
0977       1 
0978       1 
0979       1 
0980       1 
0981       1 
0982       1 
0983       1 
0984       1 
0985       1 
0986       1 
0987       1 
0988       1 
0989       1 
0990       1 
0991       1 
0992       1 
0993       1 
0994       1 
0995       1 
0996       1 
0997       1 
0998       1 
0999       1 
1000       1 
1001       1 
1002       1 
1003       1 
1004       1 
1005       1 
1006       1 
1007       4 
1008       4 
1009       45 
1010       42 
1011       4 
1012       42 
1013       46 
1014       42 
1015       41 
1016       45 
1017       45 
1018       41 
1019       45 
1020       57 
1021       57 
1022       59 
1023       59 
1024       59 
1025       62 
1026       62 
1027       58 
1028       58 
1029       56 
1030       56 
1031       55 
1032       54 
1033       55 
1034       59 
1035       63 
1036       68 
1037       70 
1038       70 
1039       70 
1040       71 
1041       70 
1042       68 
1043       68 
1044       68 
1045       64 
1046       64 
1047       66 
1048       64 
1049       65 
1050       65 
1051       65 
1052       65 
1053       68 
1054       69 
1055       70 
1056       69 
1057       68 
1058       68 
1059       65 
1060       64 
1061       65 
1062       65 
1063       72 
1064       72 
1065       73 
1066       73 
1067       72 
1068       71 
1069       64 
1070       64 
1071       64 
1072       67 
1073       67 
1074       73 
1075       67 
1076       64 
1077       63 
1078       63 
1079       62 
1297966715.014436
