0000       1 
0001       1 
0002       1 
0003       1 
0004       1 
0005       1 
0006       1 
0007       1 
0008       1 
0009       1 
0010       1 
0011       1 
0012       1 
0013       1 
0014       1 
0015       1 
0016       1 
0017       1 
0018       1 
0019       1 
0020       1 
0021       1 
0022       1 
0023       1 
0024       1 
0025       1 
0026       1 
0027       1 
0028       1 
0029       1 
0030       1 
0031       1 
0032       1 
0033       1 
0034       1 
0035       1 
0036       1 
0037       1 
0038       1 
0039       1 
0040       1 
0041       1 
0042       1 
0043       1 
0044       1 
0045       1 
0046       1 
0047       1 
0048       1 
0049       1 
0050       1 
0051       1 
0052       1 
0053       1 
0054       1 
0055       1 
0056       1 
0057       1 
0058       1 
0059       1 
0060       1 
0061       1 
0062       1 
0063       1 
0064       1 
0065       1 
0066       1 
0067       1 
0068       1 
0069       1 
0070       1 
0071       1 
0072       1 
0073       1 
0074       1 
0075       1 
0076       1 
0077       1 
0078       1 
0079       1 
0080       1 
0081       1 
0082       1 
0083       1 
0084       1 
0085       1 
0086       1 
0087       1 
0088       1 
0089       1 
0090       1 
0091       1 
0092       1 
0093       1 
0094       1 
0095       1 
0096       1 
0097       1 
0098       1 
0099       1 
0100       1 
0101       1 
0102       1 
0103       1 
0104       1 
0105       1 
0106       1 
0107       1 
0108       1 
0109       1 
0110       1 
0111       1 
0112       1 
0113       1 
0114       1 
0115       1 
0116       1 
0117       1 
0118       1 
0119       1 
0120       1 
0121       1 
0122       1 
0123       1 
0124       26330 
0125       26330 
0126       26291 
0127       1 
0128       1 
0129       1 
0130       1 
0131       1 
0132       1 
0133       1 
0134       1 
0135       1 
0136       1 
0137       26069 
0138       26085 
0139       26085 
0140       26035 
0141       26024 
0142       25992 
0143       25989 
0144       25966 
0145       25966 
0146       20292 
0147       20263 
0148       20263 
0149       20263 
0150       20259 
0151       20238 
0152       20233 
0153       20211 
0154       20206 
0155       20202 
0156       20198 
0157       20198 
0158       20198 
0159       20192 
0160       20178 
0161       19997 
0162       19991 
0163       19985 
0164       19990 
0165       19990 
0166       19998 
0167       20024 
0168       20130 
0169       20137 
0170       20148 
0171       20148 
0172       20148 
0173       20153 
0174       20161 
0175       20161 
0176       20159 
0177       20158 
0178       20156 
0179       20158 
0180       20177 
0181       20177 
0182       20063 
0183       20018 
0184       20018 
0185       20029 
0186       20044 
0187       20045 
0188       20045 
0189       20045 
0190       20052 
0191       20073 
0192       20073 
0193       1 
0194       1 
0195       1 
0196       1 
0197       20111 
0198       20111 
0199       19575 
0200       1 
0201       1 
0202       19575 
0203       20193 
0204       20241 
0205       22471 
0206       22473 
0207       22473 
0208       1 
0209       1 
0210       1 
0211       1 
0212       1 
0213       1 
0214       1 
0215       1 
0216       1 
0217       1 
0218       1 
0219       1 
0220       1 
0221       1 
0222       1 
0223       20524 
0224       20530 
0225       20566 
0226       20577 
0227       20597 
0228       20624 
0229       20624 
0230       20624 
0231       20646 
0232       20721 
0233       20723 
0234       20723 
0235       20438 
0236       20297 
0237       20438 
0238       20881 
0239       20881 
0240       1 
0241       1 
0242       1 
0243       1 
0244       23510 
0245       23510 
0246       18183 
0247       18146 
0248       18183 
0249       18227 
0250       18233 
0251       18272 
0252       18292 
0253       18311 
0254       18347 
0255       18392 
0256       18395 
0257       18452 
0258       18481 
0259       18501 
0260       18542 
0261       18542 
0262       1 
0263       1 
0264       1 
0265       1 
0266       16916 
0267       16916 
0268       16591 
0269       16416 
0270       16416 
0271       16300 
0272       16108 
0273       15948 
0274       1 
0275       1 
0276       1 
0277       1 
0278       1 
0279       1 
0280       14781 
0281       14781 
0282       14781 
0283       14797 
0284       14833 
0285       14890 
0286       14909 
0287       14921 
0288       14974 
0289       15024 
0290       15047 
0291       15096 
0292       15151 
0293       15180 
0294       15236 
0295       15260 
0296       15300 
0297       15346 
0298       15395 
0299       15438 
0300       15479 
0301       15522 
0302       15597 
0303       15603 
0304       15644 
0305       15700 
0306       15733 
0307       15733 
0308       15733 
0309       15626 
0310       15626 
0311       15617 
0312       15542 
0313       15508 
0314       15390 
0315       15244 
0316       15113 
0317       15025 
0318       15025 
0319       14946 
0320       14853 
0321       14728 
0322       14687 
0323       14570 
0324       14523 
0325       14442 
0326       14356 
0327       14232 
0328       14197 
0329       14114 
0330       14043 
0331       13952 
0332       13881 
0333       13802 
0334       13709 
0335       13655 
0336       13587 
0337       13505 
0338       13442 
0339       13427 
0340       13320 
0341       13283 
0342       13237 
0343       13140 
0344       13090 
0345       13046 
0346       12978 
0347       12937 
0348       12858 
0349       12801 
0350       12771 
0351       12689 
0352       12619 
0353       12573 
0354       12511 
0355       12467 
0356       12422 
0357       12333 
0358       12272 
0359       10311 
0360       10311 
0361       10311 
0362       1 
0363       1 
0364       1 
0365       1 
0366       10664 
0367       10664 
0368       10670 
0369       11701 
0370       11701 
0371       11660 
0372       11575 
0373       11018 
0374       11012 
0375       11012 
0376       10965 
0377       10917 
0378       10914 
0379       10819 
0380       10814 
0381       10782 
0382       10773 
0383       10713 
0384       10665 
0385       10628 
0386       10577 
0387       10559 
0388       10523 
0389       10514 
0390       10456 
0391       10447 
0392       10421 
0393       10351 
0394       10325 
0395       10310 
0396       10262 
0397       10256 
0398       10221 
0399       10199 
0400       10151 
0401       10107 
0402       10104 
0403       10089 
0404       10039 
0405       10004 
0406       9976 
0407       9970 
0408       9936 
0409       9922 
0410       9863 
0411       9859 
0412       9807 
0413       9778 
0414       9778 
0415       9773 
0416       9710 
0417       9686 
0418       9675 
0419       9632 
0420       9607 
0421       9592 
0422       9577 
0423       9552 
0424       9552 
0425       9533 
0426       9511 
0427       9497 
0428       9452 
0429       6944 
0430       6944 
0431       6944 
0432       6919 
0433       6898 
0434       6897 
0435       6880 
0436       6880 
0437       6914 
0438       6938 
0439       6987 
0440       6990 
0441       6999 
0442       6999 
0443       7003 
0444       7003 
0445       6928 
0446       6919 
0447       6895 
0448       6877 
0449       6865 
0450       6862 
0451       6832 
0452       6819 
0453       6800 
0454       6786 
0455       6744 
0456       6744 
0457       6748 
0458       6748 
0459       6723 
0460       6718 
0461       6711 
0462       6702 
0463       6695 
0464       6693 
0465       6664 
0466       6648 
0467       6640 
0468       6639 
0469       6639 
0470       6639 
0471       6620 
0472       6612 
0473       6591 
0474       6587 
0475       6587 
0476       6559 
0477       6551 
0478       6546 
0479       6546 
0480       6546 
0481       6542 
0482       6541 
0483       6538 
0484       6534 
0485       6518 
0486       6507 
0487       6486 
0488       6471 
0489       6467 
0490       6467 
0491       6467 
0492       6464 
0493       6457 
0494       6457 
0495       6457 
0496       6455 
0497       6450 
0498       6447 
0499       6415 
0500       6406 
0501       6397 
0502       6397 
0503       6412 
0504       6412 
0505       6412 
0506       6411 
0507       6411 
0508       6397 
0509       6397 
0510       6397 
0511       6385 
0512       6363 
0513       6363 
0514       6363 
0515       6371 
0516       6371 
0517       6371 
0518       6368 
0519       6368 
0520       6363 
0521       6361 
0522       6356 
0523       6347 
0524       6334 
0525       6328 
0526       6328 
0527       6349 
0528       6357 
0529       6357 
0530       6352 
0531       6350 
0532       6350 
0533       6349 
0534       6349 
0535       6343 
0536       6331 
0537       6312 
0538       6312 
0539       6331 
0540       6341 
0541       6348 
0542       6348 
0543       6348 
0544       6348 
0545       6348 
0546       6347 
0547       6347 
0548       6338 
0549       6324 
0550       6324 
0551       6338 
0552       6355 
0553       6356 
0554       6358 
0555       6358 
0556       6359 
0557       6359 
0558       6362 
0559       6356 
0560       6342 
0561       6342 
0562       6319 
0563       6313 
0564       6286 
0565       6286 
0566       8562 
0567       8569 
0568       8593 
0569       8623 
0570       8629 
0571       8640 
0572       8645 
0573       8645 
0574       8645 
0575       8654 
0576       8684 
0577       8693 
0578       8693 
0579       8695 
0580       8689 
0581       8695 
0582       8716 
0583       8733 
0584       8735 
0585       8743 
0586       8761 
0587       8771 
0588       8773 
0589       8776 
0590       8795 
0591       8795 
0592       8804 
0593       8830 
0594       8827 
0595       8831 
0596       8840 
0597       8851 
0598       8866 
0599       8879 
0600       8891 
0601       8895 
0602       8895 
0603       8909 
0604       8918 
0605       8959 
0606       8963 
0607       8963 
0608       8983 
0609       9006 
0610       9012 
0611       9015 
0612       9023 
0613       9029 
0614       9045 
0615       9071 
0616       9090 
0617       9122 
0618       9124 
0619       9138 
0620       9149 
0621       9149 
0622       9166 
0623       9173 
0624       9201 
0625       9221 
0626       9247 
0627       9275 
0628       9289 
0629       9292 
0630       9300 
0631       9342 
0632       9346 
0633       9373 
0634       9411 
0635       9422 
0636       9437 
0637       9445 
0638       9479 
0639       9497 
0640       9497 
0641       9534 
0642       9571 
0643       9610 
0644       9610 
0645       9620 
0646       9632 
0647       9660 
0648       9693 
0649       9704 
0650       9730 
0651       9757 
0652       9764 
0653       9790 
0654       9831 
0655       9837 
0656       9868 
0657       9898 
0658       9904 
0659       9941 
0660       9957 
0661       10031 
0662       10042 
0663       10085 
0664       10092 
0665       10106 
0666       10145 
0667       10169 
0668       10183 
0669       10238 
0670       10266 
0671       10305 
0672       10341 
0673       10364 
0674       10410 
0675       10428 
0676       10434 
0677       10468 
0678       10468 
0679       10429 
0680       10380 
0681       10327 
0682       10262 
0683       10219 
0684       10089 
0685       10044 
0686       9995 
0687       9945 
0688       9894 
0689       9852 
0690       9812 
0691       9759 
0692       9680 
0693       9647 
0694       9582 
0695       9517 
0696       9451 
0697       9412 
0698       9373 
0699       9369 
0700       9345 
0701       9297 
0702       9256 
0703       9217 
0704       9169 
0705       9131 
0706       9096 
0707       9056 
0708       9007 
0709       8970 
0710       8924 
0711       8890 
0712       8852 
0713       8821 
0714       8782 
0715       8734 
0716       8687 
0717       8665 
0718       8628 
0719       8602 
0720       8561 
0721       8526 
0722       8496 
0723       8463 
0724       8426 
0725       8403 
0726       8376 
0727       8337 
0728       8212 
0729       8212 
0730       8277 
0731       8303 
0732       8351 
0733       8375 
0734       8385 
0735       8468 
0736       8496 
0737       8554 
0738       8590 
0739       8639 
0740       8639 
0741       8734 
0742       8772 
0743       8825 
0744       8887 
0745       8889 
0746       8937 
0747       8995 
0748       9057 
0749       9131 
0750       9160 
0751       9182 
0752       9275 
0753       9332 
0754       9397 
0755       9437 
0756       9440 
0757       9562 
0758       9630 
0759       9651 
0760       9688 
0761       9740 
0762       9860 
0763       9860 
0764       6802 
0765       1 
0766       1 
0767       1 
0768       1 
0769       1 
0770       1 
0771       1 
0772       1 
0773       4110 
0774       4112 
0775       4139 
0776       4150 
0777       4163 
0778       4184 
0779       4214 
0780       4218 
0781       4246 
0782       4249 
0783       4264 
0784       4312 
0785       4312 
0786       4312 
0787       4282 
0788       4196 
0789       3827 
0790       3642 
0791       3623 
0792       3623 
0793       3638 
0794       3642 
0795       3658 
0796       3663 
0797       3704 
0798       3712 
0799       3713 
0800       3768 
0801       3776 
0802       3809 
0803       3832 
0804       3851 
0805       3884 
0806       3903 
0807       3960 
0808       3999 
0809       4024 
0810       4036 
0811       4074 
0812       4130 
0813       4181 
0814       4235 
0815       4296 
0816       4341 
0817       4356 
0818       4416 
0819       4510 
0820       4547 
0821       4588 
0822       4674 
0823       4762 
0824       4870 
0825       4933 
0826       5034 
0827       6531 
0828       6531 
0829       6471 
0830       6466 
0831       6466 
0832       6479 
0833       6493 
0834       6490 
0835       6490 
0836       6469 
0837       6453 
0838       6453 
0839       6513 
0840       6584 
0841       6584 
0842       6551 
0843       6517 
0844       6500 
0845       6468 
0846       6422 
0847       6116 
0848       6116 
0849       6280 
0850       6280 
0851       6277 
0852       6277 
0853       6348 
0854       6459 
0855       6611 
0856       6702 
0857       6734 
0858       6734 
0859       6719 
0860       6682 
0861       6675 
0862       6682 
0863       6688 
0864       6688 
0865       6681 
0866       6673 
0867       6644 
0868       6644 
0869       6650 
0870       6650 
0871       6650 
0872       6637 
0873       6625 
0874       6625 
0875       6631 
0876       6656 
0877       6656 
0878       6615 
0879       6613 
0880       6428 
0881       6492 
0882       6492 
0883       6492 
0884       1 
0885       1 
0886       1 
0887       1 
0888       1 
0889       1 
0890       1 
0891       1 
0892       1 
0893       1 
0894       1 
0895       1 
0896       1 
0897       1 
0898       1 
0899       1 
0900       1 
0901       1 
0902       1 
0903       1 
0904       1 
0905       1 
0906       1 
0907       1 
0908       1 
0909       1 
0910       1 
0911       1 
0912       1 
0913       1 
0914       1 
0915       1 
0916       1 
0917       1 
0918       1 
0919       1 
0920       1 
0921       1 
0922       1 
0923       1 
0924       1 
0925       1 
0926       1 
0927       1 
0928       1 
0929       1 
0930       1 
0931       1 
0932       1 
0933       1 
0934       1 
0935       1 
0936       1 
0937       1 
0938       1 
0939       1 
0940       1 
0941       1 
0942       1 
0943       1 
0944       1 
0945       1 
0946       1 
0947       1 
0948       1 
0949       1 
0950       1 
0951       1 
0952       1 
0953       1 
0954       1 
0955       1 
0956       1 
0957       1 
0958       1 
0959       1 
0960       1 
0961       1 
0962       1 
0963       1 
0964       1 
0965       1 
0966       1 
0967       1 
0968       1 
0969       1 
0970       1 
0971       1 
0972       1 
0973       1 
0974       1 
0975       1 
0976       1 
0977       1 
0978       1 
0979       1 
0980       1 
0981       1 
0982       1 
0983       1 
0984       1 
0985       1 
0986       1 
0987       1 
0988       1 
0989       1 
0990       1 
0991       1 
0992       1 
0993       1 
0994       1 
0995       1 
0996       1 
0997       1 
0998       1 
0999       1 
1000       1 
1001       1 
1002       1 
1003       1 
1004       1 
1005       1 
1006       4 
1007       4 
1008       4 
1009       4 
1010       41 
1011       46 
1012       46 
1013       46 
1014       42 
1015       46 
1016       43 
1017       48 
1018       48 
1019       50 
1020       50 
1021       50 
1022       53 
1023       52 
1024       56 
1025       52 
1026       56 
1027       59 
1028       59 
1029       52 
1030       43 
1031       43 
1032       43 
1033       65 
1034       65 
1035       65 
1036       61 
1037       61 
1038       61 
1039       73 
1040       73 
1041       73 
1042       69 
1043       68 
1044       68 
1045       68 
1046       66 
1047       66 
1048       66 
1049       66 
1050       65 
1051       64 
1052       64 
1053       64 
1054       64 
1055       72 
1056       72 
1057       64 
1058       72 
1059       67 
1060       67 
1061       69 
1062       69 
1063       67 
1064       59 
1065       59 
1066       59 
1067       67 
1068       67 
1069       67 
1070       64 
1071       61 
1072       61 
1073       64 
1074       65 
1075       65 
1076       65 
1077       69 
1078       69 
1079       61 
1297966673.706152
