0000       1 
0001       1 
0002       1 
0003       1 
0004       1 
0005       1 
0006       1 
0007       1 
0008       1 
0009       1 
0010       1 
0011       1 
0012       1 
0013       1 
0014       1 
0015       1 
0016       1 
0017       1 
0018       1 
0019       1 
0020       1 
0021       1 
0022       1 
0023       1 
0024       1 
0025       1 
0026       1 
0027       1 
0028       1 
0029       1 
0030       1 
0031       1 
0032       1 
0033       1 
0034       1 
0035       1 
0036       1 
0037       1 
0038       1 
0039       1 
0040       1 
0041       1 
0042       1 
0043       1 
0044       1 
0045       1 
0046       1 
0047       1 
0048       1 
0049       1 
0050       1 
0051       1 
0052       1 
0053       1 
0054       1 
0055       1 
0056       1 
0057       1 
0058       1 
0059       1 
0060       1 
0061       1 
0062       1 
0063       1 
0064       1 
0065       1 
0066       1 
0067       1 
0068       1 
0069       1 
0070       1 
0071       1 
0072       1 
0073       1 
0074       1 
0075       1 
0076       1 
0077       1 
0078       1 
0079       1 
0080       1 
0081       1 
0082       1 
0083       1 
0084       1 
0085       1 
0086       1 
0087       1 
0088       1 
0089       1 
0090       1 
0091       1 
0092       1 
0093       1 
0094       1 
0095       1 
0096       1 
0097       1 
0098       1 
0099       1 
0100       1 
0101       1 
0102       1 
0103       1 
0104       1 
0105       1 
0106       1 
0107       1 
0108       1 
0109       1 
0110       1 
0111       1 
0112       1 
0113       1 
0114       1 
0115       1 
0116       1 
0117       1 
0118       1 
0119       1 
0120       1 
0121       1 
0122       1 
0123       1 
0124       1 
0125       1 
0126       1 
0127       1 
0128       1 
0129       1 
0130       1 
0131       1 
0132       30310 
0133       30310 
0134       30310 
0135       30296 
0136       30296 
0137       24613 
0138       24575 
0139       24575 
0140       24575 
0141       24568 
0142       24553 
0143       24544 
0144       24513 
0145       24513 
0146       24538 
0147       24538 
0148       24506 
0149       24492 
0150       24485 
0151       24303 
0152       24276 
0153       24276 
0154       24303 
0155       24304 
0156       24320 
0157       24434 
0158       24434 
0159       24429 
0160       24429 
0161       24432 
0162       24435 
0163       24432 
0164       24435 
0165       24437 
0166       24440 
0167       24440 
0168       24440 
0169       24300 
0170       24297 
0171       24285 
0172       24287 
0173       24287 
0174       24311 
0175       24313 
0176       24314 
0177       24314 
0178       1 
0179       1 
0180       1 
0181       1 
0182       1 
0183       1 
0184       1 
0185       1 
0186       24430 
0187       24505 
0188       24573 
0189       24579 
0190       24588 
0191       24614 
0192       24622 
0193       24659 
0194       24676 
0195       24726 
0196       24731 
0197       24731 
0198       24368 
0199       1 
0200       1 
0201       1 
0202       24368 
0203       24664 
0204       24682 
0205       24697 
0206       24703 
0207       24703 
0208       24703 
0209       24752 
0210       24797 
0211       24797 
0212       1 
0213       1 
0214       1 
0215       24943 
0216       24943 
0217       1 
0218       1 
0219       1 
0220       1 
0221       22184 
0222       22184 
0223       22184 
0224       22262 
0225       22264 
0226       22274 
0227       22334 
0228       22335 
0229       22408 
0230       22409 
0231       22469 
0232       22469 
0233       1 
0234       1 
0235       1 
0236       1 
0237       1 
0238       1 
0239       1 
0240       1 
0241       1 
0242       1 
0243       1 
0244       1 
0245       18590 
0246       18630 
0247       18644 
0248       18668 
0249       18698 
0250       18765 
0251       18767 
0252       18802 
0253       18833 
0254       18899 
0255       18899 
0256       18957 
0257       18994 
0258       18995 
0259       19061 
0260       19125 
0261       19156 
0262       19228 
0263       19248 
0264       19274 
0265       19331 
0266       19331 
0267       19035 
0268       19028 
0269       19028 
0270       19028 
0271       1 
0272       1 
0273       1 
0274       1 
0275       1 
0276       1 
0277       1 
0278       1 
0279       1 
0280       1 
0281       1 
0282       1 
0283       1 
0284       1 
0285       1 
0286       1 
0287       1 
0288       1 
0289       1 
0290       1 
0291       1 
0292       1 
0293       1 
0294       1 
0295       1 
0296       1 
0297       1 
0298       1 
0299       1 
0300       1 
0301       1 
0302       1 
0303       1 
0304       1 
0305       1 
0306       1 
0307       1 
0308       13893 
0309       13893 
0310       13893 
0311       13810 
0312       13705 
0313       13649 
0314       13583 
0315       13505 
0316       13424 
0317       13347 
0318       13256 
0319       13226 
0320       13166 
0321       13090 
0322       13021 
0323       12958 
0324       12861 
0325       12828 
0326       12739 
0327       12662 
0328       12608 
0329       12553 
0330       12482 
0331       12403 
0332       12368 
0333       12307 
0334       12226 
0335       12182 
0336       12126 
0337       12071 
0338       12010 
0339       8835 
0340       8761 
0341       8737 
0342       8688 
0343       8648 
0344       8644 
0345       8644 
0346       8644 
0347       8645 
0348       8636 
0349       8628 
0350       8625 
0351       8599 
0352       8567 
0353       8552 
0354       8467 
0355       8385 
0356       8343 
0357       8334 
0358       8305 
0359       8290 
0360       8232 
0361       8212 
0362       8159 
0363       8118 
0364       8114 
0365       8108 
0366       8077 
0367       8043 
0368       8001 
0369       7968 
0370       7903 
0371       7893 
0372       7886 
0373       7850 
0374       7835 
0375       7807 
0376       7762 
0377       7722 
0378       7687 
0379       7682 
0380       7670 
0381       7653 
0382       7626 
0383       7600 
0384       7566 
0385       7540 
0386       7487 
0387       7486 
0388       7482 
0389       7461 
0390       7436 
0391       7406 
0392       7393 
0393       7376 
0394       7333 
0395       7303 
0396       7300 
0397       7279 
0398       7260 
0399       7252 
0400       7217 
0401       7188 
0402       7124 
0403       7054 
0404       7054 
0405       7099 
0406       7179 
0407       7288 
0408       7345 
0409       7411 
0410       7480 
0411       7527 
0412       7602 
0413       7676 
0414       7740 
0415       7804 
0416       7867 
0417       7929 
0418       8009 
0419       8086 
0420       8167 
0421       8236 
0422       8308 
0423       8405 
0424       8475 
0425       8565 
0426       8659 
0427       8732 
0428       8843 
0429       8936 
0430       8992 
0431       9008 
0432       9008 
0433       9008 
0434       8978 
0435       8978 
0436       8991 
0437       8991 
0438       8990 
0439       8977 
0440       8961 
0441       8958 
0442       8911 
0443       8909 
0444       8885 
0445       8879 
0446       8870 
0447       8866 
0448       8860 
0449       8838 
0450       8832 
0451       8824 
0452       8814 
0453       8804 
0454       8790 
0455       8789 
0456       8772 
0457       8751 
0458       8739 
0459       8738 
0460       8718 
0461       8696 
0462       8696 
0463       8692 
0464       8686 
0465       8660 
0466       8658 
0467       8636 
0468       8636 
0469       8636 
0470       8631 
0471       8625 
0472       8610 
0473       8590 
0474       8578 
0475       8584 
0476       8578 
0477       8560 
0478       8549 
0479       8549 
0480       8543 
0481       8546 
0482       8535 
0483       8524 
0484       8519 
0485       8503 
0486       8503 
0487       8483 
0488       8482 
0489       8474 
0490       8474 
0491       8474 
0492       8472 
0493       8468 
0494       8446 
0495       8446 
0496       8446 
0497       8445 
0498       8445 
0499       8425 
0500       8423 
0501       8423 
0502       8417 
0503       8434 
0504       8417 
0505       8416 
0506       8406 
0507       8416 
0508       8414 
0509       8418 
0510       8414 
0511       8405 
0512       8396 
0513       8396 
0514       8389 
0515       8389 
0516       8389 
0517       8381 
0518       8381 
0519       8381 
0520       8391 
0521       8393 
0522       8401 
0523       8401 
0524       8387 
0525       8387 
0526       8386 
0527       8395 
0528       8390 
0529       8390 
0530       8389 
0531       8389 
0532       8389 
0533       8387 
0534       8395 
0535       8395 
0536       8400 
0537       8400 
0538       8402 
0539       8402 
0540       8391 
0541       8391 
0542       8407 
0543       8410 
0544       8413 
0545       8421 
0546       8424 
0547       8424 
0548       8431 
0549       8429 
0550       8431 
0551       8447 
0552       8447 
0553       8460 
0554       8468 
0555       8460 
0556       8468 
0557       8472 
0558       8481 
0559       8484 
0560       8489 
0561       8490 
0562       8499 
0563       8499 
0564       8528 
0565       8535 
0566       8542 
0567       8546 
0568       8558 
0569       8569 
0570       8576 
0571       8576 
0572       8545 
0573       8454 
0574       8264 
0575       8072 
0576       7993 
0577       7888 
0578       7745 
0579       7605 
0580       7469 
0581       7339 
0582       7236 
0583       7123 
0584       7004 
0585       6905 
0586       6807 
0587       6706 
0588       6603 
0589       6498 
0590       6422 
0591       6343 
0592       6254 
0593       6165 
0594       6081 
0595       5871 
0596       5661 
0597       5660 
0598       5660 
0599       5664 
0600       5671 
0601       5689 
0602       5696 
0603       5696 
0604       5714 
0605       5724 
0606       5724 
0607       5724 
0608       5738 
0609       5768 
0610       5784 
0611       5784 
0612       5785 
0613       5798 
0614       5806 
0615       5807 
0616       5832 
0617       5840 
0618       5840 
0619       5840 
0620       5840 
0621       5889 
0622       5889 
0623       5899 
0624       5909 
0625       5923 
0626       5926 
0627       5951 
0628       5956 
0629       5963 
0630       5966 
0631       5967 
0632       5978 
0633       6030 
0634       6035 
0635       6043 
0636       6058 
0637       6090 
0638       6096 
0639       6118 
0640       6125 
0641       6129 
0642       6143 
0643       6151 
0644       6184 
0645       6198 
0646       6206 
0647       6223 
0648       6254 
0649       6261 
0650       6277 
0651       6279 
0652       6290 
0653       6299 
0654       6307 
0655       6340 
0656       6367 
0657       6401 
0658       6414 
0659       6445 
0660       6447 
0661       6458 
0662       6473 
0663       6476 
0664       6481 
0665       6520 
0666       6547 
0667       6563 
0668       6600 
0669       6612 
0670       6632 
0671       6664 
0672       6673 
0673       6680 
0674       6697 
0675       6759 
0676       6763 
0677       6776 
0678       6809 
0679       6835 
0680       6849 
0681       6887 
0682       6894 
0683       6931 
0684       6973 
0685       6996 
0686       7007 
0687       7030 
0688       7052 
0689       7087 
0690       7091 
0691       7125 
0692       7157 
0693       7177 
0694       7217 
0695       7242 
0696       7285 
0697       7316 
0698       7326 
0699       7330 
0700       7397 
0701       7439 
0702       7469 
0703       7477 
0704       7520 
0705       7544 
0706       7549 
0707       7593 
0708       7645 
0709       7670 
0710       7702 
0711       7749 
0712       7794 
0713       7802 
0714       7841 
0715       7884 
0716       7919 
0717       7987 
0718       8001 
0719       8031 
0720       8056 
0721       8107 
0722       8157 
0723       8197 
0724       8232 
0725       8278 
0726       8302 
0727       8351 
0728       8362 
0729       8417 
0730       8435 
0731       8479 
0732       8484 
0733       8484 
0734       8467 
0735       1 
0736       1 
0737       1 
0738       1 
0739       1 
0740       1 
0741       1 
0742       1 
0743       1 
0744       1 
0745       1 
0746       1 
0747       1 
0748       1 
0749       1 
0750       1 
0751       1 
0752       1 
0753       1 
0754       1 
0755       1 
0756       1 
0757       1 
0758       1 
0759       1 
0760       1 
0761       3917 
0762       3930 
0763       3935 
0764       3945 
0765       3963 
0766       3972 
0767       3977 
0768       3992 
0769       4043 
0770       4048 
0771       4071 
0772       4111 
0773       4141 
0774       4148 
0775       4176 
0776       4214 
0777       4214 
0778       4214 
0779       4179 
0780       4167 
0781       3536 
0782       3507 
0783       3507 
0784       3507 
0785       3535 
0786       3566 
0787       3577 
0788       3582 
0789       3591 
0790       3614 
0791       3615 
0792       3677 
0793       3681 
0794       3731 
0795       3750 
0796       3759 
0797       3784 
0798       3829 
0799       3857 
0800       3864 
0801       3904 
0802       3953 
0803       4009 
0804       4041 
0805       4064 
0806       4120 
0807       4165 
0808       4203 
0809       4247 
0810       4304 
0811       4325 
0812       4418 
0813       4471 
0814       4505 
0815       4588 
0816       4669 
0817       4717 
0818       4819 
0819       4896 
0820       5011 
0821       5076 
0822       5269 
0823       5334 
0824       5408 
0825       7459 
0826       7462 
0827       7480 
0828       7462 
0829       7430 
0830       7361 
0831       7334 
0832       7334 
0833       7277 
0834       7248 
0835       7231 
0836       7192 
0837       7186 
0838       7166 
0839       7143 
0840       7073 
0841       7068 
0842       7065 
0843       6700 
0844       6700 
0845       6892 
0846       6898 
0847       6908 
0848       6908 
0849       6974 
0850       7093 
0851       7370 
0852       7614 
0853       7656 
0854       7666 
0855       7774 
0856       7774 
0857       7732 
0858       7732 
0859       7751 
0860       7761 
0861       7755 
0862       7755 
0863       7642 
0864       7729 
0865       7729 
0866       7763 
0867       7763 
0868       7636 
0869       7636 
0870       7636 
0871       7747 
0872       7747 
0873       7496 
0874       1 
0875       1 
0876       1 
0877       1 
0878       1 
0879       1 
0880       1 
0881       1 
0882       1 
0883       1 
0884       1 
0885       1 
0886       1 
0887       1 
0888       1 
0889       1 
0890       1 
0891       1 
0892       1 
0893       1 
0894       1 
0895       1 
0896       1 
0897       1 
0898       1 
0899       1 
0900       1 
0901       1 
0902       1 
0903       1 
0904       1 
0905       1 
0906       1 
0907       1 
0908       1 
0909       1 
0910       1 
0911       1 
0912       1 
0913       1 
0914       1 
0915       1 
0916       1 
0917       1 
0918       1 
0919       1 
0920       1 
0921       1 
0922       1 
0923       1 
0924       1 
0925       1 
0926       1 
0927       1 
0928       1 
0929       1 
0930       1 
0931       1 
0932       1 
0933       1 
0934       1 
0935       1 
0936       1 
0937       1 
0938       1 
0939       1 
0940       1 
0941       1 
0942       1 
0943       1 
0944       1 
0945       1 
0946       1 
0947       1 
0948       1 
0949       1 
0950       1 
0951       1 
0952       1 
0953       1 
0954       1 
0955       1 
0956       1 
0957       1 
0958       1 
0959       1 
0960       1 
0961       1 
0962       1 
0963       1 
0964       1 
0965       1 
0966       1 
0967       1 
0968       1 
0969       1 
0970       1 
0971       1 
0972       1 
0973       1 
0974       1 
0975       1 
0976       1 
0977       1 
0978       1 
0979       1 
0980       1 
0981       1 
0982       1 
0983       1 
0984       1 
0985       1 
0986       1 
0987       1 
0988       1 
0989       1 
0990       1 
0991       1 
0992       1 
0993       1 
0994       1 
0995       1 
0996       1 
0997       1 
0998       1 
0999       1 
1000       1 
1001       1 
1002       1 
1003       1 
1004       1 
1005       1 
1006       1 
1007       4 
1008       51 
1009       51 
1010       59 
1011       59 
1012       52 
1013       52 
1014       4 
1015       4 
1016       4 
1017       49 
1018       55 
1019       59 
1020       59 
1021       59 
1022       56 
1023       59 
1024       60 
1025       65 
1026       65 
1027       65 
1028       62 
1029       58 
1030       58 
1031       54 
1032       58 
1033       58 
1034       65 
1035       65 
1036       68 
1037       65 
1038       70 
1039       70 
1040       70 
1041       67 
1042       67 
1043       67 
1044       67 
1045       70 
1046       70 
1047       70 
1048       69 
1049       69 
1050       66 
1051       65 
1052       66 
1053       66 
1054       65 
1055       65 
1056       65 
1057       65 
1058       65 
1059       64 
1060       69 
1061       69 
1062       68 
1063       68 
1064       68 
1065       66 
1066       66 
1067       66 
1068       70 
1069       70 
1070       70 
1071       67 
1072       67 
1073       67 
1074       70 
1075       70 
1076       70 
1077       72 
1078       69 
1079       63 
1297966669.418099
