0000       1 
0001       1 
0002       1 
0003       1 
0004       1 
0005       1 
0006       1 
0007       1 
0008       1 
0009       1 
0010       1 
0011       1 
0012       1 
0013       1 
0014       1 
0015       1 
0016       1 
0017       1 
0018       1 
0019       1 
0020       1 
0021       1 
0022       1 
0023       1 
0024       1 
0025       1 
0026       1 
0027       1 
0028       1 
0029       1 
0030       1 
0031       1 
0032       1 
0033       1 
0034       1 
0035       1 
0036       1 
0037       1 
0038       1 
0039       1 
0040       1 
0041       1 
0042       1 
0043       1 
0044       1 
0045       1 
0046       1 
0047       1 
0048       1 
0049       1 
0050       1 
0051       1 
0052       1 
0053       1 
0054       1 
0055       1 
0056       1 
0057       1 
0058       1 
0059       1 
0060       1 
0061       1 
0062       1 
0063       1 
0064       1 
0065       1 
0066       1 
0067       1 
0068       1 
0069       1 
0070       1 
0071       1 
0072       1 
0073       1 
0074       1 
0075       1 
0076       1 
0077       1 
0078       1 
0079       1 
0080       1 
0081       1 
0082       1 
0083       1 
0084       1 
0085       1 
0086       1 
0087       1 
0088       1 
0089       1 
0090       1 
0091       1 
0092       1 
0093       1 
0094       1 
0095       1 
0096       1 
0097       1 
0098       1 
0099       1 
0100       1 
0101       1 
0102       1 
0103       1 
0104       1 
0105       1 
0106       1 
0107       1 
0108       1 
0109       1 
0110       1 
0111       1 
0112       1 
0113       1 
0114       1 
0115       1 
0116       1 
0117       1 
0118       1 
0119       1 
0120       1 
0121       1 
0122       1 
0123       1 
0124       1 
0125       1 
0126       1 
0127       1 
0128       1 
0129       1 
0130       1 
0131       1 
0132       1 
0133       1 
0134       1 
0135       1 
0136       1 
0137       1 
0138       1 
0139       1 
0140       1 
0141       1 
0142       1 
0143       1 
0144       1 
0145       1 
0146       1 
0147       1 
0148       1 
0149       1 
0150       1 
0151       1 
0152       1 
0153       1 
0154       1 
0155       1 
0156       1 
0157       1 
0158       1 
0159       1 
0160       1 
0161       1 
0162       1 
0163       1 
0164       1 
0165       1 
0166       1 
0167       1 
0168       1 
0169       1 
0170       1 
0171       1 
0172       1 
0173       1 
0174       1 
0175       1 
0176       1 
0177       1 
0178       1 
0179       1 
0180       1 
0181       1 
0182       1 
0183       1 
0184       1 
0185       1 
0186       1 
0187       1 
0188       1 
0189       1 
0190       1 
0191       1 
0192       1 
0193       1 
0194       1 
0195       1 
0196       1 
0197       1 
0198       1 
0199       1 
0200       1 
0201       1 
0202       1 
0203       1 
0204       1 
0205       1 
0206       1 
0207       1 
0208       1 
0209       1 
0210       1 
0211       1 
0212       1 
0213       1 
0214       1 
0215       1 
0216       1 
0217       1 
0218       1 
0219       1 
0220       1 
0221       1 
0222       1 
0223       1 
0224       1 
0225       1 
0226       1 
0227       1 
0228       1 
0229       1 
0230       1 
0231       1 
0232       1 
0233       1 
0234       1 
0235       1 
0236       1 
0237       1 
0238       1 
0239       1 
0240       1 
0241       1 
0242       1 
0243       1 
0244       1 
0245       1 
0246       1 
0247       1 
0248       1 
0249       1 
0250       1 
0251       1 
0252       1 
0253       1 
0254       1 
0255       1 
0256       1 
0257       1 
0258       1 
0259       1 
0260       1 
0261       1 
0262       1 
0263       1 
0264       1 
0265       1 
0266       1 
0267       1 
0268       1 
0269       1 
0270       1 
0271       1 
0272       1 
0273       1 
0274       1 
0275       1 
0276       1 
0277       1 
0278       12617 
0279       12617 
0280       12530 
0281       12416 
0282       12334 
0283       12200 
0284       12102 
0285       12035 
0286       11945 
0287       11850 
0288       11776 
0289       11709 
0290       11658 
0291       11617 
0292       11558 
0293       11546 
0294       11541 
0295       11507 
0296       11429 
0297       11355 
0298       11289 
0299       11207 
0300       11092 
0301       11017 
0302       10961 
0303       10877 
0304       10805 
0305       10740 
0306       10686 
0307       10562 
0308       10532 
0309       10449 
0310       10377 
0311       10339 
0312       10238 
0313       10210 
0314       10105 
0315       9744 
0316       9627 
0317       9627 
0318       9647 
0319       9686 
0320       9703 
0321       9745 
0322       9774 
0323       9826 
0324       9858 
0325       9887 
0326       9910 
0327       9962 
0328       9987 
0329       10038 
0330       10066 
0331       10104 
0332       10134 
0333       10176 
0334       10212 
0335       10266 
0336       10297 
0337       10346 
0338       10375 
0339       10410 
0340       10458 
0341       10514 
0342       10550 
0343       10590 
0344       10643 
0345       10679 
0346       10711 
0347       10785 
0348       10832 
0349       10869 
0350       10910 
0351       10962 
0352       11018 
0353       11063 
0354       11113 
0355       11191 
0356       11236 
0357       11267 
0358       11328 
0359       11386 
0360       11436 
0361       11509 
0362       11564 
0363       11564 
0364       11529 
0365       11505 
0366       11438 
0367       11394 
0368       11367 
0369       11299 
0370       11244 
0371       11222 
0372       11169 
0373       11130 
0374       11094 
0375       11063 
0376       11031 
0377       10973 
0378       10927 
0379       10900 
0380       10848 
0381       10836 
0382       10836 
0383       10853 
0384       10865 
0385       10865 
0386       10854 
0387       10792 
0388       10773 
0389       10724 
0390       10699 
0391       10683 
0392       10649 
0393       10590 
0394       10582 
0395       10569 
0396       10546 
0397       10502 
0398       10447 
0399       10431 
0400       10394 
0401       10360 
0402       10332 
0403       10316 
0404       10284 
0405       10281 
0406       10242 
0407       10204 
0408       10169 
0409       10160 
0410       10097 
0411       10087 
0412       10053 
0413       10048 
0414       10026 
0415       10009 
0416       9973 
0417       9948 
0418       9909 
0419       9904 
0420       9893 
0421       9863 
0422       9833 
0423       9823 
0424       9791 
0425       9751 
0426       9734 
0427       9714 
0428       9697 
0429       9676 
0430       9641 
0431       9631 
0432       9611 
0433       9602 
0434       9561 
0435       9559 
0436       9546 
0437       9514 
0438       9487 
0439       9447 
0440       9442 
0441       9429 
0442       9399 
0443       9393 
0444       9365 
0445       9362 
0446       9344 
0447       9341 
0448       9315 
0449       9305 
0450       9287 
0451       9258 
0452       9246 
0453       9244 
0454       9216 
0455       9215 
0456       9199 
0457       9167 
0458       9162 
0459       9134 
0460       9127 
0461       9118 
0462       9106 
0463       9086 
0464       9064 
0465       9054 
0466       9047 
0467       9031 
0468       9031 
0469       9012 
0470       8982 
0471       8974 
0472       8974 
0473       8962 
0474       8957 
0475       8945 
0476       8932 
0477       8916 
0478       8911 
0479       8904 
0480       8890 
0481       8882 
0482       8859 
0483       8843 
0484       8841 
0485       8838 
0486       8838 
0487       8824 
0488       8811 
0489       8808 
0490       8801 
0491       8796 
0492       8781 
0493       8781 
0494       8770 
0495       8784 
0496       8770 
0497       8755 
0498       8748 
0499       8742 
0500       8735 
0501       8734 
0502       8726 
0503       8723 
0504       8720 
0505       8720 
0506       8715 
0507       8715 
0508       8713 
0509       8693 
0510       8674 
0511       8674 
0512       8674 
0513       8683 
0514       8683 
0515       8683 
0516       8679 
0517       8662 
0518       8662 
0519       8660 
0520       8660 
0521       8660 
0522       8660 
0523       8657 
0524       8657 
0525       8656 
0526       8653 
0527       8653 
0528       8656 
0529       8656 
0530       8647 
0531       8647 
0532       8647 
0533       8651 
0534       8651 
0535       8651 
0536       8655 
0537       8646 
0538       8651 
0539       8651 
0540       8659 
0541       8662 
0542       8659 
0543       8657 
0544       8657 
0545       8667 
0546       8674 
0547       8676 
0548       8676 
0549       8667 
0550       8667 
0551       8689 
0552       8702 
0553       8689 
0554       8702 
0555       8715 
0556       8726 
0557       8726 
0558       8729 
0559       8728 
0560       8742 
0561       8730 
0562       8742 
0563       8752 
0564       8766 
0565       8767 
0566       8776 
0567       8776 
0568       8773 
0569       8771 
0570       8771 
0571       8771 
0572       8782 
0573       8802 
0574       8802 
0575       8806 
0576       8814 
0577       8817 
0578       8840 
0579       8841 
0580       8841 
0581       8848 
0582       8856 
0583       8857 
0584       8882 
0585       8888 
0586       8893 
0587       8917 
0588       8917 
0589       8917 
0590       8964 
0591       8973 
0592       8984 
0593       8994 
0594       8997 
0595       8998 
0596       9015 
0597       9030 
0598       9030 
0599       9030 
0600       9037 
0601       9062 
0602       9075 
0603       9096 
0604       9096 
0605       9109 
0606       9110 
0607       9149 
0608       9155 
0609       9168 
0610       9179 
0611       9187 
0612       9218 
0613       9221 
0614       9245 
0615       9246 
0616       9253 
0617       9286 
0618       9287 
0619       9303 
0620       9319 
0621       9357 
0622       9368 
0623       9393 
0624       9416 
0625       9441 
0626       9443 
0627       9475 
0628       9483 
0629       9494 
0630       9508 
0631       9522 
0632       9524 
0633       9548 
0634       9564 
0635       9591 
0636       9610 
0637       9639 
0638       9658 
0639       9672 
0640       9707 
0641       9723 
0642       9736 
0643       9761 
0644       9793 
0645       9810 
0646       9843 
0647       9872 
0648       9882 
0649       9901 
0650       9933 
0651       9956 
0652       9976 
0653       9989 
0654       9996 
0655       10035 
0656       10058 
0657       10082 
0658       10104 
0659       10132 
0660       10174 
0661       10204 
0662       10234 
0663       10265 
0664       10276 
0665       10315 
0666       10355 
0667       10378 
0668       10386 
0669       10430 
0670       10467 
0671       10472 
0672       10513 
0673       10528 
0674       10603 
0675       10610 
0676       10648 
0677       10697 
0678       10717 
0679       10752 
0680       10791 
0681       10851 
0682       10881 
0683       10912 
0684       10934 
0685       10954 
0686       10989 
0687       11061 
0688       11081 
0689       11132 
0690       11183 
0691       11225 
0692       11241 
0693       11285 
0694       11326 
0695       11372 
0696       11432 
0697       11469 
0698       11505 
0699       11549 
0700       11597 
0701       11650 
0702       11706 
0703       11741 
0704       11798 
0705       11798 
0706       11844 
0707       11901 
0708       11977 
0709       12030 
0710       12065 
0711       12096 
0712       12158 
0713       12195 
0714       12272 
0715       12326 
0716       12369 
0717       12439 
0718       12485 
0719       12557 
0720       12612 
0721       12679 
0722       12758 
0723       12778 
0724       12857 
0725       12903 
0726       12958 
0727       13038 
0728       13123 
0729       13187 
0730       13283 
0731       13312 
0732       13397 
0733       13487 
0734       13567 
0735       13586 
0736       13676 
0737       13752 
0738       13816 
0739       13893 
0740       13981 
0741       14098 
0742       14136 
0743       14222 
0744       14318 
0745       14411 
0746       14478 
0747       14478 
0748       14594 
0749       14750 
0750       14750 
0751       14817 
0752       14989 
0753       15091 
0754       15186 
0755       15264 
0756       15419 
0757       15444 
0758       15549 
0759       15549 
0760       1 
0761       1 
0762       1 
0763       1 
0764       1 
0765       1 
0766       1 
0767       1 
0768       1 
0769       1 
0770       1 
0771       16670 
0772       16786 
0773       16786 
0774       16786 
0775       16931 
0776       17286 
0777       17289 
0778       17289 
0779       17280 
0780       17243 
0781       1 
0782       1 
0783       1 
0784       1 
0785       1 
0786       1 
0787       1 
0788       1 
0789       1 
0790       1 
0791       1 
0792       1 
0793       13473 
0794       13473 
0795       13446 
0796       13428 
0797       13402 
0798       13398 
0799       13368 
0800       1 
0801       1 
0802       1 
0803       1 
0804       1 
0805       1 
0806       1 
0807       1 
0808       1 
0809       1 
0810       1 
0811       1 
0812       1 
0813       1 
0814       8898 
0815       8977 
0816       8994 
0817       9087 
0818       9188 
0819       9270 
0820       9417 
0821       9539 
0822       9539 
0823       9539 
0824       1 
0825       1 
0826       9999 
0827       10604 
0828       10838 
0829       11091 
0830       11346 
0831       11550 
0832       11705 
0833       11937 
0834       12101 
0835       12304 
0836       12541 
0837       12541 
0838       1 
0839       1 
0840       1 
0841       13713 
0842       13713 
0843       13912 
0844       14400 
0845       14400 
0846       14400 
0847       1 
0848       1 
0849       1 
0850       1 
0851       1 
0852       1 
0853       1 
0854       1 
0855       1 
0856       1 
0857       1 
0858       1 
0859       1 
0860       1 
0861       1 
0862       1 
0863       1 
0864       1 
0865       1 
0866       1 
0867       1 
0868       1 
0869       1 
0870       1 
0871       1 
0872       1 
0873       1 
0874       1 
0875       1 
0876       1 
0877       1 
0878       1 
0879       1 
0880       1 
0881       1 
0882       1 
0883       1 
0884       1 
0885       1 
0886       1 
0887       1 
0888       1 
0889       1 
0890       1 
0891       1 
0892       1 
0893       1 
0894       1 
0895       1 
0896       1 
0897       1 
0898       1 
0899       1 
0900       1 
0901       1 
0902       1 
0903       1 
0904       1 
0905       1 
0906       1 
0907       1 
0908       1 
0909       1 
0910       1 
0911       1 
0912       1 
0913       1 
0914       1 
0915       1 
0916       1 
0917       1 
0918       1 
0919       1 
0920       1 
0921       1 
0922       1 
0923       1 
0924       1 
0925       1 
0926       1 
0927       1 
0928       1 
0929       1 
0930       1 
0931       1 
0932       1 
0933       1 
0934       1 
0935       1 
0936       1 
0937       1 
0938       1 
0939       1 
0940       1 
0941       1 
0942       1 
0943       1 
0944       1 
0945       1 
0946       1 
0947       1 
0948       1 
0949       1 
0950       1 
0951       1 
0952       1 
0953       1 
0954       1 
0955       1 
0956       1 
0957       1 
0958       1 
0959       1 
0960       1 
0961       1 
0962       1 
0963       1 
0964       1 
0965       1 
0966       1 
0967       1 
0968       1 
0969       1 
0970       1 
0971       1 
0972       1 
0973       1 
0974       1 
0975       1 
0976       1 
0977       1 
0978       1 
0979       1 
0980       1 
0981       1 
0982       1 
0983       1 
0984       1 
0985       1 
0986       1 
0987       1 
0988       1 
0989       1 
0990       1 
0991       1 
0992       1 
0993       1 
0994       1 
0995       1 
0996       1 
0997       1 
0998       1 
0999       1 
1000       1 
1001       1 
1002       1 
1003       1 
1004       1 
1005       1 
1006       1 
1007       4 
1008       4 
1009       44 
1010       42 
1011       42 
1012       44 
1013       44 
1014       51 
1015       51 
1016       59 
1017       59 
1018       59 
1019       53 
1020       56 
1021       53 
1022       56 
1023       56 
1024       56 
1025       70 
1026       70 
1027       62 
1028       55 
1029       53 
1030       52 
1031       52 
1032       52 
1033       55 
1034       59 
1035       63 
1036       68 
1037       70 
1038       70 
1039       70 
1040       70 
1041       70 
1042       70 
1043       70 
1044       68 
1045       68 
1046       69 
1047       68 
1048       69 
1049       69 
1050       69 
1051       67 
1052       68 
1053       68 
1054       67 
1055       67 
1056       68 
1057       67 
1058       67 
1059       71 
1060       71 
1061       68 
1062       71 
1063       71 
1064       68 
1065       72 
1066       72 
1067       69 
1068       69 
1069       69 
1070       69 
1071       69 
1072       70 
1073       68 
1074       65 
1075       65 
1076       67 
1077       62 
1078       67 
1079       67 
1297966631.437222
