0000       1 
0001       1 
0002       1 
0003       1 
0004       1 
0005       1 
0006       1 
0007       1 
0008       1 
0009       1 
0010       1 
0011       1 
0012       1 
0013       1 
0014       1 
0015       1 
0016       1 
0017       1 
0018       1 
0019       1 
0020       1 
0021       1 
0022       1 
0023       1 
0024       1 
0025       1 
0026       1 
0027       1 
0028       1 
0029       1 
0030       1 
0031       1 
0032       1 
0033       1 
0034       1 
0035       1 
0036       1 
0037       1 
0038       1 
0039       1 
0040       1 
0041       1 
0042       1 
0043       1 
0044       1 
0045       1 
0046       1 
0047       1 
0048       1 
0049       1 
0050       1 
0051       1 
0052       1 
0053       1 
0054       1 
0055       1 
0056       1 
0057       1 
0058       1 
0059       1 
0060       1 
0061       1 
0062       1 
0063       1 
0064       1 
0065       1 
0066       1 
0067       1 
0068       1 
0069       1 
0070       1 
0071       1 
0072       1 
0073       1 
0074       1 
0075       1 
0076       1 
0077       1 
0078       1 
0079       1 
0080       1 
0081       1 
0082       1 
0083       1 
0084       1 
0085       1 
0086       1 
0087       1 
0088       1 
0089       1 
0090       1 
0091       1 
0092       1 
0093       1 
0094       1 
0095       1 
0096       1 
0097       1 
0098       1 
0099       1 
0100       1 
0101       1 
0102       1 
0103       1 
0104       1 
0105       1 
0106       1 
0107       1 
0108       1 
0109       1 
0110       1 
0111       1 
0112       1 
0113       1 
0114       1 
0115       1 
0116       1 
0117       1 
0118       1 
0119       1 
0120       1 
0121       1 
0122       1 
0123       1 
0124       1 
0125       1 
0126       1 
0127       1 
0128       1 
0129       1 
0130       1 
0131       1 
0132       1 
0133       1 
0134       1 
0135       1 
0136       1 
0137       1 
0138       1 
0139       1 
0140       1 
0141       1 
0142       1 
0143       1 
0144       1 
0145       1 
0146       1 
0147       1 
0148       1 
0149       1 
0150       1 
0151       1 
0152       1 
0153       1 
0154       1 
0155       1 
0156       1 
0157       1 
0158       1 
0159       1 
0160       1 
0161       1 
0162       1 
0163       1 
0164       1 
0165       1 
0166       1 
0167       1 
0168       1 
0169       1 
0170       1 
0171       1 
0172       1 
0173       1 
0174       1 
0175       1 
0176       1 
0177       1 
0178       1 
0179       1 
0180       1 
0181       1 
0182       1 
0183       1 
0184       1 
0185       1 
0186       1 
0187       1 
0188       1 
0189       1 
0190       1 
0191       1 
0192       1 
0193       1 
0194       1 
0195       1 
0196       1 
0197       1 
0198       1 
0199       1 
0200       1 
0201       1 
0202       1 
0203       1 
0204       1 
0205       1 
0206       1 
0207       1 
0208       1 
0209       1 
0210       1 
0211       1 
0212       1 
0213       1 
0214       1 
0215       1 
0216       1 
0217       1 
0218       1 
0219       1 
0220       1 
0221       1 
0222       1 
0223       1 
0224       1 
0225       1 
0226       1 
0227       1 
0228       1 
0229       1 
0230       1 
0231       1 
0232       1 
0233       1 
0234       1 
0235       1 
0236       1 
0237       1 
0238       1 
0239       1 
0240       1 
0241       1 
0242       1 
0243       1 
0244       1 
0245       1 
0246       1 
0247       1 
0248       1 
0249       1 
0250       1 
0251       1 
0252       1 
0253       1 
0254       1 
0255       1 
0256       1 
0257       1 
0258       1 
0259       1 
0260       1 
0261       1 
0262       1 
0263       1 
0264       1 
0265       1 
0266       16348 
0267       16361 
0268       16408 
0269       16408 
0270       16405 
0271       16272 
0272       16125 
0273       16008 
0274       1 
0275       1 
0276       1 
0277       1 
0278       14632 
0279       14639 
0280       14632 
0281       13265 
0282       13265 
0283       13265 
0284       13292 
0285       13309 
0286       13354 
0287       13397 
0288       13425 
0289       13449 
0290       13480 
0291       13499 
0292       13519 
0293       13544 
0294       13579 
0295       13579 
0296       13579 
0297       13601 
0298       13640 
0299       13731 
0300       13731 
0301       1 
0302       1 
0303       1 
0304       1 
0305       1 
0306       1 
0307       1 
0308       1 
0309       1 
0310       1 
0311       1 
0312       1 
0313       1 
0314       1 
0315       1 
0316       1 
0317       1 
0318       1 
0319       1 
0320       1 
0321       1 
0322       1 
0323       1 
0324       1 
0325       1 
0326       1 
0327       1 
0328       1 
0329       1 
0330       1 
0331       1 
0332       15060 
0333       15060 
0334       15053 
0335       14925 
0336       14839 
0337       14718 
0338       14601 
0339       14560 
0340       14452 
0341       14371 
0342       14310 
0343       14246 
0344       14197 
0345       14126 
0346       14060 
0347       13979 
0348       13908 
0349       13842 
0350       13784 
0351       13691 
0352       13638 
0353       13601 
0354       13531 
0355       13462 
0356       13418 
0357       13345 
0358       13303 
0359       13247 
0360       13184 
0361       13138 
0362       13103 
0363       13045 
0364       12960 
0365       12936 
0366       12877 
0367       12825 
0368       12778 
0369       12718 
0370       12668 
0371       12617 
0372       12552 
0373       12493 
0374       12467 
0375       12377 
0376       12323 
0377       12249 
0378       12196 
0379       12176 
0380       12110 
0381       12046 
0382       12018 
0383       11942 
0384       11903 
0385       11861 
0386       11833 
0387       11764 
0388       11697 
0389       11679 
0390       11652 
0391       11600 
0392       11547 
0393       11495 
0394       11475 
0395       11399 
0396       11369 
0397       11325 
0398       11293 
0399       11232 
0400       11191 
0401       11136 
0402       11121 
0403       11100 
0404       11060 
0405       11005 
0406       10961 
0407       10939 
0408       10910 
0409       10865 
0410       10855 
0411       10762 
0412       10755 
0413       10703 
0414       10679 
0415       10653 
0416       10629 
0417       10587 
0418       10560 
0419       10493 
0420       10480 
0421       10453 
0422       10431 
0423       10380 
0424       10366 
0425       10324 
0426       10277 
0427       10263 
0428       10238 
0429       10208 
0430       10201 
0431       10148 
0432       10121 
0433       10116 
0434       10081 
0435       10050 
0436       10011 
0437       10003 
0438       9952 
0439       9930 
0440       9905 
0441       9899 
0442       9858 
0443       9843 
0444       9804 
0445       9800 
0446       9771 
0447       9742 
0448       9733 
0449       9700 
0450       9678 
0451       9659 
0452       9652 
0453       9615 
0454       9612 
0455       9581 
0456       9564 
0457       9519 
0458       9505 
0459       9504 
0460       9476 
0461       9456 
0462       9433 
0463       9418 
0464       9397 
0465       9370 
0466       9359 
0467       9351 
0468       9327 
0469       9320 
0470       7969 
0471       7935 
0472       7850 
0473       7798 
0474       7733 
0475       7702 
0476       7660 
0477       7636 
0478       7633 
0479       7609 
0480       7583 
0481       7567 
0482       7526 
0483       7524 
0484       7524 
0485       7524 
0486       7500 
0487       7496 
0488       7496 
0489       7496 
0490       7493 
0491       7493 
0492       7512 
0493       7516 
0494       7529 
0495       7544 
0496       7556 
0497       7563 
0498       7592 
0499       7631 
0500       7718 
0501       7814 
0502       8087 
0503       8412 
0504       8567 
0505       8538 
0506       8542 
0507       8538 
0508       6993 
0509       6993 
0510       7012 
0511       7012 
0512       6992 
0513       6818 
0514       6756 
0515       6756 
0516       6816 
0517       6824 
0518       6826 
0519       6824 
0520       6776 
0521       6776 
0522       6793 
0523       6851 
0524       6863 
0525       6863 
0526       6846 
0527       6840 
0528       6820 
0529       6820 
0530       6992 
0531       7046 
0532       7047 
0533       7079 
0534       7150 
0535       7150 
0536       6886 
0537       6871 
0538       6859 
0539       6852 
0540       6859 
0541       6863 
0542       6863 
0543       6862 
0544       6862 
0545       6936 
0546       6983 
0547       6997 
0548       7022 
0549       7022 
0550       7013 
0551       6996 
0552       6996 
0553       7217 
0554       7388 
0555       7400 
0556       7400 
0557       7319 
0558       7207 
0559       7153 
0560       7152 
0561       7139 
0562       7127 
0563       7127 
0564       7138 
0565       7170 
0566       7170 
0567       7170 
0568       7165 
0569       7165 
0570       7158 
0571       7158 
0572       7170 
0573       7233 
0574       7289 
0575       7359 
0576       7377 
0577       7403 
0578       7449 
0579       7479 
0580       7508 
0581       7596 
0582       8259 
0583       8652 
0584       8675 
0585       8705 
0586       8708 
0587       8717 
0588       8719 
0589       8732 
0590       8739 
0591       8744 
0592       8748 
0593       8752 
0594       8761 
0595       8761 
0596       8761 
0597       8774 
0598       8790 
0599       8802 
0600       8802 
0601       8804 
0602       8812 
0603       8826 
0604       8833 
0605       8832 
0606       8838 
0607       8846 
0608       8854 
0609       8857 
0610       8873 
0611       8888 
0612       8895 
0613       8920 
0614       8920 
0615       8920 
0616       8938 
0617       8941 
0618       8945 
0619       8966 
0620       8975 
0621       8989 
0622       9006 
0623       9028 
0624       9028 
0625       9028 
0626       9034 
0627       9070 
0628       9071 
0629       9070 
0630       9067 
0631       9067 
0632       9090 
0633       9098 
0634       9127 
0635       9136 
0636       9150 
0637       9163 
0638       9186 
0639       9186 
0640       9131 
0641       9131 
0642       9132 
0643       9132 
0644       9013 
0645       8703 
0646       8690 
0647       8681 
0648       8404 
0649       8287 
0650       8219 
0651       8157 
0652       8101 
0653       8077 
0654       8077 
0655       8092 
0656       8113 
0657       8113 
0658       8088 
0659       8088 
0660       8121 
0661       8141 
0662       8142 
0663       8159 
0664       8226 
0665       8240 
0666       8286 
0667       8286 
0668       8292 
0669       9698 
0670       9705 
0671       9702 
0672       9707 
0673       9748 
0674       9766 
0675       9809 
0676       9831 
0677       9840 
0678       9877 
0679       9890 
0680       9890 
0681       9841 
0682       9751 
0683       9564 
0684       9484 
0685       9484 
0686       9569 
0687       9569 
0688       9520 
0689       9489 
0690       9489 
0691       9489 
0692       9502 
0693       9517 
0694       9517 
0695       9517 
0696       9576 
0697       9586 
0698       9628 
0699       9658 
0700       9658 
0701       9569 
0702       9569 
0703       9569 
0704       9430 
0705       9343 
0706       9343 
0707       9430 
0708       10782 
0709       10821 
0710       10825 
0711       10894 
0712       10915 
0713       10941 
0714       10968 
0715       11012 
0716       11034 
0717       11127 
0718       11196 
0719       11206 
0720       11285 
0721       11313 
0722       11363 
0723       11394 
0724       11426 
0725       11484 
0726       11527 
0727       11582 
0728       11631 
0729       11678 
0730       11750 
0731       11828 
0732       11879 
0733       11932 
0734       11997 
0735       12024 
0736       12113 
0737       12113 
0738       11979 
0739       11873 
0740       11814 
0741       11761 
0742       11714 
0743       11686 
0744       11617 
0745       11576 
0746       11523 
0747       11459 
0748       11425 
0749       11388 
0750       11337 
0751       11301 
0752       11245 
0753       11214 
0754       11167 
0755       11128 
0756       11078 
0757       11039 
0758       11037 
0759       11039 
0760       11067 
0761       11079 
0762       11079 
0763       11028 
0764       10990 
0765       10939 
0766       10882 
0767       10843 
0768       10824 
0769       10765 
0770       10764 
0771       10731 
0772       10681 
0773       10678 
0774       10613 
0775       10566 
0776       10555 
0777       10511 
0778       10498 
0779       10436 
0780       10427 
0781       10310 
0782       10138 
0783       10103 
0784       10075 
0785       10044 
0786       10011 
0787       9977 
0788       9967 
0789       9911 
0790       9899 
0791       9884 
0792       9834 
0793       9820 
0794       9798 
0795       9780 
0796       9742 
0797       9716 
0798       9700 
0799       9675 
0800       9655 
0801       9626 
0802       9583 
0803       9575 
0804       9557 
0805       9531 
0806       9504 
0807       9494 
0808       9470 
0809       9436 
0810       9429 
0811       9397 
0812       9389 
0813       9357 
0814       9337 
0815       9327 
0816       9309 
0817       9291 
0818       9265 
0819       9248 
0820       9248 
0821       9260 
0822       9283 
0823       9292 
0824       9299 
0825       9299 
0826       9249 
0827       9242 
0828       9222 
0829       9184 
0830       9180 
0831       9112 
0832       9091 
0833       9087 
0834       9065 
0835       9045 
0836       9010 
0837       8968 
0838       8923 
0839       8917 
0840       8877 
0841       8849 
0842       8804 
0843       8749 
0844       8729 
0845       8685 
0846       8638 
0847       8612 
0848       8569 
0849       8547 
0850       8509 
0851       8458 
0852       8449 
0853       8409 
0854       8362 
0855       8362 
0856       8433 
0857       8434 
0858       8434 
0859       8360 
0860       8207 
0861       8182 
0862       8142 
0863       8107 
0864       8101 
0865       8051 
0866       8035 
0867       7999 
0868       7971 
0869       7958 
0870       7910 
0871       7908 
0872       7844 
0873       7842 
0874       7775 
0875       7761 
0876       7739 
0877       7699 
0878       7691 
0879       7658 
0880       7658 
0881       7634 
0882       7582 
0883       7550 
0884       7582 
0885       7699 
0886       7881 
0887       8194 
0888       8491 
0889       8636 
0890       8646 
0891       8636 
0892       8626 
0893       8626 
0894       8615 
0895       8615 
0896       8596 
0897       8593 
0898       8585 
0899       8585 
0900       8585 
0901       8605 
0902       8573 
0903       8586 
0904       8586 
0905       8593 
0906       8593 
0907       8586 
0908       8593 
0909       8597 
0910       8597 
0911       8582 
0912       8575 
0913       1 
0914       1 
0915       1 
0916       1 
0917       1 
0918       1 
0919       1 
0920       1 
0921       1 
0922       1 
0923       1 
0924       1 
0925       1 
0926       1 
0927       1 
0928       1 
0929       1 
0930       1 
0931       1 
0932       1 
0933       1 
0934       1 
0935       1 
0936       1 
0937       1 
0938       1 
0939       1 
0940       1 
0941       1 
0942       1 
0943       1 
0944       1 
0945       1 
0946       1 
0947       1 
0948       1 
0949       1 
0950       1 
0951       1 
0952       1 
0953       1 
0954       1 
0955       1 
0956       1 
0957       1 
0958       1 
0959       1 
0960       1 
0961       1 
0962       1 
0963       1 
0964       1 
0965       1 
0966       1 
0967       1 
0968       1 
0969       1 
0970       1 
0971       1 
0972       1 
0973       1 
0974       1 
0975       1 
0976       1 
0977       1 
0978       1 
0979       1 
0980       1 
0981       1 
0982       1 
0983       1 
0984       1 
0985       1 
0986       1 
0987       1 
0988       1 
0989       1 
0990       1 
0991       1 
0992       1 
0993       1 
0994       1 
0995       1 
0996       1 
0997       1 
0998       1 
0999       1 
1000       1 
1001       1 
1002       1 
1003       1 
1004       1 
1005       1 
1006       1 
1007       4 
1008       4 
1009       4 
1010       4 
1011       4 
1012       48 
1013       62 
1014       62 
1015       50 
1016       50 
1017       54 
1018       54 
1019       54 
1020       54 
1021       55 
1022       55 
1023       51 
1024       58 
1025       58 
1026       72 
1027       68 
1028       68 
1029       64 
1030       64 
1031       62 
1032       62 
1033       62 
1034       67 
1035       67 
1036       70 
1037       67 
1038       70 
1039       70 
1040       70 
1041       65 
1042       70 
1043       67 
1044       67 
1045       68 
1046       68 
1047       67 
1048       63 
1049       63 
1050       63 
1051       63 
1052       71 
1053       71 
1054       70 
1055       70 
1056       70 
1057       67 
1058       70 
1059       71 
1060       69 
1061       69 
1062       69 
1063       69 
1064       69 
1065       70 
1066       70 
1067       70 
1068       70 
1069       69 
1070       69 
1071       69 
1072       68 
1073       68 
1074       68 
1075       68 
1076       68 
1077       69 
1078       71 
1079       71 
1297966694.531412
