0000       1 
0001       1 
0002       1 
0003       1 
0004       1 
0005       1 
0006       1 
0007       1 
0008       1 
0009       1 
0010       1 
0011       1 
0012       1 
0013       1 
0014       1 
0015       1 
0016       1 
0017       1 
0018       1 
0019       1 
0020       1 
0021       1 
0022       1 
0023       1 
0024       1 
0025       1 
0026       1 
0027       1 
0028       1 
0029       1 
0030       1 
0031       1 
0032       1 
0033       1 
0034       1 
0035       1 
0036       1 
0037       1 
0038       1 
0039       1 
0040       1 
0041       1 
0042       1 
0043       1 
0044       1 
0045       1 
0046       1 
0047       1 
0048       1 
0049       1 
0050       1 
0051       1 
0052       1 
0053       1 
0054       1 
0055       1 
0056       1 
0057       1 
0058       1 
0059       1 
0060       1 
0061       1 
0062       1 
0063       1 
0064       1 
0065       1 
0066       1 
0067       1 
0068       1 
0069       1 
0070       1 
0071       1 
0072       1 
0073       1 
0074       1 
0075       1 
0076       1 
0077       1 
0078       1 
0079       1 
0080       1 
0081       1 
0082       1 
0083       1 
0084       1 
0085       1 
0086       1 
0087       1 
0088       1 
0089       1 
0090       1 
0091       1 
0092       1 
0093       1 
0094       1 
0095       1 
0096       1 
0097       1 
0098       1 
0099       1 
0100       1 
0101       1 
0102       1 
0103       1 
0104       1 
0105       1 
0106       1 
0107       1 
0108       1 
0109       1 
0110       1 
0111       1 
0112       1 
0113       1 
0114       1 
0115       1 
0116       1 
0117       1 
0118       1 
0119       1 
0120       1 
0121       1 
0122       1 
0123       1 
0124       1 
0125       1 
0126       1 
0127       1 
0128       1 
0129       1 
0130       1 
0131       1 
0132       1 
0133       1 
0134       1 
0135       1 
0136       1 
0137       1 
0138       1 
0139       1 
0140       1 
0141       1 
0142       1 
0143       1 
0144       1 
0145       1 
0146       1 
0147       1 
0148       1 
0149       1 
0150       1 
0151       1 
0152       1 
0153       1 
0154       1 
0155       1 
0156       1 
0157       1 
0158       1 
0159       1 
0160       1 
0161       1 
0162       1 
0163       1 
0164       1 
0165       1 
0166       1 
0167       1 
0168       1 
0169       1 
0170       1 
0171       1 
0172       1 
0173       1 
0174       1 
0175       1 
0176       1 
0177       1 
0178       1 
0179       1 
0180       1 
0181       1 
0182       1 
0183       1 
0184       1 
0185       1 
0186       1 
0187       1 
0188       1 
0189       1 
0190       1 
0191       1 
0192       1 
0193       1 
0194       1 
0195       1 
0196       1 
0197       1 
0198       1 
0199       1 
0200       1 
0201       1 
0202       1 
0203       1 
0204       1 
0205       1 
0206       1 
0207       1 
0208       1 
0209       1 
0210       1 
0211       1 
0212       1 
0213       1 
0214       1 
0215       1 
0216       1 
0217       1 
0218       1 
0219       1 
0220       1 
0221       1 
0222       1 
0223       1 
0224       1 
0225       1 
0226       1 
0227       1 
0228       1 
0229       1 
0230       1 
0231       1 
0232       1 
0233       1 
0234       1 
0235       1 
0236       1 
0237       1 
0238       1 
0239       1 
0240       1 
0241       1 
0242       1 
0243       1 
0244       1 
0245       1 
0246       1 
0247       1 
0248       1 
0249       1 
0250       1 
0251       1 
0252       1 
0253       1 
0254       1 
0255       1 
0256       1 
0257       1 
0258       1 
0259       1 
0260       1 
0261       1 
0262       16551 
0263       16579 
0264       16606 
0265       16606 
0266       16500 
0267       16402 
0268       16267 
0269       1 
0270       1 
0271       1 
0272       15302 
0273       15302 
0274       15111 
0275       14766 
0276       14703 
0277       13491 
0278       13480 
0279       13491 
0280       13511 
0281       13572 
0282       13594 
0283       13611 
0284       13643 
0285       13683 
0286       13707 
0287       13725 
0288       13759 
0289       13768 
0290       13768 
0291       13798 
0292       13811 
0293       13852 
0294       13951 
0295       13951 
0296       1 
0297       1 
0298       1 
0299       1 
0300       1 
0301       1 
0302       1 
0303       1 
0304       1 
0305       1 
0306       1 
0307       1 
0308       1 
0309       1 
0310       1 
0311       1 
0312       1 
0313       1 
0314       1 
0315       1 
0316       1 
0317       1 
0318       1 
0319       1 
0320       1 
0321       1 
0322       1 
0323       1 
0324       1 
0325       12702 
0326       12702 
0327       12599 
0328       12508 
0329       12486 
0330       12374 
0331       12350 
0332       12349 
0333       12292 
0334       12230 
0335       12206 
0336       12166 
0337       12094 
0338       12036 
0339       12028 
0340       12010 
0341       11934 
0342       11934 
0343       11988 
0344       11988 
0345       11989 
0346       11996 
0347       12030 
0348       12042 
0349       12092 
0350       12112 
0351       12157 
0352       12157 
0353       12207 
0354       12264 
0355       12264 
0356       12353 
0357       12357 
0358       12391 
0359       12391 
0360       11116 
0361       11002 
0362       10881 
0363       10750 
0364       10745 
0365       10660 
0366       10637 
0367       10570 
0368       10548 
0369       10467 
0370       10394 
0371       10349 
0372       10349 
0373       10349 
0374       10347 
0375       10219 
0376       10217 
0377       10192 
0378       10192 
0379       10194 
0380       10224 
0381       10224 
0382       10240 
0383       10254 
0384       10284 
0385       10308 
0386       10351 
0387       10394 
0388       10480 
0389       10565 
0390       10696 
0391       11145 
0392       11155 
0393       11145 
0394       11024 
0395       11016 
0396       10902 
0397       10768 
0398       10768 
0399       10850 
0400       10850 
0401       10822 
0402       10803 
0403       10803 
0404       10803 
0405       10767 
0406       10743 
0407       10705 
0408       10671 
0409       10652 
0410       10637 
0411       10600 
0412       10570 
0413       10525 
0414       10503 
0415       10480 
0416       10455 
0417       10416 
0418       10380 
0419       10351 
0420       10311 
0421       10279 
0422       10244 
0423       10230 
0424       10200 
0425       10193 
0426       10147 
0427       10114 
0428       10098 
0429       10082 
0430       10050 
0431       10003 
0432       9976 
0433       9956 
0434       9928 
0435       9893 
0436       9882 
0437       9853 
0438       9806 
0439       9787 
0440       9759 
0441       9746 
0442       9729 
0443       9695 
0444       9657 
0445       9632 
0446       9590 
0447       9590 
0448       9580 
0449       9560 
0450       9533 
0451       9503 
0452       9494 
0453       9466 
0454       9447 
0455       9433 
0456       9421 
0457       9396 
0458       9367 
0459       9366 
0460       7988 
0461       7974 
0462       7931 
0463       7863 
0464       7829 
0465       7770 
0466       7731 
0467       7713 
0468       7703 
0469       7657 
0470       7646 
0471       7620 
0472       7595 
0473       7571 
0474       7548 
0475       7548 
0476       7564 
0477       7574 
0478       7574 
0479       7545 
0480       7545 
0481       7561 
0482       7593 
0483       7593 
0484       7575 
0485       7574 
0486       7574 
0487       7610 
0488       7634 
0489       7680 
0490       7703 
0491       7744 
0492       7850 
0493       7976 
0494       8063 
0495       8228 
0496       8228 
0497       6692 
0498       6692 
0499       6667 
0500       6717 
0501       6717 
0502       6745 
0503       6745 
0504       6743 
0505       6743 
0506       6749 
0507       6749 
0508       6718 
0509       6682 
0510       6676 
0511       6676 
0512       6740 
0513       6862 
0514       6965 
0515       7061 
0516       7061 
0517       7061 
0518       7071 
0519       7120 
0520       7160 
0521       7160 
0522       7152 
0523       7152 
0524       7164 
0525       7177 
0526       7177 
0527       7145 
0528       7117 
0529       7009 
0530       6884 
0531       6883 
0532       6869 
0533       6883 
0534       6882 
0535       6882 
0536       6876 
0537       6870 
0538       6851 
0539       6847 
0540       6826 
0541       6826 
0542       6842 
0543       6894 
0544       6957 
0545       7019 
0546       7082 
0547       7150 
0548       7201 
0549       7201 
0550       7200 
0551       7200 
0552       7222 
0553       7223 
0554       7223 
0555       7186 
0556       7145 
0557       7145 
0558       7177 
0559       7177 
0560       7173 
0561       7173 
0562       7220 
0563       7252 
0564       7264 
0565       7309 
0566       7352 
0567       7369 
0568       7380 
0569       7418 
0570       7418 
0571       7371 
0572       7371 
0573       7388 
0574       7678 
0575       8584 
0576       8613 
0577       8621 
0578       8626 
0579       8635 
0580       8654 
0581       8654 
0582       8654 
0583       8653 
0584       8657 
0585       8661 
0586       8663 
0587       8667 
0588       8676 
0589       8675 
0590       8680 
0591       8688 
0592       8693 
0593       8698 
0594       8702 
0595       8719 
0596       8734 
0597       8734 
0598       8741 
0599       8753 
0600       8769 
0601       8771 
0602       8772 
0603       8785 
0604       8789 
0605       8790 
0606       8819 
0607       8825 
0608       8828 
0609       8844 
0610       8847 
0611       8858 
0612       8894 
0613       8894 
0614       8894 
0615       8899 
0616       8899 
0617       8899 
0618       8920 
0619       8937 
0620       8950 
0621       8951 
0622       8953 
0623       8993 
0624       8996 
0625       9000 
0626       9003 
0627       9037 
0628       9049 
0629       9049 
0630       9049 
0631       9075 
0632       9078 
0633       9085 
0634       9085 
0635       9085 
0636       9071 
0637       9085 
0638       9071 
0639       9071 
0640       9023 
0641       8967 
0642       8892 
0643       8854 
0644       8742 
0645       8650 
0646       8616 
0647       8589 
0648       8584 
0649       8557 
0650       8566 
0651       8566 
0652       8566 
0653       8605 
0654       8605 
0655       8615 
0656       8673 
0657       8681 
0658       8696 
0659       8724 
0660       8726 
0661       8728 
0662       8763 
0663       8830 
0664       8838 
0665       8845 
0666       8863 
0667       8870 
0668       9118 
0669       9555 
0670       9621 
0671       9674 
0672       9719 
0673       9741 
0674       9766 
0675       9810 
0676       9865 
0677       9908 
0678       9908 
0679       9908 
0680       9947 
0681       9995 
0682       10039 
0683       10057 
0684       10090 
0685       10096 
0686       10138 
0687       10152 
0688       10186 
0689       10206 
0690       10223 
0691       10276 
0692       10297 
0693       10338 
0694       10353 
0695       10362 
0696       10394 
0697       10445 
0698       10489 
0699       10524 
0700       10559 
0701       10593 
0702       10619 
0703       10632 
0704       10679 
0705       10716 
0706       10747 
0707       10786 
0708       10821 
0709       10872 
0710       10894 
0711       10922 
0712       10949 
0713       11002 
0714       11051 
0715       11096 
0716       11142 
0717       11170 
0718       11212 
0719       11272 
0720       11290 
0721       11309 
0722       11376 
0723       11446 
0724       11534 
0725       11545 
0726       11664 
0727       11724 
0728       11806 
0729       11848 
0730       11880 
0731       11940 
0732       11940 
0733       11718 
0734       11652 
0735       11587 
0736       11547 
0737       11507 
0738       11444 
0739       11404 
0740       11327 
0741       11281 
0742       11242 
0743       11198 
0744       11163 
0745       11106 
0746       11061 
0747       11018 
0748       10969 
0749       10924 
0750       10892 
0751       10847 
0752       10812 
0753       10812 
0754       10812 
0755       10813 
0756       10829 
0757       10829 
0758       10779 
0759       10745 
0760       10681 
0761       10644 
0762       10611 
0763       10567 
0764       10533 
0765       10497 
0766       10470 
0767       10445 
0768       10409 
0769       10340 
0770       10324 
0771       10280 
0772       10277 
0773       10223 
0774       10189 
0775       10182 
0776       10008 
0777       9878 
0778       9835 
0779       9815 
0780       9789 
0781       9760 
0782       9711 
0783       9689 
0784       9666 
0785       9632 
0786       9615 
0787       9596 
0788       9565 
0789       9531 
0790       9514 
0791       9493 
0792       9457 
0793       9422 
0794       9419 
0795       9391 
0796       9379 
0797       9344 
0798       9319 
0799       9301 
0800       9272 
0801       9248 
0802       9231 
0803       9197 
0804       9182 
0805       9159 
0806       9145 
0807       9120 
0808       9098 
0809       9075 
0810       9062 
0811       9052 
0812       9032 
0813       9005 
0814       8987 
0815       8986 
0816       8986 
0817       8988 
0818       9018 
0819       9075 
0820       9075 
0821       9061 
0822       9039 
0823       9007 
0824       9006 
0825       8981 
0826       8958 
0827       8937 
0828       8910 
0829       8894 
0830       8892 
0831       8879 
0832       8872 
0833       8853 
0834       8816 
0835       8800 
0836       8794 
0837       8770 
0838       8766 
0839       8753 
0840       8725 
0841       8706 
0842       8701 
0843       8695 
0844       8677 
0845       8659 
0846       8637 
0847       8620 
0848       8618 
0849       8519 
0850       8453 
0851       8414 
0852       8413 
0853       8412 
0854       8387 
0855       8385 
0856       8365 
0857       8365 
0858       8364 
0859       8344 
0860       8333 
0861       8313 
0862       8312 
0863       8312 
0864       8369 
0865       8448 
0866       8448 
0867       8425 
0868       8415 
0869       8414 
0870       8402 
0871       8402 
0872       8402 
0873       8387 
0874       8373 
0875       8363 
0876       8347 
0877       8346 
0878       8337 
0879       8282 
0880       8269 
0881       8265 
0882       8238 
0883       8168 
0884       8107 
0885       8107 
0886       8321 
0887       8532 
0888       8532 
0889       8532 
0890       8849 
0891       11299 
0892       11308 
0893       11299 
0894       1 
0895       1 
0896       1 
0897       1 
0898       1 
0899       1 
0900       1 
0901       1 
0902       1 
0903       1 
0904       1 
0905       1 
0906       1 
0907       1 
0908       1 
0909       1 
0910       1 
0911       1 
0912       1 
0913       1 
0914       1 
0915       1 
0916       1 
0917       1 
0918       1 
0919       1 
0920       1 
0921       1 
0922       1 
0923       1 
0924       1 
0925       1 
0926       1 
0927       1 
0928       1 
0929       1 
0930       1 
0931       1 
0932       1 
0933       1 
0934       1 
0935       1 
0936       1 
0937       1 
0938       1 
0939       1 
0940       1 
0941       1 
0942       1 
0943       1 
0944       1 
0945       1 
0946       1 
0947       1 
0948       1 
0949       1 
0950       1 
0951       1 
0952       1 
0953       1 
0954       1 
0955       1 
0956       1 
0957       1 
0958       1 
0959       1 
0960       1 
0961       1 
0962       1 
0963       1 
0964       1 
0965       1 
0966       1 
0967       1 
0968       1 
0969       1 
0970       1 
0971       1 
0972       1 
0973       1 
0974       1 
0975       1 
0976       1 
0977       1 
0978       1 
0979       1 
0980       1 
0981       1 
0982       1 
0983       1 
0984       1 
0985       1 
0986       1 
0987       1 
0988       1 
0989       1 
0990       1 
0991       1 
0992       1 
0993       1 
0994       1 
0995       1 
0996       1 
0997       1 
0998       1 
0999       1 
1000       1 
1001       1 
1002       1 
1003       1 
1004       1 
1005       1 
1006       1 
1007       1 
1008       4 
1009       42 
1010       42 
1011       43 
1012       48 
1013       43 
1014       4 
1015       43 
1016       45 
1017       44 
1018       45 
1019       47 
1020       47 
1021       52 
1022       57 
1023       57 
1024       55 
1025       52 
1026       55 
1027       55 
1028       55 
1029       55 
1030       55 
1031       53 
1032       53 
1033       53 
1034       60 
1035       61 
1036       61 
1037       66 
1038       69 
1039       69 
1040       69 
1041       69 
1042       69 
1043       67 
1044       67 
1045       67 
1046       65 
1047       71 
1048       71 
1049       67 
1050       67 
1051       70 
1052       70 
1053       70 
1054       70 
1055       68 
1056       68 
1057       68 
1058       70 
1059       70 
1060       70 
1061       70 
1062       70 
1063       70 
1064       70 
1065       70 
1066       70 
1067       69 
1068       67 
1069       69 
1070       69 
1071       67 
1072       69 
1073       69 
1074       67 
1075       67 
1076       73 
1077       69 
1078       69 
1079       69 
1297966694.202773
