0000       1 
0001       1 
0002       1 
0003       1 
0004       1 
0005       1 
0006       1 
0007       1 
0008       1 
0009       1 
0010       1 
0011       1 
0012       1 
0013       1 
0014       1 
0015       1 
0016       1 
0017       1 
0018       1 
0019       1 
0020       1 
0021       1 
0022       1 
0023       1 
0024       1 
0025       1 
0026       1 
0027       1 
0028       1 
0029       1 
0030       1 
0031       1 
0032       1 
0033       1 
0034       1 
0035       1 
0036       1 
0037       1 
0038       1 
0039       1 
0040       1 
0041       1 
0042       1 
0043       1 
0044       1 
0045       1 
0046       1 
0047       1 
0048       1 
0049       1 
0050       1 
0051       1 
0052       1 
0053       1 
0054       1 
0055       1 
0056       1 
0057       1 
0058       1 
0059       1 
0060       1 
0061       1 
0062       1 
0063       1 
0064       1 
0065       1 
0066       1 
0067       1 
0068       1 
0069       1 
0070       1 
0071       1 
0072       1 
0073       1 
0074       1 
0075       1 
0076       1 
0077       1 
0078       1 
0079       1 
0080       1 
0081       1 
0082       1 
0083       1 
0084       1 
0085       1 
0086       1 
0087       1 
0088       1 
0089       1 
0090       1 
0091       1 
0092       1 
0093       1 
0094       1 
0095       1 
0096       1 
0097       1 
0098       1 
0099       1 
0100       1 
0101       1 
0102       1 
0103       1 
0104       1 
0105       1 
0106       1 
0107       1 
0108       1 
0109       1 
0110       1 
0111       1 
0112       1 
0113       1 
0114       1 
0115       1 
0116       1 
0117       1 
0118       1 
0119       1 
0120       1 
0121       1 
0122       1 
0123       1 
0124       1 
0125       1 
0126       1 
0127       1 
0128       1 
0129       1 
0130       23714 
0131       23714 
0132       23687 
0133       23651 
0134       23588 
0135       23586 
0136       1 
0137       1 
0138       1 
0139       1 
0140       1 
0141       1 
0142       1 
0143       23437 
0144       23437 
0145       23414 
0146       1 
0147       1 
0148       1 
0149       1 
0150       1 
0151       1 
0152       17585 
0153       17585 
0154       17585 
0155       17580 
0156       17578 
0157       17548 
0158       17536 
0159       17536 
0160       17531 
0161       17531 
0162       17509 
0163       17507 
0164       17498 
0165       17494 
0166       17494 
0167       17494 
0168       17492 
0169       17491 
0170       17290 
0171       17285 
0172       17271 
0173       17270 
0174       17259 
0175       17242 
0176       17242 
0177       17296 
0178       17426 
0179       17461 
0180       17553 
0181       17553 
0182       17540 
0183       17524 
0184       17524 
0185       17513 
0186       17503 
0187       17465 
0188       17465 
0189       17476 
0190       17476 
0191       17470 
0192       17470 
0193       17472 
0194       17472 
0195       17290 
0196       17277 
0197       17253 
0198       17277 
0199       17288 
0200       17290 
0201       17294 
0202       17304 
0203       17306 
0204       17325 
0205       17325 
0206       17316 
0207       17290 
0208       16737 
0209       1 
0210       1 
0211       16737 
0212       17367 
0213       17367 
0214       16828 
0215       1 
0216       1 
0217       1 
0218       16828 
0219       17450 
0220       17452 
0221       17583 
0222       17665 
0223       17689 
0224       17689 
0225       17711 
0226       17712 
0227       17738 
0228       17757 
0229       17760 
0230       17782 
0231       17792 
0232       17802 
0233       17834 
0234       17851 
0235       17851 
0236       17851 
0237       17824 
0238       17762 
0239       17754 
0240       17754 
0241       17772 
0242       17812 
0243       17830 
0244       17842 
0245       17863 
0246       17875 
0247       17898 
0248       17923 
0249       17923 
0250       17923 
0251       17923 
0252       18018 
0253       18049 
0254       18070 
0255       18086 
0256       18098 
0257       18098 
0258       18113 
0259       18182 
0260       18209 
0261       18281 
0262       18445 
0263       18472 
0264       18531 
0265       18534 
0266       18587 
0267       18597 
0268       18624 
0269       18624 
0270       15588 
0271       15521 
0272       15521 
0273       15561 
0274       15572 
0275       15598 
0276       15644 
0277       15671 
0278       15676 
0279       15706 
0280       15766 
0281       15779 
0282       15796 
0283       15838 
0284       15869 
0285       15893 
0286       15946 
0287       15966 
0288       15966 
0289       1 
0290       1 
0291       1 
0292       1 
0293       1 
0294       1 
0295       1 
0296       14214 
0297       14214 
0298       14084 
0299       13987 
0300       13886 
0301       13748 
0302       13647 
0303       13541 
0304       13425 
0305       13342 
0306       13245 
0307       13149 
0308       13047 
0309       12944 
0310       12872 
0311       12783 
0312       12740 
0313       12736 
0314       1 
0315       1 
0316       1 
0317       1 
0318       1 
0319       1 
0320       1 
0321       1 
0322       1 
0323       12652 
0324       12676 
0325       12676 
0326       12735 
0327       12745 
0328       12831 
0329       12833 
0330       12874 
0331       12893 
0332       12929 
0333       12966 
0334       13024 
0335       13053 
0336       13106 
0337       13148 
0338       13247 
0339       13288 
0340       13317 
0341       13320 
0342       13394 
0343       13441 
0344       13464 
0345       13464 
0346       13407 
0347       13361 
0348       13361 
0349       13361 
0350       13312 
0351       13273 
0352       13184 
0353       13125 
0354       13063 
0355       13016 
0356       12925 
0357       12858 
0358       12798 
0359       12740 
0360       12699 
0361       12587 
0362       12556 
0363       12482 
0364       12443 
0365       12367 
0366       12317 
0367       12276 
0368       12211 
0369       12147 
0370       12113 
0371       12097 
0372       12006 
0373       11998 
0374       11934 
0375       11873 
0376       11839 
0377       11787 
0378       11738 
0379       11681 
0380       11625 
0381       11573 
0382       11532 
0383       11508 
0384       11494 
0385       11452 
0386       11450 
0387       11379 
0388       11346 
0389       11332 
0390       11276 
0391       11225 
0392       11219 
0393       11182 
0394       11123 
0395       11085 
0396       11033 
0397       11023 
0398       10979 
0399       10948 
0400       10916 
0401       10888 
0402       7659 
0403       7639 
0404       7600 
0405       7594 
0406       7574 
0407       7561 
0408       7559 
0409       7559 
0410       7579 
0411       7586 
0412       7600 
0413       7645 
0414       7645 
0415       7632 
0416       7571 
0417       7569 
0418       7563 
0419       7509 
0420       7432 
0421       7418 
0422       7418 
0423       7409 
0424       7390 
0425       7363 
0426       7325 
0427       7286 
0428       7242 
0429       7236 
0430       7236 
0431       7231 
0432       7208 
0433       7203 
0434       7173 
0435       7164 
0436       7130 
0437       7092 
0438       7077 
0439       7077 
0440       7077 
0441       7061 
0442       7048 
0443       7024 
0444       7006 
0445       6987 
0446       6970 
0447       6927 
0448       6924 
0449       6922 
0450       6916 
0451       6891 
0452       6890 
0453       6884 
0454       6867 
0455       6850 
0456       6834 
0457       6781 
0458       6772 
0459       6770 
0460       6770 
0461       6761 
0462       6753 
0463       6752 
0464       6740 
0465       6727 
0466       6712 
0467       6687 
0468       6670 
0469       6664 
0470       6662 
0471       6662 
0472       6642 
0473       6641 
0474       6639 
0475       6622 
0476       6601 
0477       6592 
0478       6580 
0479       6545 
0480       6545 
0481       6553 
0482       6553 
0483       6552 
0484       6543 
0485       6543 
0486       6536 
0487       6528 
0488       6511 
0489       6488 
0490       6458 
0491       6458 
0492       6465 
0493       6471 
0494       6465 
0495       6453 
0496       6446 
0497       6445 
0498       6439 
0499       6432 
0500       6423 
0501       6413 
0502       6378 
0503       6378 
0504       6393 
0505       6400 
0506       6400 
0507       6389 
0508       6388 
0509       6370 
0510       6368 
0511       6367 
0512       6359 
0513       6341 
0514       6321 
0515       6321 
0516       6339 
0517       6339 
0518       6330 
0519       6328 
0520       6330 
0521       6324 
0522       6324 
0523       6324 
0524       6316 
0525       6286 
0526       6285 
0527       6285 
0528       6295 
0529       6295 
0530       6300 
0531       6289 
0532       6287 
0533       6285 
0534       6286 
0535       6286 
0536       6286 
0537       6268 
0538       6256 
0539       6256 
0540       6274 
0541       6296 
0542       6296 
0543       6293 
0544       6278 
0545       6272 
0546       6272 
0547       6286 
0548       6286 
0549       6269 
0550       6246 
0551       6246 
0552       6248 
0553       6285 
0554       6285 
0555       6283 
0556       6280 
0557       6280 
0558       6280 
0559       6281 
0560       6280 
0561       6279 
0562       6277 
0563       6271 
0564       6271 
0565       6291 
0566       6291 
0567       6291 
0568       6291 
0569       6291 
0570       6312 
0571       6312 
0572       6311 
0573       6310 
0574       6298 
0575       6285 
0576       6285 
0577       6321 
0578       6327 
0579       6339 
0580       6339 
0581       6339 
0582       6343 
0583       6343 
0584       6345 
0585       6350 
0586       6350 
0587       6328 
0588       6328 
0589       6369 
0590       6378 
0591       6383 
0592       6392 
0593       6392 
0594       6389 
0595       6389 
0596       6405 
0597       6405 
0598       6399 
0599       6398 
0600       6398 
0601       6414 
0602       6431 
0603       6437 
0604       6449 
0605       6453 
0606       6464 
0607       6477 
0608       6479 
0609       6479 
0610       6472 
0611       6472 
0612       6484 
0613       6520 
0614       6536 
0615       6536 
0616       6536 
0617       6542 
0618       6549 
0619       6556 
0620       6583 
0621       6583 
0622       6579 
0623       6579 
0624       6610 
0625       6624 
0626       6635 
0627       6643 
0628       6656 
0629       6660 
0630       6663 
0631       6680 
0632       6680 
0633       6689 
0634       6689 
0635       6717 
0636       6722 
0637       6728 
0638       6756 
0639       6772 
0640       6782 
0641       6800 
0642       6800 
0643       6796 
0644       6796 
0645       6827 
0646       6858 
0647       6866 
0648       6892 
0649       6897 
0650       6907 
0651       6930 
0652       6930 
0653       6939 
0654       6939 
0655       6968 
0656       7012 
0657       7020 
0658       7027 
0659       7039 
0660       7056 
0661       7073 
0662       7083 
0663       7083 
0664       7093 
0665       7083 
0666       7083 
0667       7083 
0668       9765 
0669       9793 
0670       9813 
0671       9852 
0672       9853 
0673       9877 
0674       9913 
0675       9920 
0676       9977 
0677       9995 
0678       10036 
0679       10041 
0680       10085 
0681       10127 
0682       10170 
0683       10173 
0684       10191 
0685       10242 
0686       10263 
0687       10304 
0688       10310 
0689       10320 
0690       10395 
0691       10400 
0692       10471 
0693       10473 
0694       10524 
0695       10564 
0696       10586 
0697       10644 
0698       10678 
0699       10692 
0700       10745 
0701       10774 
0702       10789 
0703       10841 
0704       10900 
0705       10931 
0706       10983 
0707       10987 
0708       11027 
0709       11074 
0710       11121 
0711       11149 
0712       11226 
0713       11274 
0714       11277 
0715       11375 
0716       11386 
0717       11394 
0718       11474 
0719       11522 
0720       11573 
0721       11613 
0722       11635 
0723       11657 
0724       11683 
0725       11683 
0726       11748 
0727       11795 
0728       11851 
0729       11901 
0730       11993 
0731       12058 
0732       12058 
0733       11975 
0734       11975 
0735       12000 
0736       12000 
0737       11931 
0738       11923 
0739       11855 
0740       11839 
0741       11790 
0742       11706 
0743       11706 
0744       11697 
0745       11642 
0746       11518 
0747       11518 
0748       11514 
0749       11506 
0750       11467 
0751       11426 
0752       11386 
0753       11348 
0754       11305 
0755       11284 
0756       11240 
0757       11202 
0758       11172 
0759       11128 
0760       11081 
0761       11047 
0762       11017 
0763       10997 
0764       10945 
0765       10914 
0766       10889 
0767       10840 
0768       10820 
0769       10779 
0770       10758 
0771       10721 
0772       10495 
0773       10240 
0774       10220 
0775       1 
0776       1 
0777       1 
0778       1 
0779       1 
0780       10035 
0781       10035 
0782       10035 
0783       1 
0784       1 
0785       1 
0786       1 
0787       1 
0788       1 
0789       1 
0790       1 
0791       1 
0792       1 
0793       1 
0794       1 
0795       4343 
0796       4343 
0797       4355 
0798       4363 
0799       4368 
0800       4413 
0801       4440 
0802       4458 
0803       4471 
0804       4504 
0805       4516 
0806       4540 
0807       4589 
0808       4626 
0809       4634 
0810       4637 
0811       4667 
0812       4637 
0813       4637 
0814       4064 
0815       3920 
0816       3920 
0817       3920 
0818       3969 
0819       3975 
0820       3994 
0821       3998 
0822       4038 
0823       4057 
0824       4073 
0825       4130 
0826       4148 
0827       4177 
0828       4206 
0829       4252 
0830       4310 
0831       4321 
0832       4373 
0833       4439 
0834       4452 
0835       4505 
0836       4567 
0837       4612 
0838       4676 
0839       4733 
0840       4780 
0841       4900 
0842       4929 
0843       5028 
0844       5150 
0845       5240 
0846       5362 
0847       5362 
0848       5463 
0849       7784 
0850       7784 
0851       7784 
0852       7764 
0853       7716 
0854       7713 
0855       7643 
0856       7603 
0857       7586 
0858       7511 
0859       7478 
0860       7464 
0861       7405 
0862       7400 
0863       7352 
0864       7334 
0865       7294 
0866       7259 
0867       7250 
0868       7171 
0869       7169 
0870       7109 
0871       7169 
0872       7180 
0873       7292 
0874       7492 
0875       7722 
0876       7805 
0877       7805 
0878       7800 
0879       7789 
0880       7747 
0881       7747 
0882       7777 
0883       7777 
0884       7771 
0885       7742 
0886       7742 
0887       7741 
0888       7768 
0889       7768 
0890       7714 
0891       7714 
0892       7730 
0893       7730 
0894       1 
0895       1 
0896       1 
0897       1 
0898       1 
0899       1 
0900       1 
0901       1 
0902       1 
0903       1 
0904       1 
0905       1 
0906       1 
0907       1 
0908       1 
0909       1 
0910       1 
0911       1 
0912       1 
0913       1 
0914       1 
0915       1 
0916       1 
0917       1 
0918       1 
0919       1 
0920       1 
0921       1 
0922       1 
0923       1 
0924       1 
0925       1 
0926       1 
0927       1 
0928       1 
0929       1 
0930       1 
0931       1 
0932       1 
0933       1 
0934       1 
0935       1 
0936       1 
0937       1 
0938       1 
0939       1 
0940       1 
0941       1 
0942       1 
0943       1 
0944       1 
0945       1 
0946       1 
0947       1 
0948       1 
0949       1 
0950       1 
0951       1 
0952       1 
0953       1 
0954       1 
0955       1 
0956       1 
0957       1 
0958       1 
0959       1 
0960       1 
0961       1 
0962       1 
0963       1 
0964       1 
0965       1 
0966       1 
0967       1 
0968       1 
0969       1 
0970       1 
0971       1 
0972       1 
0973       1 
0974       1 
0975       1 
0976       1 
0977       1 
0978       1 
0979       1 
0980       1 
0981       1 
0982       1 
0983       1 
0984       1 
0985       1 
0986       1 
0987       1 
0988       1 
0989       1 
0990       1 
0991       1 
0992       1 
0993       1 
0994       1 
0995       1 
0996       1 
0997       1 
0998       1 
0999       1 
1000       1 
1001       1 
1002       1 
1003       1 
1004       1 
1005       1 
1006       1 
1007       4 
1008       4 
1009       4 
1010       49 
1011       49 
1012       56 
1013       54 
1014       56 
1015       67 
1016       67 
1017       54 
1018       53 
1019       53 
1020       53 
1021       50 
1022       58 
1023       64 
1024       63 
1025       61 
1026       62 
1027       62 
1028       61 
1029       61 
1030       50 
1031       50 
1032       50 
1033       52 
1034       53 
1035       65 
1036       68 
1037       71 
1038       72 
1039       72 
1040       72 
1041       69 
1042       69 
1043       69 
1044       67 
1045       68 
1046       68 
1047       68 
1048       68 
1049       68 
1050       68 
1051       71 
1052       71 
1053       71 
1054       71 
1055       67 
1056       67 
1057       66 
1058       65 
1059       65 
1060       63 
1061       62 
1062       62 
1063       63 
1064       67 
1065       67 
1066       68 
1067       67 
1068       68 
1069       68 
1070       68 
1071       65 
1072       68 
1073       70 
1074       67 
1075       67 
1076       67 
1077       65 
1078       65 
1079       63 
1297966676.470462
