0000       1 
0001       1 
0002       1 
0003       1 
0004       1 
0005       1 
0006       1 
0007       1 
0008       1 
0009       1 
0010       1 
0011       1 
0012       1 
0013       1 
0014       1 
0015       1 
0016       1 
0017       1 
0018       1 
0019       1 
0020       1 
0021       1 
0022       1 
0023       1 
0024       1 
0025       1 
0026       1 
0027       1 
0028       1 
0029       1 
0030       1 
0031       1 
0032       1 
0033       1 
0034       1 
0035       1 
0036       1 
0037       1 
0038       1 
0039       1 
0040       1 
0041       1 
0042       1 
0043       1 
0044       1 
0045       1 
0046       1 
0047       1 
0048       1 
0049       1 
0050       1 
0051       1 
0052       1 
0053       1 
0054       1 
0055       1 
0056       1 
0057       1 
0058       1 
0059       1 
0060       1 
0061       1 
0062       1 
0063       1 
0064       1 
0065       1 
0066       1 
0067       1 
0068       1 
0069       1 
0070       1 
0071       1 
0072       1 
0073       1 
0074       1 
0075       1 
0076       1 
0077       1 
0078       1 
0079       1 
0080       1 
0081       1 
0082       1 
0083       1 
0084       1 
0085       1 
0086       1 
0087       1 
0088       1 
0089       1 
0090       1 
0091       1 
0092       1 
0093       1 
0094       1 
0095       1 
0096       1 
0097       1 
0098       1 
0099       1 
0100       1 
0101       1 
0102       1 
0103       1 
0104       1 
0105       1 
0106       1 
0107       1 
0108       1 
0109       1 
0110       1 
0111       1 
0112       1 
0113       1 
0114       1 
0115       1 
0116       1 
0117       1 
0118       1 
0119       1 
0120       1 
0121       1 
0122       1 
0123       1 
0124       1 
0125       1 
0126       1 
0127       1 
0128       1 
0129       1 
0130       1 
0131       1 
0132       1 
0133       1 
0134       1 
0135       1 
0136       1 
0137       1 
0138       1 
0139       1 
0140       1 
0141       1 
0142       1 
0143       1 
0144       1 
0145       1 
0146       1 
0147       1 
0148       1 
0149       1 
0150       1 
0151       1 
0152       1 
0153       1 
0154       1 
0155       1 
0156       1 
0157       1 
0158       1 
0159       1 
0160       1 
0161       1 
0162       1 
0163       1 
0164       1 
0165       1 
0166       1 
0167       1 
0168       1 
0169       1 
0170       1 
0171       1 
0172       1 
0173       1 
0174       1 
0175       1 
0176       1 
0177       1 
0178       1 
0179       1 
0180       1 
0181       1 
0182       1 
0183       1 
0184       1 
0185       1 
0186       1 
0187       1 
0188       1 
0189       1 
0190       1 
0191       1 
0192       1 
0193       1 
0194       1 
0195       1 
0196       1 
0197       1 
0198       1 
0199       1 
0200       1 
0201       1 
0202       1 
0203       1 
0204       1 
0205       1 
0206       1 
0207       1 
0208       1 
0209       1 
0210       1 
0211       1 
0212       1 
0213       1 
0214       1 
0215       1 
0216       1 
0217       1 
0218       1 
0219       1 
0220       1 
0221       1 
0222       1 
0223       1 
0224       1 
0225       1 
0226       1 
0227       1 
0228       1 
0229       1 
0230       1 
0231       1 
0232       1 
0233       1 
0234       1 
0235       1 
0236       1 
0237       1 
0238       1 
0239       1 
0240       1 
0241       1 
0242       1 
0243       1 
0244       1 
0245       1 
0246       1 
0247       1 
0248       1 
0249       1 
0250       1 
0251       1 
0252       1 
0253       1 
0254       1 
0255       14627 
0256       14681 
0257       14666 
0258       14666 
0259       14596 
0260       1 
0261       1 
0262       1 
0263       1 
0264       1 
0265       1 
0266       1 
0267       1 
0268       1 
0269       1 
0270       1 
0271       1 
0272       1 
0273       1 
0274       1 
0275       1 
0276       1 
0277       1 
0278       1 
0279       1 
0280       11902 
0281       11902 
0282       11902 
0283       11811 
0284       11742 
0285       11640 
0286       11530 
0287       11450 
0288       11383 
0289       11303 
0290       11208 
0291       11100 
0292       11043 
0293       10973 
0294       10874 
0295       10814 
0296       10728 
0297       10647 
0298       10587 
0299       10489 
0300       10445 
0301       10390 
0302       10351 
0303       10238 
0304       10195 
0305       10127 
0306       10057 
0307       9986 
0308       9932 
0309       9878 
0310       9789 
0311       9786 
0312       9708 
0313       9613 
0314       9593 
0315       9524 
0316       9489 
0317       9428 
0318       9397 
0319       9306 
0320       9264 
0321       9200 
0322       9194 
0323       9104 
0324       9053 
0325       9020 
0326       8939 
0327       8914 
0328       8857 
0329       8845 
0330       8797 
0331       8759 
0332       8706 
0333       8668 
0334       8628 
0335       8574 
0336       8567 
0337       8475 
0338       8443 
0339       8397 
0340       8385 
0341       8322 
0342       8313 
0343       8273 
0344       8205 
0345       8192 
0346       8157 
0347       8140 
0348       8054 
0349       8049 
0350       8001 
0351       7984 
0352       7947 
0353       7913 
0354       7865 
0355       7862 
0356       7824 
0357       7792 
0358       7769 
0359       7716 
0360       7698 
0361       7639 
0362       7634 
0363       7630 
0364       7582 
0365       7554 
0366       7511 
0367       7497 
0368       7467 
0369       7451 
0370       7411 
0371       7399 
0372       7366 
0373       7337 
0374       7326 
0375       7288 
0376       7275 
0377       7253 
0378       7222 
0379       7206 
0380       7195 
0381       7162 
0382       7138 
0383       7109 
0384       7089 
0385       7073 
0386       7036 
0387       7025 
0388       6998 
0389       6991 
0390       6964 
0391       6961 
0392       6922 
0393       6903 
0394       6891 
0395       6862 
0396       6823 
0397       6821 
0398       6792 
0399       6790 
0400       6761 
0401       6748 
0402       6739 
0403       6715 
0404       6696 
0405       6696 
0406       6696 
0407       6637 
0408       6612 
0409       6602 
0410       6590 
0411       6577 
0412       6569 
0413       6546 
0414       6539 
0415       6536 
0416       6508 
0417       6492 
0418       6471 
0419       6465 
0420       6454 
0421       6439 
0422       6414 
0423       6405 
0424       6402 
0425       6382 
0426       6374 
0427       6360 
0428       6346 
0429       6321 
0430       6318 
0431       6301 
0432       6291 
0433       6285 
0434       6285 
0435       6250 
0436       6241 
0437       6215 
0438       6215 
0439       6212 
0440       6209 
0441       6192 
0442       6169 
0443       6168 
0444       6157 
0445       6138 
0446       6136 
0447       6130 
0448       6120 
0449       6119 
0450       6103 
0451       6101 
0452       6098 
0453       6075 
0454       6068 
0455       6052 
0456       6040 
0457       6036 
0458       6036 
0459       6023 
0460       6001 
0461       6001 
0462       6001 
0463       5989 
0464       5989 
0465       5989 
0466       5982 
0467       5971 
0468       5970 
0469       5962 
0470       5948 
0471       5937 
0472       5937 
0473       5935 
0474       5925 
0475       5922 
0476       5921 
0477       5914 
0478       5913 
0479       5902 
0480       5887 
0481       5885 
0482       5884 
0483       5874 
0484       5871 
0485       5868 
0486       5860 
0487       5860 
0488       5856 
0489       5843 
0490       5843 
0491       5843 
0492       5842 
0493       5842 
0494       5833 
0495       5832 
0496       5827 
0497       5824 
0498       5825 
0499       5812 
0500       5825 
0501       5827 
0502       5827 
0503       5825 
0504       5797 
0505       5797 
0506       5797 
0507       5797 
0508       5802 
0509       5789 
0510       5786 
0511       5786 
0512       5786 
0513       5786 
0514       5784 
0515       5780 
0516       5778 
0517       5775 
0518       5770 
0519       5770 
0520       5779 
0521       5779 
0522       5776 
0523       5767 
0524       5776 
0525       5782 
0526       5782 
0527       5777 
0528       5775 
0529       5772 
0530       5772 
0531       5778 
0532       5785 
0533       5778 
0534       5785 
0535       5784 
0536       5784 
0537       5784 
0538       5787 
0539       5787 
0540       5787 
0541       5772 
0542       5787 
0543       5802 
0544       5802 
0545       5792 
0546       5792 
0547       5792 
0548       5792 
0549       5792 
0550       5798 
0551       5809 
0552       5812 
0553       5820 
0554       5820 
0555       5818 
0556       5816 
0557       5818 
0558       5828 
0559       5833 
0560       5839 
0561       5847 
0562       5839 
0563       5854 
0564       5855 
0565       5864 
0566       5876 
0567       5883 
0568       5883 
0569       5875 
0570       5873 
0571       5873 
0572       5873 
0573       5886 
0574       5898 
0575       5899 
0576       5898 
0577       5899 
0578       5908 
0579       5926 
0580       5927 
0581       5929 
0582       5931 
0583       5944 
0584       5948 
0585       5966 
0586       5979 
0587       5979 
0588       5979 
0589       5979 
0590       6004 
0591       6013 
0592       6018 
0593       6021 
0594       6034 
0595       6037 
0596       6055 
0597       6056 
0598       6076 
0599       6080 
0600       6101 
0601       6101 
0602       6109 
0603       6111 
0604       6112 
0605       6121 
0606       6129 
0607       6145 
0608       6162 
0609       6182 
0610       6182 
0611       6182 
0612       6189 
0613       6199 
0614       6210 
0615       6225 
0616       6245 
0617       6256 
0618       6266 
0619       6274 
0620       6294 
0621       6308 
0622       6321 
0623       6332 
0624       6333 
0625       6342 
0626       6353 
0627       6353 
0628       6385 
0629       6397 
0630       6424 
0631       6439 
0632       6450 
0633       6452 
0634       6452 
0635       6465 
0636       6512 
0637       6522 
0638       6523 
0639       6529 
0640       6568 
0641       6569 
0642       6595 
0643       6607 
0644       6612 
0645       6645 
0646       6655 
0647       6674 
0648       6684 
0649       6708 
0650       6724 
0651       6733 
0652       6765 
0653       6782 
0654       6803 
0655       6809 
0656       6837 
0657       6872 
0658       6882 
0659       6906 
0660       6924 
0661       6947 
0662       6953 
0663       6990 
0664       7003 
0665       7018 
0666       7043 
0667       7058 
0668       7076 
0669       7076 
0670       7073 
0671       6967 
0672       6963 
0673       6952 
0674       6963 
0675       6983 
0676       6994 
0677       7001 
0678       7021 
0679       10882 
0680       10889 
0681       10918 
0682       11006 
0683       11040 
0684       11058 
0685       11113 
0686       11133 
0687       11214 
0688       11215 
0689       11253 
0690       11292 
0691       11353 
0692       11410 
0693       11452 
0694       11495 
0695       11504 
0696       11583 
0697       11604 
0698       11698 
0699       11713 
0700       11756 
0701       11812 
0702       11878 
0703       11927 
0704       11941 
0705       11998 
0706       12017 
0707       12093 
0708       12148 
0709       12206 
0710       12244 
0711       12285 
0712       12353 
0713       12377 
0714       12468 
0715       12484 
0716       12564 
0717       12597 
0718       12645 
0719       12747 
0720       12777 
0721       12862 
0722       12900 
0723       12973 
0724       13018 
0725       13092 
0726       13184 
0727       13214 
0728       13270 
0729       13317 
0730       13423 
0731       13510 
0732       13557 
0733       13557 
0734       13649 
0735       13803 
0736       13862 
0737       13862 
0738       13954 
0739       14134 
0740       14204 
0741       14204 
0742       14181 
0743       14281 
0744       14576 
0745       14670 
0746       14670 
0747       14635 
0748       14635 
0749       1 
0750       15092 
0751       15313 
0752       15355 
0753       15355 
0754       1 
0755       1 
0756       1 
0757       16018 
0758       16154 
0759       16259 
0760       16357 
0761       16477 
0762       16605 
0763       16764 
0764       16865 
0765       17004 
0766       17080 
0767       17187 
0768       17354 
0769       17453 
0770       17582 
0771       17733 
0772       17857 
0773       18022 
0774       18169 
0775       18321 
0776       18486 
0777       18589 
0778       18788 
0779       18932 
0780       19103 
0781       19286 
0782       19382 
0783       19564 
0784       19758 
0785       19954 
0786       20134 
0787       20356 
0788       20356 
0789       1 
0790       1 
0791       1 
0792       1 
0793       1 
0794       1 
0795       1 
0796       1 
0797       1 
0798       1 
0799       1 
0800       1 
0801       1 
0802       1 
0803       1 
0804       1 
0805       1 
0806       1 
0807       1 
0808       1 
0809       1 
0810       1 
0811       1 
0812       1 
0813       1 
0814       1 
0815       1 
0816       1 
0817       1 
0818       1 
0819       1 
0820       1 
0821       1 
0822       1 
0823       1 
0824       1 
0825       1 
0826       1 
0827       1 
0828       1 
0829       1 
0830       1 
0831       1 
0832       1 
0833       1 
0834       1 
0835       1 
0836       1 
0837       1 
0838       1 
0839       1 
0840       1 
0841       1 
0842       1 
0843       1 
0844       1 
0845       1 
0846       1 
0847       1 
0848       1 
0849       1 
0850       1 
0851       1 
0852       1 
0853       1 
0854       1 
0855       1 
0856       1 
0857       1 
0858       1 
0859       1 
0860       1 
0861       1 
0862       1 
0863       1 
0864       1 
0865       1 
0866       1 
0867       1 
0868       1 
0869       1 
0870       1 
0871       1 
0872       1 
0873       1 
0874       1 
0875       1 
0876       1 
0877       1 
0878       1 
0879       1 
0880       1 
0881       1 
0882       1 
0883       1 
0884       1 
0885       1 
0886       1 
0887       1 
0888       1 
0889       1 
0890       1 
0891       1 
0892       1 
0893       1 
0894       1 
0895       1 
0896       1 
0897       1 
0898       1 
0899       1 
0900       1 
0901       1 
0902       1 
0903       1 
0904       1 
0905       1 
0906       1 
0907       1 
0908       1 
0909       1 
0910       1 
0911       1 
0912       1 
0913       1 
0914       1 
0915       1 
0916       1 
0917       1 
0918       1 
0919       1 
0920       1 
0921       1 
0922       1 
0923       1 
0924       1 
0925       1 
0926       1 
0927       1 
0928       1 
0929       1 
0930       1 
0931       1 
0932       1 
0933       1 
0934       1 
0935       1 
0936       1 
0937       1 
0938       1 
0939       1 
0940       1 
0941       1 
0942       1 
0943       1 
0944       1 
0945       1 
0946       1 
0947       1 
0948       1 
0949       1 
0950       1 
0951       1 
0952       1 
0953       1 
0954       1 
0955       1 
0956       1 
0957       1 
0958       1 
0959       1 
0960       1 
0961       1 
0962       1 
0963       1 
0964       1 
0965       1 
0966       1 
0967       1 
0968       1 
0969       1 
0970       1 
0971       1 
0972       1 
0973       1 
0974       1 
0975       1 
0976       1 
0977       1 
0978       1 
0979       1 
0980       1 
0981       1 
0982       1 
0983       1 
0984       1 
0985       1 
0986       1 
0987       1 
0988       1 
0989       1 
0990       1 
0991       1 
0992       1 
0993       1 
0994       1 
0995       1 
0996       1 
0997       1 
0998       1 
0999       1 
1000       1 
1001       1 
1002       1 
1003       1 
1004       1 
1005       1 
1006       1 
1007       4 
1008       4 
1009       4 
1010       47 
1011       51 
1012       51 
1013       63 
1014       51 
1015       63 
1016       49 
1017       49 
1018       47 
1019       49 
1020       47 
1021       43 
1022       43 
1023       56 
1024       58 
1025       58 
1026       65 
1027       65 
1028       63 
1029       56 
1030       59 
1031       59 
1032       59 
1033       62 
1034       65 
1035       68 
1036       68 
1037       70 
1038       70 
1039       67 
1040       67 
1041       67 
1042       67 
1043       67 
1044       67 
1045       67 
1046       68 
1047       68 
1048       70 
1049       68 
1050       68 
1051       69 
1052       68 
1053       68 
1054       68 
1055       69 
1056       67 
1057       72 
1058       67 
1059       67 
1060       67 
1061       72 
1062       61 
1063       72 
1064       72 
1065       72 
1066       71 
1067       72 
1068       72 
1069       71 
1070       71 
1071       72 
1072       70 
1073       70 
1074       70 
1075       70 
1076       69 
1077       68 
1078       68 
1079       66 
1297966644.979487
