0000       1 
0001       1 
0002       1 
0003       1 
0004       1 
0005       1 
0006       1 
0007       1 
0008       1 
0009       1 
0010       1 
0011       1 
0012       1 
0013       1 
0014       1 
0015       1 
0016       1 
0017       1 
0018       1 
0019       1 
0020       1 
0021       1 
0022       1 
0023       1 
0024       1 
0025       1 
0026       1 
0027       1 
0028       1 
0029       1 
0030       1 
0031       1 
0032       1 
0033       1 
0034       1 
0035       1 
0036       1 
0037       1 
0038       1 
0039       1 
0040       1 
0041       1 
0042       1 
0043       1 
0044       1 
0045       1 
0046       1 
0047       1 
0048       1 
0049       1 
0050       1 
0051       1 
0052       1 
0053       1 
0054       1 
0055       1 
0056       1 
0057       1 
0058       1 
0059       1 
0060       1 
0061       1 
0062       1 
0063       1 
0064       1 
0065       1 
0066       1 
0067       1 
0068       1 
0069       1 
0070       1 
0071       1 
0072       1 
0073       1 
0074       1 
0075       1 
0076       1 
0077       1 
0078       1 
0079       1 
0080       1 
0081       1 
0082       1 
0083       1 
0084       1 
0085       1 
0086       1 
0087       1 
0088       1 
0089       1 
0090       1 
0091       1 
0092       1 
0093       1 
0094       1 
0095       1 
0096       1 
0097       1 
0098       1 
0099       1 
0100       1 
0101       1 
0102       1 
0103       1 
0104       1 
0105       1 
0106       1 
0107       1 
0108       1 
0109       1 
0110       1 
0111       1 
0112       1 
0113       1 
0114       1 
0115       1 
0116       1 
0117       1 
0118       1 
0119       1 
0120       1 
0121       1 
0122       1 
0123       1 
0124       1 
0125       1 
0126       1 
0127       1 
0128       1 
0129       1 
0130       1 
0131       1 
0132       1 
0133       1 
0134       1 
0135       1 
0136       1 
0137       1 
0138       1 
0139       1 
0140       1 
0141       1 
0142       1 
0143       1 
0144       1 
0145       1 
0146       1 
0147       1 
0148       1 
0149       1 
0150       1 
0151       1 
0152       1 
0153       1 
0154       1 
0155       1 
0156       1 
0157       1 
0158       1 
0159       1 
0160       1 
0161       1 
0162       1 
0163       1 
0164       1 
0165       1 
0166       1 
0167       1 
0168       1 
0169       1 
0170       1 
0171       1 
0172       1 
0173       1 
0174       1 
0175       1 
0176       1 
0177       1 
0178       1 
0179       1 
0180       1 
0181       1 
0182       1 
0183       1 
0184       1 
0185       1 
0186       1 
0187       1 
0188       1 
0189       1 
0190       1 
0191       1 
0192       1 
0193       1 
0194       1 
0195       1 
0196       1 
0197       1 
0198       1 
0199       1 
0200       1 
0201       1 
0202       1 
0203       1 
0204       1 
0205       1 
0206       1 
0207       1 
0208       1 
0209       1 
0210       1 
0211       1 
0212       1 
0213       1 
0214       1 
0215       1 
0216       1 
0217       1 
0218       1 
0219       1 
0220       1 
0221       1 
0222       1 
0223       1 
0224       1 
0225       1 
0226       1 
0227       1 
0228       1 
0229       1 
0230       1 
0231       1 
0232       1 
0233       1 
0234       1 
0235       1 
0236       1 
0237       1 
0238       1 
0239       1 
0240       1 
0241       1 
0242       1 
0243       1 
0244       1 
0245       1 
0246       1 
0247       1 
0248       1 
0249       1 
0250       1 
0251       1 
0252       1 
0253       1 
0254       1 
0255       1 
0256       1 
0257       1 
0258       1 
0259       1 
0260       1 
0261       1 
0262       1 
0263       1 
0264       1 
0265       1 
0266       1 
0267       1 
0268       1 
0269       1 
0270       1 
0271       1 
0272       1 
0273       1 
0274       1 
0275       1 
0276       1 
0277       1 
0278       1 
0279       12195 
0280       12195 
0281       12115 
0282       12115 
0283       12143 
0284       12143 
0285       12138 
0286       12060 
0287       11969 
0288       11827 
0289       11811 
0290       11678 
0291       11622 
0292       11522 
0293       11438 
0294       11347 
0295       11270 
0296       11182 
0297       11092 
0298       11035 
0299       10926 
0300       10883 
0301       10754 
0302       10746 
0303       10629 
0304       10566 
0305       10468 
0306       10436 
0307       10384 
0308       10286 
0309       10242 
0310       10172 
0311       10143 
0312       10058 
0313       10005 
0314       9914 
0315       9893 
0316       9806 
0317       9753 
0318       9710 
0319       9624 
0320       9610 
0321       9512 
0322       9461 
0323       9405 
0324       9382 
0325       9341 
0326       9277 
0327       9227 
0328       9140 
0329       9118 
0330       9062 
0331       9018 
0332       8980 
0333       8949 
0334       8897 
0335       8859 
0336       8810 
0337       8760 
0338       8709 
0339       8688 
0340       8635 
0341       8599 
0342       8574 
0343       8488 
0344       8485 
0345       8447 
0346       8387 
0347       8358 
0348       8326 
0349       8295 
0350       8258 
0351       8190 
0352       8186 
0353       8140 
0354       8094 
0355       8064 
0356       8034 
0357       8008 
0358       7988 
0359       7957 
0360       7915 
0361       7861 
0362       7826 
0363       7820 
0364       7765 
0365       7754 
0366       7727 
0367       7703 
0368       7664 
0369       7647 
0370       7607 
0371       7576 
0372       7556 
0373       7508 
0374       7499 
0375       7468 
0376       7443 
0377       7428 
0378       7408 
0379       7404 
0380       7343 
0381       7331 
0382       7305 
0383       7265 
0384       7259 
0385       7227 
0386       7221 
0387       7194 
0388       7151 
0389       7134 
0390       7120 
0391       7086 
0392       7069 
0393       7064 
0394       7036 
0395       7013 
0396       6993 
0397       6965 
0398       6941 
0399       6917 
0400       6892 
0401       6889 
0402       6862 
0403       6855 
0404       6822 
0405       6797 
0406       6772 
0407       6770 
0408       6758 
0409       6741 
0410       6715 
0411       6697 
0412       6683 
0413       6660 
0414       6646 
0415       6618 
0416       6608 
0417       6604 
0418       6604 
0419       6574 
0420       6548 
0421       6543 
0422       6541 
0423       6509 
0424       6509 
0425       6470 
0426       6464 
0427       6457 
0428       6434 
0429       6434 
0430       6420 
0431       6387 
0432       6387 
0433       6382 
0434       6369 
0435       6359 
0436       6334 
0437       6319 
0438       6311 
0439       6299 
0440       6299 
0441       6291 
0442       6269 
0443       6253 
0444       6229 
0445       6225 
0446       6226 
0447       6223 
0448       6194 
0449       6191 
0450       6183 
0451       6173 
0452       6166 
0453       6156 
0454       6155 
0455       6137 
0456       6124 
0457       6113 
0458       6106 
0459       6100 
0460       6087 
0461       6073 
0462       6073 
0463       6061 
0464       6057 
0465       6042 
0466       6040 
0467       6030 
0468       6026 
0469       6024 
0470       6020 
0471       6003 
0472       5992 
0473       5992 
0474       5984 
0475       5981 
0476       5981 
0477       5962 
0478       5962 
0479       5961 
0480       5959 
0481       5958 
0482       5936 
0483       5929 
0484       5922 
0485       5928 
0486       5912 
0487       5915 
0488       5907 
0489       5900 
0490       5883 
0491       5883 
0492       5886 
0493       5886 
0494       5887 
0495       5878 
0496       5872 
0497       5866 
0498       5843 
0499       5843 
0500       5851 
0501       5851 
0502       5848 
0503       5847 
0504       5847 
0505       5847 
0506       5847 
0507       5851 
0508       5842 
0509       5842 
0510       5829 
0511       5829 
0512       5841 
0513       5841 
0514       5819 
0515       5819 
0516       5820 
0517       5820 
0518       5817 
0519       5817 
0520       5817 
0521       5826 
0522       5815 
0523       5808 
0524       5808 
0525       5808 
0526       5800 
0527       5800 
0528       5814 
0529       5814 
0530       5803 
0531       5803 
0532       5810 
0533       5810 
0534       5798 
0535       5798 
0536       5801 
0537       5810 
0538       5810 
0539       5810 
0540       5805 
0541       5805 
0542       5805 
0543       5805 
0544       5807 
0545       5810 
0546       5812 
0547       5812 
0548       5817 
0549       5817 
0550       5829 
0551       5829 
0552       5828 
0553       5828 
0554       5826 
0555       5821 
0556       5821 
0557       5844 
0558       5844 
0559       5844 
0560       5844 
0561       5849 
0562       5855 
0563       5855 
0564       5865 
0565       5863 
0566       5866 
0567       5866 
0568       5872 
0569       5873 
0570       5881 
0571       5882 
0572       5881 
0573       5886 
0574       5895 
0575       5905 
0576       5909 
0577       5917 
0578       5917 
0579       5917 
0580       5922 
0581       5930 
0582       5932 
0583       5951 
0584       5958 
0585       5959 
0586       5963 
0587       5964 
0588       5966 
0589       5982 
0590       5988 
0591       6002 
0592       6005 
0593       6002 
0594       6011 
0595       6013 
0596       6013 
0597       6037 
0598       6038 
0599       6059 
0600       6063 
0601       6081 
0602       6083 
0603       6083 
0604       6093 
0605       6093 
0606       6113 
0607       6120 
0608       6120 
0609       6126 
0610       6154 
0611       6155 
0612       6164 
0613       6167 
0614       6184 
0615       6194 
0616       6217 
0617       6223 
0618       6238 
0619       6249 
0620       6253 
0621       6259 
0622       6269 
0623       6294 
0624       6300 
0625       6316 
0626       6320 
0627       6327 
0628       6340 
0629       6355 
0630       6359 
0631       6398 
0632       6398 
0633       6407 
0634       6410 
0635       6438 
0636       6440 
0637       6454 
0638       6492 
0639       6493 
0640       6502 
0641       6504 
0642       6509 
0643       6549 
0644       6580 
0645       6588 
0646       6602 
0647       6609 
0648       6610 
0649       6627 
0650       6635 
0651       6690 
0652       6705 
0653       6708 
0654       6730 
0655       6742 
0656       6755 
0657       6781 
0658       6789 
0659       6815 
0660       6845 
0661       6869 
0662       6872 
0663       6907 
0664       6917 
0665       6933 
0666       6935 
0667       6961 
0668       6983 
0669       7038 
0670       7043 
0671       7053 
0672       7059 
0673       7094 
0674       7111 
0675       7134 
0676       7152 
0677       7189 
0678       7201 
0679       7253 
0680       7263 
0681       7272 
0682       7306 
0683       7324 
0684       7360 
0685       7371 
0686       7408 
0687       7451 
0688       7458 
0689       7483 
0690       7511 
0691       7543 
0692       7562 
0693       7602 
0694       7613 
0695       7651 
0696       7662 
0697       7680 
0698       7730 
0699       7767 
0700       7774 
0701       7839 
0702       7848 
0703       7899 
0704       7921 
0705       7970 
0706       7989 
0707       8013 
0708       8074 
0709       8105 
0710       8129 
0711       8148 
0712       8179 
0713       8226 
0714       8269 
0715       8314 
0716       8340 
0717       8378 
0718       8427 
0719       8469 
0720       8474 
0721       8559 
0722       8566 
0723       8624 
0724       8651 
0725       8733 
0726       8747 
0727       8791 
0728       8823 
0729       8882 
0730       8925 
0731       8966 
0732       9009 
0733       9060 
0734       9069 
0735       9069 
0736       8998 
0737       8960 
0738       8960 
0739       9007 
0740       9027 
0741       10881 
0742       10881 
0743       10873 
0744       10829 
0745       10791 
0746       10752 
0747       10712 
0748       10695 
0749       10695 
0750       10759 
0751       10820 
0752       10882 
0753       10938 
0754       11012 
0755       11041 
0756       11157 
0757       11235 
0758       11311 
0759       11373 
0760       11477 
0761       11543 
0762       11616 
0763       11680 
0764       11742 
0765       11841 
0766       11905 
0767       12031 
0768       12083 
0769       12182 
0770       12262 
0771       12354 
0772       12461 
0773       12554 
0774       12643 
0775       12720 
0776       12849 
0777       12980 
0778       13074 
0779       13170 
0780       13277 
0781       13339 
0782       13339 
0783       8309 
0784       8265 
0785       8262 
0786       8213 
0787       8136 
0788       8053 
0789       8013 
0790       7980 
0791       7978 
0792       7976 
0793       7966 
0794       7966 
0795       7975 
0796       8009 
0797       8034 
0798       8101 
0799       16821 
0800       16821 
0801       16799 
0802       16778 
0803       16740 
0804       16729 
0805       16707 
0806       16654 
0807       16618 
0808       16590 
0809       16574 
0810       16551 
0811       16524 
0812       16494 
0813       16476 
0814       16439 
0815       16434 
0816       16395 
0817       16360 
0818       16348 
0819       12666 
0820       12634 
0821       12647 
0822       12615 
0823       12607 
0824       12585 
0825       12563 
0826       12538 
0827       12518 
0828       12510 
0829       12483 
0830       12474 
0831       12452 
0832       12449 
0833       12423 
0834       12422 
0835       12404 
0836       12378 
0837       12362 
0838       12356 
0839       12348 
0840       12348 
0841       12327 
0842       12308 
0843       12300 
0844       12293 
0845       12286 
0846       12265 
0847       12255 
0848       12249 
0849       12246 
0850       1 
0851       1 
0852       1 
0853       1 
0854       1 
0855       1 
0856       1 
0857       1 
0858       1 
0859       1 
0860       1 
0861       1 
0862       1 
0863       1 
0864       1 
0865       1 
0866       1 
0867       1 
0868       1 
0869       1 
0870       1 
0871       1 
0872       1 
0873       1 
0874       1 
0875       15649 
0876       15649 
0877       10145 
0878       1 
0879       1 
0880       10145 
0881       10371 
0882       10371 
0883       10354 
0884       10354 
0885       10349 
0886       10354 
0887       10349 
0888       1 
0889       1 
0890       1 
0891       1 
0892       1 
0893       1 
0894       1 
0895       1 
0896       1 
0897       1 
0898       1 
0899       1 
0900       1 
0901       1 
0902       1 
0903       1 
0904       1 
0905       1 
0906       1 
0907       1 
0908       1 
0909       1 
0910       1 
0911       1 
0912       1 
0913       1 
0914       1 
0915       1 
0916       1 
0917       1 
0918       1 
0919       1 
0920       1 
0921       1 
0922       1 
0923       1 
0924       1 
0925       1 
0926       1 
0927       1 
0928       1 
0929       1 
0930       1 
0931       1 
0932       1 
0933       1 
0934       1 
0935       1 
0936       1 
0937       1 
0938       1 
0939       1 
0940       1 
0941       1 
0942       1 
0943       1 
0944       1 
0945       1 
0946       1 
0947       1 
0948       1 
0949       1 
0950       1 
0951       1 
0952       1 
0953       1 
0954       1 
0955       1 
0956       1 
0957       1 
0958       1 
0959       1 
0960       1 
0961       1 
0962       1 
0963       1 
0964       1 
0965       1 
0966       1 
0967       1 
0968       1 
0969       1 
0970       1 
0971       1 
0972       1 
0973       1 
0974       1 
0975       1 
0976       1 
0977       1 
0978       1 
0979       1 
0980       1 
0981       1 
0982       1 
0983       1 
0984       1 
0985       1 
0986       1 
0987       1 
0988       1 
0989       1 
0990       1 
0991       1 
0992       1 
0993       1 
0994       1 
0995       1 
0996       1 
0997       1 
0998       1 
0999       1 
1000       1 
1001       1 
1002       1 
1003       1 
1004       1 
1005       1 
1006       1 
1007       4 
1008       4 
1009       48 
1010       52 
1011       52 
1012       53 
1013       56 
1014       56 
1015       57 
1016       59 
1017       59 
1018       59 
1019       57 
1020       59 
1021       53 
1022       53 
1023       57 
1024       57 
1025       57 
1026       67 
1027       67 
1028       50 
1029       60 
1030       47 
1031       47 
1032       49 
1033       55 
1034       55 
1035       59 
1036       59 
1037       67 
1038       72 
1039       72 
1040       74 
1041       74 
1042       74 
1043       74 
1044       74 
1045       74 
1046       74 
1047       67 
1048       67 
1049       67 
1050       66 
1051       66 
1052       64 
1053       61 
1054       61 
1055       62 
1056       62 
1057       64 
1058       67 
1059       67 
1060       67 
1061       69 
1062       69 
1063       69 
1064       70 
1065       70 
1066       72 
1067       70 
1068       71 
1069       71 
1070       66 
1071       66 
1072       69 
1073       69 
1074       73 
1075       73 
1076       69 
1077       69 
1078       69 
1079       66 
1297966647.932061
