0000       1 
0001       1 
0002       1 
0003       1 
0004       1 
0005       1 
0006       1 
0007       1 
0008       1 
0009       1 
0010       1 
0011       1 
0012       1 
0013       1 
0014       1 
0015       1 
0016       1 
0017       1 
0018       1 
0019       1 
0020       1 
0021       1 
0022       1 
0023       1 
0024       1 
0025       1 
0026       1 
0027       1 
0028       1 
0029       1 
0030       1 
0031       1 
0032       1 
0033       1 
0034       1 
0035       1 
0036       1 
0037       1 
0038       1 
0039       1 
0040       1 
0041       1 
0042       1 
0043       1 
0044       1 
0045       1 
0046       1 
0047       1 
0048       1 
0049       1 
0050       1 
0051       1 
0052       1 
0053       1 
0054       1 
0055       1 
0056       1 
0057       1 
0058       1 
0059       1 
0060       1 
0061       1 
0062       1 
0063       1 
0064       1 
0065       1 
0066       1 
0067       1 
0068       1 
0069       1 
0070       1 
0071       1 
0072       1 
0073       1 
0074       1 
0075       1 
0076       1 
0077       1 
0078       1 
0079       1 
0080       1 
0081       1 
0082       1 
0083       1 
0084       1 
0085       1 
0086       1 
0087       1 
0088       1 
0089       1 
0090       1 
0091       1 
0092       1 
0093       1 
0094       1 
0095       1 
0096       1 
0097       1 
0098       1 
0099       1 
0100       1 
0101       1 
0102       1 
0103       1 
0104       1 
0105       1 
0106       1 
0107       1 
0108       1 
0109       1 
0110       1 
0111       1 
0112       1 
0113       1 
0114       1 
0115       1 
0116       1 
0117       1 
0118       1 
0119       1 
0120       1 
0121       1 
0122       1 
0123       1 
0124       1 
0125       1 
0126       1 
0127       1 
0128       1 
0129       1 
0130       1 
0131       1 
0132       1 
0133       1 
0134       1 
0135       1 
0136       1 
0137       1 
0138       1 
0139       1 
0140       1 
0141       1 
0142       1 
0143       1 
0144       1 
0145       1 
0146       1 
0147       1 
0148       1 
0149       1 
0150       1 
0151       1 
0152       1 
0153       1 
0154       1 
0155       1 
0156       1 
0157       1 
0158       1 
0159       1 
0160       1 
0161       1 
0162       1 
0163       1 
0164       1 
0165       1 
0166       1 
0167       1 
0168       1 
0169       1 
0170       1 
0171       1 
0172       1 
0173       1 
0174       1 
0175       1 
0176       1 
0177       1 
0178       1 
0179       1 
0180       1 
0181       1 
0182       1 
0183       1 
0184       1 
0185       1 
0186       1 
0187       1 
0188       1 
0189       1 
0190       1 
0191       1 
0192       1 
0193       1 
0194       1 
0195       1 
0196       1 
0197       1 
0198       1 
0199       1 
0200       1 
0201       1 
0202       1 
0203       1 
0204       1 
0205       1 
0206       1 
0207       1 
0208       1 
0209       1 
0210       1 
0211       1 
0212       1 
0213       1 
0214       1 
0215       1 
0216       1 
0217       1 
0218       1 
0219       1 
0220       1 
0221       1 
0222       1 
0223       1 
0224       1 
0225       1 
0226       1 
0227       1 
0228       1 
0229       1 
0230       1 
0231       1 
0232       1 
0233       1 
0234       1 
0235       1 
0236       1 
0237       1 
0238       1 
0239       1 
0240       1 
0241       1 
0242       1 
0243       1 
0244       1 
0245       1 
0246       1 
0247       1 
0248       1 
0249       1 
0250       1 
0251       1 
0252       1 
0253       1 
0254       1 
0255       1 
0256       1 
0257       1 
0258       1 
0259       1 
0260       1 
0261       1 
0262       1 
0263       1 
0264       1 
0265       1 
0266       1 
0267       1 
0268       1 
0269       1 
0270       13062 
0271       13080 
0272       13080 
0273       13107 
0274       13107 
0275       13002 
0276       12877 
0277       12638 
0278       12556 
0279       12556 
0280       12466 
0281       12387 
0282       12275 
0283       12169 
0284       12070 
0285       11974 
0286       11855 
0287       11798 
0288       11719 
0289       11604 
0290       11531 
0291       11481 
0292       11394 
0293       11318 
0294       11227 
0295       11117 
0296       11053 
0297       10969 
0298       10878 
0299       10788 
0300       10753 
0301       10657 
0302       10563 
0303       10510 
0304       10438 
0305       10381 
0306       10327 
0307       10231 
0308       10198 
0309       10145 
0310       10087 
0311       10001 
0312       9969 
0313       9873 
0314       9850 
0315       9758 
0316       9716 
0317       9666 
0318       9628 
0319       9574 
0320       9508 
0321       9445 
0322       9408 
0323       9323 
0324       9264 
0325       9225 
0326       9183 
0327       9135 
0328       9115 
0329       9050 
0330       9000 
0331       8945 
0332       8911 
0333       8834 
0334       8817 
0335       8758 
0336       8750 
0337       8721 
0338       8659 
0339       8614 
0340       8581 
0341       8532 
0342       8484 
0343       8453 
0344       8420 
0345       8387 
0346       8353 
0347       8299 
0348       8271 
0349       8247 
0350       8215 
0351       8177 
0352       8120 
0353       8108 
0354       8070 
0355       8032 
0356       8007 
0357       7970 
0358       7931 
0359       7870 
0360       7867 
0361       7832 
0362       7799 
0363       7774 
0364       7761 
0365       7723 
0366       7686 
0367       7629 
0368       7628 
0369       7602 
0370       7556 
0371       7545 
0372       7501 
0373       7482 
0374       7455 
0375       7422 
0376       7417 
0377       7393 
0378       7341 
0379       7338 
0380       7310 
0381       7287 
0382       7267 
0383       7263 
0384       7210 
0385       7209 
0386       7175 
0387       7147 
0388       7128 
0389       7098 
0390       7093 
0391       7054 
0392       7026 
0393       7021 
0394       6985 
0395       6982 
0396       6969 
0397       6930 
0398       6930 
0399       6889 
0400       6884 
0401       6856 
0402       6838 
0403       6837 
0404       6814 
0405       6796 
0406       6780 
0407       6743 
0408       6720 
0409       6720 
0410       6712 
0411       6688 
0412       6671 
0413       6652 
0414       6650 
0415       6641 
0416       6614 
0417       6582 
0418       6582 
0419       6564 
0420       6564 
0421       6535 
0422       6520 
0423       6497 
0424       6476 
0425       6463 
0426       6463 
0427       6463 
0428       6436 
0429       6424 
0430       6415 
0431       6406 
0432       6403 
0433       6391 
0434       6370 
0435       6353 
0436       6338 
0437       6324 
0438       6313 
0439       6305 
0440       6291 
0441       6287 
0442       6280 
0443       6268 
0444       6267 
0445       6235 
0446       6224 
0447       6218 
0448       6208 
0449       6196 
0450       6179 
0451       6179 
0452       6179 
0453       6154 
0454       6150 
0455       6148 
0456       6130 
0457       6120 
0458       6120 
0459       6120 
0460       6098 
0461       6092 
0462       6079 
0463       6074 
0464       6072 
0465       6068 
0466       6057 
0467       6050 
0468       6046 
0469       6028 
0470       6040 
0471       6026 
0472       6015 
0473       6015 
0474       6010 
0475       6008 
0476       5993 
0477       5986 
0478       5985 
0479       5970 
0480       5971 
0481       5949 
0482       5967 
0483       5948 
0484       5948 
0485       5941 
0486       5941 
0487       5935 
0488       5933 
0489       5926 
0490       5912 
0491       5909 
0492       5902 
0493       5898 
0494       5902 
0495       5901 
0496       5901 
0497       5894 
0498       5887 
0499       5874 
0500       5873 
0501       5873 
0502       5869 
0503       5869 
0504       5864 
0505       5857 
0506       5857 
0507       5857 
0508       5849 
0509       5849 
0510       5851 
0511       5851 
0512       5850 
0513       5843 
0514       5843 
0515       5843 
0516       5845 
0517       5845 
0518       5836 
0519       5833 
0520       5834 
0521       5829 
0522       5834 
0523       5826 
0524       5840 
0525       5825 
0526       5829 
0527       5829 
0528       5842 
0529       5842 
0530       5840 
0531       5825 
0532       5834 
0533       5834 
0534       5840 
0535       5840 
0536       5834 
0537       5834 
0538       5827 
0539       5840 
0540       5837 
0541       5840 
0542       5841 
0543       5846 
0544       5846 
0545       5846 
0546       5847 
0547       5848 
0548       5852 
0549       5855 
0550       5859 
0551       5863 
0552       5863 
0553       5864 
0554       5878 
0555       5879 
0556       5879 
0557       5884 
0558       5885 
0559       5889 
0560       5889 
0561       5890 
0562       5888 
0563       5890 
0564       5890 
0565       5907 
0566       5908 
0567       5920 
0568       5911 
0569       5920 
0570       5924 
0571       5927 
0572       5934 
0573       5937 
0574       5950 
0575       5951 
0576       5951 
0577       5967 
0578       5977 
0579       5974 
0580       5977 
0581       6001 
0582       6001 
0583       6002 
0584       5998 
0585       6016 
0586       6016 
0587       6027 
0588       6039 
0589       6040 
0590       6042 
0591       6042 
0592       6051 
0593       6064 
0594       6074 
0595       6074 
0596       6088 
0597       6088 
0598       6097 
0599       6098 
0600       6116 
0601       6132 
0602       6134 
0603       6145 
0604       6156 
0605       6173 
0606       6180 
0607       6188 
0608       6195 
0609       6204 
0610       6210 
0611       6228 
0612       6231 
0613       6238 
0614       6243 
0615       6244 
0616       6281 
0617       6305 
0618       6306 
0619       6312 
0620       6317 
0621       6335 
0622       6359 
0623       6367 
0624       6374 
0625       6374 
0626       6374 
0627       6399 
0628       6421 
0629       6425 
0630       6431 
0631       6437 
0632       6457 
0633       6471 
0634       6498 
0635       6506 
0636       6517 
0637       6533 
0638       6533 
0639       6536 
0640       6571 
0641       6591 
0642       6614 
0643       6620 
0644       6628 
0645       6656 
0646       6671 
0647       6676 
0648       6718 
0649       6718 
0650       6754 
0651       6763 
0652       6783 
0653       6793 
0654       6826 
0655       6832 
0656       6866 
0657       6873 
0658       6901 
0659       6907 
0660       6921 
0661       6956 
0662       6965 
0663       6975 
0664       6999 
0665       7012 
0666       7035 
0667       7086 
0668       7089 
0669       7103 
0670       7141 
0671       7145 
0672       7204 
0673       7222 
0674       7237 
0675       7239 
0676       7266 
0677       7314 
0678       7324 
0679       7347 
0680       7373 
0681       7390 
0682       7409 
0683       7461 
0684       7472 
0685       7490 
0686       7541 
0687       7556 
0688       7594 
0689       7617 
0690       7622 
0691       7671 
0692       7697 
0693       7717 
0694       7784 
0695       7789 
0696       7822 
0697       7841 
0698       7861 
0699       7904 
0700       7939 
0701       7987 
0702       7997 
0703       8039 
0704       8051 
0705       8101 
0706       8135 
0707       8156 
0708       8212 
0709       8235 
0710       8267 
0711       8292 
0712       8292 
0713       8257 
0714       8167 
0715       8167 
0716       8199 
0717       8199 
0718       8257 
0719       8279 
0720       12746 
0721       12808 
0722       12851 
0723       12942 
0724       12992 
0725       13071 
0726       13118 
0727       13175 
0728       13250 
0729       13290 
0730       13370 
0731       13395 
0732       13399 
0733       13470 
0734       13536 
0735       13536 
0736       10052 
0737       10052 
0738       10052 
0739       10363 
0740       10410 
0741       10456 
0742       10516 
0743       10577 
0744       10639 
0745       10699 
0746       10731 
0747       10812 
0748       10877 
0749       10949 
0750       11019 
0751       11110 
0752       11165 
0753       11245 
0754       11293 
0755       11392 
0756       11461 
0757       11536 
0758       11611 
0759       11682 
0760       11782 
0761       11848 
0762       11930 
0763       12017 
0764       12083 
0765       12123 
0766       12278 
0767       12340 
0768       12461 
0769       12506 
0770       12506 
0771       7166 
0772       7135 
0773       7106 
0774       7121 
0775       7121 
0776       7121 
0777       7134 
0778       7120 
0779       1 
0780       1 
0781       1 
0782       1 
0783       1 
0784       1 
0785       1 
0786       1 
0787       1 
0788       1 
0789       1 
0790       1 
0791       1 
0792       1 
0793       1 
0794       1 
0795       1 
0796       1 
0797       1 
0798       1 
0799       1 
0800       1 
0801       1 
0802       1 
0803       1 
0804       1 
0805       1 
0806       1 
0807       1 
0808       1 
0809       1 
0810       1 
0811       1 
0812       1 
0813       1 
0814       1 
0815       1 
0816       1 
0817       1 
0818       1 
0819       1 
0820       15080 
0821       15095 
0822       15080 
0823       15052 
0824       15023 
0825       1 
0826       1 
0827       1 
0828       1 
0829       1 
0830       14877 
0831       14916 
0832       14916 
0833       14893 
0834       14876 
0835       14857 
0836       14847 
0837       14840 
0838       14826 
0839       14791 
0840       14765 
0841       14515 
0842       14711 
0843       14711 
0844       14704 
0845       14704 
0846       1 
0847       1 
0848       14682 
0849       14682 
0850       14682 
0851       1 
0852       1 
0853       1 
0854       1 
0855       1 
0856       1 
0857       1 
0858       1 
0859       1 
0860       1 
0861       1 
0862       1 
0863       1 
0864       1 
0865       1 
0866       1 
0867       1 
0868       1 
0869       1 
0870       1 
0871       1 
0872       1 
0873       1 
0874       1 
0875       1 
0876       1 
0877       1 
0878       1 
0879       1 
0880       1 
0881       1 
0882       1 
0883       1 
0884       1 
0885       1 
0886       1 
0887       1 
0888       1 
0889       1 
0890       1 
0891       1 
0892       1 
0893       1 
0894       1 
0895       1 
0896       1 
0897       1 
0898       1 
0899       1 
0900       1 
0901       1 
0902       1 
0903       1 
0904       1 
0905       1 
0906       1 
0907       1 
0908       1 
0909       1 
0910       1 
0911       1 
0912       1 
0913       1 
0914       1 
0915       1 
0916       1 
0917       1 
0918       1 
0919       1 
0920       1 
0921       1 
0922       1 
0923       1 
0924       1 
0925       1 
0926       1 
0927       1 
0928       1 
0929       1 
0930       1 
0931       1 
0932       1 
0933       1 
0934       1 
0935       1 
0936       1 
0937       1 
0938       1 
0939       1 
0940       1 
0941       1 
0942       1 
0943       1 
0944       1 
0945       1 
0946       1 
0947       1 
0948       1 
0949       1 
0950       1 
0951       1 
0952       1 
0953       1 
0954       1 
0955       1 
0956       1 
0957       1 
0958       1 
0959       1 
0960       1 
0961       1 
0962       1 
0963       1 
0964       1 
0965       1 
0966       1 
0967       1 
0968       1 
0969       1 
0970       1 
0971       1 
0972       1 
0973       1 
0974       1 
0975       1 
0976       1 
0977       1 
0978       1 
0979       1 
0980       1 
0981       1 
0982       1 
0983       1 
0984       1 
0985       1 
0986       1 
0987       1 
0988       1 
0989       1 
0990       1 
0991       1 
0992       1 
0993       1 
0994       1 
0995       1 
0996       1 
0997       1 
0998       1 
0999       1 
1000       1 
1001       1 
1002       1 
1003       1 
1004       1 
1005       1 
1006       1 
1007       1 
1008       4 
1009       4 
1010       4 
1011       4 
1012       4 
1013       4 
1014       49 
1015       49 
1016       53 
1017       53 
1018       53 
1019       53 
1020       53 
1021       55 
1022       59 
1023       59 
1024       57 
1025       55 
1026       54 
1027       54 
1028       54 
1029       53 
1030       53 
1031       51 
1032       50 
1033       51 
1034       55 
1035       59 
1036       72 
1037       75 
1038       75 
1039       75 
1040       69 
1041       67 
1042       67 
1043       67 
1044       67 
1045       64 
1046       65 
1047       65 
1048       65 
1049       64 
1050       64 
1051       61 
1052       61 
1053       64 
1054       70 
1055       70 
1056       70 
1057       70 
1058       67 
1059       66 
1060       66 
1061       65 
1062       64 
1063       64 
1064       64 
1065       64 
1066       64 
1067       66 
1068       62 
1069       62 
1070       62 
1071       62 
1072       60 
1073       60 
1074       60 
1075       67 
1076       70 
1077       70 
1078       67 
1079       65 
1297966646.908320
