0000       1 
0001       1 
0002       1 
0003       1 
0004       1 
0005       1 
0006       1 
0007       1 
0008       1 
0009       1 
0010       1 
0011       1 
0012       1 
0013       1 
0014       1 
0015       1 
0016       1 
0017       1 
0018       1 
0019       1 
0020       1 
0021       1 
0022       1 
0023       1 
0024       1 
0025       1 
0026       1 
0027       1 
0028       1 
0029       1 
0030       1 
0031       1 
0032       1 
0033       1 
0034       1 
0035       1 
0036       1 
0037       1 
0038       1 
0039       1 
0040       1 
0041       1 
0042       1 
0043       1 
0044       1 
0045       1 
0046       1 
0047       1 
0048       1 
0049       1 
0050       1 
0051       1 
0052       1 
0053       1 
0054       1 
0055       1 
0056       1 
0057       1 
0058       1 
0059       1 
0060       1 
0061       1 
0062       1 
0063       1 
0064       1 
0065       1 
0066       1 
0067       1 
0068       1 
0069       1 
0070       1 
0071       1 
0072       1 
0073       1 
0074       1 
0075       1 
0076       1 
0077       1 
0078       1 
0079       1 
0080       1 
0081       1 
0082       1 
0083       1 
0084       1 
0085       1 
0086       1 
0087       1 
0088       1 
0089       1 
0090       1 
0091       1 
0092       1 
0093       1 
0094       1 
0095       1 
0096       1 
0097       1 
0098       1 
0099       1 
0100       1 
0101       1 
0102       1 
0103       1 
0104       1 
0105       1 
0106       1 
0107       1 
0108       1 
0109       1 
0110       1 
0111       1 
0112       1 
0113       1 
0114       1 
0115       1 
0116       1 
0117       1 
0118       1 
0119       1 
0120       1 
0121       1 
0122       1 
0123       1 
0124       1 
0125       1 
0126       1 
0127       1 
0128       1 
0129       1 
0130       1 
0131       1 
0132       1 
0133       1 
0134       24272 
0135       24272 
0136       24234 
0137       24200 
0138       24130 
0139       24126 
0140       24126 
0141       24068 
0142       24068 
0143       1 
0144       1 
0145       1 
0146       1 
0147       23970 
0148       23981 
0149       23981 
0150       23977 
0151       23958 
0152       23939 
0153       23933 
0154       23891 
0155       23874 
0156       18185 
0157       18181 
0158       18176 
0159       18166 
0160       18166 
0161       18143 
0162       18118 
0163       18118 
0164       18110 
0165       18104 
0166       18100 
0167       18099 
0168       18100 
0169       18099 
0170       18099 
0171       18091 
0172       18085 
0173       17902 
0174       17858 
0175       17849 
0176       17849 
0177       17851 
0178       17852 
0179       17856 
0180       17910 
0181       17910 
0182       18027 
0183       18273 
0184       18273 
0185       18231 
0186       18172 
0187       18140 
0188       18079 
0189       18042 
0190       18039 
0191       18039 
0192       18048 
0193       18056 
0194       18048 
0195       18047 
0196       18045 
0197       17953 
0198       17900 
0199       17892 
0200       17900 
0201       17904 
0202       17912 
0203       17921 
0204       17921 
0205       17921 
0206       17935 
0207       17936 
0208       17936 
0209       17376 
0210       1 
0211       1 
0212       1 
0213       17376 
0214       17966 
0215       17966 
0216       1 
0217       1 
0218       1 
0219       1 
0220       18050 
0221       18075 
0222       18149 
0223       18275 
0224       18299 
0225       18297 
0226       18297 
0227       18297 
0228       18337 
0229       18338 
0230       18372 
0231       18378 
0232       18379 
0233       18387 
0234       18387 
0235       18387 
0236       18294 
0237       18231 
0238       1 
0239       1 
0240       18196 
0241       18196 
0242       18440 
0243       18450 
0244       18478 
0245       18479 
0246       18504 
0247       18516 
0248       18567 
0249       18567 
0250       18223 
0251       1 
0252       18223 
0253       18683 
0254       18683 
0255       18640 
0256       18263 
0257       18242 
0258       18242 
0259       18263 
0260       18856 
0261       18856 
0262       1 
0263       1 
0264       1 
0265       1 
0266       1 
0267       1 
0268       1 
0269       16126 
0270       16137 
0271       16137 
0272       16179 
0273       16202 
0274       16226 
0275       16287 
0276       16292 
0277       16328 
0278       16352 
0279       16364 
0280       16406 
0281       16430 
0282       16460 
0283       16526 
0284       16564 
0285       16568 
0286       16568 
0287       15789 
0288       1 
0289       1 
0290       1 
0291       1 
0292       1 
0293       1 
0294       14727 
0295       14727 
0296       14727 
0297       14573 
0298       14433 
0299       14348 
0300       14166 
0301       13298 
0302       1 
0303       1 
0304       1 
0305       1 
0306       1 
0307       1 
0308       1 
0309       1 
0310       12854 
0311       12910 
0312       12910 
0313       12910 
0314       12937 
0315       12966 
0316       13019 
0317       13040 
0318       13073 
0319       13132 
0320       13156 
0321       13201 
0322       13249 
0323       13280 
0324       13319 
0325       13354 
0326       13397 
0327       13438 
0328       13498 
0329       13521 
0330       13571 
0331       13600 
0332       13667 
0333       13715 
0334       13807 
0335       13827 
0336       13880 
0337       13905 
0338       13951 
0339       13998 
0340       14015 
0341       14015 
0342       13926 
0343       13904 
0344       13914 
0345       13895 
0346       13859 
0347       13764 
0348       13724 
0349       13646 
0350       13555 
0351       13501 
0352       13414 
0353       13372 
0354       13293 
0355       13207 
0356       13164 
0357       13135 
0358       12991 
0359       12983 
0360       12892 
0361       12858 
0362       12772 
0363       12715 
0364       12704 
0365       12613 
0366       12561 
0367       12500 
0368       12435 
0369       12404 
0370       12304 
0371       12251 
0372       12213 
0373       12166 
0374       12114 
0375       12056 
0376       12027 
0377       11958 
0378       11945 
0379       11891 
0380       11849 
0381       11809 
0382       11754 
0383       11737 
0384       11665 
0385       11635 
0386       11614 
0387       11570 
0388       1 
0389       1 
0390       1 
0391       1 
0392       1 
0393       1 
0394       1 
0395       1 
0396       1 
0397       10946 
0398       10946 
0399       10976 
0400       10976 
0401       10976 
0402       10942 
0403       10929 
0404       10855 
0405       10832 
0406       10806 
0407       10577 
0408       1 
0409       1 
0410       1 
0411       1 
0412       8934 
0413       8934 
0414       8916 
0415       8934 
0416       10445 
0417       10445 
0418       10387 
0419       9359 
0420       9359 
0421       10257 
0422       10300 
0423       10300 
0424       10247 
0425       10020 
0426       9819 
0427       9786 
0428       9760 
0429       9740 
0430       9710 
0431       9694 
0432       9661 
0433       9654 
0434       9622 
0435       9581 
0436       9564 
0437       9539 
0438       9523 
0439       9500 
0440       9467 
0441       9459 
0442       9442 
0443       9422 
0444       9390 
0445       9376 
0446       9368 
0447       9360 
0448       9312 
0449       6874 
0450       6836 
0451       6829 
0452       6822 
0453       6807 
0454       6796 
0455       6787 
0456       6787 
0457       6788 
0458       6837 
0459       6880 
0460       6940 
0461       6944 
0462       6952 
0463       6944 
0464       6933 
0465       6921 
0466       6881 
0467       6860 
0468       6824 
0469       6788 
0470       6754 
0471       6753 
0472       6713 
0473       6691 
0474       6691 
0475       6691 
0476       6687 
0477       6672 
0478       6669 
0479       6648 
0480       6648 
0481       6635 
0482       6624 
0483       6592 
0484       6588 
0485       6588 
0486       6588 
0487       6576 
0488       6574 
0489       6572 
0490       6559 
0491       6557 
0492       6537 
0493       6535 
0494       6510 
0495       6502 
0496       6502 
0497       6499 
0498       6503 
0499       6499 
0500       6483 
0501       6476 
0502       6468 
0503       6467 
0504       6467 
0505       6455 
0506       6443 
0507       6439 
0508       6439 
0509       6439 
0510       6433 
0511       6431 
0512       6427 
0513       6415 
0514       6410 
0515       6410 
0516       6406 
0517       6401 
0518       6372 
0519       6372 
0520       6374 
0521       6384 
0522       6388 
0523       6389 
0524       6389 
0525       6378 
0526       6374 
0527       6374 
0528       6366 
0529       6360 
0530       6344 
0531       6337 
0532       6337 
0533       6341 
0534       6345 
0535       6345 
0536       6351 
0537       6355 
0538       6355 
0539       6349 
0540       6347 
0541       6336 
0542       6321 
0543       6321 
0544       6326 
0545       6328 
0546       6338 
0547       6338 
0548       6336 
0549       6336 
0550       6333 
0551       6332 
0552       6333 
0553       6331 
0554       6330 
0555       6309 
0556       6309 
0557       6337 
0558       6343 
0559       6348 
0560       6348 
0561       6345 
0562       6345 
0563       6344 
0564       6363 
0565       6340 
0566       6340 
0567       6331 
0568       6331 
0569       6343 
0570       6352 
0571       6357 
0572       6358 
0573       6367 
0574       6372 
0575       6367 
0576       6372 
0577       6371 
0578       6371 
0579       6351 
0580       6351 
0581       6360 
0582       6385 
0583       6394 
0584       6396 
0585       6398 
0586       6402 
0587       6414 
0588       6422 
0589       6422 
0590       6420 
0591       6405 
0592       6405 
0593       6428 
0594       6452 
0595       6460 
0596       6463 
0597       6465 
0598       6465 
0599       6465 
0600       6482 
0601       6482 
0602       6481 
0603       6470 
0604       6470 
0605       6501 
0606       6507 
0607       6521 
0608       6534 
0609       6535 
0610       6537 
0611       6557 
0612       6559 
0613       6559 
0614       6557 
0615       6557 
0616       6573 
0617       6594 
0618       6603 
0619       6608 
0620       6628 
0621       6631 
0622       6643 
0623       6655 
0624       6655 
0625       6641 
0626       6641 
0627       6679 
0628       6701 
0629       6709 
0630       6717 
0631       6717 
0632       6737 
0633       6751 
0634       6767 
0635       6767 
0636       6759 
0637       6759 
0638       6778 
0639       6817 
0640       6828 
0641       6844 
0642       6850 
0643       6860 
0644       6860 
0645       6879 
0646       6886 
0647       6886 
0648       6886 
0649       6879 
0650       6855 
0651       6855 
0652       9447 
0653       9494 
0654       9501 
0655       9509 
0656       9522 
0657       9552 
0658       9583 
0659       9617 
0660       9632 
0661       9642 
0662       9659 
0663       9686 
0664       9709 
0665       9717 
0666       9718 
0667       9781 
0668       9821 
0669       9848 
0670       9858 
0671       9898 
0672       9948 
0673       9956 
0674       9960 
0675       9984 
0676       10034 
0677       10038 
0678       10073 
0679       10095 
0680       10135 
0681       10170 
0682       10191 
0683       10220 
0684       10250 
0685       10272 
0686       10304 
0687       10355 
0688       10391 
0689       10420 
0690       10438 
0691       10493 
0692       10513 
0693       10529 
0694       10571 
0695       10616 
0696       10635 
0697       10687 
0698       10705 
0699       10758 
0700       10763 
0701       10804 
0702       10859 
0703       10875 
0704       10932 
0705       10960 
0706       10987 
0707       11042 
0708       11074 
0709       11110 
0710       11155 
0711       11214 
0712       11225 
0713       11275 
0714       11302 
0715       11348 
0716       11358 
0717       11360 
0718       11360 
0719       11368 
0720       11438 
0721       11440 
0722       11512 
0723       11657 
0724       11657 
0725       11480 
0726       11480 
0727       11596 
0728       11596 
0729       11590 
0730       11565 
0731       11492 
0732       11471 
0733       11413 
0734       11363 
0735       11363 
0736       11363 
0737       11290 
0738       11164 
0739       11147 
0740       11143 
0741       11143 
0742       11105 
0743       11060 
0744       11021 
0745       10992 
0746       10954 
0747       10913 
0748       10862 
0749       10847 
0750       10802 
0751       10767 
0752       10710 
0753       10676 
0754       10645 
0755       10618 
0756       10577 
0757       10541 
0758       10502 
0759       10469 
0760       10438 
0761       10414 
0762       10389 
0763       10348 
0764       10309 
0765       10092 
0766       9888 
0767       9804 
0768       9710 
0769       9710 
0770       9710 
0771       9710 
0772       1 
0773       1 
0774       1 
0775       1 
0776       1 
0777       1 
0778       1 
0779       1 
0780       1 
0781       1 
0782       1 
0783       3999 
0784       4039 
0785       4041 
0786       4051 
0787       4068 
0788       4083 
0789       4099 
0790       4102 
0791       4103 
0792       4112 
0793       4158 
0794       4161 
0795       4193 
0796       4195 
0797       4195 
0798       4195 
0799       4195 
0800       4136 
0801       3544 
0802       3544 
0803       3539 
0804       3544 
0805       3563 
0806       3568 
0807       3588 
0808       3595 
0809       3596 
0810       3617 
0811       3651 
0812       3664 
0813       3677 
0814       3705 
0815       3767 
0816       3781 
0817       3790 
0818       3818 
0819       3860 
0820       3874 
0821       3906 
0822       3966 
0823       3985 
0824       4039 
0825       4073 
0826       4094 
0827       4145 
0828       4193 
0829       4264 
0830       4293 
0831       4335 
0832       4404 
0833       4488 
0834       4560 
0835       4662 
0836       4741 
0837       4828 
0838       4900 
0839       6847 
0840       6847 
0841       6833 
0842       6805 
0843       6762 
0844       6730 
0845       6700 
0846       6656 
0847       6611 
0848       6581 
0849       6555 
0850       6514 
0851       6480 
0852       6432 
0853       6418 
0854       6371 
0855       6337 
0856       6300 
0857       6273 
0858       6258 
0859       6225 
0860       6157 
0861       6074 
0862       6074 
0863       6072 
0864       6086 
0865       6135 
0866       6229 
0867       6361 
0868       6539 
0869       6719 
0870       6956 
0871       7138 
0872       7366 
0873       8640 
0874       8853 
0875       9164 
0876       9408 
0877       9738 
0878       10026 
0879       10026 
0880       10026 
0881       10401 
0882       11484 
0883       11484 
0884       11484 
0885       1 
0886       1 
0887       1 
0888       1 
0889       15209 
0890       15209 
0891       5997 
0892       1 
0893       1 
0894       1 
0895       1 
0896       1 
0897       1 
0898       1 
0899       1 
0900       1 
0901       1 
0902       1 
0903       1 
0904       1 
0905       1 
0906       1 
0907       1 
0908       1 
0909       1 
0910       1 
0911       1 
0912       1 
0913       1 
0914       1 
0915       1 
0916       1 
0917       1 
0918       1 
0919       1 
0920       1 
0921       1 
0922       1 
0923       1 
0924       1 
0925       1 
0926       1 
0927       1 
0928       1 
0929       1 
0930       1 
0931       1 
0932       1 
0933       1 
0934       1 
0935       1 
0936       1 
0937       1 
0938       1 
0939       1 
0940       1 
0941       1 
0942       1 
0943       1 
0944       1 
0945       1 
0946       1 
0947       1 
0948       1 
0949       1 
0950       1 
0951       1 
0952       1 
0953       1 
0954       1 
0955       1 
0956       1 
0957       1 
0958       1 
0959       1 
0960       1 
0961       1 
0962       1 
0963       1 
0964       1 
0965       1 
0966       1 
0967       1 
0968       1 
0969       1 
0970       1 
0971       1 
0972       1 
0973       1 
0974       1 
0975       1 
0976       1 
0977       1 
0978       1 
0979       1 
0980       1 
0981       1 
0982       1 
0983       1 
0984       1 
0985       1 
0986       1 
0987       1 
0988       1 
0989       1 
0990       1 
0991       1 
0992       1 
0993       1 
0994       1 
0995       1 
0996       1 
0997       1 
0998       1 
0999       1 
1000       1 
1001       1 
1002       1 
1003       1 
1004       1 
1005       1 
1006       1 
1007       1 
1008       4 
1009       44 
1010       44 
1011       49 
1012       4 
1013       49 
1014       4 
1015       42 
1016       4 
1017       4 
1018       4 
1019       42 
1020       42 
1021       56 
1022       56 
1023       56 
1024       56 
1025       57 
1026       58 
1027       58 
1028       58 
1029       54 
1030       54 
1031       51 
1032       54 
1033       51 
1034       51 
1035       51 
1036       60 
1037       73 
1038       73 
1039       73 
1040       73 
1041       73 
1042       70 
1043       70 
1044       70 
1045       70 
1046       70 
1047       65 
1048       63 
1049       65 
1050       65 
1051       65 
1052       68 
1053       68 
1054       68 
1055       72 
1056       68 
1057       65 
1058       69 
1059       69 
1060       66 
1061       66 
1062       66 
1063       66 
1064       66 
1065       68 
1066       68 
1067       68 
1068       68 
1069       65 
1070       63 
1071       63 
1072       63 
1073       63 
1074       63 
1075       63 
1076       63 
1077       61 
1078       61 
1079       60 
1297966675.967176
