0000       1 
0001       1 
0002       1 
0003       1 
0004       1 
0005       1 
0006       1 
0007       1 
0008       1 
0009       1 
0010       1 
0011       1 
0012       1 
0013       1 
0014       1 
0015       1 
0016       1 
0017       1 
0018       1 
0019       1 
0020       1 
0021       1 
0022       1 
0023       1 
0024       1 
0025       1 
0026       1 
0027       1 
0028       1 
0029       1 
0030       1 
0031       1 
0032       1 
0033       1 
0034       1 
0035       1 
0036       1 
0037       1 
0038       1 
0039       1 
0040       1 
0041       1 
0042       1 
0043       1 
0044       1 
0045       1 
0046       1 
0047       1 
0048       1 
0049       1 
0050       1 
0051       1 
0052       1 
0053       1 
0054       1 
0055       1 
0056       1 
0057       1 
0058       1 
0059       1 
0060       1 
0061       1 
0062       1 
0063       1 
0064       1 
0065       1 
0066       1 
0067       1 
0068       1 
0069       1 
0070       1 
0071       1 
0072       1 
0073       1 
0074       1 
0075       1 
0076       1 
0077       1 
0078       1 
0079       1 
0080       1 
0081       1 
0082       1 
0083       1 
0084       1 
0085       1 
0086       1 
0087       1 
0088       1 
0089       1 
0090       1 
0091       1 
0092       1 
0093       1 
0094       1 
0095       1 
0096       1 
0097       1 
0098       1 
0099       1 
0100       1 
0101       1 
0102       1 
0103       1 
0104       1 
0105       1 
0106       1 
0107       1 
0108       1 
0109       1 
0110       1 
0111       1 
0112       1 
0113       1 
0114       1 
0115       1 
0116       1 
0117       1 
0118       1 
0119       1 
0120       1 
0121       1 
0122       1 
0123       1 
0124       1 
0125       1 
0126       1 
0127       1 
0128       1 
0129       1 
0130       1 
0131       1 
0132       1 
0133       1 
0134       1 
0135       1 
0136       1 
0137       1 
0138       1 
0139       1 
0140       1 
0141       1 
0142       1 
0143       1 
0144       1 
0145       1 
0146       1 
0147       1 
0148       1 
0149       1 
0150       1 
0151       1 
0152       1 
0153       1 
0154       1 
0155       1 
0156       1 
0157       1 
0158       1 
0159       1 
0160       1 
0161       1 
0162       1 
0163       1 
0164       1 
0165       1 
0166       1 
0167       1 
0168       1 
0169       1 
0170       1 
0171       1 
0172       1 
0173       1 
0174       1 
0175       1 
0176       1 
0177       1 
0178       1 
0179       1 
0180       1 
0181       1 
0182       1 
0183       1 
0184       1 
0185       1 
0186       1 
0187       1 
0188       1 
0189       1 
0190       1 
0191       1 
0192       1 
0193       1 
0194       1 
0195       1 
0196       1 
0197       1 
0198       1 
0199       1 
0200       1 
0201       1 
0202       1 
0203       1 
0204       1 
0205       1 
0206       1 
0207       1 
0208       1 
0209       1 
0210       1 
0211       1 
0212       1 
0213       1 
0214       1 
0215       1 
0216       1 
0217       1 
0218       1 
0219       1 
0220       1 
0221       1 
0222       1 
0223       20312 
0224       20330 
0225       20312 
0226       20312 
0227       1 
0228       1 
0229       1 
0230       1 
0231       1 
0232       1 
0233       1 
0234       1 
0235       1 
0236       1 
0237       1 
0238       1 
0239       1 
0240       1 
0241       1 
0242       1 
0243       1 
0244       1 
0245       1 
0246       1 
0247       1 
0248       19302 
0249       19370 
0250       19377 
0251       19377 
0252       1 
0253       1 
0254       1 
0255       1 
0256       20211 
0257       20211 
0258       1 
0259       1 
0260       1 
0261       1 
0262       1 
0263       1 
0264       1 
0265       1 
0266       1 
0267       1 
0268       1 
0269       1 
0270       1 
0271       1 
0272       1 
0273       1 
0274       1 
0275       1 
0276       1 
0277       1 
0278       1 
0279       1 
0280       1 
0281       1 
0282       1 
0283       1 
0284       1 
0285       1 
0286       1 
0287       1 
0288       1 
0289       1 
0290       1 
0291       1 
0292       1 
0293       1 
0294       1 
0295       1 
0296       1 
0297       1 
0298       1 
0299       1 
0300       1 
0301       1 
0302       1 
0303       1 
0304       1 
0305       1 
0306       1 
0307       1 
0308       1 
0309       1 
0310       1 
0311       1 
0312       1 
0313       1 
0314       1 
0315       1 
0316       1 
0317       1 
0318       1 
0319       1 
0320       1 
0321       1 
0322       17603 
0323       17603 
0324       17603 
0325       17501 
0326       17368 
0327       17202 
0328       17067 
0329       16969 
0330       16864 
0331       16734 
0332       16582 
0333       16503 
0334       16387 
0335       16257 
0336       16136 
0337       16028 
0338       15902 
0339       15793 
0340       15682 
0341       15588 
0342       15480 
0343       15377 
0344       15265 
0345       15147 
0346       15070 
0347       14958 
0348       14881 
0349       14774 
0350       14690 
0351       14583 
0352       14513 
0353       14441 
0354       14364 
0355       14267 
0356       14172 
0357       14088 
0358       13978 
0359       13928 
0360       13828 
0361       13746 
0362       13672 
0363       13616 
0364       13521 
0365       13472 
0366       13419 
0367       13322 
0368       13209 
0369       13096 
0370       12940 
0371       12797 
0372       12706 
0373       12633 
0374       12582 
0375       12487 
0376       12429 
0377       12393 
0378       12364 
0379       12313 
0380       12216 
0381       12162 
0382       12117 
0383       12058 
0384       11991 
0385       11938 
0386       11896 
0387       11849 
0388       11806 
0389       11788 
0390       11778 
0391       11788 
0392       11775 
0393       11775 
0394       11750 
0395       11693 
0396       11652 
0397       11614 
0398       11562 
0399       11490 
0400       11460 
0401       11434 
0402       11379 
0403       11348 
0404       11294 
0405       11264 
0406       11184 
0407       11175 
0408       11146 
0409       11077 
0410       11068 
0411       11015 
0412       10977 
0413       10932 
0414       10892 
0415       10859 
0416       10809 
0417       10753 
0418       10739 
0419       10727 
0420       10684 
0421       10628 
0422       10593 
0423       10565 
0424       10527 
0425       10488 
0426       10474 
0427       10450 
0428       10415 
0429       10392 
0430       10334 
0431       10299 
0432       10294 
0433       10246 
0434       10234 
0435       10215 
0436       10177 
0437       10149 
0438       10108 
0439       10079 
0440       10072 
0441       10055 
0442       10012 
0443       9972 
0444       9957 
0445       9907 
0446       9890 
0447       9882 
0448       9837 
0449       9813 
0450       9772 
0451       9746 
0452       9745 
0453       9731 
0454       9657 
0455       9650 
0456       9629 
0457       9609 
0458       9608 
0459       9569 
0460       9554 
0461       9520 
0462       9518 
0463       9486 
0464       9462 
0465       9442 
0466       9423 
0467       9407 
0468       9393 
0469       9386 
0470       9326 
0471       9322 
0472       9314 
0473       9310 
0474       9255 
0475       9247 
0476       9230 
0477       9215 
0478       9206 
0479       9185 
0480       9161 
0481       9136 
0482       9125 
0483       9123 
0484       9101 
0485       9080 
0486       9049 
0487       9034 
0488       9030 
0489       9017 
0490       9015 
0491       8999 
0492       8966 
0493       8958 
0494       8958 
0495       8944 
0496       8938 
0497       8932 
0498       8904 
0499       8880 
0500       8880 
0501       8882 
0502       8882 
0503       8838 
0504       8838 
0505       8832 
0506       8822 
0507       8820 
0508       8794 
0509       8790 
0510       8773 
0511       8773 
0512       8771 
0513       8758 
0514       8736 
0515       8734 
0516       8734 
0517       8714 
0518       8713 
0519       8696 
0520       8680 
0521       8676 
0522       8680 
0523       8671 
0524       8654 
0525       8654 
0526       8654 
0527       8645 
0528       8625 
0529       8623 
0530       8605 
0531       8605 
0532       8600 
0533       8600 
0534       8590 
0535       8589 
0536       8582 
0537       8578 
0538       8578 
0539       8578 
0540       8560 
0541       8560 
0542       8569 
0543       8569 
0544       8562 
0545       8549 
0546       8549 
0547       8549 
0548       8550 
0549       8550 
0550       8550 
0551       8546 
0552       8538 
0553       8534 
0554       8534 
0555       8535 
0556       8535 
0557       8524 
0558       8524 
0559       8524 
0560       8521 
0561       8521 
0562       8521 
0563       8519 
0564       8518 
0565       8518 
0566       8522 
0567       8522 
0568       8523 
0569       8529 
0570       8530 
0571       8530 
0572       8530 
0573       8543 
0574       8536 
0575       8547 
0576       8547 
0577       8547 
0578       8549 
0579       8537 
0580       8542 
0581       8542 
0582       8550 
0583       8554 
0584       8590 
0585       8590 
0586       8582 
0587       8577 
0588       8577 
0589       8577 
0590       8584 
0591       8596 
0592       8596 
0593       8601 
0594       8611 
0595       8613 
0596       8613 
0597       8613 
0598       8630 
0599       8630 
0600       8639 
0601       8628 
0602       8623 
0603       8623 
0604       8640 
0605       8646 
0606       8651 
0607       8659 
0608       8659 
0609       8668 
0610       8678 
0611       8686 
0612       8699 
0613       8704 
0614       8709 
0615       8710 
0616       8719 
0617       8741 
0618       8741 
0619       8760 
0620       8789 
0621       8791 
0622       8798 
0623       8803 
0624       8817 
0625       8817 
0626       8817 
0627       8845 
0628       8853 
0629       8866 
0630       8889 
0631       8901 
0632       8912 
0633       8912 
0634       8919 
0635       8928 
0636       8937 
0637       8963 
0638       8970 
0639       8984 
0640       8994 
0641       9027 
0642       9034 
0643       9039 
0644       9039 
0645       9055 
0646       9075 
0647       9086 
0648       9092 
0649       9109 
0650       9120 
0651       9124 
0652       9161 
0653       9184 
0654       9187 
0655       9211 
0656       9223 
0657       9227 
0658       9241 
0659       9267 
0660       9296 
0661       9309 
0662       9337 
0663       9341 
0664       9368 
0665       9385 
0666       9401 
0667       9405 
0668       9431 
0669       9436 
0670       9438 
0671       9489 
0672       9496 
0673       9505 
0674       9542 
0675       9557 
0676       9602 
0677       9608 
0678       9622 
0679       9634 
0680       9667 
0681       9695 
0682       9713 
0683       9744 
0684       9773 
0685       9780 
0686       9829 
0687       9867 
0688       9880 
0689       9901 
0690       9939 
0691       9952 
0692       9978 
0693       10014 
0694       10041 
0695       10069 
0696       10112 
0697       10131 
0698       10163 
0699       10166 
0700       10194 
0701       10250 
0702       10269 
0703       10301 
0704       10331 
0705       10360 
0706       10394 
0707       10403 
0708       10403 
0709       10402 
0710       10402 
0711       10398 
0712       10423 
0713       10423 
0714       10455 
0715       10479 
0716       10481 
0717       10524 
0718       10569 
0719       10606 
0720       10639 
0721       10668 
0722       10689 
0723       10743 
0724       10781 
0725       10806 
0726       10855 
0727       10884 
0728       10884 
0729       10882 
0730       8035 
0731       8012 
0732       8035 
0733       8060 
0734       8101 
0735       8121 
0736       8147 
0737       8165 
0738       8215 
0739       8230 
0740       8284 
0741       8324 
0742       8334 
0743       8341 
0744       8355 
0745       8341 
0746       8322 
0747       8246 
0748       8182 
0749       8129 
0750       8085 
0751       7948 
0752       7903 
0753       7857 
0754       7816 
0755       7748 
0756       7740 
0757       7720 
0758       7712 
0759       7650 
0760       7631 
0761       7622 
0762       5911 
0763       5882 
0764       5883 
0765       5882 
0766       5832 
0767       5813 
0768       5795 
0769       5766 
0770       5729 
0771       5649 
0772       5629 
0773       5629 
0774       5591 
0775       5558 
0776       5496 
0777       5462 
0778       5422 
0779       5401 
0780       5347 
0781       5325 
0782       5269 
0783       5067 
0784       5067 
0785       5097 
0786       5097 
0787       5093 
0788       5093 
0789       5088 
0790       5104 
0791       5107 
0792       5116 
0793       5153 
0794       5201 
0795       5258 
0796       5264 
0797       5298 
0798       5348 
0799       5406 
0800       5432 
0801       5483 
0802       5499 
0803       5574 
0804       5612 
0805       5636 
0806       5703 
0807       5766 
0808       5860 
0809       5954 
0810       6042 
0811       6089 
0812       6141 
0813       6234 
0814       6275 
0815       6346 
0816       6413 
0817       6460 
0818       6517 
0819       6575 
0820       6632 
0821       6668 
0822       6758 
0823       6851 
0824       6931 
0825       6978 
0826       7040 
0827       7116 
0828       7184 
0829       7249 
0830       7325 
0831       7360 
0832       7449 
0833       7487 
0834       7557 
0835       7645 
0836       7731 
0837       7804 
0838       7858 
0839       7865 
0840       7889 
0841       7956 
0842       8089 
0843       8204 
0844       8464 
0845       8597 
0846       8747 
0847       8747 
0848       8736 
0849       8686 
0850       8625 
0851       8584 
0852       8568 
0853       8565 
0854       8562 
0855       8562 
0856       8563 
0857       10117 
0858       10247 
0859       10315 
0860       10517 
0861       10676 
0862       10844 
0863       10971 
0864       11162 
0865       11342 
0866       11570 
0867       11721 
0868       11898 
0869       12121 
0870       12325 
0871       12627 
0872       12627 
0873       12851 
0874       13231 
0875       13561 
0876       13561 
0877       1 
0878       1 
0879       1 
0880       15006 
0881       15016 
0882       15016 
0883       15047 
0884       22599 
0885       22599 
0886       22590 
0887       22578 
0888       22572 
0889       22552 
0890       22552 
0891       22552 
0892       22528 
0893       22517 
0894       22454 
0895       22454 
0896       22381 
0897       1 
0898       1 
0899       1 
0900       1 
0901       1 
0902       1 
0903       1 
0904       1 
0905       1 
0906       22637 
0907       22664 
0908       22664 
0909       22657 
0910       22646 
0911       22652 
0912       22657 
0913       22652 
0914       22337 
0915       22337 
0916       22337 
0917       22351 
0918       22321 
0919       22321 
0920       22317 
0921       22317 
0922       22333 
0923       22333 
0924       22333 
0925       22337 
0926       22350 
0927       22337 
0928       22358 
0929       26106 
0930       26305 
0931       26305 
0932       1 
0933       1 
0934       1 
0935       1 
0936       1 
0937       26167 
0938       26167 
0939       26167 
0940       26197 
0941       26197 
0942       26250 
0943       26250 
0944       1 
0945       1 
0946       1 
0947       1 
0948       1 
0949       1 
0950       1 
0951       1 
0952       1 
0953       1 
0954       1 
0955       1 
0956       1 
0957       1 
0958       1 
0959       1 
0960       1 
0961       1 
0962       1 
0963       1 
0964       1 
0965       1 
0966       1 
0967       1 
0968       1 
0969       1 
0970       1 
0971       1 
0972       1 
0973       1 
0974       1 
0975       1 
0976       1 
0977       1 
0978       1 
0979       1 
0980       1 
0981       1 
0982       1 
0983       1 
0984       1 
0985       1 
0986       1 
0987       1 
0988       1 
0989       1 
0990       1 
0991       1 
0992       1 
0993       1 
0994       1 
0995       1 
0996       1 
0997       1 
0998       1 
0999       1 
1000       1 
1001       1 
1002       1 
1003       1 
1004       1 
1005       1 
1006       1 
1007       4 
1008       4 
1009       43 
1010       43 
1011       4 
1012       4 
1013       4 
1014       4 
1015       4 
1016       4 
1017       57 
1018       57 
1019       46 
1020       46 
1021       61 
1022       55 
1023       55 
1024       58 
1025       55 
1026       55 
1027       58 
1028       58 
1029       55 
1030       52 
1031       52 
1032       52 
1033       59 
1034       62 
1035       62 
1036       62 
1037       67 
1038       70 
1039       68 
1040       70 
1041       70 
1042       68 
1043       68 
1044       64 
1045       62 
1046       64 
1047       62 
1048       62 
1049       59 
1050       66 
1051       66 
1052       66 
1053       70 
1054       70 
1055       70 
1056       68 
1057       70 
1058       68 
1059       68 
1060       68 
1061       65 
1062       65 
1063       67 
1064       67 
1065       65 
1066       67 
1067       67 
1068       65 
1069       64 
1070       66 
1071       66 
1072       66 
1073       68 
1074       69 
1075       70 
1076       69 
1077       69 
1078       68 
1079       68 
1297966626.219320
