0000       1 
0001       1 
0002       1 
0003       1 
0004       1 
0005       1 
0006       1 
0007       1 
0008       1 
0009       1 
0010       1 
0011       1 
0012       1 
0013       1 
0014       1 
0015       1 
0016       1 
0017       1 
0018       1 
0019       1 
0020       1 
0021       1 
0022       1 
0023       1 
0024       1 
0025       1 
0026       1 
0027       1 
0028       1 
0029       1 
0030       1 
0031       1 
0032       1 
0033       1 
0034       1 
0035       1 
0036       1 
0037       1 
0038       1 
0039       1 
0040       1 
0041       1 
0042       1 
0043       1 
0044       1 
0045       1 
0046       1 
0047       1 
0048       1 
0049       1 
0050       1 
0051       1 
0052       1 
0053       1 
0054       1 
0055       1 
0056       1 
0057       1 
0058       1 
0059       1 
0060       1 
0061       1 
0062       1 
0063       1 
0064       1 
0065       1 
0066       1 
0067       1 
0068       1 
0069       1 
0070       1 
0071       1 
0072       1 
0073       1 
0074       1 
0075       1 
0076       1 
0077       1 
0078       1 
0079       1 
0080       1 
0081       1 
0082       1 
0083       1 
0084       1 
0085       1 
0086       1 
0087       1 
0088       1 
0089       1 
0090       1 
0091       1 
0092       1 
0093       1 
0094       1 
0095       1 
0096       1 
0097       1 
0098       1 
0099       1 
0100       1 
0101       1 
0102       1 
0103       1 
0104       1 
0105       1 
0106       1 
0107       1 
0108       1 
0109       1 
0110       1 
0111       1 
0112       1 
0113       1 
0114       1 
0115       1 
0116       1 
0117       1 
0118       1 
0119       1 
0120       1 
0121       1 
0122       1 
0123       1 
0124       1 
0125       1 
0126       1 
0127       1 
0128       1 
0129       1 
0130       1 
0131       1 
0132       1 
0133       1 
0134       1 
0135       1 
0136       1 
0137       1 
0138       1 
0139       1 
0140       1 
0141       1 
0142       1 
0143       1 
0144       1 
0145       1 
0146       1 
0147       1 
0148       1 
0149       1 
0150       1 
0151       1 
0152       1 
0153       1 
0154       1 
0155       1 
0156       1 
0157       1 
0158       1 
0159       1 
0160       1 
0161       1 
0162       1 
0163       1 
0164       1 
0165       1 
0166       1 
0167       1 
0168       1 
0169       1 
0170       1 
0171       1 
0172       1 
0173       1 
0174       1 
0175       1 
0176       1 
0177       1 
0178       1 
0179       1 
0180       1 
0181       1 
0182       1 
0183       1 
0184       1 
0185       1 
0186       1 
0187       1 
0188       1 
0189       1 
0190       1 
0191       1 
0192       1 
0193       1 
0194       1 
0195       1 
0196       1 
0197       1 
0198       1 
0199       1 
0200       1 
0201       1 
0202       1 
0203       1 
0204       1 
0205       1 
0206       1 
0207       1 
0208       1 
0209       1 
0210       1 
0211       1 
0212       1 
0213       1 
0214       1 
0215       1 
0216       1 
0217       1 
0218       1 
0219       1 
0220       1 
0221       1 
0222       1 
0223       1 
0224       1 
0225       1 
0226       1 
0227       1 
0228       1 
0229       1 
0230       1 
0231       1 
0232       1 
0233       1 
0234       1 
0235       1 
0236       1 
0237       1 
0238       1 
0239       1 
0240       23767 
0241       23877 
0242       23877 
0243       23737 
0244       23737 
0245       23737 
0246       23737 
0247       1 
0248       1 
0249       1 
0250       1 
0251       1 
0252       1 
0253       1 
0254       1 
0255       1 
0256       1 
0257       1 
0258       1 
0259       1 
0260       1 
0261       1 
0262       1 
0263       1 
0264       1 
0265       1 
0266       1 
0267       1 
0268       1 
0269       1 
0270       1 
0271       1 
0272       1 
0273       1 
0274       1 
0275       1 
0276       1 
0277       1 
0278       1 
0279       1 
0280       1 
0281       1 
0282       1 
0283       1 
0284       1 
0285       1 
0286       1 
0287       1 
0288       1 
0289       1 
0290       1 
0291       1 
0292       1 
0293       1 
0294       1 
0295       1 
0296       1 
0297       1 
0298       1 
0299       1 
0300       1 
0301       1 
0302       1 
0303       1 
0304       1 
0305       1 
0306       1 
0307       1 
0308       1 
0309       1 
0310       1 
0311       1 
0312       1 
0313       1 
0314       13920 
0315       13920 
0316       13793 
0317       2784 
0318       2780 
0319       2749 
0320       2744 
0321       2731 
0322       2727 
0323       2720 
0324       2700 
0325       2688 
0326       2670 
0327       2656 
0328       2649 
0329       2648 
0330       2641 
0331       2641 
0332       2641 
0333       2650 
0334       2656 
0335       2671 
0336       2672 
0337       2681 
0338       2685 
0339       2695 
0340       2695 
0341       2721 
0342       2734 
0343       2735 
0344       2744 
0345       2746 
0346       2755 
0347       2774 
0348       2785 
0349       2793 
0350       2795 
0351       2804 
0352       2804 
0353       2804 
0354       2804 
0355       2785 
0356       2784 
0357       2770 
0358       2744 
0359       2742 
0360       2739 
0361       2737 
0362       2728 
0363       2718 
0364       2713 
0365       2695 
0366       2681 
0367       2652 
0368       2648 
0369       2638 
0370       2628 
0371       2627 
0372       2619 
0373       2602 
0374       2587 
0375       2582 
0376       2563 
0377       2556 
0378       2552 
0379       2535 
0380       2521 
0381       2512 
0382       2509 
0383       2486 
0384       2463 
0385       2461 
0386       2449 
0387       2448 
0388       2429 
0389       2426 
0390       2407 
0391       2390 
0392       2382 
0393       2376 
0394       2350 
0395       2350 
0396       2346 
0397       2341 
0398       2329 
0399       2322 
0400       2322 
0401       2315 
0402       2304 
0403       2304 
0404       2304 
0405       2283 
0406       2275 
0407       2271 
0408       2268 
0409       2267 
0410       2250 
0411       2244 
0412       2236 
0413       2234 
0414       2231 
0415       2217 
0416       2202 
0417       2199 
0418       2197 
0419       2186 
0420       2177 
0421       2176 
0422       2168 
0423       2167 
0424       2163 
0425       2151 
0426       2148 
0427       2140 
0428       2130 
0429       2128 
0430       2118 
0431       2117 
0432       2113 
0433       2113 
0434       2110 
0435       2105 
0436       2094 
0437       2091 
0438       2084 
0439       2080 
0440       2080 
0441       2078 
0442       2078 
0443       2075 
0444       2075 
0445       2067 
0446       2056 
0447       2052 
0448       2042 
0449       2041 
0450       2038 
0451       2028 
0452       2028 
0453       2028 
0454       2028 
0455       2028 
0456       2008 
0457       2007 
0458       2004 
0459       2003 
0460       2003 
0461       1990 
0462       1989 
0463       1989 
0464       1988 
0465       1987 
0466       1986 
0467       1980 
0468       1971 
0469       1966 
0470       1961 
0471       1953 
0472       1953 
0473       1953 
0474       1953 
0475       1952 
0476       1951 
0477       1943 
0478       1941 
0479       1933 
0480       1929 
0481       1926 
0482       1926 
0483       1923 
0484       1922 
0485       1922 
0486       1918 
0487       1896 
0488       1896 
0489       1896 
0490       1895 
0491       1892 
0492       1887 
0493       1886 
0494       1879 
0495       1879 
0496       1874 
0497       1733 
0498       1609 
0499       1565 
0500       1561 
0501       1545 
0502       1527 
0503       1522 
0504       1520 
0505       1519 
0506       1519 
0507       1517 
0508       1515 
0509       1512 
0510       1510 
0511       1505 
0512       1504 
0513       1494 
0514       1493 
0515       1492 
0516       1488 
0517       1488 
0518       1488 
0519       1485 
0520       1483 
0521       1481 
0522       1475 
0523       1475 
0524       1475 
0525       1472 
0526       1475 
0527       1475 
0528       1475 
0529       1484 
0530       1489 
0531       1518 
0532       1649 
0533       1832 
0534       1951 
0535       1992 
0536       1994 
0537       1994 
0538       1994 
0539       1994 
0540       1993 
0541       1993 
0542       1993 
0543       1993 
0544       1993 
0545       1991 
0546       1991 
0547       1989 
0548       1991 
0549       1991 
0550       1991 
0551       1992 
0552       1992 
0553       1992 
0554       1992 
0555       1992 
0556       2027 
0557       2046 
0558       2048 
0559       4713 
0560       4751 
0561       4769 
0562       4772 
0563       4783 
0564       4789 
0565       4795 
0566       4797 
0567       4797 
0568       4804 
0569       4807 
0570       4818 
0571       8769 
0572       8789 
0573       8794 
0574       8794 
0575       8804 
0576       8804 
0577       8804 
0578       8818 
0579       8825 
0580       8825 
0581       8827 
0582       8808 
0583       2179 
0584       2147 
0585       2125 
0586       2125 
0587       2114 
0588       2099 
0589       2092 
0590       1998 
0591       1846 
0592       1660 
0593       1628 
0594       1622 
0595       1604 
0596       1593 
0597       1593 
0598       1591 
0599       1581 
0600       1575 
0601       1567 
0602       1564 
0603       1564 
0604       1554 
0605       1548 
0606       1543 
0607       1538 
0608       1536 
0609       1536 
0610       1535 
0611       1533 
0612       1533 
0613       1534 
0614       1534 
0615       1534 
0616       1535 
0617       1539 
0618       1543 
0619       1543 
0620       1544 
0621       1545 
0622       1547 
0623       1559 
0624       1561 
0625       1566 
0626       1566 
0627       1577 
0628       1580 
0629       1585 
0630       1589 
0631       1601 
0632       1605 
0633       1606 
0634       1626 
0635       1646 
0636       1657 
0637       9405 
0638       9460 
0639       9468 
0640       9490 
0641       9504 
0642       9529 
0643       9539 
0644       9555 
0645       9555 
0646       9554 
0647       9554 
0648       9597 
0649       9658 
0650       9661 
0651       9672 
0652       9674 
0653       9718 
0654       9736 
0655       9751 
0656       9805 
0657       9818 
0658       9843 
0659       9863 
0660       9889 
0661       9927 
0662       9946 
0663       9968 
0664       9972 
0665       10002 
0666       10043 
0667       10064 
0668       10094 
0669       10104 
0670       10140 
0671       10150 
0672       10186 
0673       10187 
0674       10241 
0675       10257 
0676       10270 
0677       10289 
0678       10339 
0679       10377 
0680       10383 
0681       10401 
0682       10434 
0683       10445 
0684       10479 
0685       10490 
0686       10516 
0687       10547 
0688       10563 
0689       10602 
0690       10655 
0691       10671 
0692       10732 
0693       10732 
0694       10732 
0695       10804 
0696       10832 
0697       10871 
0698       10921 
0699       10924 
0700       10978 
0701       11038 
0702       11046 
0703       11083 
0704       11103 
0705       11143 
0706       11173 
0707       11202 
0708       11243 
0709       11326 
0710       11341 
0711       11372 
0712       11441 
0713       11478 
0714       11488 
0715       11587 
0716       11604 
0717       11661 
0718       11700 
0719       11730 
0720       11781 
0721       11837 
0722       11850 
0723       11938 
0724       11948 
0725       11985 
0726       12104 
0727       12148 
0728       12156 
0729       12251 
0730       12251 
0731       12266 
0732       12374 
0733       12374 
0734       12453 
0735       12618 
0736       12618 
0737       1 
0738       1 
0739       1 
0740       12912 
0741       12983 
0742       13022 
0743       13022 
0744       13070 
0745       13085 
0746       13239 
0747       13231 
0748       13231 
0749       1 
0750       1 
0751       1 
0752       1 
0753       1 
0754       1 
0755       1 
0756       1 
0757       1 
0758       1 
0759       1 
0760       1 
0761       1 
0762       1 
0763       1 
0764       1 
0765       1 
0766       1 
0767       1 
0768       1 
0769       1 
0770       1 
0771       1 
0772       1 
0773       1 
0774       1 
0775       1 
0776       1 
0777       1 
0778       1 
0779       1 
0780       1 
0781       1 
0782       1 
0783       1 
0784       1 
0785       1 
0786       1 
0787       1 
0788       1 
0789       1 
0790       1 
0791       1 
0792       1 
0793       1 
0794       1 
0795       1 
0796       1 
0797       1 
0798       1 
0799       1 
0800       1 
0801       1 
0802       1 
0803       1 
0804       1 
0805       1 
0806       1 
0807       1 
0808       1 
0809       1 
0810       1 
0811       1 
0812       1 
0813       1 
0814       1 
0815       1 
0816       1 
0817       1 
0818       1 
0819       1 
0820       1 
0821       1 
0822       1 
0823       1 
0824       1 
0825       1 
0826       1 
0827       1 
0828       1 
0829       1 
0830       1 
0831       1 
0832       1 
0833       1 
0834       1 
0835       1 
0836       1 
0837       1 
0838       1 
0839       1 
0840       1 
0841       1 
0842       1 
0843       1 
0844       1 
0845       1 
0846       1 
0847       1 
0848       1 
0849       1 
0850       1 
0851       1 
0852       1 
0853       1 
0854       1 
0855       1 
0856       1 
0857       1 
0858       1 
0859       1 
0860       1 
0861       1 
0862       1 
0863       1 
0864       1 
0865       1 
0866       1 
0867       1 
0868       1 
0869       1 
0870       1 
0871       1 
0872       1 
0873       1 
0874       1 
0875       1 
0876       1 
0877       1 
0878       1 
0879       1 
0880       1 
0881       1 
0882       1 
0883       1 
0884       1 
0885       1 
0886       1 
0887       1 
0888       1 
0889       1 
0890       1 
0891       1 
0892       1 
0893       1 
0894       1 
0895       1 
0896       1 
0897       1 
0898       1 
0899       1 
0900       1 
0901       1 
0902       1 
0903       1 
0904       1 
0905       1 
0906       1 
0907       1 
0908       1 
0909       1 
0910       1 
0911       1 
0912       1 
0913       1 
0914       1 
0915       1 
0916       1 
0917       1 
0918       1 
0919       1 
0920       1 
0921       1 
0922       1 
0923       1 
0924       1 
0925       1 
0926       1 
0927       1 
0928       1 
0929       1 
0930       1 
0931       1 
0932       1 
0933       1 
0934       1 
0935       1 
0936       1 
0937       1 
0938       1 
0939       1 
0940       1 
0941       1 
0942       1 
0943       1 
0944       1 
0945       1 
0946       1 
0947       1 
0948       1 
0949       1 
0950       1 
0951       1 
0952       1 
0953       1 
0954       1 
0955       1 
0956       1 
0957       1 
0958       1 
0959       1 
0960       1 
0961       1 
0962       1 
0963       1 
0964       1 
0965       1 
0966       1 
0967       1 
0968       1 
0969       1 
0970       1 
0971       1 
0972       1 
0973       1 
0974       1 
0975       1 
0976       1 
0977       1 
0978       1 
0979       1 
0980       1 
0981       1 
0982       1 
0983       1 
0984       1 
0985       1 
0986       1 
0987       1 
0988       1 
0989       1 
0990       1 
0991       1 
0992       1 
0993       1 
0994       1 
0995       1 
0996       1 
0997       1 
0998       1 
0999       1 
1000       1 
1001       1 
1002       1 
1003       1 
1004       1 
1005       1 
1006       4 
1007       4 
1008       42 
1009       53 
1010       68 
1011       61 
1012       67 
1013       67 
1014       65 
1015       61 
1016       53 
1017       4 
1018       4 
1019       53 
1020       54 
1021       54 
1022       54 
1023       57 
1024       57 
1025       62 
1026       63 
1027       63 
1028       62 
1029       59 
1030       51 
1031       51 
1032       51 
1033       51 
1034       60 
1035       64 
1036       60 
1037       71 
1038       60 
1039       71 
1040       61 
1041       68 
1042       68 
1043       68 
1044       63 
1045       68 
1046       65 
1047       63 
1048       65 
1049       65 
1050       65 
1051       66 
1052       66 
1053       66 
1054       66 
1055       64 
1056       59 
1057       59 
1058       59 
1059       61 
1060       64 
1061       64 
1062       64 
1063       64 
1064       64 
1065       66 
1066       68 
1067       66 
1068       63 
1069       68 
1070       62 
1071       60 
1072       62 
1073       68 
1074       67 
1075       68 
1076       68 
1077       67 
1078       66 
1079       63 
1297966683.225349
