0000       1 
0001       1 
0002       1 
0003       1 
0004       1 
0005       1 
0006       1 
0007       1 
0008       1 
0009       1 
0010       1 
0011       1 
0012       1 
0013       1 
0014       1 
0015       1 
0016       1 
0017       1 
0018       1 
0019       1 
0020       1 
0021       1 
0022       1 
0023       1 
0024       1 
0025       1 
0026       1 
0027       1 
0028       1 
0029       1 
0030       1 
0031       1 
0032       1 
0033       1 
0034       1 
0035       1 
0036       1 
0037       1 
0038       1 
0039       1 
0040       1 
0041       1 
0042       1 
0043       1 
0044       1 
0045       1 
0046       1 
0047       1 
0048       1 
0049       1 
0050       1 
0051       1 
0052       1 
0053       1 
0054       1 
0055       1 
0056       1 
0057       1 
0058       1 
0059       1 
0060       1 
0061       1 
0062       1 
0063       1 
0064       1 
0065       1 
0066       1 
0067       1 
0068       1 
0069       1 
0070       1 
0071       1 
0072       1 
0073       1 
0074       1 
0075       1 
0076       1 
0077       1 
0078       1 
0079       1 
0080       1 
0081       1 
0082       1 
0083       1 
0084       1 
0085       1 
0086       1 
0087       19306 
0088       19306 
0089       19306 
0090       18877 
0091       18741 
0092       18509 
0093       1 
0094       1 
0095       1 
0096       1 
0097       18402 
0098       18424 
0099       18467 
0100       18424 
0101       1 
0102       1 
0103       1 
0104       1 
0105       1 
0106       1 
0107       1 
0108       1 
0109       1 
0110       1 
0111       17357 
0112       17439 
0113       17439 
0114       17281 
0115       1 
0116       1 
0117       17281 
0118       17536 
0119       17536 
0120       1 
0121       1 
0122       1 
0123       1 
0124       1 
0125       1 
0126       1 
0127       17439 
0128       17439 
0129       16964 
0130       16964 
0131       16964 
0132       16964 
0133       17206 
0134       17329 
0135       17439 
0136       17421 
0137       17439 
0138       17439 
0139       17468 
0140       17468 
0141       17376 
0142       17307 
0143       17307 
0144       17350 
0145       17350 
0146       17350 
0147       1 
0148       1 
0149       1 
0150       1 
0151       1 
0152       1 
0153       1 
0154       1 
0155       1 
0156       1 
0157       17330 
0158       17337 
0159       17330 
0160       17049 
0161       16953 
0162       16953 
0163       16927 
0164       16836 
0165       16763 
0166       16763 
0167       16382 
0168       16370 
0169       16370 
0170       16370 
0171       1 
0172       1 
0173       1 
0174       1 
0175       1 
0176       1 
0177       15770 
0178       15770 
0179       15712 
0180       15652 
0181       15652 
0182       15535 
0183       15535 
0184       15953 
0185       15953 
0186       1 
0187       1 
0188       1 
0189       15758 
0190       15758 
0191       1 
0192       1 
0193       1 
0194       1 
0195       1 
0196       16784 
0197       16784 
0198       1 
0199       1 
0200       1 
0201       1 
0202       1 
0203       1 
0204       1 
0205       1 
0206       17992 
0207       17992 
0208       17829 
0209       17507 
0210       17377 
0211       1 
0212       1 
0213       1 
0214       17193 
0215       17193 
0216       1 
0217       1 
0218       1 
0219       1 
0220       17624 
0221       17624 
0222       17624 
0223       1 
0224       1 
0225       1 
0226       1 
0227       1 
0228       1 
0229       1 
0230       1 
0231       1 
0232       1 
0233       21568 
0234       21568 
0235       21568 
0236       21141 
0237       20965 
0238       20965 
0239       20798 
0240       20636 
0241       20425 
0242       19894 
0243       19890 
0244       19890 
0245       19707 
0246       19547 
0247       19380 
0248       19237 
0249       19058 
0250       18959 
0251       18774 
0252       18473 
0253       18362 
0254       18362 
0255       17994 
0256       17752 
0257       17691 
0258       17691 
0259       17653 
0260       17470 
0261       17322 
0262       17245 
0263       17047 
0264       16968 
0265       16834 
0266       16706 
0267       16602 
0268       16482 
0269       16387 
0270       16269 
0271       16207 
0272       16096 
0273       15985 
0274       15854 
0275       15811 
0276       15748 
0277       15609 
0278       15533 
0279       15461 
0280       15333 
0281       15291 
0282       15233 
0283       15131 
0284       15059 
0285       14998 
0286       14931 
0287       14815 
0288       14648 
0289       14545 
0290       14487 
0291       14480 
0292       14425 
0293       14373 
0294       14311 
0295       14258 
0296       14167 
0297       14112 
0298       14020 
0299       13964 
0300       13900 
0301       13845 
0302       13768 
0303       13699 
0304       13615 
0305       13571 
0306       13530 
0307       13476 
0308       13378 
0309       13348 
0310       13303 
0311       13221 
0312       13157 
0313       13090 
0314       13041 
0315       12992 
0316       12911 
0317       12878 
0318       12798 
0319       12759 
0320       12688 
0321       12647 
0322       12613 
0323       12538 
0324       12497 
0325       12448 
0326       12391 
0327       12328 
0328       12291 
0329       12226 
0330       12171 
0331       12130 
0332       12115 
0333       12061 
0334       11995 
0335       11985 
0336       11927 
0337       11896 
0338       11867 
0339       11821 
0340       11776 
0341       11759 
0342       11707 
0343       11662 
0344       11619 
0345       11597 
0346       11543 
0347       11516 
0348       11456 
0349       11440 
0350       11394 
0351       11387 
0352       11324 
0353       11295 
0354       11239 
0355       11228 
0356       11188 
0357       11147 
0358       11144 
0359       11084 
0360       11060 
0361       11033 
0362       11004 
0363       10995 
0364       10945 
0365       10927 
0366       10893 
0367       10843 
0368       10840 
0369       10806 
0370       10765 
0371       10747 
0372       10715 
0373       10677 
0374       10662 
0375       10629 
0376       10605 
0377       10577 
0378       10547 
0379       10532 
0380       10493 
0381       10473 
0382       10451 
0383       10408 
0384       10400 
0385       10368 
0386       10352 
0387       10349 
0388       10343 
0389       10286 
0390       10276 
0391       10267 
0392       10220 
0393       10220 
0394       10220 
0395       10178 
0396       10177 
0397       10135 
0398       10103 
0399       10100 
0400       10088 
0401       10066 
0402       10055 
0403       10029 
0404       10007 
0405       9978 
0406       9973 
0407       9945 
0408       9939 
0409       9904 
0410       9900 
0411       9891 
0412       9886 
0413       9863 
0414       9849 
0415       9810 
0416       9809 
0417       9791 
0418       9761 
0419       9752 
0420       9741 
0421       9727 
0422       9705 
0423       9692 
0424       9681 
0425       9669 
0426       9650 
0427       9628 
0428       9627 
0429       9617 
0430       9600 
0431       9579 
0432       9590 
0433       9563 
0434       9546 
0435       9540 
0436       9534 
0437       9528 
0438       9506 
0439       9506 
0440       9495 
0441       9467 
0442       9457 
0443       9451 
0444       9450 
0445       9426 
0446       9419 
0447       9416 
0448       9401 
0449       9380 
0450       9375 
0451       9375 
0452       9374 
0453       9380 
0454       9363 
0455       9357 
0456       9337 
0457       9334 
0458       9325 
0459       9313 
0460       9303 
0461       9291 
0462       9287 
0463       9283 
0464       9281 
0465       9281 
0466       9278 
0467       9270 
0468       9264 
0469       9257 
0470       9257 
0471       9253 
0472       9249 
0473       9223 
0474       9230 
0475       9230 
0476       9230 
0477       9227 
0478       9212 
0479       9211 
0480       9212 
0481       9213 
0482       9213 
0483       9204 
0484       9204 
0485       9208 
0486       9208 
0487       9204 
0488       9191 
0489       9191 
0490       9184 
0491       9183 
0492       9183 
0493       9182 
0494       9192 
0495       9185 
0496       9194 
0497       9194 
0498       9195 
0499       9197 
0500       9195 
0501       9189 
0502       9189 
0503       9189 
0504       9189 
0505       9195 
0506       9195 
0507       9223 
0508       9223 
0509       9201 
0510       9201 
0511       9217 
0512       9217 
0513       9217 
0514       9225 
0515       9229 
0516       9255 
0517       9255 
0518       9229 
0519       9229 
0520       9241 
0521       9264 
0522       9256 
0523       9267 
0524       9267 
0525       9270 
0526       9274 
0527       9271 
0528       9283 
0529       9298 
0530       9313 
0531       9332 
0532       9338 
0533       9338 
0534       9348 
0535       9343 
0536       9347 
0537       9347 
0538       9362 
0539       9384 
0540       9405 
0541       9417 
0542       9417 
0543       9417 
0544       9422 
0545       9443 
0546       9445 
0547       9460 
0548       9496 
0549       9496 
0550       9506 
0551       9509 
0552       9510 
0553       9546 
0554       9561 
0555       9571 
0556       9580 
0557       9608 
0558       9613 
0559       9622 
0560       9624 
0561       9662 
0562       9672 
0563       9687 
0564       9699 
0565       9710 
0566       9718 
0567       9728 
0568       9744 
0569       9753 
0570       9771 
0571       9795 
0572       9795 
0573       9816 
0574       9837 
0575       9876 
0576       9884 
0577       9902 
0578       9917 
0579       9938 
0580       9938 
0581       9950 
0582       9958 
0583       9988 
0584       10003 
0585       10007 
0586       10041 
0587       10058 
0588       10059 
0589       10086 
0590       10137 
0591       10138 
0592       10162 
0593       10176 
0594       10203 
0595       10217 
0596       10243 
0597       10243 
0598       10292 
0599       10311 
0600       10350 
0601       10356 
0602       10379 
0603       10387 
0604       10387 
0605       10349 
0606       10318 
0607       10298 
0608       7555 
0609       7551 
0610       7551 
0611       5378 
0612       5174 
0613       5059 
0614       4877 
0615       4854 
0616       4846 
0617       4842 
0618       4838 
0619       4838 
0620       2850 
0621       2822 
0622       2765 
0623       2682 
0624       2583 
0625       2521 
0626       2428 
0627       2340 
0628       2023 
0629       1827 
0630       1827 
0631       1827 
0632       1857 
0633       1857 
0634       1857 
0635       1829 
0636       1800 
0637       1738 
0638       1720 
0639       1716 
0640       1716 
0641       1713 
0642       1716 
0643       1713 
0644       1716 
0645       1716 
0646       1729 
0647       1750 
0648       1753 
0649       1759 
0650       1761 
0651       1766 
0652       1768 
0653       1791 
0654       1797 
0655       1798 
0656       1800 
0657       1814 
0658       1814 
0659       1846 
0660       1854 
0661       1855 
0662       1857 
0663       1857 
0664       1882 
0665       1891 
0666       1891 
0667       1891 
0668       1822 
0669       1697 
0670       1682 
0671       1682 
0672       1682 
0673       1737 
0674       1869 
0675       1971 
0676       1971 
0677       1971 
0678       1812 
0679       1503 
0680       1452 
0681       1452 
0682       1452 
0683       1482 
0684       1574 
0685       1965 
0686       2199 
0687       2228 
0688       2228 
0689       2238 
0690       2228 
0691       2223 
0692       2026 
0693       1245 
0694       1232 
0695       1232 
0696       1245 
0697       1251 
0698       1307 
0699       2176 
0700       2205 
0701       2391 
0702       2405 
0703       2435 
0704       2452 
0705       2459 
0706       2465 
0707       2480 
0708       2516 
0709       2522 
0710       2529 
0711       2529 
0712       2522 
0713       1028 
0714       1003 
0715       989 
0716       971 
0717       949 
0718       925 
0719       920 
0720       913 
0721       913 
0722       912 
0723       906 
0724       901 
0725       901 
0726       900 
0727       900 
0728       900 
0729       912 
0730       912 
0731       912 
0732       889 
0733       887 
0734       886 
0735       886 
0736       886 
0737       886 
0738       886 
0739       874 
0740       835 
0741       796 
0742       795 
0743       795 
0744       796 
0745       796 
0746       797 
0747       798 
0748       804 
0749       805 
0750       822 
0751       824 
0752       831 
0753       835 
0754       3536 
0755       3572 
0756       3573 
0757       3573 
0758       3573 
0759       3552 
0760       3552 
0761       3552 
0762       3571 
0763       3623 
0764       3647 
0765       3684 
0766       3715 
0767       3723 
0768       3763 
0769       3789 
0770       9982 
0771       10051 
0772       10172 
0773       10299 
0774       10428 
0775       10557 
0776       10557 
0777       10557 
0778       10727 
0779       11132 
0780       11261 
0781       11453 
0782       11558 
0783       11712 
0784       11845 
0785       11845 
0786       1 
0787       1 
0788       1 
0789       1 
0790       3605 
0791       3645 
0792       13557 
0793       13768 
0794       13768 
0795       13768 
0796       1 
0797       1 
0798       1 
0799       1 
0800       1 
0801       1 
0802       1 
0803       1 
0804       1 
0805       1 
0806       1 
0807       1 
0808       1 
0809       1 
0810       1 
0811       1 
0812       1 
0813       1 
0814       1 
0815       1 
0816       1 
0817       1 
0818       1 
0819       1 
0820       1 
0821       1 
0822       1 
0823       1 
0824       1 
0825       1 
0826       1 
0827       3601 
0828       3601 
0829       3601 
0830       1 
0831       1 
0832       1 
0833       1 
0834       1 
0835       1 
0836       1 
0837       1 
0838       1 
0839       1 
0840       1 
0841       1 
0842       1 
0843       1 
0844       1 
0845       1 
0846       1 
0847       1 
0848       1 
0849       1 
0850       1 
0851       1 
0852       1 
0853       1 
0854       1 
0855       1 
0856       1 
0857       1 
0858       1 
0859       1 
0860       1 
0861       1 
0862       1 
0863       1 
0864       1 
0865       1 
0866       1 
0867       1 
0868       1 
0869       1 
0870       1 
0871       1 
0872       1 
0873       1 
0874       1 
0875       1 
0876       1 
0877       1 
0878       1 
0879       1 
0880       1 
0881       1 
0882       1 
0883       1 
0884       1 
0885       1 
0886       1 
0887       1 
0888       1 
0889       1 
0890       1 
0891       1 
0892       1 
0893       1 
0894       1 
0895       1 
0896       1 
0897       1 
0898       1 
0899       1 
0900       1 
0901       1 
0902       1 
0903       1 
0904       1 
0905       1 
0906       1 
0907       1 
0908       1 
0909       1 
0910       1 
0911       1 
0912       1 
0913       1 
0914       1 
0915       1 
0916       1 
0917       1 
0918       1 
0919       1 
0920       1 
0921       1 
0922       1 
0923       1 
0924       1 
0925       1 
0926       1 
0927       1 
0928       1 
0929       1 
0930       1 
0931       1 
0932       1 
0933       1 
0934       1 
0935       1 
0936       1 
0937       1 
0938       1 
0939       1 
0940       1 
0941       1 
0942       1 
0943       1 
0944       1 
0945       1 
0946       1 
0947       1 
0948       1 
0949       1 
0950       1 
0951       1 
0952       1 
0953       1 
0954       1 
0955       1 
0956       1 
0957       1 
0958       1 
0959       1 
0960       1 
0961       1 
0962       1 
0963       1 
0964       1 
0965       1 
0966       1 
0967       1 
0968       1 
0969       1 
0970       1 
0971       1 
0972       1 
0973       1 
0974       1 
0975       1 
0976       1 
0977       1 
0978       1 
0979       1 
0980       1 
0981       1 
0982       1 
0983       1 
0984       1 
0985       1 
0986       1 
0987       1 
0988       1 
0989       1 
0990       1 
0991       1 
0992       1 
0993       1 
0994       1 
0995       1 
0996       1 
0997       1 
0998       1 
0999       1 
1000       1 
1001       1 
1002       1 
1003       1 
1004       1 
1005       1 
1006       1 
1007       4 
1008       4 
1009       4 
1010       4 
1011       4 
1012       4 
1013       4 
1014       4 
1015       45 
1016       45 
1017       45 
1018       51 
1019       51 
1020       51 
1021       51 
1022       51 
1023       51 
1024       51 
1025       55 
1026       64 
1027       64 
1028       64 
1029       60 
1030       53 
1031       51 
1032       51 
1033       53 
1034       62 
1035       64 
1036       64 
1037       64 
1038       68 
1039       68 
1040       69 
1041       71 
1042       71 
1043       72 
1044       71 
1045       71 
1046       67 
1047       67 
1048       67 
1049       68 
1050       68 
1051       68 
1052       70 
1053       70 
1054       70 
1055       70 
1056       70 
1057       70 
1058       70 
1059       70 
1060       64 
1061       64 
1062       64 
1063       66 
1064       66 
1065       66 
1066       64 
1067       64 
1068       64 
1069       65 
1070       65 
1071       66 
1072       66 
1073       67 
1074       69 
1075       69 
1076       69 
1077       66 
1078       66 
1079       66 
1297966615.405359
