0000       1 
0001       1 
0002       1 
0003       1 
0004       1 
0005       1 
0006       1 
0007       1 
0008       1 
0009       1 
0010       1 
0011       1 
0012       1 
0013       1 
0014       1 
0015       1 
0016       1 
0017       1 
0018       1 
0019       1 
0020       1 
0021       1 
0022       1 
0023       1 
0024       1 
0025       1 
0026       1 
0027       1 
0028       1 
0029       1 
0030       1 
0031       1 
0032       1 
0033       1 
0034       1 
0035       1 
0036       1 
0037       1 
0038       1 
0039       1 
0040       1 
0041       1 
0042       1 
0043       1 
0044       1 
0045       1 
0046       1 
0047       1 
0048       1 
0049       1 
0050       1 
0051       1 
0052       1 
0053       1 
0054       1 
0055       1 
0056       1 
0057       1 
0058       1 
0059       1 
0060       1 
0061       1 
0062       1 
0063       1 
0064       1 
0065       1 
0066       1 
0067       1 
0068       1 
0069       1 
0070       1 
0071       1 
0072       1 
0073       1 
0074       1 
0075       1 
0076       1 
0077       1 
0078       1 
0079       1 
0080       1 
0081       1 
0082       1 
0083       1 
0084       1 
0085       1 
0086       1 
0087       1 
0088       1 
0089       1 
0090       1 
0091       1 
0092       1 
0093       1 
0094       1 
0095       1 
0096       1 
0097       1 
0098       1 
0099       1 
0100       1 
0101       1 
0102       1 
0103       1 
0104       1 
0105       1 
0106       1 
0107       1 
0108       1 
0109       1 
0110       1 
0111       1 
0112       1 
0113       1 
0114       1 
0115       1 
0116       1 
0117       1 
0118       1 
0119       1 
0120       1 
0121       1 
0122       1 
0123       1 
0124       1 
0125       1 
0126       1 
0127       1 
0128       1 
0129       1 
0130       1 
0131       1 
0132       1 
0133       1 
0134       1 
0135       1 
0136       1 
0137       1 
0138       1 
0139       1 
0140       1 
0141       1 
0142       1 
0143       1 
0144       1 
0145       1 
0146       1 
0147       1 
0148       1 
0149       1 
0150       1 
0151       1 
0152       1 
0153       1 
0154       1 
0155       1 
0156       1 
0157       1 
0158       1 
0159       1 
0160       1 
0161       1 
0162       1 
0163       1 
0164       1 
0165       1 
0166       1 
0167       1 
0168       1 
0169       1 
0170       1 
0171       1 
0172       1 
0173       1 
0174       1 
0175       1 
0176       1 
0177       1 
0178       1 
0179       1 
0180       1 
0181       1 
0182       1 
0183       1 
0184       1 
0185       1 
0186       1 
0187       1 
0188       1 
0189       1 
0190       1 
0191       1 
0192       1 
0193       1 
0194       1 
0195       1 
0196       1 
0197       1 
0198       1 
0199       1 
0200       1 
0201       1 
0202       1 
0203       1 
0204       1 
0205       1 
0206       1 
0207       1 
0208       1 
0209       1 
0210       1 
0211       1 
0212       1 
0213       1 
0214       1 
0215       1 
0216       1 
0217       1 
0218       1 
0219       1 
0220       1 
0221       1 
0222       1 
0223       1 
0224       1 
0225       1 
0226       1 
0227       1 
0228       1 
0229       1 
0230       1 
0231       1 
0232       1 
0233       1 
0234       1 
0235       1 
0236       1 
0237       1 
0238       1 
0239       1 
0240       1 
0241       1 
0242       1 
0243       1 
0244       1 
0245       1 
0246       1 
0247       1 
0248       1 
0249       1 
0250       1 
0251       1 
0252       1 
0253       1 
0254       1 
0255       1 
0256       1 
0257       1 
0258       1 
0259       1 
0260       1 
0261       1 
0262       1 
0263       1 
0264       1 
0265       1 
0266       1 
0267       1 
0268       1 
0269       1 
0270       1 
0271       1 
0272       1 
0273       1 
0274       1 
0275       1 
0276       1 
0277       1 
0278       1 
0279       1 
0280       1 
0281       14720 
0282       14727 
0283       14750 
0284       14750 
0285       14740 
0286       14627 
0287       14524 
0288       14347 
0289       14238 
0290       14060 
0291       13884 
0292       13775 
0293       13623 
0294       13491 
0295       13326 
0296       13257 
0297       13089 
0298       12952 
0299       12863 
0300       12680 
0301       12555 
0302       11728 
0303       11716 
0304       11728 
0305       11759 
0306       11793 
0307       11842 
0308       11867 
0309       11893 
0310       11946 
0311       11951 
0312       11989 
0313       12023 
0314       12033 
0315       12041 
0316       12055 
0317       12075 
0318       12092 
0319       12161 
0320       12292 
0321       12292 
0322       1 
0323       1 
0324       1 
0325       1 
0326       1 
0327       1 
0328       1 
0329       1 
0330       1 
0331       1 
0332       1 
0333       1 
0334       1 
0335       1 
0336       1 
0337       1 
0338       1 
0339       1 
0340       1 
0341       1 
0342       1 
0343       1 
0344       12186 
0345       12186 
0346       12042 
0347       11974 
0348       11812 
0349       11697 
0350       11592 
0351       11502 
0352       11399 
0353       11379 
0354       11269 
0355       11118 
0356       11072 
0357       11045 
0358       10976 
0359       10948 
0360       10888 
0361       10834 
0362       10786 
0363       10762 
0364       10762 
0365       10750 
0366       10707 
0367       10634 
0368       10593 
0369       10590 
0370       10546 
0371       10529 
0372       10496 
0373       10492 
0374       10456 
0375       10417 
0376       10417 
0377       10441 
0378       10441 
0379       10441 
0380       10455 
0381       10457 
0382       10474 
0383       10528 
0384       10583 
0385       10621 
0386       10657 
0387       10657 
0388       10692 
0389       10726 
0390       10771 
0391       10855 
0392       11029 
0393       11042 
0394       11078 
0395       11106 
0396       11106 
0397       9908 
0398       9884 
0399       9705 
0400       9705 
0401       9705 
0402       9548 
0403       9533 
0404       9527 
0405       9500 
0406       9497 
0407       9418 
0408       9369 
0409       9340 
0410       9247 
0411       9211 
0412       9211 
0413       9205 
0414       9205 
0415       9079 
0416       9077 
0417       9011 
0418       9010 
0419       8992 
0420       8951 
0421       8951 
0422       8981 
0423       9009 
0424       8981 
0425       9005 
0426       9005 
0427       9045 
0428       9045 
0429       9029 
0430       9029 
0431       9104 
0432       9120 
0433       9172 
0434       9230 
0435       9277 
0436       9354 
0437       9625 
0438       9778 
0439       9778 
0440       9725 
0441       9655 
0442       9632 
0443       9632 
0444       9691 
0445       9772 
0446       9778 
0447       9786 
0448       9786 
0449       9804 
0450       9794 
0451       9795 
0452       9795 
0453       9801 
0454       9801 
0455       9792 
0456       9766 
0457       9748 
0458       9735 
0459       9728 
0460       9703 
0461       9691 
0462       9670 
0463       9645 
0464       9616 
0465       9616 
0466       9585 
0467       9571 
0468       9545 
0469       9530 
0470       9509 
0471       9482 
0472       9465 
0473       9460 
0474       9451 
0475       9429 
0476       9417 
0477       9402 
0478       9391 
0479       9372 
0480       9342 
0481       9338 
0482       9321 
0483       9309 
0484       9269 
0485       9268 
0486       9255 
0487       9231 
0488       9224 
0489       9203 
0490       9197 
0491       9183 
0492       9178 
0493       9156 
0494       9135 
0495       9123 
0496       9108 
0497       9108 
0498       9108 
0499       9082 
0500       9080 
0501       9049 
0502       9042 
0503       9020 
0504       9020 
0505       9020 
0506       9015 
0507       8989 
0508       8970 
0509       8965 
0510       8961 
0511       8944 
0512       8944 
0513       8937 
0514       8932 
0515       8925 
0516       8909 
0517       8898 
0518       8894 
0519       8893 
0520       8873 
0521       8857 
0522       7770 
0523       7713 
0524       7668 
0525       7609 
0526       7564 
0527       7534 
0528       7511 
0529       7493 
0530       7456 
0531       7428 
0532       7417 
0533       7393 
0534       7383 
0535       7361 
0536       7356 
0537       7356 
0538       7338 
0539       7338 
0540       7338 
0541       7359 
0542       7359 
0543       7279 
0544       7279 
0545       7301 
0546       7342 
0547       7343 
0548       7374 
0549       7405 
0550       7410 
0551       7410 
0552       7410 
0553       7426 
0554       7493 
0555       7575 
0556       7691 
0557       7834 
0558       8061 
0559       8345 
0560       8350 
0561       8350 
0562       8326 
0563       8165 
0564       8043 
0565       8043 
0566       8023 
0567       7962 
0568       7776 
0569       7632 
0570       7501 
0571       6674 
0572       6674 
0573       6825 
0574       6825 
0575       6801 
0576       6763 
0577       6763 
0578       6769 
0579       6795 
0580       6834 
0581       6834 
0582       6823 
0583       6820 
0584       6813 
0585       6779 
0586       6768 
0587       6766 
0588       6766 
0589       6781 
0590       6864 
0591       7272 
0592       7346 
0593       7346 
0594       7371 
0595       7373 
0596       7379 
0597       7379 
0598       7374 
0599       7312 
0600       7242 
0601       7182 
0602       7182 
0603       7194 
0604       7194 
0605       7181 
0606       7178 
0607       7181 
0608       7197 
0609       7213 
0610       7241 
0611       7276 
0612       7311 
0613       7365 
0614       7470 
0615       7520 
0616       7566 
0617       7609 
0618       7609 
0619       7589 
0620       7583 
0621       7574 
0622       7574 
0623       7622 
0624       7665 
0625       7666 
0626       7705 
0627       7711 
0628       7711 
0629       7712 
0630       7731 
0631       7900 
0632       8026 
0633       8026 
0634       8026 
0635       9276 
0636       9276 
0637       9301 
0638       9316 
0639       9326 
0640       9333 
0641       9349 
0642       9372 
0643       9378 
0644       9399 
0645       9413 
0646       9440 
0647       9453 
0648       9463 
0649       9484 
0650       9495 
0651       9499 
0652       9523 
0653       9538 
0654       9563 
0655       9582 
0656       9615 
0657       9617 
0658       9652 
0659       9656 
0660       9658 
0661       9702 
0662       9713 
0663       9741 
0664       9777 
0665       9788 
0666       9804 
0667       9828 
0668       9844 
0669       9855 
0670       9864 
0671       9872 
0672       9887 
0673       9913 
0674       9964 
0675       9978 
0676       9998 
0677       10024 
0678       10024 
0679       10020 
0680       9997 
0681       9993 
0682       9986 
0683       9986 
0684       9904 
0685       9646 
0686       9640 
0687       9640 
0688       9524 
0689       9349 
0690       9212 
0691       9166 
0692       9105 
0693       9070 
0694       9060 
0695       9042 
0696       9042 
0697       9066 
0698       9066 
0699       9066 
0700       9078 
0701       9094 
0702       9131 
0703       9162 
0704       9204 
0705       9236 
0706       9253 
0707       9271 
0708       9307 
0709       9369 
0710       9382 
0711       10918 
0712       10935 
0713       10975 
0714       10975 
0715       10653 
0716       10649 
0717       10596 
0718       10588 
0719       10588 
0720       10876 
0721       11116 
0722       11121 
0723       11116 
0724       10735 
0725       10606 
0726       10461 
0727       10398 
0728       10372 
0729       10372 
0730       10438 
0731       10438 
0732       10335 
0733       10294 
0734       10270 
0735       10270 
0736       10275 
0737       10275 
0738       10264 
0739       10237 
0740       10237 
0741       10257 
0742       10338 
0743       10400 
0744       10415 
0745       10562 
0746       10562 
0747       1 
0748       1 
0749       1 
0750       1 
0751       1 
0752       1 
0753       1 
0754       1 
0755       1 
0756       1 
0757       1 
0758       1 
0759       1 
0760       13197 
0761       13197 
0762       13144 
0763       13110 
0764       13060 
0765       13023 
0766       12973 
0767       12902 
0768       12879 
0769       12839 
0770       12788 
0771       12746 
0772       12698 
0773       12660 
0774       12623 
0775       12582 
0776       12513 
0777       12486 
0778       12482 
0779       12473 
0780       12473 
0781       12500 
0782       12522 
0783       12529 
0784       12529 
0785       14640 
0786       14640 
0787       14595 
0788       12272 
0789       12246 
0790       12228 
0791       12193 
0792       12171 
0793       12118 
0794       12085 
0795       12076 
0796       12036 
0797       11997 
0798       11959 
0799       11922 
0800       11812 
0801       11646 
0802       11621 
0803       11578 
0804       11551 
0805       11533 
0806       11484 
0807       11463 
0808       11445 
0809       11417 
0810       11392 
0811       11361 
0812       11340 
0813       11297 
0814       11289 
0815       11256 
0816       11229 
0817       11209 
0818       11183 
0819       11156 
0820       11132 
0821       11109 
0822       11079 
0823       11064 
0824       11039 
0825       11007 
0826       10994 
0827       10960 
0828       10940 
0829       10918 
0830       10905 
0831       10881 
0832       10866 
0833       10851 
0834       10851 
0835       10855 
0836       10881 
0837       10933 
0838       10980 
0839       10981 
0840       11007 
0841       11007 
0842       10962 
0843       10952 
0844       10928 
0845       10928 
0846       10890 
0847       10890 
0848       10889 
0849       10839 
0850       10833 
0851       10815 
0852       10809 
0853       10801 
0854       10777 
0855       10765 
0856       10750 
0857       10728 
0858       10704 
0859       10702 
0860       10695 
0861       10665 
0862       10529 
0863       10417 
0864       10359 
0865       10349 
0866       10342 
0867       10333 
0868       10321 
0869       10301 
0870       10296 
0871       10281 
0872       10281 
0873       10272 
0874       10286 
0875       10351 
0876       10437 
0877       10438 
0878       10438 
0879       10424 
0880       10424 
0881       10424 
0882       10423 
0883       10412 
0884       10391 
0885       10381 
0886       10375 
0887       10381 
0888       10924 
0889       11097 
0890       11253 
0891       11316 
0892       11641 
0893       11987 
0894       11987 
0895       1 
0896       1 
0897       1 
0898       1 
0899       1 
0900       1 
0901       1 
0902       1 
0903       1 
0904       1 
0905       1 
0906       1 
0907       1 
0908       1 
0909       1 
0910       1 
0911       1 
0912       1 
0913       1 
0914       1 
0915       1 
0916       1 
0917       1 
0918       1 
0919       1 
0920       1 
0921       1 
0922       1 
0923       1 
0924       1 
0925       1 
0926       1 
0927       1 
0928       1 
0929       1 
0930       1 
0931       1 
0932       1 
0933       1 
0934       1 
0935       1 
0936       1 
0937       1 
0938       1 
0939       1 
0940       1 
0941       1 
0942       1 
0943       1 
0944       1 
0945       1 
0946       1 
0947       1 
0948       1 
0949       1 
0950       1 
0951       1 
0952       1 
0953       1 
0954       1 
0955       1 
0956       1 
0957       1 
0958       1 
0959       1 
0960       1 
0961       1 
0962       1 
0963       1 
0964       1 
0965       1 
0966       1 
0967       1 
0968       1 
0969       1 
0970       1 
0971       1 
0972       1 
0973       1 
0974       1 
0975       1 
0976       1 
0977       1 
0978       1 
0979       1 
0980       1 
0981       1 
0982       1 
0983       1 
0984       1 
0985       1 
0986       1 
0987       1 
0988       1 
0989       1 
0990       1 
0991       1 
0992       1 
0993       1 
0994       1 
0995       1 
0996       1 
0997       1 
0998       1 
0999       1 
1000       1 
1001       1 
1002       1 
1003       1 
1004       1 
1005       1 
1006       4 
1007       4 
1008       4 
1009       44 
1010       44 
1011       44 
1012       44 
1013       44 
1014       48 
1015       49 
1016       48 
1017       42 
1018       42 
1019       42 
1020       42 
1021       43 
1022       45 
1023       63 
1024       63 
1025       63 
1026       63 
1027       59 
1028       56 
1029       56 
1030       56 
1031       54 
1032       54 
1033       54 
1034       54 
1035       55 
1036       63 
1037       65 
1038       66 
1039       68 
1040       68 
1041       68 
1042       68 
1043       60 
1044       60 
1045       66 
1046       66 
1047       66 
1048       67 
1049       67 
1050       68 
1051       68 
1052       68 
1053       67 
1054       67 
1055       66 
1056       66 
1057       66 
1058       67 
1059       67 
1060       67 
1061       61 
1062       60 
1063       60 
1064       61 
1065       61 
1066       61 
1067       62 
1068       63 
1069       70 
1070       70 
1071       70 
1072       69 
1073       68 
1074       63 
1075       63 
1076       63 
1077       65 
1078       65 
1079       65 
1297966696.387239
