0000       1 
0001       1 
0002       1 
0003       1 
0004       1 
0005       1 
0006       1 
0007       1 
0008       1 
0009       1 
0010       1 
0011       1 
0012       1 
0013       1 
0014       1 
0015       1 
0016       1 
0017       1 
0018       1 
0019       1 
0020       1 
0021       1 
0022       1 
0023       1 
0024       1 
0025       1 
0026       1 
0027       1 
0028       1 
0029       1 
0030       1 
0031       1 
0032       1 
0033       1 
0034       1 
0035       1 
0036       1 
0037       1 
0038       1 
0039       1 
0040       1 
0041       1 
0042       1 
0043       1 
0044       1 
0045       1 
0046       1 
0047       1 
0048       1 
0049       1 
0050       1 
0051       1 
0052       1 
0053       1 
0054       1 
0055       1 
0056       1 
0057       1 
0058       1 
0059       1 
0060       1 
0061       1 
0062       1 
0063       1 
0064       1 
0065       1 
0066       1 
0067       1 
0068       1 
0069       1 
0070       1 
0071       1 
0072       1 
0073       1 
0074       1 
0075       1 
0076       1 
0077       1 
0078       1 
0079       1 
0080       1 
0081       1 
0082       1 
0083       1 
0084       1 
0085       1 
0086       1 
0087       1 
0088       1 
0089       1 
0090       1 
0091       1 
0092       1 
0093       1 
0094       1 
0095       1 
0096       1 
0097       1 
0098       1 
0099       1 
0100       1 
0101       1 
0102       1 
0103       1 
0104       1 
0105       1 
0106       1 
0107       1 
0108       1 
0109       1 
0110       1 
0111       1 
0112       1 
0113       1 
0114       1 
0115       1 
0116       1 
0117       1 
0118       1 
0119       1 
0120       1 
0121       1 
0122       1 
0123       1 
0124       1 
0125       1 
0126       1 
0127       27086 
0128       27086 
0129       27039 
0130       27014 
0131       26990 
0132       26952 
0133       26879 
0134       1 
0135       1 
0136       1 
0137       1 
0138       1 
0139       26805 
0140       26809 
0141       26809 
0142       26769 
0143       26766 
0144       26766 
0145       26764 
0146       26759 
0147       26685 
0148       21022 
0149       21014 
0150       21012 
0151       21012 
0152       20985 
0153       20967 
0154       20967 
0155       20970 
0156       20970 
0157       20945 
0158       20945 
0159       20942 
0160       20949 
0161       20936 
0162       20760 
0163       20729 
0164       20728 
0165       20728 
0166       20728 
0167       20729 
0168       20758 
0169       20758 
0170       20758 
0171       20902 
0172       21315 
0173       21315 
0174       21319 
0175       21301 
0176       1 
0177       1 
0178       1 
0179       1 
0180       1 
0181       1 
0182       20794 
0183       20794 
0184       20747 
0185       20747 
0186       20747 
0187       20755 
0188       20747 
0189       20755 
0190       20758 
0191       20765 
0192       20758 
0193       20210 
0194       1 
0195       1 
0196       20210 
0197       20815 
0198       20815 
0199       20274 
0200       1 
0201       1 
0202       20274 
0203       20868 
0204       20911 
0205       21015 
0206       21082 
0207       21094 
0208       21116 
0209       21131 
0210       21139 
0211       21145 
0212       21152 
0213       21166 
0214       21192 
0215       21204 
0216       21211 
0217       21211 
0218       21189 
0219       21137 
0220       21137 
0221       21153 
0222       21161 
0223       21196 
0224       21220 
0225       21224 
0226       21240 
0227       21269 
0228       21269 
0229       21299 
0230       21299 
0231       21346 
0232       21384 
0233       21402 
0234       21432 
0235       21432 
0236       21436 
0237       21502 
0238       21509 
0239       21652 
0240       21745 
0241       21745 
0242       1 
0243       1 
0244       1 
0245       18763 
0246       18801 
0247       18808 
0248       18837 
0249       18897 
0250       18907 
0251       18942 
0252       18965 
0253       18992 
0254       18994 
0255       19048 
0256       19093 
0257       19116 
0258       19116 
0259       1 
0260       1 
0261       1 
0262       1 
0263       1 
0264       1 
0265       17155 
0266       17155 
0267       16977 
0268       1 
0269       1 
0270       1 
0271       1 
0272       1 
0273       1 
0274       1 
0275       1 
0276       15386 
0277       15386 
0278       15383 
0279       15383 
0280       15416 
0281       15454 
0282       15495 
0283       15531 
0284       15559 
0285       15580 
0286       15609 
0287       15667 
0288       15713 
0289       15737 
0290       15793 
0291       15823 
0292       15852 
0293       15898 
0294       15946 
0295       15975 
0296       16028 
0297       16097 
0298       16133 
0299       16180 
0300       16235 
0301       16253 
0302       16253 
0303       16154 
0304       16012 
0305       16154 
0306       16154 
0307       15864 
0308       1 
0309       1 
0310       1 
0311       1 
0312       1 
0313       1 
0314       14952 
0315       14952 
0316       15088 
0317       14993 
0318       14993 
0319       14918 
0320       14801 
0321       14721 
0322       14605 
0323       14545 
0324       14500 
0325       14358 
0326       14318 
0327       14211 
0328       14115 
0329       14033 
0330       13990 
0331       13915 
0332       13862 
0333       13811 
0334       13721 
0335       13642 
0336       13588 
0337       13542 
0338       1 
0339       1 
0340       1 
0341       1 
0342       1 
0343       1 
0344       1 
0345       1 
0346       1 
0347       1 
0348       1 
0349       1 
0350       1 
0351       1 
0352       1 
0353       1 
0354       1 
0355       1 
0356       10940 
0357       11120 
0358       12140 
0359       12140 
0360       12085 
0361       12061 
0362       11997 
0363       11484 
0364       11390 
0365       11390 
0366       11366 
0367       11311 
0368       11273 
0369       11232 
0370       11204 
0371       11102 
0372       11075 
0373       11040 
0374       11020 
0375       10964 
0376       10927 
0377       10883 
0378       7990 
0379       7984 
0380       7950 
0381       7932 
0382       7892 
0383       7864 
0384       7838 
0385       7812 
0386       7812 
0387       7812 
0388       7818 
0389       7877 
0390       7883 
0391       7887 
0392       7887 
0393       7806 
0394       7796 
0395       7788 
0396       7717 
0397       7666 
0398       7664 
0399       7644 
0400       7619 
0401       7585 
0402       7555 
0403       7553 
0404       7502 
0405       7470 
0406       7458 
0407       7442 
0408       7420 
0409       7416 
0410       7381 
0411       7364 
0412       7346 
0413       7312 
0414       7275 
0415       7275 
0416       7275 
0417       7251 
0418       7238 
0419       7233 
0420       7211 
0421       7187 
0422       7159 
0423       7118 
0424       7118 
0425       7118 
0426       7101 
0427       7079 
0428       7052 
0429       7048 
0430       7025 
0431       7020 
0432       6982 
0433       6963 
0434       6952 
0435       6946 
0436       6942 
0437       6925 
0438       6905 
0439       6883 
0440       6875 
0441       6869 
0442       6830 
0443       6822 
0444       6815 
0445       6812 
0446       6812 
0447       6802 
0448       6783 
0449       6782 
0450       6759 
0451       6748 
0452       6715 
0453       6701 
0454       6690 
0455       6690 
0456       6691 
0457       6691 
0458       6661 
0459       6654 
0460       6644 
0461       6643 
0462       6633 
0463       6599 
0464       6594 
0465       6571 
0466       6571 
0467       6571 
0468       6564 
0469       6560 
0470       6554 
0471       6549 
0472       6532 
0473       6528 
0474       6496 
0475       6496 
0476       6476 
0477       6476 
0478       6474 
0479       6473 
0480       6472 
0481       6463 
0482       6460 
0483       6448 
0484       6441 
0485       6419 
0486       6399 
0487       6397 
0488       6397 
0489       6401 
0490       6401 
0491       6393 
0492       6389 
0493       6375 
0494       6375 
0495       6375 
0496       6378 
0497       6372 
0498       6353 
0499       6324 
0500       6324 
0501       6324 
0502       6324 
0503       6324 
0504       6324 
0505       6325 
0506       6325 
0507       6312 
0508       6309 
0509       6308 
0510       6287 
0511       6268 
0512       6268 
0513       6292 
0514       6292 
0515       6292 
0516       6285 
0517       6280 
0518       6280 
0519       6281 
0520       6283 
0521       6283 
0522       6268 
0523       6244 
0524       6244 
0525       6253 
0526       6254 
0527       6264 
0528       6258 
0529       6258 
0530       6253 
0531       6242 
0532       6242 
0533       6244 
0534       6244 
0535       6225 
0536       6188 
0537       6183 
0538       6183 
0539       7957 
0540       8379 
0541       8379 
0542       8412 
0543       8429 
0544       8439 
0545       8452 
0546       8469 
0547       8469 
0548       8449 
0549       8421 
0550       8421 
0551       8455 
0552       8479 
0553       8480 
0554       8483 
0555       8483 
0556       8482 
0557       8482 
0558       8488 
0559       8489 
0560       8489 
0561       8499 
0562       8499 
0563       8499 
0564       8510 
0565       8520 
0566       8520 
0567       8520 
0568       8533 
0569       8530 
0570       8533 
0571       8545 
0572       8567 
0573       8566 
0574       8573 
0575       8576 
0576       8576 
0577       8576 
0578       8602 
0579       8610 
0580       8610 
0581       8615 
0582       8615 
0583       8624 
0584       8638 
0585       8650 
0586       8649 
0587       8650 
0588       8673 
0589       8673 
0590       8698 
0591       8699 
0592       8699 
0593       8722 
0594       8727 
0595       8744 
0596       8744 
0597       8770 
0598       8758 
0599       8772 
0600       8802 
0601       8802 
0602       8823 
0603       8824 
0604       8823 
0605       8824 
0606       8843 
0607       8879 
0608       8884 
0609       8900 
0610       8906 
0611       8928 
0612       8930 
0613       8955 
0614       8958 
0615       8993 
0616       8993 
0617       8993 
0618       9017 
0619       9024 
0620       9036 
0621       9069 
0622       9070 
0623       9089 
0624       9129 
0625       9136 
0626       9146 
0627       9159 
0628       9177 
0629       9185 
0630       9207 
0631       9219 
0632       9249 
0633       9259 
0634       9288 
0635       9288 
0636       9288 
0637       9341 
0638       9355 
0639       9361 
0640       9397 
0641       9399 
0642       9425 
0643       9460 
0644       9474 
0645       9500 
0646       9509 
0647       9538 
0648       9561 
0649       9590 
0650       9600 
0651       9604 
0652       9665 
0653       9667 
0654       9705 
0655       9719 
0656       9755 
0657       9778 
0658       9788 
0659       9849 
0660       9866 
0661       9904 
0662       9917 
0663       9933 
0664       9965 
0665       9980 
0666       9980 
0667       9932 
0668       9874 
0669       9802 
0670       9764 
0671       9696 
0672       9566 
0673       9478 
0674       9462 
0675       9437 
0676       9371 
0677       9308 
0678       9240 
0679       9203 
0680       9114 
0681       9038 
0682       8956 
0683       8906 
0684       8906 
0685       8851 
0686       8843 
0687       8787 
0688       8764 
0689       8716 
0690       8672 
0691       8602 
0692       8587 
0693       8528 
0694       8491 
0695       8449 
0696       8405 
0697       8351 
0698       8319 
0699       8267 
0700       8220 
0701       8188 
0702       8156 
0703       8122 
0704       8074 
0705       8040 
0706       8001 
0707       7966 
0708       7939 
0709       7896 
0710       7858 
0711       7833 
0712       7782 
0713       7757 
0714       7669 
0715       7620 
0716       7620 
0717       7639 
0718       7667 
0719       7717 
0720       7724 
0721       7731 
0722       7790 
0723       7829 
0724       7887 
0725       7914 
0726       7953 
0727       7986 
0728       7997 
0729       8051 
0730       8115 
0731       8163 
0732       8181 
0733       8222 
0734       8240 
0735       8283 
0736       8337 
0737       8419 
0738       8447 
0739       8482 
0740       8509 
0741       8557 
0742       8611 
0743       8635 
0744       8688 
0745       8757 
0746       8763 
0747       8827 
0748       8906 
0749       8942 
0750       8980 
0751       9036 
0752       9043 
0753       9134 
0754       9192 
0755       9261 
0756       9295 
0757       9325 
0758       9409 
0759       9477 
0760       9536 
0761       9581 
0762       9639 
0763       9713 
0764       9786 
0765       9823 
0766       9858 
0767       9944 
0768       10046 
0769       10105 
0770       10125 
0771       10206 
0772       10258 
0773       10307 
0774       10307 
0775       10166 
0776       1 
0777       1 
0778       1 
0779       1 
0780       1 
0781       1 
0782       4263 
0783       4276 
0784       4300 
0785       4308 
0786       4341 
0787       4356 
0788       4357 
0789       4376 
0790       4411 
0791       4448 
0792       4471 
0793       4485 
0794       4535 
0795       4544 
0796       4544 
0797       4544 
0798       4544 
0799       4509 
0800       3946 
0801       3832 
0802       3820 
0803       3820 
0804       3832 
0805       3870 
0806       3879 
0807       3888 
0808       3938 
0809       3965 
0810       3994 
0811       3998 
0812       4035 
0813       4083 
0814       4117 
0815       4158 
0816       4168 
0817       4226 
0818       4255 
0819       4315 
0820       4329 
0821       4386 
0822       4405 
0823       4486 
0824       4547 
0825       4594 
0826       4645 
0827       4714 
0828       4773 
0829       4873 
0830       4949 
0831       5041 
0832       5127 
0833       5251 
0834       5380 
0835       5491 
0836       7697 
0837       7697 
0838       7690 
0839       7672 
0840       7653 
0841       7595 
0842       7570 
0843       7522 
0844       7519 
0845       7449 
0846       7416 
0847       7365 
0848       7364 
0849       7341 
0850       7322 
0851       7286 
0852       7210 
0853       7180 
0854       6912 
0855       6912 
0856       7006 
0857       7030 
0858       7030 
0859       7031 
0860       7042 
0861       7227 
0862       7342 
0863       7342 
0864       1 
0865       1 
0866       1 
0867       7143 
0868       7373 
0869       7373 
0870       7336 
0871       7330 
0872       7330 
0873       7345 
0874       7345 
0875       7343 
0876       7340 
0877       7320 
0878       7305 
0879       7305 
0880       7336 
0881       7336 
0882       7317 
0883       7305 
0884       7305 
0885       7309 
0886       7312 
0887       7312 
0888       7312 
0889       7308 
0890       7304 
0891       7304 
0892       1 
0893       1 
0894       1 
0895       1 
0896       1 
0897       1 
0898       1 
0899       1 
0900       1 
0901       1 
0902       1 
0903       1 
0904       1 
0905       1 
0906       1 
0907       1 
0908       1 
0909       1 
0910       1 
0911       1 
0912       1 
0913       1 
0914       1 
0915       1 
0916       1 
0917       1 
0918       1 
0919       1 
0920       1 
0921       1 
0922       1 
0923       1 
0924       1 
0925       1 
0926       1 
0927       1 
0928       1 
0929       1 
0930       1 
0931       1 
0932       1 
0933       1 
0934       1 
0935       1 
0936       1 
0937       1 
0938       1 
0939       1 
0940       1 
0941       1 
0942       1 
0943       1 
0944       1 
0945       1 
0946       1 
0947       1 
0948       1 
0949       1 
0950       1 
0951       1 
0952       1 
0953       1 
0954       1 
0955       1 
0956       1 
0957       1 
0958       1 
0959       1 
0960       1 
0961       1 
0962       1 
0963       1 
0964       1 
0965       1 
0966       1 
0967       1 
0968       1 
0969       1 
0970       1 
0971       1 
0972       1 
0973       1 
0974       1 
0975       1 
0976       1 
0977       1 
0978       1 
0979       1 
0980       1 
0981       1 
0982       1 
0983       1 
0984       1 
0985       1 
0986       1 
0987       1 
0988       1 
0989       1 
0990       1 
0991       1 
0992       1 
0993       1 
0994       1 
0995       1 
0996       1 
0997       1 
0998       1 
0999       1 
1000       1 
1001       1 
1002       1 
1003       1 
1004       1 
1005       1 
1006       1 
1007       1 
1008       4 
1009       44 
1010       44 
1011       44 
1012       41 
1013       41 
1014       41 
1015       47 
1016       54 
1017       54 
1018       50 
1019       54 
1020       50 
1021       50 
1022       46 
1023       57 
1024       46 
1025       57 
1026       57 
1027       60 
1028       60 
1029       60 
1030       60 
1031       46 
1032       46 
1033       50 
1034       52 
1035       52 
1036       66 
1037       67 
1038       70 
1039       70 
1040       70 
1041       70 
1042       73 
1043       71 
1044       73 
1045       71 
1046       71 
1047       68 
1048       65 
1049       65 
1050       67 
1051       65 
1052       65 
1053       62 
1054       62 
1055       62 
1056       66 
1057       67 
1058       67 
1059       67 
1060       67 
1061       67 
1062       66 
1063       65 
1064       65 
1065       65 
1066       65 
1067       66 
1068       67 
1069       67 
1070       69 
1071       67 
1072       69 
1073       65 
1074       73 
1075       65 
1076       66 
1077       66 
1078       66 
1079       66 
1297966672.862540
