0000       1 
0001       1 
0002       1 
0003       1 
0004       1 
0005       1 
0006       1 
0007       1 
0008       1 
0009       1 
0010       1 
0011       1 
0012       1 
0013       1 
0014       1 
0015       1 
0016       1 
0017       1 
0018       1 
0019       1 
0020       1 
0021       1 
0022       1 
0023       1 
0024       1 
0025       1 
0026       1 
0027       1 
0028       1 
0029       1 
0030       1 
0031       1 
0032       1 
0033       1 
0034       1 
0035       1 
0036       1 
0037       1 
0038       1 
0039       1 
0040       1 
0041       1 
0042       1 
0043       1 
0044       1 
0045       1 
0046       1 
0047       1 
0048       1 
0049       1 
0050       1 
0051       1 
0052       1 
0053       1 
0054       1 
0055       1 
0056       1 
0057       1 
0058       1 
0059       1 
0060       1 
0061       1 
0062       1 
0063       1 
0064       1 
0065       1 
0066       1 
0067       1 
0068       1 
0069       1 
0070       1 
0071       1 
0072       1 
0073       1 
0074       1 
0075       1 
0076       1 
0077       1 
0078       1 
0079       1 
0080       1 
0081       1 
0082       1 
0083       1 
0084       1 
0085       1 
0086       1 
0087       1 
0088       1 
0089       1 
0090       1 
0091       1 
0092       1 
0093       1 
0094       1 
0095       1 
0096       1 
0097       1 
0098       1 
0099       1 
0100       1 
0101       1 
0102       1 
0103       1 
0104       1 
0105       1 
0106       1 
0107       1 
0108       1 
0109       1 
0110       1 
0111       1 
0112       1 
0113       1 
0114       1 
0115       1 
0116       1 
0117       1 
0118       1 
0119       1 
0120       1 
0121       1 
0122       1 
0123       1 
0124       1 
0125       1 
0126       1 
0127       1 
0128       1 
0129       1 
0130       1 
0131       1 
0132       1 
0133       1 
0134       1 
0135       1 
0136       1 
0137       1 
0138       1 
0139       1 
0140       1 
0141       1 
0142       1 
0143       1 
0144       1 
0145       1 
0146       1 
0147       1 
0148       1 
0149       1 
0150       1 
0151       1 
0152       1 
0153       1 
0154       1 
0155       1 
0156       1 
0157       1 
0158       1 
0159       1 
0160       1 
0161       1 
0162       1 
0163       1 
0164       1 
0165       1 
0166       1 
0167       1 
0168       1 
0169       1 
0170       1 
0171       1 
0172       1 
0173       1 
0174       1 
0175       1 
0176       1 
0177       1 
0178       1 
0179       1 
0180       1 
0181       1 
0182       1 
0183       1 
0184       1 
0185       1 
0186       1 
0187       1 
0188       1 
0189       1 
0190       1 
0191       1 
0192       1 
0193       1 
0194       1 
0195       1 
0196       1 
0197       1 
0198       1 
0199       1 
0200       1 
0201       1 
0202       1 
0203       1 
0204       1 
0205       1 
0206       1 
0207       1 
0208       1 
0209       1 
0210       1 
0211       1 
0212       1 
0213       1 
0214       1 
0215       1 
0216       1 
0217       1 
0218       1 
0219       1 
0220       1 
0221       1 
0222       1 
0223       1 
0224       1 
0225       1 
0226       1 
0227       1 
0228       1 
0229       1 
0230       1 
0231       1 
0232       1 
0233       1 
0234       1 
0235       1 
0236       1 
0237       1 
0238       1 
0239       1 
0240       1 
0241       1 
0242       1 
0243       1 
0244       1 
0245       1 
0246       1 
0247       1 
0248       1 
0249       1 
0250       1 
0251       1 
0252       1 
0253       1 
0254       1 
0255       1 
0256       1 
0257       1 
0258       1 
0259       1 
0260       1 
0261       1 
0262       1 
0263       1 
0264       1 
0265       1 
0266       1 
0267       1 
0268       1 
0269       1 
0270       1 
0271       1 
0272       1 
0273       1 
0274       1 
0275       1 
0276       1 
0277       1 
0278       1 
0279       1 
0280       1 
0281       1 
0282       1 
0283       1 
0284       1 
0285       1 
0286       1 
0287       1 
0288       1 
0289       1 
0290       1 
0291       1 
0292       1 
0293       19068 
0294       19068 
0295       1 
0296       1 
0297       1 
0298       1 
0299       1 
0300       17850 
0301       17850 
0302       17890 
0303       17850 
0304       17760 
0305       17617 
0306       17472 
0307       17354 
0308       17216 
0309       17086 
0310       16954 
0311       16811 
0312       16675 
0313       16561 
0314       16450 
0315       16317 
0316       16243 
0317       16082 
0318       16028 
0319       15883 
0320       15815 
0321       15672 
0322       15558 
0323       15487 
0324       15340 
0325       15261 
0326       15176 
0327       15065 
0328       15004 
0329       14896 
0330       14757 
0331       14706 
0332       14638 
0333       14539 
0334       14439 
0335       14369 
0336       14296 
0337       14184 
0338       14158 
0339       14022 
0340       13942 
0341       13873 
0342       13783 
0343       13722 
0344       13651 
0345       13584 
0346       13489 
0347       13430 
0348       13359 
0349       13325 
0350       13239 
0351       13198 
0352       13109 
0353       13053 
0354       12975 
0355       12890 
0356       12811 
0357       12804 
0358       12705 
0359       12663 
0360       12561 
0361       12559 
0362       12480 
0363       12416 
0364       12384 
0365       12299 
0366       12247 
0367       12192 
0368       12143 
0369       12095 
0370       12067 
0371       11975 
0372       11949 
0373       11888 
0374       11846 
0375       11824 
0376       11753 
0377       11711 
0378       11673 
0379       7419 
0380       7369 
0381       7368 
0382       7354 
0383       7331 
0384       7324 
0385       7324 
0386       7362 
0387       7410 
0388       7410 
0389       7401 
0390       7384 
0391       7360 
0392       7353 
0393       7340 
0394       7281 
0395       7276 
0396       7247 
0397       7220 
0398       7183 
0399       7165 
0400       7158 
0401       7144 
0402       7122 
0403       7096 
0404       7069 
0405       7056 
0406       7032 
0407       7008 
0408       6980 
0409       6977 
0410       6938 
0411       6927 
0412       6914 
0413       6883 
0414       6871 
0415       6861 
0416       6839 
0417       6811 
0418       6811 
0419       6783 
0420       6771 
0421       6763 
0422       6726 
0423       6719 
0424       6707 
0425       6687 
0426       6664 
0427       6632 
0428       6624 
0429       6611 
0430       6606 
0431       6583 
0432       6572 
0433       6568 
0434       6538 
0435       6518 
0436       6496 
0437       6495 
0438       6483 
0439       6462 
0440       6456 
0441       6423 
0442       6421 
0443       6406 
0444       6397 
0445       6380 
0446       6373 
0447       6349 
0448       6348 
0449       6321 
0450       6319 
0451       6317 
0452       6299 
0453       6289 
0454       6282 
0455       6274 
0456       6254 
0457       6232 
0458       6232 
0459       6219 
0460       6205 
0461       6205 
0462       6205 
0463       6200 
0464       6187 
0465       6168 
0466       6150 
0467       6150 
0468       6144 
0469       6133 
0470       6127 
0471       6104 
0472       6104 
0473       6104 
0474       6091 
0475       6082 
0476       6082 
0477       6082 
0478       6049 
0479       6049 
0480       6046 
0481       6046 
0482       6024 
0483       6021 
0484       6021 
0485       6018 
0486       6003 
0487       5982 
0488       5982 
0489       5982 
0490       5979 
0491       5977 
0492       5960 
0493       5946 
0494       5946 
0495       5950 
0496       5950 
0497       5932 
0498       5929 
0499       5924 
0500       5921 
0501       5920 
0502       5912 
0503       5906 
0504       5906 
0505       5887 
0506       5884 
0507       5878 
0508       5881 
0509       5879 
0510       5879 
0511       5876 
0512       5867 
0513       5862 
0514       5861 
0515       5862 
0516       5862 
0517       5862 
0518       5845 
0519       5845 
0520       5845 
0521       5849 
0522       5851 
0523       5851 
0524       5844 
0525       5826 
0526       5826 
0527       5834 
0528       5834 
0529       5834 
0530       5822 
0531       5822 
0532       5824 
0533       5825 
0534       5825 
0535       5825 
0536       5833 
0537       5833 
0538       5831 
0539       5831 
0540       5826 
0541       5824 
0542       5824 
0543       5824 
0544       5826 
0545       5824 
0546       5824 
0547       5824 
0548       5824 
0549       5829 
0550       5836 
0551       5836 
0552       5835 
0553       5828 
0554       5835 
0555       5836 
0556       5836 
0557       5836 
0558       5836 
0559       5841 
0560       5851 
0561       5851 
0562       5854 
0563       5854 
0564       5846 
0565       5846 
0566       5851 
0567       5853 
0568       5851 
0569       5853 
0570       5853 
0571       5870 
0572       5872 
0573       5872 
0574       5869 
0575       5869 
0576       5879 
0577       5891 
0578       5899 
0579       5899 
0580       5898 
0581       5898 
0582       5906 
0583       5916 
0584       5924 
0585       5933 
0586       5931 
0587       5931 
0588       5931 
0589       5945 
0590       5951 
0591       5955 
0592       5956 
0593       5963 
0594       5973 
0595       5973 
0596       5982 
0597       5974 
0598       5990 
0599       5990 
0600       6004 
0601       6014 
0602       6022 
0603       6026 
0604       6033 
0605       6043 
0606       6047 
0607       6062 
0608       6062 
0609       6062 
0610       6078 
0611       6086 
0612       6093 
0613       6096 
0614       6101 
0615       6109 
0616       6115 
0617       6126 
0618       6152 
0619       6155 
0620       6159 
0621       6180 
0622       6190 
0623       6190 
0624       6190 
0625       6209 
0626       6226 
0627       6233 
0628       6243 
0629       6255 
0630       6256 
0631       6263 
0632       6268 
0633       6304 
0634       6308 
0635       6318 
0636       6327 
0637       6333 
0638       6352 
0639       6358 
0640       6374 
0641       6386 
0642       6396 
0643       6397 
0644       6426 
0645       6428 
0646       6453 
0647       6471 
0648       6481 
0649       6497 
0650       6508 
0651       6513 
0652       6549 
0653       6549 
0654       6570 
0655       6585 
0656       6591 
0657       6630 
0658       6638 
0659       6645 
0660       6684 
0661       6684 
0662       6711 
0663       6720 
0664       6744 
0665       6752 
0666       6792 
0667       6793 
0668       6811 
0669       6837 
0670       6854 
0671       6862 
0672       6887 
0673       6898 
0674       6918 
0675       6943 
0676       6972 
0677       6985 
0678       6987 
0679       7021 
0680       7024 
0681       7083 
0682       7099 
0683       7099 
0684       7126 
0685       7138 
0686       7191 
0687       7192 
0688       7238 
0689       7258 
0690       7262 
0691       7283 
0692       7320 
0693       7322 
0694       7356 
0695       7386 
0696       7418 
0697       7435 
0698       7471 
0699       7483 
0700       7518 
0701       7527 
0702       7582 
0703       7582 
0704       7636 
0705       7644 
0706       7676 
0707       7710 
0708       7757 
0709       7773 
0710       7776 
0711       7818 
0712       7878 
0713       7903 
0714       7925 
0715       7982 
0716       8018 
0717       8045 
0718       8057 
0719       8093 
0720       8133 
0721       8164 
0722       8205 
0723       8261 
0724       8297 
0725       8327 
0726       8371 
0727       8399 
0728       8444 
0729       8464 
0730       8498 
0731       8539 
0732       8625 
0733       8637 
0734       8689 
0735       8694 
0736       8772 
0737       8817 
0738       8863 
0739       8885 
0740       8932 
0741       8963 
0742       9046 
0743       9057 
0744       9132 
0745       9148 
0746       9202 
0747       9243 
0748       9291 
0749       9377 
0750       9436 
0751       9475 
0752       9478 
0753       9559 
0754       9559 
0755       9559 
0756       9610 
0757       10462 
0758       10545 
0759       10645 
0760       10711 
0761       10823 
0762       10892 
0763       10956 
0764       11043 
0765       11116 
0766       11215 
0767       11273 
0768       11358 
0769       11454 
0770       11518 
0771       11598 
0772       11677 
0773       11755 
0774       11805 
0775       11889 
0776       11987 
0777       12032 
0778       12117 
0779       12153 
0780       12316 
0781       12365 
0782       12430 
0783       12534 
0784       12579 
0785       12658 
0786       12754 
0787       12800 
0788       12819 
0789       12826 
0790       12819 
0791       12745 
0792       12720 
0793       12720 
0794       12639 
0795       1 
0796       1 
0797       1 
0798       1 
0799       10791 
0800       10791 
0801       10780 
0802       10752 
0803       10736 
0804       10712 
0805       10701 
0806       10665 
0807       10644 
0808       10637 
0809       10621 
0810       10583 
0811       10562 
0812       10558 
0813       10547 
0814       10532 
0815       10507 
0816       10480 
0817       10451 
0818       10422 
0819       10350 
0820       10346 
0821       10350 
0822       10361 
0823       10361 
0824       10352 
0825       10352 
0826       10331 
0827       10315 
0828       10310 
0829       8670 
0830       8648 
0831       8648 
0832       8648 
0833       7160 
0834       7160 
0835       7160 
0836       7144 
0837       7057 
0838       7036 
0839       7008 
0840       6975 
0841       6947 
0842       6913 
0843       6866 
0844       6855 
0845       6791 
0846       6790 
0847       6730 
0848       6686 
0849       6682 
0850       6657 
0851       6625 
0852       6612 
0853       6569 
0854       6513 
0855       6480 
0856       6476 
0857       6264 
0858       6264 
0859       6346 
0860       6346 
0861       6354 
0862       6400 
0863       6460 
0864       6679 
0865       6894 
0866       7095 
0867       7314 
0868       7498 
0869       7682 
0870       8669 
0871       9060 
0872       9453 
0873       9613 
0874       10001 
0875       10397 
0876       10397 
0877       10702 
0878       11598 
0879       12017 
0880       12017 
0881       12544 
0882       13835 
0883       13835 
0884       1 
0885       1 
0886       1 
0887       1 
0888       1 
0889       1 
0890       1 
0891       1 
0892       1 
0893       1 
0894       1 
0895       1 
0896       1 
0897       1 
0898       1 
0899       1 
0900       1 
0901       1 
0902       1 
0903       1 
0904       1 
0905       1 
0906       1 
0907       1 
0908       1 
0909       1 
0910       1 
0911       1 
0912       1 
0913       1 
0914       1 
0915       1 
0916       1 
0917       1 
0918       1 
0919       1 
0920       1 
0921       1 
0922       1 
0923       1 
0924       1 
0925       1 
0926       1 
0927       1 
0928       1 
0929       1 
0930       1 
0931       1 
0932       1 
0933       1 
0934       1 
0935       1 
0936       1 
0937       1 
0938       1 
0939       1 
0940       1 
0941       1 
0942       1 
0943       1 
0944       1 
0945       1 
0946       1 
0947       1 
0948       1 
0949       1 
0950       1 
0951       1 
0952       1 
0953       1 
0954       1 
0955       1 
0956       1 
0957       1 
0958       1 
0959       1 
0960       1 
0961       1 
0962       1 
0963       1 
0964       1 
0965       1 
0966       1 
0967       1 
0968       1 
0969       1 
0970       1 
0971       1 
0972       1 
0973       1 
0974       1 
0975       1 
0976       1 
0977       1 
0978       1 
0979       1 
0980       1 
0981       1 
0982       1 
0983       1 
0984       1 
0985       1 
0986       1 
0987       1 
0988       1 
0989       1 
0990       1 
0991       1 
0992       1 
0993       1 
0994       1 
0995       1 
0996       1 
0997       1 
0998       1 
0999       1 
1000       1 
1001       1 
1002       1 
1003       1 
1004       1 
1005       1 
1006       4 
1007       4 
1008       4 
1009       47 
1010       45 
1011       47 
1012       47 
1013       45 
1014       45 
1015       51 
1016       51 
1017       55 
1018       61 
1019       55 
1020       55 
1021       55 
1022       55 
1023       55 
1024       57 
1025       57 
1026       67 
1027       67 
1028       57 
1029       56 
1030       53 
1031       46 
1032       45 
1033       45 
1034       46 
1035       69 
1036       69 
1037       70 
1038       72 
1039       72 
1040       70 
1041       70 
1042       72 
1043       67 
1044       67 
1045       67 
1046       73 
1047       67 
1048       68 
1049       64 
1050       64 
1051       64 
1052       60 
1053       60 
1054       70 
1055       70 
1056       68 
1057       68 
1058       65 
1059       64 
1060       64 
1061       64 
1062       71 
1063       72 
1064       72 
1065       71 
1066       70 
1067       69 
1068       69 
1069       67 
1070       67 
1071       67 
1072       67 
1073       67 
1074       67 
1075       70 
1076       70 
1077       66 
1078       66 
1079       64 
1297966654.154458
