0000       1 
0001       1 
0002       1 
0003       1 
0004       1 
0005       1 
0006       1 
0007       1 
0008       1 
0009       1 
0010       1 
0011       1 
0012       1 
0013       1 
0014       1 
0015       1 
0016       1 
0017       1 
0018       1 
0019       1 
0020       1 
0021       1 
0022       1 
0023       1 
0024       1 
0025       1 
0026       1 
0027       1 
0028       1 
0029       1 
0030       1 
0031       1 
0032       1 
0033       1 
0034       1 
0035       1 
0036       1 
0037       1 
0038       1 
0039       1 
0040       1 
0041       1 
0042       1 
0043       1 
0044       1 
0045       1 
0046       1 
0047       1 
0048       1 
0049       1 
0050       1 
0051       1 
0052       1 
0053       1 
0054       1 
0055       1 
0056       1 
0057       1 
0058       1 
0059       1 
0060       1 
0061       1 
0062       1 
0063       1 
0064       1 
0065       1 
0066       1 
0067       1 
0068       1 
0069       1 
0070       1 
0071       1 
0072       1 
0073       1 
0074       1 
0075       1 
0076       1 
0077       1 
0078       1 
0079       1 
0080       1 
0081       1 
0082       1 
0083       1 
0084       1 
0085       1 
0086       1 
0087       1 
0088       1 
0089       1 
0090       1 
0091       1 
0092       1 
0093       1 
0094       1 
0095       1 
0096       1 
0097       1 
0098       1 
0099       1 
0100       1 
0101       1 
0102       1 
0103       1 
0104       1 
0105       1 
0106       1 
0107       1 
0108       1 
0109       1 
0110       1 
0111       1 
0112       1 
0113       1 
0114       1 
0115       1 
0116       1 
0117       1 
0118       1 
0119       1 
0120       1 
0121       1 
0122       1 
0123       1 
0124       1 
0125       1 
0126       1 
0127       1 
0128       1 
0129       1 
0130       1 
0131       1 
0132       1 
0133       1 
0134       1 
0135       1 
0136       1 
0137       1 
0138       1 
0139       1 
0140       1 
0141       1 
0142       1 
0143       1 
0144       1 
0145       1 
0146       1 
0147       1 
0148       1 
0149       1 
0150       1 
0151       1 
0152       1 
0153       1 
0154       1 
0155       1 
0156       1 
0157       1 
0158       1 
0159       1 
0160       1 
0161       1 
0162       1 
0163       1 
0164       1 
0165       1 
0166       1 
0167       1 
0168       1 
0169       1 
0170       1 
0171       1 
0172       1 
0173       1 
0174       1 
0175       1 
0176       1 
0177       1 
0178       1 
0179       1 
0180       1 
0181       1 
0182       1 
0183       1 
0184       1 
0185       1 
0186       1 
0187       1 
0188       1 
0189       1 
0190       1 
0191       1 
0192       1 
0193       1 
0194       1 
0195       1 
0196       1 
0197       1 
0198       1 
0199       1 
0200       1 
0201       1 
0202       1 
0203       1 
0204       1 
0205       1 
0206       1 
0207       1 
0208       1 
0209       1 
0210       1 
0211       1 
0212       1 
0213       1 
0214       1 
0215       1 
0216       1 
0217       1 
0218       1 
0219       1 
0220       1 
0221       1 
0222       1 
0223       1 
0224       1 
0225       1 
0226       1 
0227       1 
0228       1 
0229       1 
0230       1 
0231       1 
0232       1 
0233       1 
0234       1 
0235       1 
0236       1 
0237       1 
0238       1 
0239       1 
0240       1 
0241       1 
0242       1 
0243       1 
0244       1 
0245       1 
0246       1 
0247       1 
0248       1 
0249       1 
0250       1 
0251       1 
0252       1 
0253       1 
0254       1 
0255       1 
0256       1 
0257       1 
0258       1 
0259       1 
0260       1 
0261       16683 
0262       16705 
0263       16719 
0264       16719 
0265       16657 
0266       16530 
0267       16403 
0268       15816 
0269       1 
0270       1 
0271       1 
0272       14991 
0273       14991 
0274       14991 
0275       14870 
0276       13598 
0277       13585 
0278       13597 
0279       13598 
0280       13694 
0281       13732 
0282       13758 
0283       13765 
0284       13773 
0285       13810 
0286       13859 
0287       13860 
0288       13877 
0289       13881 
0290       13881 
0291       13924 
0292       13931 
0293       14093 
0294       14093 
0295       1 
0296       1 
0297       1 
0298       1 
0299       1 
0300       1 
0301       1 
0302       1 
0303       1 
0304       1 
0305       1 
0306       1 
0307       1 
0308       1 
0309       1 
0310       1 
0311       1 
0312       1 
0313       1 
0314       1 
0315       1 
0316       1 
0317       1 
0318       1 
0319       1 
0320       1 
0321       1 
0322       1 
0323       1 
0324       1 
0325       15276 
0326       15285 
0327       15285 
0328       12557 
0329       12528 
0330       12498 
0331       12443 
0332       12422 
0333       12202 
0334       12202 
0335       12202 
0336       12202 
0337       12178 
0338       12164 
0339       12116 
0340       12108 
0341       12108 
0342       12201 
0343       12231 
0344       12272 
0345       12317 
0346       12272 
0347       12243 
0348       12243 
0349       12254 
0350       12278 
0351       12320 
0352       13338 
0353       13338 
0354       13201 
0355       13064 
0356       13064 
0357       13075 
0358       13075 
0359       13057 
0360       11012 
0361       10935 
0362       10796 
0363       10796 
0364       10791 
0365       10682 
0366       10652 
0367       10574 
0368       10534 
0369       10470 
0370       10470 
0371       10470 
0372       10420 
0373       10383 
0374       10383 
0375       10383 
0376       10381 
0377       10381 
0378       10402 
0379       10452 
0380       10416 
0381       10430 
0382       10430 
0383       10566 
0384       10668 
0385       10917 
0386       11304 
0387       11304 
0388       11351 
0389       11351 
0390       11351 
0391       11303 
0392       11244 
0393       11162 
0394       11064 
0395       10964 
0396       10964 
0397       10950 
0398       10906 
0399       10892 
0400       10892 
0401       10872 
0402       10866 
0403       10824 
0404       10803 
0405       10768 
0406       10730 
0407       10712 
0408       10683 
0409       10638 
0410       10628 
0411       10573 
0412       10525 
0413       10511 
0414       10492 
0415       10456 
0416       10413 
0417       10393 
0418       10358 
0419       10319 
0420       10292 
0421       10265 
0422       10223 
0423       10201 
0424       10172 
0425       10137 
0426       10121 
0427       10111 
0428       10065 
0429       10029 
0430       10006 
0431       9971 
0432       9971 
0433       9947 
0434       9903 
0435       9864 
0436       9848 
0437       9814 
0438       9788 
0439       9783 
0440       9740 
0441       9711 
0442       9697 
0443       9660 
0444       9641 
0445       9626 
0446       9612 
0447       9578 
0448       9562 
0449       9544 
0450       9520 
0451       9504 
0452       9479 
0453       9456 
0454       9435 
0455       9432 
0456       8076 
0457       8010 
0458       7901 
0459       7879 
0460       7817 
0461       7801 
0462       7766 
0463       7739 
0464       7708 
0465       7697 
0466       7667 
0467       7647 
0468       7647 
0469       7643 
0470       7621 
0471       7577 
0472       7577 
0473       7593 
0474       7593 
0475       7571 
0476       7570 
0477       7570 
0478       7593 
0479       7597 
0480       7593 
0481       7588 
0482       7588 
0483       7632 
0484       7700 
0485       7728 
0486       7769 
0487       7816 
0488       7934 
0489       8027 
0490       8098 
0491       8122 
0492       8400 
0493       8691 
0494       8691 
0495       8519 
0496       6716 
0497       6716 
0498       6736 
0499       6741 
0500       6775 
0501       6825 
0502       6825 
0503       6757 
0504       6740 
0505       6719 
0506       6717 
0507       6691 
0508       6678 
0509       6666 
0510       6666 
0511       6747 
0512       7079 
0513       7130 
0514       7157 
0515       7199 
0516       7199 
0517       7196 
0518       7155 
0519       7155 
0520       7154 
0521       7154 
0522       7149 
0523       7138 
0524       7106 
0525       7007 
0526       6924 
0527       6884 
0528       6882 
0529       6869 
0530       6869 
0531       6869 
0532       6861 
0533       6826 
0534       6825 
0535       6816 
0536       6825 
0537       6825 
0538       6864 
0539       6929 
0540       6957 
0541       6997 
0542       6997 
0543       7073 
0544       7185 
0545       7219 
0546       7225 
0547       7226 
0548       7225 
0549       7208 
0550       7181 
0551       7133 
0552       7133 
0553       7165 
0554       7165 
0555       7160 
0556       7160 
0557       7184 
0558       7213 
0559       7258 
0560       7296 
0561       7315 
0562       7346 
0563       7379 
0564       7392 
0565       7397 
0566       7397 
0567       7391 
0568       7391 
0569       7460 
0570       7667 
0571       8560 
0572       8609 
0573       8609 
0574       8609 
0575       8613 
0576       8614 
0577       8632 
0578       8635 
0579       8635 
0580       8635 
0581       8641 
0582       8642 
0583       8643 
0584       8657 
0585       8661 
0586       8661 
0587       8658 
0588       8658 
0589       8664 
0590       8671 
0591       8684 
0592       8693 
0593       8694 
0594       8725 
0595       8743 
0596       8743 
0597       8735 
0598       8735 
0599       8744 
0600       8756 
0601       8766 
0602       8790 
0603       8796 
0604       8805 
0605       8805 
0606       8820 
0607       8820 
0608       8832 
0609       8838 
0610       8847 
0611       8847 
0612       8861 
0613       8867 
0614       8867 
0615       8890 
0616       8904 
0617       8906 
0618       8908 
0619       8929 
0620       8937 
0621       8943 
0622       8965 
0623       8971 
0624       8992 
0625       8997 
0626       9005 
0627       9042 
0628       9042 
0629       9042 
0630       9037 
0631       9036 
0632       9027 
0633       9021 
0634       9006 
0635       8969 
0636       8958 
0637       8870 
0638       8771 
0639       8732 
0640       8655 
0641       8558 
0642       8541 
0643       8522 
0644       8505 
0645       8494 
0646       8505 
0647       8506 
0648       8532 
0649       8538 
0650       8560 
0651       8575 
0652       8604 
0653       8608 
0654       8621 
0655       8647 
0656       8674 
0657       8685 
0658       8708 
0659       8773 
0660       8825 
0661       8909 
0662       8909 
0663       8909 
0664       8910 
0665       9480 
0666       9558 
0667       9609 
0668       9635 
0669       9637 
0670       9710 
0671       9756 
0672       9759 
0673       9777 
0674       9804 
0675       9848 
0676       9858 
0677       9901 
0678       9920 
0679       9934 
0680       9967 
0681       10004 
0682       10040 
0683       10051 
0684       10082 
0685       10090 
0686       10141 
0687       10172 
0688       10209 
0689       10220 
0690       10251 
0691       10253 
0692       10313 
0693       10333 
0694       10373 
0695       10406 
0696       10445 
0697       10462 
0698       10492 
0699       10522 
0700       10560 
0701       10608 
0702       10627 
0703       10668 
0704       10704 
0705       10730 
0706       10776 
0707       10818 
0708       10829 
0709       10863 
0710       10907 
0711       10963 
0712       10983 
0713       11028 
0714       11044 
0715       11104 
0716       11138 
0717       11166 
0718       11176 
0719       11244 
0720       11290 
0721       11395 
0722       11471 
0723       11477 
0724       11577 
0725       11672 
0726       11723 
0727       11774 
0728       11798 
0729       11798 
0730       11753 
0731       11607 
0732       11534 
0733       11493 
0734       11431 
0735       11404 
0736       11330 
0737       11292 
0738       11240 
0739       11187 
0740       11146 
0741       11080 
0742       11066 
0743       10995 
0744       10946 
0745       10911 
0746       10872 
0747       10823 
0748       10770 
0749       10745 
0750       10711 
0751       10711 
0752       10724 
0753       10752 
0754       10752 
0755       10693 
0756       10667 
0757       10627 
0758       10595 
0759       10550 
0760       10505 
0761       10473 
0762       10436 
0763       10421 
0764       10366 
0765       10337 
0766       10297 
0767       10270 
0768       10229 
0769       10186 
0770       10168 
0771       10131 
0772       10105 
0773       10048 
0774       9869 
0775       9778 
0776       9748 
0777       9716 
0778       9681 
0779       9657 
0780       9622 
0781       9608 
0782       9573 
0783       9542 
0784       9509 
0785       9489 
0786       9465 
0787       9434 
0788       9416 
0789       9395 
0790       9349 
0791       9326 
0792       9293 
0793       9292 
0794       9261 
0795       9230 
0796       9207 
0797       9189 
0798       9166 
0799       9132 
0800       9121 
0801       9109 
0802       9079 
0803       9057 
0804       9031 
0805       9006 
0806       9002 
0807       8980 
0808       8958 
0809       8921 
0810       8895 
0811       8869 
0812       8865 
0813       8845 
0814       8837 
0815       8837 
0816       8858 
0817       8858 
0818       8840 
0819       8835 
0820       8827 
0821       8809 
0822       8788 
0823       8759 
0824       8725 
0825       8718 
0826       8698 
0827       8685 
0828       8680 
0829       8644 
0830       8625 
0831       8612 
0832       8597 
0833       8560 
0834       8550 
0835       8534 
0836       8506 
0837       8493 
0838       8473 
0839       8455 
0840       8428 
0841       8404 
0842       8403 
0843       8395 
0844       8363 
0845       8350 
0846       8321 
0847       8271 
0848       8237 
0849       8233 
0850       8219 
0851       8219 
0852       8203 
0853       8203 
0854       8208 
0855       8208 
0856       8188 
0857       8166 
0858       8134 
0859       8134 
0860       8126 
0861       8110 
0862       8040 
0863       8040 
0864       8000 
0865       7990 
0866       7981 
0867       7950 
0868       7943 
0869       7937 
0870       7860 
0871       7860 
0872       7869 
0873       7902 
0874       7869 
0875       7851 
0876       7842 
0877       7817 
0878       7817 
0879       7796 
0880       7774 
0881       7738 
0882       7701 
0883       7701 
0884       7907 
0885       8142 
0886       8458 
0887       8458 
0888       8458 
0889       8773 
0890       11170 
0891       11176 
0892       11170 
0893       1 
0894       1 
0895       1 
0896       1 
0897       1 
0898       1 
0899       1 
0900       1 
0901       1 
0902       1 
0903       1 
0904       1 
0905       1 
0906       1 
0907       1 
0908       1 
0909       1 
0910       1 
0911       1 
0912       1 
0913       1 
0914       1 
0915       1 
0916       1 
0917       1 
0918       1 
0919       1 
0920       1 
0921       1 
0922       1 
0923       1 
0924       1 
0925       1 
0926       1 
0927       1 
0928       1 
0929       1 
0930       1 
0931       1 
0932       1 
0933       1 
0934       1 
0935       1 
0936       1 
0937       1 
0938       1 
0939       1 
0940       1 
0941       1 
0942       1 
0943       1 
0944       1 
0945       1 
0946       1 
0947       1 
0948       1 
0949       1 
0950       1 
0951       1 
0952       1 
0953       1 
0954       1 
0955       1 
0956       1 
0957       1 
0958       1 
0959       1 
0960       1 
0961       1 
0962       1 
0963       1 
0964       1 
0965       1 
0966       1 
0967       1 
0968       1 
0969       1 
0970       1 
0971       1 
0972       1 
0973       1 
0974       1 
0975       1 
0976       1 
0977       1 
0978       1 
0979       1 
0980       1 
0981       1 
0982       1 
0983       1 
0984       1 
0985       1 
0986       1 
0987       1 
0988       1 
0989       1 
0990       1 
0991       1 
0992       1 
0993       1 
0994       1 
0995       1 
0996       1 
0997       1 
0998       1 
0999       1 
1000       1 
1001       1 
1002       1 
1003       1 
1004       1 
1005       1 
1006       1 
1007       1 
1008       4 
1009       4 
1010       4 
1011       43 
1012       4 
1013       4 
1014       4 
1015       42 
1016       42 
1017       50 
1018       50 
1019       56 
1020       57 
1021       57 
1022       65 
1023       61 
1024       57 
1025       56 
1026       61 
1027       54 
1028       49 
1029       49 
1030       49 
1031       49 
1032       54 
1033       54 
1034       54 
1035       65 
1036       65 
1037       65 
1038       67 
1039       71 
1040       74 
1041       74 
1042       71 
1043       70 
1044       68 
1045       63 
1046       63 
1047       63 
1048       63 
1049       63 
1050       64 
1051       64 
1052       66 
1053       66 
1054       66 
1055       65 
1056       64 
1057       64 
1058       65 
1059       65 
1060       66 
1061       66 
1062       66 
1063       66 
1064       61 
1065       61 
1066       64 
1067       64 
1068       64 
1069       67 
1070       67 
1071       66 
1072       66 
1073       64 
1074       64 
1075       64 
1076       67 
1077       67 
1078       67 
1079       65 
1297966694.096454
