0000       1 
0001       1 
0002       1 
0003       1 
0004       1 
0005       1 
0006       1 
0007       1 
0008       1 
0009       1 
0010       1 
0011       1 
0012       1 
0013       1 
0014       1 
0015       1 
0016       1 
0017       1 
0018       1 
0019       1 
0020       1 
0021       1 
0022       1 
0023       1 
0024       1 
0025       1 
0026       1 
0027       1 
0028       1 
0029       1 
0030       1 
0031       1 
0032       1 
0033       1 
0034       1 
0035       1 
0036       1 
0037       1 
0038       1 
0039       1 
0040       1 
0041       1 
0042       1 
0043       1 
0044       1 
0045       1 
0046       1 
0047       1 
0048       1 
0049       1 
0050       1 
0051       1 
0052       1 
0053       1 
0054       1 
0055       1 
0056       1 
0057       1 
0058       1 
0059       1 
0060       1 
0061       1 
0062       1 
0063       1 
0064       1 
0065       1 
0066       1 
0067       1 
0068       1 
0069       1 
0070       1 
0071       1 
0072       1 
0073       1 
0074       1 
0075       1 
0076       1 
0077       1 
0078       1 
0079       1 
0080       1 
0081       1 
0082       1 
0083       1 
0084       1 
0085       1 
0086       1 
0087       1 
0088       1 
0089       1 
0090       1 
0091       1 
0092       1 
0093       1 
0094       1 
0095       1 
0096       1 
0097       1 
0098       1 
0099       1 
0100       1 
0101       1 
0102       1 
0103       1 
0104       1 
0105       1 
0106       1 
0107       1 
0108       1 
0109       1 
0110       1 
0111       1 
0112       1 
0113       1 
0114       1 
0115       1 
0116       1 
0117       1 
0118       1 
0119       1 
0120       1 
0121       1 
0122       1 
0123       1 
0124       1 
0125       1 
0126       1 
0127       1 
0128       1 
0129       1 
0130       1 
0131       1 
0132       1 
0133       1 
0134       1 
0135       1 
0136       1 
0137       1 
0138       1 
0139       1 
0140       1 
0141       1 
0142       1 
0143       1 
0144       1 
0145       1 
0146       1 
0147       1 
0148       1 
0149       1 
0150       1 
0151       1 
0152       1 
0153       1 
0154       1 
0155       1 
0156       1 
0157       1 
0158       1 
0159       1 
0160       1 
0161       1 
0162       1 
0163       1 
0164       1 
0165       1 
0166       1 
0167       1 
0168       1 
0169       1 
0170       1 
0171       1 
0172       1 
0173       1 
0174       1 
0175       1 
0176       1 
0177       1 
0178       1 
0179       1 
0180       1 
0181       1 
0182       1 
0183       1 
0184       1 
0185       1 
0186       1 
0187       1 
0188       1 
0189       1 
0190       1 
0191       1 
0192       1 
0193       1 
0194       1 
0195       1 
0196       1 
0197       1 
0198       1 
0199       1 
0200       1 
0201       1 
0202       1 
0203       1 
0204       1 
0205       1 
0206       1 
0207       1 
0208       1 
0209       1 
0210       1 
0211       1 
0212       1 
0213       1 
0214       1 
0215       1 
0216       1 
0217       20331 
0218       20331 
0219       20331 
0220       20331 
0221       20331 
0222       1 
0223       1 
0224       1 
0225       1 
0226       1 
0227       1 
0228       1 
0229       1 
0230       1 
0231       1 
0232       1 
0233       1 
0234       1 
0235       1 
0236       1 
0237       1 
0238       1 
0239       1 
0240       1 
0241       19282 
0242       19319 
0243       19371 
0244       19371 
0245       1 
0246       1 
0247       1 
0248       1 
0249       1 
0250       1 
0251       1 
0252       1 
0253       1 
0254       1 
0255       1 
0256       1 
0257       1 
0258       1 
0259       1 
0260       1 
0261       1 
0262       1 
0263       1 
0264       1 
0265       1 
0266       1 
0267       1 
0268       1 
0269       1 
0270       1 
0271       1 
0272       1 
0273       1 
0274       1 
0275       1 
0276       1 
0277       1 
0278       1 
0279       1 
0280       1 
0281       1 
0282       1 
0283       1 
0284       1 
0285       1 
0286       1 
0287       1 
0288       1 
0289       1 
0290       1 
0291       1 
0292       1 
0293       1 
0294       1 
0295       1 
0296       1 
0297       1 
0298       1 
0299       1 
0300       1 
0301       1 
0302       1 
0303       1 
0304       1 
0305       1 
0306       1 
0307       1 
0308       1 
0309       1 
0310       1 
0311       1 
0312       1 
0313       1 
0314       1 
0315       1 
0316       17641 
0317       17641 
0318       17641 
0319       17344 
0320       17210 
0321       17210 
0322       17059 
0323       16968 
0324       16812 
0325       16735 
0326       16582 
0327       16474 
0328       16328 
0329       16240 
0330       16127 
0331       16004 
0332       15875 
0333       15779 
0334       15659 
0335       15559 
0336       15433 
0337       15322 
0338       15233 
0339       15148 
0340       15049 
0341       14938 
0342       14873 
0343       14795 
0344       14687 
0345       14618 
0346       14529 
0347       14409 
0348       14319 
0349       14241 
0350       14144 
0351       14050 
0352       13992 
0353       13893 
0354       13813 
0355       13721 
0356       13649 
0357       13549 
0358       13446 
0359       13295 
0360       13152 
0361       13015 
0362       12954 
0363       12890 
0364       12808 
0365       12719 
0366       12679 
0367       12602 
0368       12538 
0369       12459 
0370       12422 
0371       12387 
0372       12298 
0373       12225 
0374       12186 
0375       12138 
0376       12058 
0377       12005 
0378       11962 
0379       11922 
0380       11881 
0381       11815 
0382       11755 
0383       11735 
0384       11684 
0385       11662 
0386       11632 
0387       11629 
0388       11629 
0389       11622 
0390       11619 
0391       11569 
0392       11529 
0393       11445 
0394       11410 
0395       11385 
0396       11357 
0397       11295 
0398       11244 
0399       11197 
0400       11153 
0401       11111 
0402       11093 
0403       11077 
0404       11020 
0405       10957 
0406       10950 
0407       10902 
0408       10861 
0409       10824 
0410       10821 
0411       10751 
0412       10718 
0413       10676 
0414       10625 
0415       10599 
0416       10579 
0417       10523 
0418       10517 
0419       10481 
0420       10429 
0421       10407 
0422       10381 
0423       10354 
0424       10312 
0425       10288 
0426       10244 
0427       10228 
0428       10191 
0429       10165 
0430       10137 
0431       10134 
0432       10086 
0433       10052 
0434       10020 
0435       9993 
0436       9960 
0437       9938 
0438       9934 
0439       9903 
0440       9868 
0441       9840 
0442       9793 
0443       9781 
0444       9751 
0445       9735 
0446       9711 
0447       9652 
0448       9633 
0449       9622 
0450       9599 
0451       9591 
0452       9586 
0453       9537 
0454       9505 
0455       9487 
0456       9485 
0457       9444 
0458       9437 
0459       9408 
0460       9378 
0461       9368 
0462       9340 
0463       9331 
0464       9306 
0465       9304 
0466       9304 
0467       9278 
0468       9241 
0469       9228 
0470       9213 
0471       9183 
0472       9180 
0473       9142 
0474       9131 
0475       9118 
0476       9113 
0477       9098 
0478       9059 
0479       9049 
0480       9049 
0481       9036 
0482       9032 
0483       8999 
0484       8978 
0485       8959 
0486       8959 
0487       8922 
0488       8921 
0489       8918 
0490       8913 
0491       8877 
0492       8866 
0493       8852 
0494       8845 
0495       8838 
0496       8828 
0497       8824 
0498       8799 
0499       8788 
0500       8778 
0501       8774 
0502       8765 
0503       8769 
0504       8765 
0505       8732 
0506       8728 
0507       8728 
0508       8716 
0509       8709 
0510       8685 
0511       8680 
0512       8669 
0513       8669 
0514       8652 
0515       8645 
0516       8642 
0517       8632 
0518       8621 
0519       8620 
0520       8611 
0521       8596 
0522       8596 
0523       8585 
0524       8587 
0525       8585 
0526       8584 
0527       8569 
0528       8545 
0529       8545 
0530       8544 
0531       8544 
0532       8538 
0533       8533 
0534       8531 
0535       8531 
0536       8539 
0537       8539 
0538       8516 
0539       8516 
0540       8522 
0541       8522 
0542       8518 
0543       8517 
0544       8503 
0545       8512 
0546       8503 
0547       8497 
0548       8497 
0549       8494 
0550       8485 
0551       8485 
0552       8485 
0553       8488 
0554       8491 
0555       8488 
0556       8488 
0557       8488 
0558       8491 
0559       8491 
0560       8486 
0561       8486 
0562       8486 
0563       8483 
0564       8483 
0565       8484 
0566       8484 
0567       8484 
0568       8480 
0569       8494 
0570       8502 
0571       8514 
0572       8522 
0573       8522 
0574       8522 
0575       8526 
0576       8534 
0577       8534 
0578       8534 
0579       8533 
0580       8533 
0581       8554 
0582       8554 
0583       8554 
0584       8546 
0585       8554 
0586       8564 
0587       8570 
0588       8570 
0589       8582 
0590       8582 
0591       8595 
0592       8609 
0593       8612 
0594       8612 
0595       8618 
0596       8640 
0597       8640 
0598       8650 
0599       8651 
0600       8651 
0601       8651 
0602       8651 
0603       8651 
0604       8645 
0605       8645 
0606       8648 
0607       8657 
0608       8690 
0609       8706 
0610       8713 
0611       8713 
0612       8712 
0613       8712 
0614       8732 
0615       8742 
0616       8757 
0617       8762 
0618       8778 
0619       8789 
0620       8800 
0621       8824 
0622       8825 
0623       8831 
0624       8854 
0625       8854 
0626       8866 
0627       8869 
0628       8885 
0629       8889 
0630       8894 
0631       8914 
0632       8922 
0633       8930 
0634       8933 
0635       8963 
0636       8972 
0637       8986 
0638       8991 
0639       9007 
0640       9020 
0641       9027 
0642       9039 
0643       9077 
0644       9080 
0645       9104 
0646       9110 
0647       9120 
0648       9128 
0649       9145 
0650       9151 
0651       9192 
0652       9197 
0653       9228 
0654       9230 
0655       9272 
0656       9284 
0657       9288 
0658       9308 
0659       9308 
0660       9343 
0661       9348 
0662       9376 
0663       9380 
0664       9419 
0665       9438 
0666       9482 
0667       9487 
0668       9503 
0669       9515 
0670       9543 
0671       9549 
0672       9602 
0673       9609 
0674       9629 
0675       9638 
0676       9681 
0677       9706 
0678       9744 
0679       9755 
0680       9778 
0681       9805 
0682       9840 
0683       9879 
0684       9879 
0685       9906 
0686       9934 
0687       9935 
0688       9985 
0689       10013 
0690       10036 
0691       10075 
0692       10090 
0693       10090 
0694       10083 
0695       10069 
0696       10069 
0697       10066 
0698       10077 
0699       10102 
0700       10117 
0701       10154 
0702       10174 
0703       10206 
0704       10249 
0705       10276 
0706       10312 
0707       10338 
0708       10369 
0709       10404 
0710       10426 
0711       10449 
0712       10485 
0713       10499 
0714       10556 
0715       10556 
0716       7742 
0717       7720 
0718       7742 
0719       7794 
0720       7795 
0721       7819 
0722       7841 
0723       7880 
0724       7910 
0725       7942 
0726       7968 
0727       8003 
0728       8036 
0729       8046 
0730       8047 
0731       8046 
0732       8047 
0733       8050 
0734       8078 
0735       8126 
0736       8146 
0737       8156 
0738       8186 
0739       8186 
0740       8161 
0741       8098 
0742       8054 
0743       8014 
0744       7966 
0745       7938 
0746       7914 
0747       7875 
0748       7869 
0749       7805 
0750       5680 
0751       5680 
0752       5680 
0753       5671 
0754       5653 
0755       5637 
0756       5584 
0757       5543 
0758       5519 
0759       5491 
0760       5449 
0761       5406 
0762       5381 
0763       5352 
0764       5330 
0765       5295 
0766       5262 
0767       5213 
0768       5182 
0769       5156 
0770       5151 
0771       5100 
0772       5044 
0773       4994 
0774       4953 
0775       4931 
0776       4911 
0777       4906 
0778       4906 
0779       4906 
0780       4924 
0781       4926 
0782       4932 
0783       4975 
0784       5005 
0785       5048 
0786       5063 
0787       5106 
0788       5136 
0789       5193 
0790       5235 
0791       5284 
0792       5323 
0793       5335 
0794       5392 
0795       5438 
0796       5481 
0797       5522 
0798       5592 
0799       5677 
0800       5757 
0801       5816 
0802       5876 
0803       5931 
0804       5988 
0805       6047 
0806       6131 
0807       6186 
0808       6263 
0809       6317 
0810       6357 
0811       6397 
0812       6458 
0813       6513 
0814       6584 
0815       6628 
0816       6702 
0817       6757 
0818       6831 
0819       6903 
0820       6960 
0821       7031 
0822       7099 
0823       7164 
0824       7223 
0825       7275 
0826       7362 
0827       7405 
0828       7470 
0829       7544 
0830       7603 
0831       7700 
0832       7779 
0833       7839 
0834       7858 
0835       7868 
0836       7943 
0837       8050 
0838       8202 
0839       8421 
0840       8587 
0841       8645 
0842       8645 
0843       8630 
0844       8622 
0845       8597 
0846       8593 
0847       8584 
0848       8577 
0849       8570 
0850       8552 
0851       8552 
0852       10124 
0853       10237 
0854       10335 
0855       10519 
0856       10638 
0857       10804 
0858       10982 
0859       11095 
0860       11322 
0861       11550 
0862       11731 
0863       11896 
0864       12123 
0865       12358 
0866       12596 
0867       12886 
0868       13089 
0869       13281 
0870       13418 
0871       13905 
0872       13905 
0873       14169 
0874       14564 
0875       15055 
0876       15091 
0877       15091 
0878       15106 
0879       22612 
0880       22644 
0881       22612 
0882       22606 
0883       22584 
0884       22574 
0885       22574 
0886       22548 
0887       22515 
0888       22508 
0889       22508 
0890       22508 
0891       22471 
0892       22417 
0893       22417 
0894       1 
0895       1 
0896       1 
0897       1 
0898       1 
0899       1 
0900       1 
0901       22669 
0902       22703 
0903       22669 
0904       22674 
0905       22662 
0906       22662 
0907       22646 
0908       22646 
0909       22375 
0910       22367 
0911       22357 
0912       22355 
0913       22355 
0914       22348 
0915       22336 
0916       22335 
0917       22335 
0918       22384 
0919       22384 
0920       22385 
0921       22386 
0922       22386 
0923       22386 
0924       1 
0925       1 
0926       1 
0927       1 
0928       1 
0929       1 
0930       1 
0931       26136 
0932       26204 
0933       26389 
0934       26204 
0935       26204 
0936       1 
0937       1 
0938       1 
0939       1 
0940       1 
0941       1 
0942       1 
0943       1 
0944       1 
0945       1 
0946       1 
0947       1 
0948       1 
0949       1 
0950       1 
0951       1 
0952       1 
0953       1 
0954       1 
0955       1 
0956       1 
0957       1 
0958       1 
0959       1 
0960       1 
0961       1 
0962       1 
0963       1 
0964       1 
0965       1 
0966       1 
0967       1 
0968       1 
0969       1 
0970       1 
0971       1 
0972       1 
0973       1 
0974       1 
0975       1 
0976       1 
0977       1 
0978       1 
0979       1 
0980       1 
0981       1 
0982       1 
0983       1 
0984       1 
0985       1 
0986       1 
0987       1 
0988       1 
0989       1 
0990       1 
0991       1 
0992       1 
0993       1 
0994       1 
0995       1 
0996       1 
0997       1 
0998       1 
0999       1 
1000       1 
1001       1 
1002       1 
1003       1 
1004       1 
1005       1 
1006       4 
1007       4 
1008       4 
1009       4 
1010       4 
1011       4 
1012       50 
1013       51 
1014       50 
1015       53 
1016       53 
1017       53 
1018       56 
1019       56 
1020       56 
1021       56 
1022       56 
1023       56 
1024       68 
1025       65 
1026       65 
1027       65 
1028       65 
1029       61 
1030       56 
1031       56 
1032       56 
1033       56 
1034       58 
1035       64 
1036       67 
1037       66 
1038       66 
1039       67 
1040       67 
1041       67 
1042       69 
1043       72 
1044       72 
1045       72 
1046       70 
1047       70 
1048       68 
1049       68 
1050       68 
1051       68 
1052       68 
1053       71 
1054       71 
1055       71 
1056       71 
1057       68 
1058       68 
1059       66 
1060       68 
1061       67 
1062       67 
1063       67 
1064       68 
1065       67 
1066       67 
1067       63 
1068       62 
1069       62 
1070       63 
1071       67 
1072       67 
1073       69 
1074       69 
1075       67 
1076       67 
1077       69 
1078       62 
1079       57 
1297966623.318818
