0000       1 
0001       1 
0002       1 
0003       1 
0004       1 
0005       1 
0006       1 
0007       1 
0008       1 
0009       1 
0010       1 
0011       1 
0012       1 
0013       1 
0014       1 
0015       1 
0016       1 
0017       1 
0018       1 
0019       1 
0020       1 
0021       1 
0022       1 
0023       1 
0024       1 
0025       1 
0026       1 
0027       1 
0028       1 
0029       1 
0030       1 
0031       1 
0032       1 
0033       1 
0034       1 
0035       1 
0036       1 
0037       1 
0038       1 
0039       1 
0040       1 
0041       1 
0042       1 
0043       1 
0044       1 
0045       1 
0046       1 
0047       1 
0048       1 
0049       1 
0050       1 
0051       1 
0052       1 
0053       1 
0054       1 
0055       1 
0056       1 
0057       1 
0058       1 
0059       1 
0060       1 
0061       1 
0062       1 
0063       1 
0064       1 
0065       1 
0066       1 
0067       1 
0068       1 
0069       1 
0070       1 
0071       1 
0072       1 
0073       1 
0074       1 
0075       1 
0076       1 
0077       1 
0078       1 
0079       1 
0080       1 
0081       1 
0082       1 
0083       1 
0084       1 
0085       1 
0086       1 
0087       1 
0088       1 
0089       1 
0090       1 
0091       1 
0092       1 
0093       1 
0094       1 
0095       1 
0096       1 
0097       1 
0098       1 
0099       1 
0100       1 
0101       1 
0102       1 
0103       1 
0104       1 
0105       1 
0106       1 
0107       1 
0108       1 
0109       1 
0110       1 
0111       1 
0112       1 
0113       1 
0114       1 
0115       1 
0116       1 
0117       1 
0118       1 
0119       1 
0120       1 
0121       1 
0122       1 
0123       1 
0124       1 
0125       1 
0126       1 
0127       1 
0128       1 
0129       1 
0130       1 
0131       1 
0132       1 
0133       1 
0134       1 
0135       1 
0136       1 
0137       1 
0138       1 
0139       1 
0140       1 
0141       1 
0142       1 
0143       1 
0144       1 
0145       1 
0146       1 
0147       1 
0148       1 
0149       1 
0150       1 
0151       1 
0152       1 
0153       1 
0154       1 
0155       1 
0156       1 
0157       1 
0158       1 
0159       1 
0160       1 
0161       1 
0162       1 
0163       1 
0164       1 
0165       1 
0166       1 
0167       1 
0168       1 
0169       1 
0170       1 
0171       1 
0172       1 
0173       1 
0174       1 
0175       1 
0176       1 
0177       1 
0178       1 
0179       1 
0180       1 
0181       1 
0182       1 
0183       1 
0184       1 
0185       1 
0186       1 
0187       1 
0188       1 
0189       1 
0190       1 
0191       1 
0192       1 
0193       1 
0194       1 
0195       1 
0196       1 
0197       1 
0198       1 
0199       1 
0200       1 
0201       1 
0202       1 
0203       1 
0204       1 
0205       1 
0206       1 
0207       1 
0208       1 
0209       1 
0210       1 
0211       1 
0212       1 
0213       1 
0214       1 
0215       1 
0216       1 
0217       1 
0218       1 
0219       1 
0220       1 
0221       1 
0222       1 
0223       1 
0224       1 
0225       1 
0226       1 
0227       1 
0228       1 
0229       1 
0230       1 
0231       1 
0232       1 
0233       1 
0234       1 
0235       1 
0236       1 
0237       1 
0238       1 
0239       1 
0240       1 
0241       1 
0242       1 
0243       1 
0244       1 
0245       1 
0246       1 
0247       1 
0248       1 
0249       1 
0250       1 
0251       1 
0252       1 
0253       1 
0254       1 
0255       1 
0256       1 
0257       1 
0258       1 
0259       1 
0260       1 
0261       1 
0262       1 
0263       1 
0264       1 
0265       1 
0266       1 
0267       1 
0268       1 
0269       1 
0270       1 
0271       1 
0272       13462 
0273       13462 
0274       13568 
0275       13462 
0276       13413 
0277       13309 
0278       13227 
0279       13104 
0280       12928 
0281       12873 
0282       12613 
0283       12539 
0284       12539 
0285       12441 
0286       12329 
0287       12180 
0288       12030 
0289       12030 
0290       11936 
0291       11879 
0292       11767 
0293       11679 
0294       11592 
0295       11523 
0296       11439 
0297       11351 
0298       11236 
0299       11165 
0300       11092 
0301       11037 
0302       10926 
0303       10832 
0304       10787 
0305       10680 
0306       10659 
0307       10546 
0308       10492 
0309       10448 
0310       10387 
0311       10315 
0312       10247 
0313       10205 
0314       10160 
0315       10088 
0316       9984 
0317       9966 
0318       9865 
0319       9837 
0320       9785 
0321       9703 
0322       9631 
0323       9610 
0324       9534 
0325       9513 
0326       9453 
0327       9386 
0328       9345 
0329       9282 
0330       9237 
0331       9194 
0332       9158 
0333       9129 
0334       9062 
0335       8994 
0336       8953 
0337       8925 
0338       8891 
0339       8837 
0340       8796 
0341       8750 
0342       8710 
0343       8680 
0344       8627 
0345       8586 
0346       8546 
0347       8497 
0348       8495 
0349       8441 
0350       8385 
0351       8354 
0352       8326 
0353       8303 
0354       8259 
0355       8207 
0356       8150 
0357       8120 
0358       8103 
0359       8099 
0360       8050 
0361       8024 
0362       7976 
0363       7941 
0364       7933 
0365       7883 
0366       7869 
0367       7829 
0368       7786 
0369       7749 
0370       7720 
0371       7698 
0372       7698 
0373       7640 
0374       7595 
0375       7585 
0376       7547 
0377       7542 
0378       7504 
0379       7492 
0380       7483 
0381       7439 
0382       7416 
0383       7401 
0384       7348 
0385       7334 
0386       7297 
0387       7282 
0388       7269 
0389       7247 
0390       7225 
0391       7215 
0392       7203 
0393       7172 
0394       7119 
0395       7102 
0396       7098 
0397       7070 
0398       7051 
0399       7050 
0400       7010 
0401       6981 
0402       6966 
0403       6944 
0404       6938 
0405       6918 
0406       6900 
0407       6883 
0408       6873 
0409       6838 
0410       6822 
0411       6808 
0412       6790 
0413       6771 
0414       6762 
0415       6756 
0416       6747 
0417       6692 
0418       6687 
0419       6679 
0420       6644 
0421       6635 
0422       6635 
0423       6610 
0424       6609 
0425       6582 
0426       6576 
0427       6527 
0428       6527 
0429       6510 
0430       6501 
0431       6498 
0432       6476 
0433       6474 
0434       6462 
0435       6457 
0436       6426 
0437       6424 
0438       6412 
0439       6407 
0440       6388 
0441       6373 
0442       6372 
0443       6366 
0444       6341 
0445       6333 
0446       6315 
0447       6307 
0448       6307 
0449       6288 
0450       6293 
0451       6287 
0452       6255 
0453       6250 
0454       6234 
0455       6233 
0456       6212 
0457       6212 
0458       6206 
0459       6206 
0460       6198 
0461       6191 
0462       6176 
0463       6157 
0464       6144 
0465       6133 
0466       6129 
0467       6116 
0468       6113 
0469       6105 
0470       6103 
0471       6099 
0472       6099 
0473       6083 
0474       6077 
0475       6066 
0476       6060 
0477       6059 
0478       6055 
0479       6050 
0480       6041 
0481       6028 
0482       6018 
0483       6018 
0484       6025 
0485       6025 
0486       6004 
0487       6002 
0488       5995 
0489       5984 
0490       5981 
0491       5972 
0492       5971 
0493       5971 
0494       5971 
0495       5974 
0496       5948 
0497       5948 
0498       5948 
0499       5920 
0500       5919 
0501       5919 
0502       5919 
0503       5893 
0504       5791 
0505       5729 
0506       5709 
0507       5698 
0508       5695 
0509       5684 
0510       5675 
0511       5675 
0512       5702 
0513       5824 
0514       6252 
0515       6661 
0516       7072 
0517       7567 
0518       8128 
0519       8443 
0520       8523 
0521       8523 
0522       8531 
0523       8528 
0524       8528 
0525       8519 
0526       8517 
0527       8505 
0528       8505 
0529       8521 
0530       8521 
0531       8518 
0532       8518 
0533       8525 
0534       8527 
0535       8527 
0536       8527 
0537       8521 
0538       8521 
0539       8520 
0540       8520 
0541       8534 
0542       8534 
0543       8532 
0544       8529 
0545       8532 
0546       8533 
0547       8533 
0548       8553 
0549       8557 
0550       8586 
0551       8659 
0552       8703 
0553       8704 
0554       8727 
0555       8727 
0556       8738 
0557       8738 
0558       8731 
0559       8731 
0560       8749 
0561       8751 
0562       8761 
0563       8763 
0564       8771 
0565       8778 
0566       8787 
0567       8809 
0568       8813 
0569       8817 
0570       8817 
0571       8822 
0572       8803 
0573       8825 
0574       8849 
0575       8850 
0576       8854 
0577       8861 
0578       8867 
0579       8872 
0580       8873 
0581       8881 
0582       8898 
0583       8894 
0584       8911 
0585       8911 
0586       8930 
0587       8948 
0588       8955 
0589       8948 
0590       8961 
0591       8969 
0592       8987 
0593       8990 
0594       9002 
0595       9008 
0596       9024 
0597       9038 
0598       9038 
0599       9054 
0600       9079 
0601       9089 
0602       9093 
0603       9102 
0604       9119 
0605       9134 
0606       9150 
0607       9163 
0608       9171 
0609       9181 
0610       9191 
0611       9217 
0612       9230 
0613       9233 
0614       9247 
0615       9275 
0616       9280 
0617       9298 
0618       9314 
0619       9342 
0620       9352 
0621       9355 
0622       9402 
0623       9403 
0624       9403 
0625       9424 
0626       9436 
0627       9470 
0628       9475 
0629       9509 
0630       9528 
0631       9531 
0632       9539 
0633       9573 
0634       9578 
0635       9601 
0636       9619 
0637       9649 
0638       9649 
0639       9662 
0640       9699 
0641       9707 
0642       9759 
0643       9768 
0644       9791 
0645       9794 
0646       9816 
0647       9853 
0648       9874 
0649       9886 
0650       9911 
0651       9934 
0652       9935 
0653       9961 
0654       10012 
0655       10035 
0656       10055 
0657       10070 
0658       10107 
0659       10115 
0660       10147 
0661       10162 
0662       10200 
0663       10229 
0664       10252 
0665       10303 
0666       10327 
0667       10344 
0668       10379 
0669       10417 
0670       10428 
0671       10442 
0672       10477 
0673       10524 
0674       10532 
0675       10571 
0676       10608 
0677       10658 
0678       10662 
0679       10709 
0680       10765 
0681       10802 
0682       10821 
0683       10852 
0684       10897 
0685       10947 
0686       10977 
0687       11035 
0688       11048 
0689       11123 
0690       11151 
0691       11178 
0692       11220 
0693       11246 
0694       11315 
0695       11376 
0696       11409 
0697       11477 
0698       11523 
0699       11550 
0700       11590 
0701       11663 
0702       11694 
0703       11726 
0704       11791 
0705       11848 
0706       11882 
0707       11925 
0708       11991 
0709       12028 
0710       12130 
0711       12175 
0712       12208 
0713       12263 
0714       12309 
0715       12392 
0716       12441 
0717       12540 
0718       12582 
0719       12626 
0720       12678 
0721       12731 
0722       12815 
0723       12865 
0724       12907 
0725       12964 
0726       13024 
0727       13084 
0728       13132 
0729       13203 
0730       13280 
0731       13334 
0732       13429 
0733       13516 
0734       13557 
0735       13629 
0736       13713 
0737       13801 
0738       13882 
0739       13978 
0740       14012 
0741       14108 
0742       14162 
0743       14247 
0744       14338 
0745       14434 
0746       14477 
0747       14579 
0748       14695 
0749       14762 
0750       14838 
0751       14907 
0752       15002 
0753       15069 
0754       15199 
0755       15288 
0756       15384 
0757       15445 
0758       15576 
0759       15670 
0760       15772 
0761       15914 
0762       16010 
0763       16097 
0764       16227 
0765       16345 
0766       16435 
0767       16583 
0768       16670 
0769       16826 
0770       16931 
0771       17092 
0772       17213 
0773       17361 
0774       17476 
0775       17561 
0776       17710 
0777       17856 
0778       17998 
0779       18135 
0780       18317 
0781       18442 
0782       18609 
0783       18757 
0784       18757 
0785       18757 
0786       1 
0787       1 
0788       1 
0789       1 
0790       1 
0791       1 
0792       1 
0793       1 
0794       1 
0795       1 
0796       1 
0797       1 
0798       1 
0799       1 
0800       1 
0801       1 
0802       1 
0803       1 
0804       1 
0805       1 
0806       1 
0807       1 
0808       1 
0809       1 
0810       1 
0811       1 
0812       1 
0813       1 
0814       1 
0815       1 
0816       1 
0817       1 
0818       1 
0819       1 
0820       1 
0821       1 
0822       7948 
0823       7948 
0824       1 
0825       1 
0826       1 
0827       1 
0828       1 
0829       1 
0830       1 
0831       1 
0832       23131 
0833       23131 
0834       23131 
0835       23068 
0836       23037 
0837       23030 
0838       23019 
0839       22976 
0840       22959 
0841       22936 
0842       1 
0843       1 
0844       1 
0845       1 
0846       1 
0847       1 
0848       1 
0849       1 
0850       1 
0851       1 
0852       1 
0853       1 
0854       1 
0855       1 
0856       1 
0857       1 
0858       1 
0859       1 
0860       1 
0861       1 
0862       1 
0863       1 
0864       1 
0865       1 
0866       1 
0867       1 
0868       1 
0869       1 
0870       1 
0871       1 
0872       1 
0873       1 
0874       1 
0875       1 
0876       1 
0877       1 
0878       1 
0879       1 
0880       1 
0881       1 
0882       1 
0883       1 
0884       1 
0885       1 
0886       1 
0887       1 
0888       1 
0889       1 
0890       1 
0891       1 
0892       1 
0893       1 
0894       1 
0895       1 
0896       1 
0897       1 
0898       1 
0899       1 
0900       1 
0901       1 
0902       1 
0903       1 
0904       1 
0905       1 
0906       1 
0907       1 
0908       1 
0909       1 
0910       1 
0911       1 
0912       1 
0913       1 
0914       1 
0915       1 
0916       1 
0917       1 
0918       1 
0919       1 
0920       1 
0921       1 
0922       1 
0923       1 
0924       1 
0925       1 
0926       1 
0927       1 
0928       1 
0929       1 
0930       1 
0931       1 
0932       1 
0933       1 
0934       1 
0935       1 
0936       1 
0937       1 
0938       1 
0939       1 
0940       1 
0941       1 
0942       1 
0943       1 
0944       1 
0945       1 
0946       1 
0947       1 
0948       1 
0949       1 
0950       1 
0951       1 
0952       1 
0953       1 
0954       1 
0955       1 
0956       1 
0957       1 
0958       1 
0959       1 
0960       1 
0961       1 
0962       1 
0963       1 
0964       1 
0965       1 
0966       1 
0967       1 
0968       1 
0969       1 
0970       1 
0971       1 
0972       1 
0973       1 
0974       1 
0975       1 
0976       1 
0977       1 
0978       1 
0979       1 
0980       1 
0981       1 
0982       1 
0983       1 
0984       1 
0985       1 
0986       1 
0987       1 
0988       1 
0989       1 
0990       1 
0991       1 
0992       1 
0993       1 
0994       1 
0995       1 
0996       1 
0997       1 
0998       1 
0999       1 
1000       1 
1001       1 
1002       1 
1003       1 
1004       1 
1005       1 
1006       4 
1007       4 
1008       41 
1009       4 
1010       4 
1011       4 
1012       4 
1013       4 
1014       41 
1015       41 
1016       46 
1017       46 
1018       46 
1019       46 
1020       47 
1021       47 
1022       53 
1023       53 
1024       57 
1025       63 
1026       63 
1027       63 
1028       63 
1029       62 
1030       62 
1031       55 
1032       55 
1033       55 
1034       58 
1035       65 
1036       66 
1037       67 
1038       69 
1039       69 
1040       69 
1041       68 
1042       68 
1043       65 
1044       65 
1045       64 
1046       62 
1047       65 
1048       65 
1049       65 
1050       65 
1051       66 
1052       66 
1053       65 
1054       62 
1055       65 
1056       65 
1057       66 
1058       66 
1059       68 
1060       68 
1061       66 
1062       68 
1063       69 
1064       69 
1065       68 
1066       68 
1067       63 
1068       63 
1069       62 
1070       63 
1071       63 
1072       64 
1073       64 
1074       64 
1075       69 
1076       69 
1077       71 
1078       71 
1079       66 
1297966640.055874
