0000       1 
0001       1 
0002       1 
0003       1 
0004       1 
0005       1 
0006       1 
0007       1 
0008       1 
0009       1 
0010       1 
0011       1 
0012       1 
0013       1 
0014       1 
0015       1 
0016       1 
0017       1 
0018       1 
0019       1 
0020       1 
0021       1 
0022       1 
0023       1 
0024       1 
0025       1 
0026       1 
0027       1 
0028       1 
0029       1 
0030       1 
0031       1 
0032       1 
0033       1 
0034       1 
0035       1 
0036       1 
0037       1 
0038       1 
0039       1 
0040       1 
0041       1 
0042       1 
0043       1 
0044       1 
0045       1 
0046       1 
0047       1 
0048       1 
0049       1 
0050       1 
0051       1 
0052       1 
0053       1 
0054       1 
0055       1 
0056       1 
0057       1 
0058       1 
0059       1 
0060       1 
0061       1 
0062       1 
0063       1 
0064       1 
0065       1 
0066       1 
0067       1 
0068       1 
0069       1 
0070       1 
0071       1 
0072       1 
0073       1 
0074       1 
0075       1 
0076       1 
0077       1 
0078       1 
0079       1 
0080       1 
0081       1 
0082       1 
0083       1 
0084       1 
0085       1 
0086       1 
0087       1 
0088       1 
0089       1 
0090       1 
0091       1 
0092       1 
0093       1 
0094       1 
0095       1 
0096       1 
0097       1 
0098       1 
0099       1 
0100       1 
0101       1 
0102       1 
0103       1 
0104       1 
0105       1 
0106       1 
0107       1 
0108       1 
0109       1 
0110       1 
0111       1 
0112       1 
0113       1 
0114       1 
0115       1 
0116       1 
0117       1 
0118       1 
0119       1 
0120       1 
0121       1 
0122       1 
0123       1 
0124       1 
0125       1 
0126       1 
0127       1 
0128       1 
0129       1 
0130       1 
0131       1 
0132       1 
0133       1 
0134       1 
0135       1 
0136       1 
0137       1 
0138       1 
0139       1 
0140       1 
0141       1 
0142       1 
0143       1 
0144       1 
0145       1 
0146       1 
0147       1 
0148       1 
0149       1 
0150       1 
0151       1 
0152       1 
0153       1 
0154       1 
0155       1 
0156       1 
0157       1 
0158       1 
0159       1 
0160       1 
0161       1 
0162       1 
0163       1 
0164       1 
0165       1 
0166       1 
0167       1 
0168       1 
0169       1 
0170       1 
0171       1 
0172       1 
0173       1 
0174       1 
0175       1 
0176       1 
0177       1 
0178       1 
0179       1 
0180       1 
0181       1 
0182       1 
0183       1 
0184       1 
0185       1 
0186       1 
0187       1 
0188       1 
0189       1 
0190       1 
0191       1 
0192       1 
0193       1 
0194       1 
0195       1 
0196       1 
0197       1 
0198       1 
0199       1 
0200       1 
0201       1 
0202       1 
0203       1 
0204       1 
0205       1 
0206       1 
0207       1 
0208       1 
0209       1 
0210       1 
0211       1 
0212       1 
0213       1 
0214       1 
0215       1 
0216       1 
0217       1 
0218       1 
0219       1 
0220       1 
0221       1 
0222       1 
0223       1 
0224       1 
0225       1 
0226       1 
0227       1 
0228       1 
0229       1 
0230       1 
0231       1 
0232       1 
0233       1 
0234       1 
0235       1 
0236       1 
0237       1 
0238       1 
0239       1 
0240       1 
0241       1 
0242       1 
0243       1 
0244       1 
0245       1 
0246       1 
0247       1 
0248       1 
0249       1 
0250       1 
0251       1 
0252       1 
0253       1 
0254       1 
0255       1 
0256       1 
0257       1 
0258       1 
0259       1 
0260       1 
0261       1 
0262       1 
0263       1 
0264       1 
0265       1 
0266       1 
0267       1 
0268       1 
0269       1 
0270       1 
0271       1 
0272       1 
0273       1 
0274       1 
0275       1 
0276       1 
0277       1 
0278       1 
0279       1 
0280       1 
0281       1 
0282       1 
0283       1 
0284       1 
0285       1 
0286       1 
0287       1 
0288       1 
0289       1 
0290       1 
0291       1 
0292       1 
0293       1 
0294       1 
0295       1 
0296       1 
0297       1 
0298       18763 
0299       18763 
0300       18763 
0301       18562 
0302       18404 
0303       18115 
0304       17991 
0305       17991 
0306       17854 
0307       17746 
0308       17586 
0309       17445 
0310       17308 
0311       17187 
0312       16915 
0313       16836 
0314       16541 
0315       16459 
0316       16459 
0317       16459 
0318       16323 
0319       16219 
0320       16115 
0321       16021 
0322       15884 
0323       15762 
0324       15665 
0325       15571 
0326       15469 
0327       15347 
0328       15268 
0329       15174 
0330       15061 
0331       15002 
0332       14868 
0333       14808 
0334       14743 
0335       14661 
0336       14535 
0337       14503 
0338       14365 
0339       14283 
0340       9069 
0341       9035 
0342       8999 
0343       8966 
0344       8966 
0345       9037 
0346       9061 
0347       9061 
0348       9018 
0349       8997 
0350       8943 
0351       8899 
0352       8855 
0353       8818 
0354       8769 
0355       8735 
0356       8688 
0357       8653 
0358       8615 
0359       8573 
0360       8543 
0361       8479 
0362       8471 
0363       8423 
0364       8370 
0365       8340 
0366       8318 
0367       8278 
0368       8224 
0369       8194 
0370       8160 
0371       8112 
0372       8103 
0373       8057 
0374       8039 
0375       7977 
0376       7959 
0377       7933 
0378       7910 
0379       7895 
0380       7837 
0381       7811 
0382       7754 
0383       7730 
0384       7730 
0385       7713 
0386       7649 
0387       7630 
0388       7592 
0389       7580 
0390       7549 
0391       7515 
0392       7497 
0393       7475 
0394       7442 
0395       7421 
0396       7390 
0397       7375 
0398       7355 
0399       7335 
0400       7332 
0401       7292 
0402       7254 
0403       7237 
0404       7223 
0405       7193 
0406       7182 
0407       7155 
0408       7136 
0409       7119 
0410       7093 
0411       7055 
0412       7027 
0413       7021 
0414       7021 
0415       6991 
0416       6967 
0417       6921 
0418       6912 
0419       6919 
0420       6910 
0421       6873 
0422       6846 
0423       6829 
0424       6824 
0425       6811 
0426       6783 
0427       6765 
0428       6763 
0429       6723 
0430       6716 
0431       6696 
0432       6692 
0433       6677 
0434       6660 
0435       6649 
0436       6626 
0437       6610 
0438       6604 
0439       6597 
0440       6588 
0441       6547 
0442       6541 
0443       6537 
0444       6523 
0445       6518 
0446       6482 
0447       6472 
0448       6459 
0449       6447 
0450       6428 
0451       6420 
0452       6416 
0453       6398 
0454       6378 
0455       6378 
0456       6359 
0457       6346 
0458       6345 
0459       6328 
0460       6317 
0461       6315 
0462       6291 
0463       6286 
0464       6277 
0465       6274 
0466       6266 
0467       6239 
0468       6235 
0469       6234 
0470       6220 
0471       6218 
0472       6218 
0473       6189 
0474       6183 
0475       6178 
0476       6177 
0477       6166 
0478       6145 
0479       6141 
0480       6134 
0481       6134 
0482       6122 
0483       6117 
0484       6111 
0485       6095 
0486       6089 
0487       6076 
0488       6071 
0489       6071 
0490       6071 
0491       6057 
0492       6048 
0493       6046 
0494       6044 
0495       6030 
0496       6029 
0497       6016 
0498       6025 
0499       6008 
0500       6015 
0501       6008 
0502       5992 
0503       5992 
0504       5994 
0505       5994 
0506       5989 
0507       5964 
0508       5976 
0509       5971 
0510       5971 
0511       5955 
0512       5948 
0513       5953 
0514       5948 
0515       5948 
0516       5939 
0517       5939 
0518       5945 
0519       5945 
0520       5941 
0521       5917 
0522       5917 
0523       5930 
0524       5930 
0525       5920 
0526       5912 
0527       5912 
0528       5914 
0529       5914 
0530       5899 
0531       5899 
0532       5897 
0533       5897 
0534       5897 
0535       5897 
0536       5885 
0537       5884 
0538       5884 
0539       5882 
0540       5885 
0541       5882 
0542       5877 
0543       5877 
0544       5877 
0545       5891 
0546       5891 
0547       5885 
0548       5870 
0549       5870 
0550       5876 
0551       5883 
0552       5897 
0553       5897 
0554       5891 
0555       5891 
0556       5891 
0557       5891 
0558       5895 
0559       5895 
0560       5902 
0561       5902 
0562       5902 
0563       5894 
0564       5907 
0565       5894 
0566       5900 
0567       5900 
0568       5907 
0569       5907 
0570       5907 
0571       5912 
0572       5922 
0573       5932 
0574       5932 
0575       5938 
0576       5921 
0577       5941 
0578       5944 
0579       5947 
0580       5947 
0581       5944 
0582       5944 
0583       5966 
0584       5966 
0585       5978 
0586       5958 
0587       5980 
0588       5982 
0589       5984 
0590       5984 
0591       5993 
0592       6009 
0593       6009 
0594       6009 
0595       6017 
0596       6020 
0597       6025 
0598       6029 
0599       6035 
0600       6041 
0601       6063 
0602       6063 
0603       6063 
0604       6081 
0605       6087 
0606       6090 
0607       6092 
0608       6109 
0609       6113 
0610       6119 
0611       6132 
0612       6134 
0613       6147 
0614       6147 
0615       6162 
0616       6162 
0617       6175 
0618       6186 
0619       6198 
0620       6209 
0621       6217 
0622       6226 
0623       6244 
0624       6245 
0625       6250 
0626       6256 
0627       6267 
0628       6296 
0629       6297 
0630       6306 
0631       6315 
0632       6329 
0633       6337 
0634       6354 
0635       6369 
0636       6385 
0637       6385 
0638       6391 
0639       6421 
0640       6423 
0641       6423 
0642       6444 
0643       6457 
0644       6482 
0645       6485 
0646       6498 
0647       6499 
0648       6511 
0649       6552 
0650       6552 
0651       6569 
0652       6572 
0653       6583 
0654       6589 
0655       6604 
0656       6624 
0657       6630 
0658       6663 
0659       6674 
0660       6704 
0661       6723 
0662       6742 
0663       6768 
0664       6771 
0665       6771 
0666       6810 
0667       6812 
0668       6835 
0669       6862 
0670       6865 
0671       6887 
0672       6900 
0673       6933 
0674       6939 
0675       6974 
0676       6983 
0677       7014 
0678       7048 
0679       7056 
0680       7068 
0681       7068 
0682       7094 
0683       7143 
0684       7157 
0685       7170 
0686       7174 
0687       7199 
0688       7253 
0689       7255 
0690       7279 
0691       7301 
0692       7323 
0693       7358 
0694       7373 
0695       7388 
0696       7398 
0697       7436 
0698       7466 
0699       7487 
0700       7518 
0701       7541 
0702       7562 
0703       7592 
0704       7610 
0705       7654 
0706       7696 
0707       7706 
0708       7744 
0709       7789 
0710       7790 
0711       7852 
0712       7868 
0713       7881 
0714       7919 
0715       7952 
0716       8004 
0717       8040 
0718       8060 
0719       8081 
0720       8112 
0721       8139 
0722       8178 
0723       8213 
0724       8265 
0725       8310 
0726       8344 
0727       8355 
0728       8417 
0729       8435 
0730       8478 
0731       8510 
0732       8560 
0733       8598 
0734       8646 
0735       8693 
0736       8698 
0737       8770 
0738       8803 
0739       8834 
0740       8897 
0741       8944 
0742       8983 
0743       9023 
0744       9061 
0745       9113 
0746       9143 
0747       9226 
0748       9268 
0749       9316 
0750       9349 
0751       9405 
0752       9482 
0753       9497 
0754       9608 
0755       9613 
0756       9665 
0757       9739 
0758       9824 
0759       9855 
0760       9935 
0761       9945 
0762       10055 
0763       10090 
0764       10171 
0765       10211 
0766       10272 
0767       10332 
0768       10408 
0769       10468 
0770       10563 
0771       10599 
0772       10659 
0773       10737 
0774       10838 
0775       10872 
0776       10956 
0777       11052 
0778       11123 
0779       11197 
0780       11268 
0781       11345 
0782       11422 
0783       11550 
0784       11625 
0785       11654 
0786       11782 
0787       11782 
0788       11868 
0789       12281 
0790       12310 
0791       12333 
0792       12333 
0793       12331 
0794       12321 
0795       12285 
0796       12285 
0797       12360 
0798       14052 
0799       14072 
0800       14179 
0801       14259 
0802       14259 
0803       1 
0804       1 
0805       1 
0806       1 
0807       1 
0808       1 
0809       1 
0810       1 
0811       1 
0812       1 
0813       1 
0814       1 
0815       1 
0816       1 
0817       1 
0818       1 
0819       11424 
0820       11424 
0821       11420 
0822       11392 
0823       11376 
0824       11351 
0825       11341 
0826       11315 
0827       11295 
0828       11284 
0829       11261 
0830       11257 
0831       11215 
0832       11209 
0833       11200 
0834       11168 
0835       11145 
0836       11140 
0837       11129 
0838       11120 
0839       11097 
0840       11069 
0841       11056 
0842       11039 
0843       11039 
0844       11038 
0845       11012 
0846       11010 
0847       10993 
0848       10989 
0849       10984 
0850       10980 
0851       10972 
0852       10964 
0853       1 
0854       1 
0855       1 
0856       1 
0857       1 
0858       1 
0859       1 
0860       1 
0861       1 
0862       1 
0863       1 
0864       1 
0865       1 
0866       1 
0867       1 
0868       1 
0869       1 
0870       8001 
0871       8071 
0872       8071 
0873       8219 
0874       8461 
0875       8729 
0876       9051 
0877       9448 
0878       9448 
0879       9448 
0880       9791 
0881       11813 
0882       11813 
0883       8287 
0884       8287 
0885       8266 
0886       8289 
0887       8289 
0888       8255 
0889       8253 
0890       8253 
0891       8253 
0892       8253 
0893       8253 
0894       8242 
0895       8208 
0896       8242 
0897       8245 
0898       8245 
0899       1 
0900       1 
0901       1 
0902       1 
0903       1 
0904       1 
0905       1 
0906       1 
0907       1 
0908       1 
0909       1 
0910       1 
0911       1 
0912       1 
0913       1 
0914       1 
0915       1 
0916       1 
0917       1 
0918       1 
0919       1 
0920       1 
0921       1 
0922       1 
0923       1 
0924       1 
0925       1 
0926       1 
0927       1 
0928       1 
0929       1 
0930       1 
0931       1 
0932       1 
0933       1 
0934       1 
0935       1 
0936       1 
0937       1 
0938       1 
0939       1 
0940       1 
0941       1 
0942       1 
0943       1 
0944       1 
0945       1 
0946       1 
0947       1 
0948       1 
0949       1 
0950       1 
0951       1 
0952       1 
0953       1 
0954       1 
0955       1 
0956       1 
0957       1 
0958       1 
0959       1 
0960       1 
0961       1 
0962       1 
0963       1 
0964       1 
0965       1 
0966       1 
0967       1 
0968       1 
0969       1 
0970       1 
0971       1 
0972       1 
0973       1 
0974       1 
0975       1 
0976       1 
0977       1 
0978       1 
0979       1 
0980       1 
0981       1 
0982       1 
0983       1 
0984       1 
0985       1 
0986       1 
0987       1 
0988       1 
0989       1 
0990       1 
0991       1 
0992       1 
0993       1 
0994       1 
0995       1 
0996       1 
0997       1 
0998       1 
0999       1 
1000       1 
1001       1 
1002       1 
1003       1 
1004       1 
1005       1 
1006       1 
1007       1 
1008       43 
1009       46 
1010       46 
1011       46 
1012       46 
1013       45 
1014       45 
1015       45 
1016       45 
1017       45 
1018       43 
1019       43 
1020       43 
1021       47 
1022       55 
1023       63 
1024       63 
1025       55 
1026       55 
1027       63 
1028       56 
1029       56 
1030       56 
1031       54 
1032       54 
1033       54 
1034       61 
1035       62 
1036       63 
1037       63 
1038       63 
1039       65 
1040       65 
1041       69 
1042       69 
1043       69 
1044       68 
1045       68 
1046       68 
1047       68 
1048       71 
1049       71 
1050       68 
1051       68 
1052       66 
1053       66 
1054       66 
1055       63 
1056       63 
1057       65 
1058       61 
1059       65 
1060       68 
1061       68 
1062       61 
1063       68 
1064       68 
1065       69 
1066       71 
1067       71 
1068       75 
1069       75 
1070       69 
1071       68 
1072       68 
1073       64 
1074       64 
1075       60 
1076       60 
1077       60 
1078       67 
1079       67 
1297966651.955402
