0000       1 
0001       1 
0002       1 
0003       1 
0004       1 
0005       1 
0006       1 
0007       1 
0008       1 
0009       1 
0010       1 
0011       1 
0012       1 
0013       1 
0014       1 
0015       1 
0016       1 
0017       1 
0018       1 
0019       1 
0020       1 
0021       1 
0022       1 
0023       1 
0024       1 
0025       1 
0026       1 
0027       1 
0028       1 
0029       1 
0030       1 
0031       1 
0032       1 
0033       1 
0034       1 
0035       1 
0036       1 
0037       1 
0038       1 
0039       1 
0040       1 
0041       1 
0042       1 
0043       1 
0044       1 
0045       1 
0046       1 
0047       1 
0048       1 
0049       1 
0050       1 
0051       1 
0052       1 
0053       1 
0054       1 
0055       1 
0056       1 
0057       1 
0058       1 
0059       1 
0060       1 
0061       1 
0062       1 
0063       1 
0064       1 
0065       1 
0066       1 
0067       1 
0068       1 
0069       1 
0070       1 
0071       1 
0072       1 
0073       1 
0074       1 
0075       1 
0076       1 
0077       1 
0078       1 
0079       1 
0080       1 
0081       1 
0082       1 
0083       1 
0084       1 
0085       1 
0086       1 
0087       1 
0088       1 
0089       1 
0090       1 
0091       1 
0092       1 
0093       1 
0094       1 
0095       1 
0096       1 
0097       1 
0098       1 
0099       1 
0100       1 
0101       1 
0102       1 
0103       1 
0104       1 
0105       1 
0106       1 
0107       1 
0108       1 
0109       1 
0110       1 
0111       1 
0112       1 
0113       1 
0114       1 
0115       1 
0116       1 
0117       1 
0118       1 
0119       1 
0120       1 
0121       1 
0122       1 
0123       1 
0124       1 
0125       1 
0126       1 
0127       1 
0128       1 
0129       1 
0130       1 
0131       1 
0132       1 
0133       1 
0134       1 
0135       1 
0136       1 
0137       1 
0138       1 
0139       1 
0140       1 
0141       1 
0142       1 
0143       1 
0144       1 
0145       1 
0146       1 
0147       1 
0148       1 
0149       1 
0150       1 
0151       1 
0152       1 
0153       1 
0154       1 
0155       1 
0156       1 
0157       1 
0158       1 
0159       1 
0160       1 
0161       1 
0162       1 
0163       1 
0164       1 
0165       1 
0166       1 
0167       1 
0168       1 
0169       1 
0170       1 
0171       1 
0172       1 
0173       1 
0174       1 
0175       1 
0176       1 
0177       1 
0178       1 
0179       1 
0180       1 
0181       1 
0182       1 
0183       1 
0184       1 
0185       1 
0186       1 
0187       1 
0188       1 
0189       1 
0190       1 
0191       1 
0192       1 
0193       1 
0194       1 
0195       1 
0196       1 
0197       1 
0198       1 
0199       1 
0200       1 
0201       1 
0202       1 
0203       1 
0204       1 
0205       1 
0206       1 
0207       1 
0208       1 
0209       1 
0210       1 
0211       1 
0212       1 
0213       1 
0214       1 
0215       1 
0216       1 
0217       1 
0218       1 
0219       1 
0220       1 
0221       1 
0222       1 
0223       1 
0224       1 
0225       1 
0226       1 
0227       1 
0228       1 
0229       1 
0230       1 
0231       1 
0232       1 
0233       1 
0234       1 
0235       1 
0236       1 
0237       1 
0238       1 
0239       1 
0240       1 
0241       1 
0242       1 
0243       1 
0244       1 
0245       1 
0246       1 
0247       1 
0248       1 
0249       1 
0250       1 
0251       1 
0252       1 
0253       1 
0254       1 
0255       1 
0256       1 
0257       1 
0258       1 
0259       1 
0260       1 
0261       1 
0262       1 
0263       1 
0264       1 
0265       1 
0266       1 
0267       1 
0268       1 
0269       1 
0270       1 
0271       1 
0272       1 
0273       1 
0274       1 
0275       1 
0276       1 
0277       1 
0278       1 
0279       1 
0280       1 
0281       1 
0282       1 
0283       1 
0284       1 
0285       1 
0286       1 
0287       1 
0288       1 
0289       1 
0290       1 
0291       1 
0292       17560 
0293       17560 
0294       17560 
0295       1 
0296       1 
0297       1 
0298       1 
0299       16698 
0300       16698 
0301       16698 
0302       16479 
0303       16379 
0304       16379 
0305       16253 
0306       16127 
0307       15912 
0308       15827 
0309       15827 
0310       15705 
0311       9978 
0312       9910 
0313       9898 
0314       9881 
0315       9881 
0316       9939 
0317       9939 
0318       9910 
0319       9878 
0320       9788 
0321       9772 
0322       9712 
0323       9662 
0324       9595 
0325       9526 
0326       9483 
0327       9435 
0328       9379 
0329       9347 
0330       9276 
0331       9238 
0332       9212 
0333       9151 
0334       9069 
0335       9049 
0336       9026 
0337       8969 
0338       8918 
0339       8851 
0340       8851 
0341       8804 
0342       8741 
0343       8696 
0344       8679 
0345       8636 
0346       8610 
0347       8521 
0348       8518 
0349       8486 
0350       8423 
0351       8417 
0352       8356 
0353       8355 
0354       8302 
0355       8261 
0356       8217 
0357       8201 
0358       8150 
0359       8123 
0360       8076 
0361       8064 
0362       8014 
0363       8006 
0364       7954 
0365       7947 
0366       7902 
0367       7856 
0368       7832 
0369       7788 
0370       7769 
0371       7730 
0372       7707 
0373       7674 
0374       7666 
0375       7633 
0376       7605 
0377       7574 
0378       7551 
0379       7526 
0380       7510 
0381       7490 
0382       7425 
0383       7422 
0384       7393 
0385       7392 
0386       7357 
0387       7341 
0388       7321 
0389       7279 
0390       7269 
0391       7258 
0392       7216 
0393       7208 
0394       7207 
0395       7189 
0396       7159 
0397       7127 
0398       7112 
0399       7094 
0400       7082 
0401       7052 
0402       7038 
0403       7010 
0404       7003 
0405       6980 
0406       6948 
0407       6941 
0408       6924 
0409       6880 
0410       6875 
0411       6854 
0412       6849 
0413       6828 
0414       6800 
0415       6788 
0416       6788 
0417       6784 
0418       6734 
0419       6718 
0420       6705 
0421       6705 
0422       6680 
0423       6670 
0424       6663 
0425       6655 
0426       6629 
0427       6609 
0428       6609 
0429       6599 
0430       6560 
0431       6557 
0432       6524 
0433       6523 
0434       6519 
0435       6511 
0436       6501 
0437       6479 
0438       6462 
0439       6443 
0440       6442 
0441       6432 
0442       6421 
0443       6389 
0444       6388 
0445       6386 
0446       6372 
0447       6370 
0448       6364 
0449       6364 
0450       6361 
0451       6321 
0452       6295 
0453       6295 
0454       6293 
0455       6285 
0456       6281 
0457       6285 
0458       6263 
0459       6250 
0460       6249 
0461       6237 
0462       6233 
0463       6212 
0464       6212 
0465       6212 
0466       6198 
0467       6193 
0468       6182 
0469       6156 
0470       6154 
0471       6154 
0472       6147 
0473       6145 
0474       6133 
0475       6133 
0476       6124 
0477       6111 
0478       6097 
0479       6096 
0480       6080 
0481       6074 
0482       6068 
0483       6068 
0484       6067 
0485       6048 
0486       6046 
0487       6046 
0488       6046 
0489       6040 
0490       6040 
0491       6024 
0492       6024 
0493       6024 
0494       6012 
0495       6003 
0496       5998 
0497       5997 
0498       5988 
0499       5988 
0500       5991 
0501       5991 
0502       5989 
0503       5971 
0504       5971 
0505       5964 
0506       5971 
0507       5971 
0508       5971 
0509       5963 
0510       5952 
0511       5951 
0512       5951 
0513       5956 
0514       5961 
0515       5961 
0516       5962 
0517       5956 
0518       5954 
0519       5953 
0520       5948 
0521       5948 
0522       5942 
0523       5942 
0524       5939 
0525       5937 
0526       5937 
0527       5937 
0528       5934 
0529       5934 
0530       5939 
0531       5939 
0532       5936 
0533       5936 
0534       5945 
0535       5945 
0536       5937 
0537       5937 
0538       5951 
0539       5951 
0540       5955 
0541       5954 
0542       5954 
0543       5951 
0544       5945 
0545       5945 
0546       5945 
0547       5956 
0548       5956 
0549       5954 
0550       5949 
0551       5949 
0552       5960 
0553       5963 
0554       5967 
0555       5980 
0556       5967 
0557       5985 
0558       5985 
0559       5994 
0560       5994 
0561       5994 
0562       5991 
0563       6003 
0564       6011 
0565       6011 
0566       6007 
0567       6004 
0568       6004 
0569       6016 
0570       6022 
0571       6035 
0572       6035 
0573       6037 
0574       6033 
0575       6047 
0576       6047 
0577       6059 
0578       6063 
0579       6070 
0580       6070 
0581       6074 
0582       6089 
0583       6094 
0584       6094 
0585       6098 
0586       6101 
0587       6107 
0588       6115 
0589       6131 
0590       6135 
0591       6154 
0592       6154 
0593       6171 
0594       6171 
0595       6171 
0596       6184 
0597       6185 
0598       6202 
0599       6211 
0600       6217 
0601       6215 
0602       6218 
0603       6218 
0604       6241 
0605       6250 
0606       6284 
0607       6284 
0608       6292 
0609       6292 
0610       6316 
0611       6327 
0612       6334 
0613       6339 
0614       6357 
0615       6361 
0616       6368 
0617       6390 
0618       6393 
0619       6408 
0620       6408 
0621       6425 
0622       6425 
0623       6450 
0624       6453 
0625       6489 
0626       6491 
0627       6496 
0628       6524 
0629       6534 
0630       6537 
0631       6552 
0632       6555 
0633       6574 
0634       6580 
0635       6608 
0636       6610 
0637       6627 
0638       6635 
0639       6659 
0640       6674 
0641       6691 
0642       6705 
0643       6716 
0644       6735 
0645       6743 
0646       6774 
0647       6789 
0648       6794 
0649       6815 
0650       6821 
0651       6862 
0652       6868 
0653       6887 
0654       6906 
0655       6924 
0656       6949 
0657       6957 
0658       6969 
0659       7006 
0660       7011 
0661       7034 
0662       7034 
0663       7047 
0664       7101 
0665       7102 
0666       7145 
0667       7154 
0668       7161 
0669       7201 
0670       7221 
0671       7232 
0672       7261 
0673       7291 
0674       7310 
0675       7342 
0676       7365 
0677       7368 
0678       7383 
0679       7412 
0680       7452 
0681       7476 
0682       7484 
0683       7523 
0684       7563 
0685       7579 
0686       7579 
0687       7612 
0688       7651 
0689       7678 
0690       7702 
0691       7741 
0692       7778 
0693       7803 
0694       7826 
0695       7866 
0696       7898 
0697       7920 
0698       7935 
0699       7971 
0700       7985 
0701       8034 
0702       8071 
0703       8090 
0704       8105 
0705       8150 
0706       8183 
0707       8215 
0708       8272 
0709       8297 
0710       8348 
0711       8369 
0712       8420 
0713       8449 
0714       8495 
0715       8543 
0716       8552 
0717       8619 
0718       8650 
0719       8699 
0720       8746 
0721       8763 
0722       8808 
0723       8857 
0724       8857 
0725       8940 
0726       8950 
0727       9021 
0728       9073 
0729       9092 
0730       9165 
0731       9191 
0732       9258 
0733       9296 
0734       9358 
0735       9411 
0736       9489 
0737       9519 
0738       9599 
0739       9604 
0740       9673 
0741       9748 
0742       9800 
0743       9810 
0744       9892 
0745       9965 
0746       10042 
0747       10073 
0748       10163 
0749       10202 
0750       10231 
0751       10321 
0752       10385 
0753       10446 
0754       10522 
0755       10575 
0756       10654 
0757       10738 
0758       10810 
0759       10846 
0760       10928 
0761       11003 
0762       11075 
0763       11207 
0764       11260 
0765       11341 
0766       11389 
0767       11389 
0768       11326 
0769       11309 
0770       11294 
0771       11309 
0772       13094 
0773       13094 
0774       13094 
0775       13156 
0776       13230 
0777       13383 
0778       13425 
0779       13577 
0780       13675 
0781       13797 
0782       13910 
0783       13992 
0784       14144 
0785       14226 
0786       14345 
0787       14442 
0788       14511 
0789       14805 
0790       14805 
0791       1 
0792       1 
0793       1 
0794       1 
0795       1 
0796       1 
0797       1 
0798       1 
0799       1 
0800       1 
0801       1 
0802       1 
0803       19604 
0804       19605 
0805       19604 
0806       19574 
0807       19485 
0808       19485 
0809       19485 
0810       19442 
0811       19406 
0812       10606 
0813       10606 
0814       10610 
0815       10610 
0816       10616 
0817       15542 
0818       15542 
0819       15536 
0820       15483 
0821       15483 
0822       15481 
0823       15439 
0824       15431 
0825       15395 
0826       15386 
0827       15371 
0828       15335 
0829       15332 
0830       15306 
0831       15281 
0832       15270 
0833       15241 
0834       15233 
0835       15217 
0836       15214 
0837       15169 
0838       15147 
0839       15141 
0840       15134 
0841       15119 
0842       15098 
0843       15096 
0844       15083 
0845       15071 
0846       15058 
0847       15050 
0848       15038 
0849       15023 
0850       1 
0851       1 
0852       1 
0853       1 
0854       1 
0855       1 
0856       1 
0857       1 
0858       1 
0859       1 
0860       1 
0861       1 
0862       1 
0863       1 
0864       1 
0865       1 
0866       10842 
0867       11585 
0868       11585 
0869       1 
0870       1 
0871       1 
0872       1 
0873       1 
0874       1 
0875       1 
0876       1 
0877       1 
0878       1 
0879       1 
0880       1 
0881       1 
0882       9897 
0883       9897 
0884       1 
0885       1 
0886       1 
0887       1 
0888       1 
0889       1 
0890       1 
0891       1 
0892       1 
0893       1 
0894       1 
0895       1 
0896       1 
0897       1 
0898       1 
0899       1 
0900       1 
0901       1 
0902       1 
0903       1 
0904       1 
0905       1 
0906       1 
0907       1 
0908       1 
0909       1 
0910       1 
0911       1 
0912       1 
0913       1 
0914       1 
0915       1 
0916       1 
0917       1 
0918       1 
0919       1 
0920       1 
0921       1 
0922       1 
0923       1 
0924       1 
0925       1 
0926       1 
0927       1 
0928       1 
0929       1 
0930       1 
0931       1 
0932       1 
0933       1 
0934       1 
0935       1 
0936       1 
0937       1 
0938       1 
0939       1 
0940       1 
0941       1 
0942       1 
0943       1 
0944       1 
0945       1 
0946       1 
0947       1 
0948       1 
0949       1 
0950       1 
0951       1 
0952       1 
0953       1 
0954       1 
0955       1 
0956       1 
0957       1 
0958       1 
0959       1 
0960       1 
0961       1 
0962       1 
0963       1 
0964       1 
0965       1 
0966       1 
0967       1 
0968       1 
0969       1 
0970       1 
0971       1 
0972       1 
0973       1 
0974       1 
0975       1 
0976       1 
0977       1 
0978       1 
0979       1 
0980       1 
0981       1 
0982       1 
0983       1 
0984       1 
0985       1 
0986       1 
0987       1 
0988       1 
0989       1 
0990       1 
0991       1 
0992       1 
0993       1 
0994       1 
0995       1 
0996       1 
0997       1 
0998       1 
0999       1 
1000       1 
1001       1 
1002       1 
1003       1 
1004       1 
1005       1 
1006       1 
1007       4 
1008       4 
1009       4 
1010       54 
1011       57 
1012       57 
1013       73 
1014       73 
1015       73 
1016       73 
1017       60 
1018       57 
1019       57 
1020       57 
1021       57 
1022       57 
1023       57 
1024       63 
1025       65 
1026       63 
1027       58 
1028       58 
1029       51 
1030       50 
1031       50 
1032       50 
1033       53 
1034       63 
1035       64 
1036       65 
1037       65 
1038       71 
1039       74 
1040       71 
1041       71 
1042       71 
1043       69 
1044       68 
1045       67 
1046       67 
1047       67 
1048       68 
1049       68 
1050       68 
1051       68 
1052       67 
1053       67 
1054       67 
1055       66 
1056       66 
1057       65 
1058       65 
1059       65 
1060       65 
1061       65 
1062       71 
1063       73 
1064       73 
1065       73 
1066       59 
1067       59 
1068       59 
1069       64 
1070       67 
1071       67 
1072       67 
1073       67 
1074       67 
1075       69 
1076       69 
1077       71 
1078       71 
1079       69 
1297966650.787118
