0000       1 
0001       1 
0002       1 
0003       1 
0004       1 
0005       1 
0006       1 
0007       1 
0008       1 
0009       1 
0010       1 
0011       1 
0012       1 
0013       1 
0014       1 
0015       1 
0016       1 
0017       1 
0018       1 
0019       1 
0020       1 
0021       1 
0022       1 
0023       1 
0024       1 
0025       1 
0026       1 
0027       1 
0028       1 
0029       1 
0030       1 
0031       1 
0032       1 
0033       1 
0034       1 
0035       1 
0036       1 
0037       1 
0038       1 
0039       1 
0040       1 
0041       1 
0042       1 
0043       1 
0044       1 
0045       1 
0046       1 
0047       1 
0048       1 
0049       1 
0050       1 
0051       1 
0052       1 
0053       1 
0054       1 
0055       1 
0056       1 
0057       1 
0058       1 
0059       1 
0060       1 
0061       1 
0062       1 
0063       1 
0064       1 
0065       1 
0066       1 
0067       1 
0068       1 
0069       1 
0070       1 
0071       1 
0072       1 
0073       1 
0074       1 
0075       1 
0076       1 
0077       1 
0078       1 
0079       1 
0080       1 
0081       1 
0082       1 
0083       1 
0084       1 
0085       1 
0086       1 
0087       1 
0088       1 
0089       1 
0090       1 
0091       1 
0092       1 
0093       1 
0094       1 
0095       1 
0096       1 
0097       1 
0098       1 
0099       1 
0100       1 
0101       1 
0102       1 
0103       1 
0104       1 
0105       1 
0106       1 
0107       1 
0108       1 
0109       1 
0110       1 
0111       1 
0112       1 
0113       1 
0114       1 
0115       1 
0116       1 
0117       1 
0118       1 
0119       1 
0120       1 
0121       1 
0122       1 
0123       1 
0124       1 
0125       1 
0126       1 
0127       1 
0128       1 
0129       1 
0130       1 
0131       1 
0132       1 
0133       1 
0134       1 
0135       1 
0136       1 
0137       1 
0138       1 
0139       1 
0140       1 
0141       1 
0142       1 
0143       1 
0144       1 
0145       1 
0146       1 
0147       1 
0148       1 
0149       1 
0150       1 
0151       1 
0152       1 
0153       1 
0154       1 
0155       1 
0156       1 
0157       1 
0158       1 
0159       1 
0160       1 
0161       1 
0162       1 
0163       1 
0164       1 
0165       1 
0166       1 
0167       1 
0168       1 
0169       1 
0170       15503 
0171       15503 
0172       15499 
0173       15486 
0174       15463 
0175       15460 
0176       15439 
0177       15418 
0178       15418 
0179       15418 
0180       15390 
0181       15383 
0182       15364 
0183       15352 
0184       15349 
0185       15338 
0186       15327 
0187       15326 
0188       15311 
0189       15308 
0190       15304 
0191       15293 
0192       15284 
0193       15284 
0194       15280 
0195       15279 
0196       15263 
0197       15231 
0198       15230 
0199       15225 
0200       15225 
0201       15227 
0202       15227 
0203       15217 
0204       15202 
0205       15202 
0206       15203 
0207       15203 
0208       15196 
0209       15196 
0210       15187 
0211       15189 
0212       15186 
0213       15186 
0214       15185 
0215       15181 
0216       15175 
0217       15175 
0218       15186 
0219       15187 
0220       15186 
0221       15183 
0222       15183 
0223       15184 
0224       15184 
0225       15178 
0226       15178 
0227       15188 
0228       15188 
0229       15192 
0230       15195 
0231       15198 
0232       15200 
0233       15212 
0234       15213 
0235       15213 
0236       15214 
0237       15209 
0238       1 
0239       1 
0240       1 
0241       1 
0242       1 
0243       10226 
0244       10226 
0245       10226 
0246       10265 
0247       10275 
0248       10278 
0249       10278 
0250       10269 
0251       10076 
0252       9833 
0253       9585 
0254       9389 
0255       9236 
0256       9011 
0257       8826 
0258       8691 
0259       8523 
0260       8350 
0261       8200 
0262       8053 
0263       7914 
0264       6310 
0265       6180 
0266       6088 
0267       5958 
0268       5868 
0269       5852 
0270       5852 
0271       5868 
0272       5887 
0273       5906 
0274       5924 
0275       5941 
0276       5961 
0277       5982 
0278       6009 
0279       6020 
0280       6033 
0281       6072 
0282       6075 
0283       6103 
0284       6108 
0285       6108 
0286       6098 
0287       6029 
0288       5983 
0289       5925 
0290       4427 
0291       4320 
0292       4309 
0293       4229 
0294       4201 
0295       4158 
0296       4112 
0297       4086 
0298       4034 
0299       4006 
0300       3973 
0301       3955 
0302       3941 
0303       3907 
0304       3891 
0305       3867 
0306       3859 
0307       3851 
0308       3830 
0309       3823 
0310       3823 
0311       3823 
0312       3836 
0313       3880 
0314       4166 
0315       4400 
0316       4423 
0317       4423 
0318       4423 
0319       4407 
0320       4389 
0321       4349 
0322       4341 
0323       4292 
0324       4282 
0325       4274 
0326       4245 
0327       4233 
0328       4219 
0329       4219 
0330       4199 
0331       4197 
0332       4199 
0333       4199 
0334       4199 
0335       4209 
0336       7307 
0337       7307 
0338       7277 
0339       7266 
0340       7237 
0341       7234 
0342       7193 
0343       7182 
0344       7178 
0345       7178 
0346       7226 
0347       7270 
0348       7302 
0349       7342 
0350       7387 
0351       7439 
0352       7483 
0353       7550 
0354       7582 
0355       7631 
0356       7666 
0357       7711 
0358       7774 
0359       7818 
0360       7867 
0361       7871 
0362       7876 
0363       7876 
0364       7830 
0365       7745 
0366       7672 
0367       7594 
0368       7591 
0369       7501 
0370       7456 
0371       7434 
0372       7432 
0373       7391 
0374       7344 
0375       7326 
0376       7288 
0377       7217 
0378       7214 
0379       7159 
0380       7159 
0381       10432 
0382       10432 
0383       10390 
0384       10357 
0385       10319 
0386       10316 
0387       10274 
0388       10250 
0389       10236 
0390       10217 
0391       10217 
0392       10270 
0393       10322 
0394       10399 
0395       10532 
0396       10611 
0397       10692 
0398       10794 
0399       10915 
0400       11014 
0401       11064 
0402       11239 
0403       11415 
0404       11579 
0405       11600 
0406       11600 
0407       11569 
0408       11549 
0409       11521 
0410       11463 
0411       11419 
0412       11368 
0413       11338 
0414       11299 
0415       11247 
0416       11219 
0417       11166 
0418       11144 
0419       11101 
0420       11052 
0421       11029 
0422       10974 
0423       10941 
0424       10888 
0425       10886 
0426       10859 
0427       10806 
0428       10765 
0429       10728 
0430       10715 
0431       10687 
0432       10648 
0433       10613 
0434       10583 
0435       10575 
0436       10518 
0437       10472 
0438       10452 
0439       10443 
0440       10419 
0441       10377 
0442       10347 
0443       10337 
0444       10194 
0445       10060 
0446       10029 
0447       9980 
0448       9966 
0449       9939 
0450       9939 
0451       9905 
0452       9895 
0453       9849 
0454       9816 
0455       9805 
0456       9786 
0457       9785 
0458       9745 
0459       9706 
0460       9706 
0461       9673 
0462       9649 
0463       9626 
0464       9622 
0465       9604 
0466       9585 
0467       9572 
0468       9538 
0469       9519 
0470       9511 
0471       9507 
0472       9475 
0473       9467 
0474       9428 
0475       9419 
0476       9391 
0477       9382 
0478       9362 
0479       9348 
0480       9348 
0481       9325 
0482       9298 
0483       9286 
0484       9266 
0485       9243 
0486       9227 
0487       9226 
0488       9217 
0489       9192 
0490       9188 
0491       9178 
0492       9156 
0493       9128 
0494       9128 
0495       9118 
0496       9101 
0497       9097 
0498       9091 
0499       9073 
0500       9066 
0501       9042 
0502       9042 
0503       9042 
0504       9019 
0505       9017 
0506       9017 
0507       8985 
0508       8985 
0509       8998 
0510       9054 
0511       9093 
0512       9109 
0513       9109 
0514       9091 
0515       9085 
0516       9077 
0517       9060 
0518       9059 
0519       9059 
0520       9044 
0521       9024 
0522       9024 
0523       9021 
0524       9014 
0525       8995 
0526       8992 
0527       8980 
0528       8978 
0529       8964 
0530       8950 
0531       8950 
0532       8955 
0533       8961 
0534       8955 
0535       8934 
0536       8933 
0537       8908 
0538       8908 
0539       8921 
0540       8921 
0541       8914 
0542       8905 
0543       8905 
0544       8891 
0545       8891 
0546       8879 
0547       8871 
0548       8871 
0549       8867 
0550       8879 
0551       8879 
0552       8879 
0553       8863 
0554       8863 
0555       8856 
0556       8866 
0557       8868 
0558       8874 
0559       8868 
0560       8861 
0561       8860 
0562       8854 
0563       8854 
0564       8853 
0565       8853 
0566       8855 
0567       8855 
0568       8850 
0569       8850 
0570       8860 
0571       8881 
0572       8881 
0573       8863 
0574       8861 
0575       8863 
0576       8861 
0577       8869 
0578       8865 
0579       8868 
0580       8868 
0581       8868 
0582       8863 
0583       8722 
0584       8601 
0585       8572 
0586       8562 
0587       8562 
0588       8513 
0589       6348 
0590       6348 
0591       6381 
0592       6411 
0593       6447 
0594       6462 
0595       6471 
0596       6472 
0597       6475 
0598       6483 
0599       6488 
0600       6488 
0601       6478 
0602       6478 
0603       6483 
0604       6503 
0605       6507 
0606       6517 
0607       6521 
0608       6522 
0609       6533 
0610       6536 
0611       6540 
0612       6547 
0613       6540 
0614       6547 
0615       6551 
0616       6562 
0617       6594 
0618       6595 
0619       6598 
0620       6612 
0621       6614 
0622       6617 
0623       6623 
0624       6631 
0625       6631 
0626       6631 
0627       6635 
0628       6666 
0629       6791 
0630       6803 
0631       6807 
0632       6803 
0633       6749 
0634       6613 
0635       6584 
0636       6584 
0637       6596 
0638       6620 
0639       8941 
0640       8968 
0641       8972 
0642       8972 
0643       8977 
0644       9010 
0645       9019 
0646       9029 
0647       9059 
0648       9067 
0649       9083 
0650       9084 
0651       9102 
0652       9125 
0653       9140 
0654       9150 
0655       9166 
0656       9181 
0657       9186 
0658       9227 
0659       9253 
0660       9253 
0661       9253 
0662       9275 
0663       9278 
0664       9301 
0665       9346 
0666       9349 
0667       9371 
0668       9372 
0669       9425 
0670       9430 
0671       9449 
0672       9477 
0673       9504 
0674       9519 
0675       9537 
0676       9542 
0677       9579 
0678       9634 
0679       9795 
0680       9914 
0681       9945 
0682       9965 
0683       9971 
0684       10020 
0685       10027 
0686       10054 
0687       10066 
0688       10105 
0689       10114 
0690       10121 
0691       10151 
0692       10189 
0693       10205 
0694       10243 
0695       10274 
0696       10305 
0697       10332 
0698       10348 
0699       10364 
0700       10378 
0701       10425 
0702       10461 
0703       10485 
0704       10513 
0705       10528 
0706       10581 
0707       10600 
0708       10632 
0709       10674 
0710       10714 
0711       10740 
0712       10782 
0713       10784 
0714       10850 
0715       10864 
0716       10889 
0717       10934 
0718       10945 
0719       10996 
0720       11041 
0721       11124 
0722       11128 
0723       11154 
0724       11197 
0725       11246 
0726       11299 
0727       11344 
0728       11366 
0729       11413 
0730       11463 
0731       11507 
0732       11551 
0733       11606 
0734       11631 
0735       11699 
0736       11738 
0737       11764 
0738       11792 
0739       11860 
0740       11911 
0741       11929 
0742       12016 
0743       12031 
0744       12099 
0745       12130 
0746       12190 
0747       12222 
0748       12284 
0749       12351 
0750       12405 
0751       12461 
0752       12527 
0753       12599 
0754       12645 
0755       12693 
0756       12777 
0757       12812 
0758       12896 
0759       12962 
0760       13005 
0761       13084 
0762       13185 
0763       13234 
0764       13316 
0765       13360 
0766       13376 
0767       13501 
0768       13556 
0769       13641 
0770       13705 
0771       13774 
0772       13810 
0773       13913 
0774       14008 
0775       14051 
0776       14051 
0777       14148 
0778       14315 
0779       14389 
0780       14389 
0781       14487 
0782       14510 
0783       14510 
0784       1 
0785       1 
0786       1 
0787       1 
0788       1 
0789       1 
0790       1 
0791       1 
0792       1 
0793       1 
0794       1 
0795       1 
0796       1 
0797       1 
0798       1 
0799       1 
0800       1 
0801       1 
0802       1 
0803       1 
0804       16518 
0805       16518 
0806       1 
0807       1 
0808       1 
0809       1 
0810       1 
0811       1 
0812       16996 
0813       17007 
0814       16996 
0815       16917 
0816       16900 
0817       16900 
0818       16869 
0819       16869 
0820       16872 
0821       16907 
0822       16949 
0823       17002 
0824       17061 
0825       17095 
0826       17095 
0827       1 
0828       1 
0829       1 
0830       1 
0831       1 
0832       1 
0833       1 
0834       1 
0835       1 
0836       1 
0837       1 
0838       17543 
0839       17583 
0840       17618 
0841       17666 
0842       17726 
0843       17751 
0844       17836 
0845       17836 
0846       1 
0847       1 
0848       1 
0849       1 
0850       1 
0851       1 
0852       1 
0853       1 
0854       1 
0855       1 
0856       1 
0857       1 
0858       1 
0859       1 
0860       1 
0861       1 
0862       1 
0863       1 
0864       1 
0865       1 
0866       1 
0867       1 
0868       1 
0869       1 
0870       1 
0871       1 
0872       1 
0873       1 
0874       1 
0875       1 
0876       1 
0877       1 
0878       1 
0879       1 
0880       1 
0881       1 
0882       1 
0883       1 
0884       1 
0885       1 
0886       1 
0887       1 
0888       1 
0889       1 
0890       1 
0891       1 
0892       1 
0893       1 
0894       1 
0895       1 
0896       1 
0897       1 
0898       1 
0899       1 
0900       1 
0901       1 
0902       1 
0903       1 
0904       1 
0905       1 
0906       1 
0907       1 
0908       1 
0909       1 
0910       1 
0911       1 
0912       1 
0913       1 
0914       1 
0915       1 
0916       1 
0917       1 
0918       1 
0919       1 
0920       1 
0921       1 
0922       1 
0923       1 
0924       1 
0925       1 
0926       1 
0927       1 
0928       1 
0929       1 
0930       1 
0931       1 
0932       1 
0933       1 
0934       1 
0935       1 
0936       1 
0937       1 
0938       1 
0939       1 
0940       1 
0941       1 
0942       1 
0943       1 
0944       1 
0945       1 
0946       1 
0947       1 
0948       1 
0949       1 
0950       1 
0951       1 
0952       1 
0953       1 
0954       1 
0955       1 
0956       1 
0957       1 
0958       1 
0959       1 
0960       1 
0961       1 
0962       1 
0963       1 
0964       1 
0965       1 
0966       1 
0967       1 
0968       1 
0969       1 
0970       1 
0971       1 
0972       1 
0973       1 
0974       1 
0975       1 
0976       1 
0977       1 
0978       1 
0979       1 
0980       1 
0981       1 
0982       1 
0983       1 
0984       1 
0985       1 
0986       1 
0987       1 
0988       1 
0989       1 
0990       1 
0991       1 
0992       1 
0993       1 
0994       1 
0995       1 
0996       1 
0997       1 
0998       1 
0999       1 
1000       1 
1001       1 
1002       1 
1003       1 
1004       1 
1005       1 
1006       1 
1007       4 
1008       4 
1009       4 
1010       4 
1011       4 
1012       44 
1013       47 
1014       47 
1015       49 
1016       49 
1017       49 
1018       49 
1019       47 
1020       46 
1021       46 
1022       49 
1023       49 
1024       59 
1025       59 
1026       60 
1027       60 
1028       61 
1029       61 
1030       61 
1031       61 
1032       61 
1033       62 
1034       64 
1035       67 
1036       69 
1037       69 
1038       69 
1039       68 
1040       66 
1041       64 
1042       66 
1043       66 
1044       66 
1045       67 
1046       67 
1047       67 
1048       67 
1049       67 
1050       66 
1051       66 
1052       66 
1053       67 
1054       67 
1055       67 
1056       68 
1057       67 
1058       66 
1059       65 
1060       65 
1061       65 
1062       65 
1063       64 
1064       64 
1065       64 
1066       64 
1067       67 
1068       67 
1069       67 
1070       67 
1071       68 
1072       68 
1073       68 
1074       70 
1075       70 
1076       70 
1077       68 
1078       68 
1079       58 
1297966682.000160
