0000       1 
0001       1 
0002       1 
0003       1 
0004       1 
0005       1 
0006       1 
0007       1 
0008       1 
0009       1 
0010       1 
0011       1 
0012       1 
0013       1 
0014       1 
0015       1 
0016       1 
0017       1 
0018       1 
0019       1 
0020       1 
0021       1 
0022       1 
0023       1 
0024       1 
0025       1 
0026       1 
0027       1 
0028       1 
0029       1 
0030       1 
0031       1 
0032       1 
0033       1 
0034       1 
0035       1 
0036       1 
0037       1 
0038       1 
0039       1 
0040       1 
0041       1 
0042       1 
0043       1 
0044       1 
0045       1 
0046       1 
0047       1 
0048       1 
0049       1 
0050       1 
0051       1 
0052       1 
0053       1 
0054       1 
0055       1 
0056       1 
0057       1 
0058       1 
0059       1 
0060       1 
0061       1 
0062       1 
0063       1 
0064       1 
0065       1 
0066       1 
0067       1 
0068       1 
0069       1 
0070       1 
0071       1 
0072       1 
0073       1 
0074       1 
0075       1 
0076       1 
0077       1 
0078       1 
0079       1 
0080       1 
0081       1 
0082       1 
0083       1 
0084       1 
0085       1 
0086       1 
0087       1 
0088       1 
0089       1 
0090       1 
0091       1 
0092       1 
0093       1 
0094       1 
0095       1 
0096       1 
0097       1 
0098       1 
0099       1 
0100       1 
0101       1 
0102       1 
0103       1 
0104       1 
0105       1 
0106       1 
0107       1 
0108       1 
0109       1 
0110       1 
0111       1 
0112       1 
0113       1 
0114       1 
0115       1 
0116       1 
0117       1 
0118       1 
0119       1 
0120       1 
0121       1 
0122       1 
0123       1 
0124       1 
0125       1 
0126       1 
0127       1 
0128       1 
0129       1 
0130       1 
0131       1 
0132       1 
0133       1 
0134       1 
0135       1 
0136       1 
0137       1 
0138       1 
0139       1 
0140       1 
0141       1 
0142       1 
0143       1 
0144       1 
0145       1 
0146       1 
0147       1 
0148       1 
0149       1 
0150       1 
0151       1 
0152       1 
0153       1 
0154       1 
0155       1 
0156       1 
0157       1 
0158       1 
0159       1 
0160       1 
0161       1 
0162       1 
0163       1 
0164       1 
0165       1 
0166       1 
0167       1 
0168       1 
0169       1 
0170       1 
0171       1 
0172       1 
0173       1 
0174       1 
0175       1 
0176       1 
0177       1 
0178       1 
0179       1 
0180       1 
0181       1 
0182       1 
0183       1 
0184       1 
0185       1 
0186       1 
0187       1 
0188       1 
0189       1 
0190       1 
0191       1 
0192       1 
0193       1 
0194       1 
0195       1 
0196       1 
0197       1 
0198       1 
0199       1 
0200       1 
0201       1 
0202       1 
0203       15358 
0204       15358 
0205       1 
0206       1 
0207       1 
0208       1 
0209       1 
0210       1 
0211       1 
0212       1 
0213       1 
0214       1 
0215       1 
0216       1 
0217       1 
0218       1 
0219       1 
0220       1 
0221       1 
0222       1 
0223       1 
0224       1 
0225       1 
0226       1 
0227       1 
0228       1 
0229       1 
0230       1 
0231       1 
0232       1 
0233       1 
0234       1 
0235       1 
0236       1 
0237       1 
0238       1 
0239       4692 
0240       4692 
0241       4692 
0242       4668 
0243       4668 
0244       4668 
0245       4670 
0246       4688 
0247       4688 
0248       4696 
0249       4696 
0250       4696 
0251       4696 
0252       4707 
0253       4719 
0254       4722 
0255       4723 
0256       4723 
0257       4725 
0258       4730 
0259       4738 
0260       4744 
0261       4753 
0262       4754 
0263       4760 
0264       4763 
0265       4765 
0266       4772 
0267       4772 
0268       4777 
0269       4792 
0270       4795 
0271       4798 
0272       4801 
0273       4806 
0274       4817 
0275       4833 
0276       4835 
0277       4845 
0278       4846 
0279       4850 
0280       4855 
0281       4868 
0282       4876 
0283       4877 
0284       4890 
0285       4892 
0286       4899 
0287       4899 
0288       4905 
0289       4913 
0290       4926 
0291       4936 
0292       4951 
0293       4969 
0294       5012 
0295       5059 
0296       5106 
0297       5165 
0298       5197 
0299       5211 
0300       5239 
0301       5261 
0302       5270 
0303       5277 
0304       5307 
0305       5319 
0306       5339 
0307       5341 
0308       5359 
0309       5361 
0310       5366 
0311       5367 
0312       5391 
0313       5392 
0314       5421 
0315       5424 
0316       5441 
0317       5442 
0318       5471 
0319       5479 
0320       5483 
0321       5508 
0322       5514 
0323       5529 
0324       5537 
0325       5565 
0326       5567 
0327       5575 
0328       5604 
0329       5614 
0330       5624 
0331       5640 
0332       5665 
0333       5683 
0334       5684 
0335       5701 
0336       5716 
0337       5716 
0338       5719 
0339       5721 
0340       5728 
0341       5735 
0342       5728 
0343       5727 
0344       5714 
0345       5684 
0346       5668 
0347       5656 
0348       5656 
0349       5684 
0350       5698 
0351       5722 
0352       5742 
0353       5765 
0354       5769 
0355       5803 
0356       5803 
0357       1 
0358       1 
0359       1 
0360       1 
0361       1 
0362       1 
0363       1 
0364       1 
0365       1 
0366       1 
0367       1 
0368       1 
0369       1 
0370       1 
0371       1 
0372       1 
0373       1 
0374       1 
0375       1 
0376       1 
0377       1 
0378       1 
0379       6549 
0380       6562 
0381       6605 
0382       6611 
0383       6605 
0384       6602 
0385       6532 
0386       6532 
0387       6534 
0388       6575 
0389       6576 
0390       6623 
0391       6638 
0392       6675 
0393       6707 
0394       6763 
0395       6767 
0396       6801 
0397       6827 
0398       6854 
0399       6892 
0400       6926 
0401       6966 
0402       6998 
0403       7019 
0404       7019 
0405       7016 
0406       6950 
0407       6894 
0408       6808 
0409       6767 
0410       6698 
0411       6646 
0412       6582 
0413       6528 
0414       6480 
0415       6401 
0416       6357 
0417       6295 
0418       6267 
0419       6234 
0420       6182 
0421       6133 
0422       6088 
0423       6042 
0424       6010 
0425       5955 
0426       5898 
0427       5862 
0428       5801 
0429       5792 
0430       5740 
0431       5682 
0432       5655 
0433       5611 
0434       5562 
0435       5522 
0436       5484 
0437       5434 
0438       5405 
0439       5347 
0440       5290 
0441       5184 
0442       5043 
0443       4855 
0444       4753 
0445       4693 
0446       4651 
0447       4641 
0448       4621 
0449       4603 
0450       4591 
0451       4568 
0452       4564 
0453       4552 
0454       4550 
0455       4537 
0456       4531 
0457       4514 
0458       4506 
0459       4503 
0460       4487 
0461       4481 
0462       4466 
0463       4454 
0464       4450 
0465       4445 
0466       4433 
0467       4432 
0468       4424 
0469       4409 
0470       4407 
0471       4391 
0472       3252 
0473       3247 
0474       3223 
0475       3189 
0476       3167 
0477       3165 
0478       3140 
0479       3125 
0480       3105 
0481       3102 
0482       3088 
0483       3082 
0484       3073 
0485       3057 
0486       3040 
0487       3034 
0488       3023 
0489       2997 
0490       2997 
0491       2968 
0492       2959 
0493       2943 
0494       2929 
0495       2929 
0496       2916 
0497       2903 
0498       2881 
0499       2875 
0500       2856 
0501       2852 
0502       2849 
0503       2837 
0504       2834 
0505       2823 
0506       2803 
0507       2793 
0508       2787 
0509       2770 
0510       2762 
0511       2752 
0512       2748 
0513       2735 
0514       2716 
0515       2715 
0516       2704 
0517       2703 
0518       2700 
0519       2691 
0520       2676 
0521       2663 
0522       2659 
0523       2654 
0524       2630 
0525       2629 
0526       2623 
0527       2602 
0528       2601 
0529       2589 
0530       2589 
0531       2572 
0532       2567 
0533       2566 
0534       2555 
0535       2542 
0536       2539 
0537       2538 
0538       2529 
0539       2528 
0540       2516 
0541       2501 
0542       2501 
0543       2491 
0544       2489 
0545       2488 
0546       2478 
0547       2476 
0548       2468 
0549       2460 
0550       2450 
0551       2449 
0552       2442 
0553       2431 
0554       2426 
0555       2417 
0556       2413 
0557       2411 
0558       2402 
0559       2393 
0560       2392 
0561       2383 
0562       2381 
0563       2378 
0564       2376 
0565       2369 
0566       2364 
0567       2364 
0568       2364 
0569       2360 
0570       2345 
0571       2345 
0572       2340 
0573       2333 
0574       2330 
0575       2324 
0576       2321 
0577       2321 
0578       2318 
0579       2318 
0580       2312 
0581       2293 
0582       2293 
0583       2293 
0584       2293 
0585       2293 
0586       2289 
0587       2278 
0588       2273 
0589       2266 
0590       2266 
0591       2272 
0592       2266 
0593       2259 
0594       2254 
0595       2254 
0596       2254 
0597       2251 
0598       2249 
0599       2249 
0600       2237 
0601       2235 
0602       2228 
0603       2228 
0604       2228 
0605       2228 
0606       2227 
0607       2226 
0608       2217 
0609       2217 
0610       2214 
0611       2211 
0612       2210 
0613       2207 
0614       2205 
0615       2199 
0616       2199 
0617       2199 
0618       2199 
0619       2199 
0620       2199 
0621       2190 
0622       2194 
0623       2190 
0624       2186 
0625       2186 
0626       2185 
0627       2185 
0628       2183 
0629       2181 
0630       2179 
0631       2174 
0632       2174 
0633       2174 
0634       2169 
0635       2169 
0636       2167 
0637       2164 
0638       2162 
0639       2162 
0640       2161 
0641       2161 
0642       2158 
0643       2155 
0644       2145 
0645       2145 
0646       2145 
0647       2145 
0648       2150 
0649       2150 
0650       2164 
0651       2171 
0652       2171 
0653       2171 
0654       2145 
0655       2145 
0656       2144 
0657       2140 
0658       2143 
0659       2143 
0660       2142 
0661       2143 
0662       2143 
0663       2143 
0664       2142 
0665       2141 
0666       2140 
0667       2141 
0668       2141 
0669       2148 
0670       2148 
0671       2148 
0672       2148 
0673       2140 
0674       2140 
0675       2139 
0676       2140 
0677       2141 
0678       2149 
0679       2149 
0680       2149 
0681       2149 
0682       2149 
0683       2149 
0684       2151 
0685       2153 
0686       2153 
0687       2154 
0688       2154 
0689       2154 
0690       2153 
0691       2153 
0692       2153 
0693       2153 
0694       2161 
0695       2161 
0696       2161 
0697       2164 
0698       2164 
0699       2162 
0700       2164 
0701       2166 
0702       2169 
0703       2175 
0704       2175 
0705       2175 
0706       2172 
0707       2172 
0708       2172 
0709       2183 
0710       2185 
0711       2185 
0712       2189 
0713       2189 
0714       2194 
0715       2194 
0716       2194 
0717       2194 
0718       2200 
0719       2206 
0720       2208 
0721       2213 
0722       2213 
0723       2213 
0724       2213 
0725       2221 
0726       2220 
0727       2221 
0728       2224 
0729       2224 
0730       2230 
0731       2233 
0732       2233 
0733       2235 
0734       2235 
0735       2238 
0736       2249 
0737       2252 
0738       2253 
0739       2258 
0740       2260 
0741       2262 
0742       2262 
0743       2263 
0744       2271 
0745       2275 
0746       2275 
0747       2278 
0748       2290 
0749       2295 
0750       2300 
0751       2302 
0752       2302 
0753       2307 
0754       2310 
0755       2315 
0756       2318 
0757       2331 
0758       2331 
0759       2334 
0760       2334 
0761       2345 
0762       2346 
0763       2346 
0764       2353 
0765       2359 
0766       2363 
0767       2364 
0768       2386 
0769       2386 
0770       2389 
0771       2398 
0772       2399 
0773       2410 
0774       2410 
0775       2410 
0776       2426 
0777       2432 
0778       2440 
0779       2440 
0780       2443 
0781       2446 
0782       2467 
0783       2467 
0784       2472 
0785       2473 
0786       2474 
0787       2476 
0788       2489 
0789       2503 
0790       2503 
0791       2511 
0792       2513 
0793       2516 
0794       2525 
0795       2529 
0796       2549 
0797       2556 
0798       2566 
0799       2570 
0800       2571 
0801       2581 
0802       2585 
0803       2586 
0804       2614 
0805       2618 
0806       2620 
0807       2620 
0808       2632 
0809       2640 
0810       2657 
0811       2657 
0812       2670 
0813       2676 
0814       2689 
0815       2693 
0816       2698 
0817       2713 
0818       2730 
0819       2733 
0820       2745 
0821       2751 
0822       2762 
0823       2770 
0824       2774 
0825       2790 
0826       2795 
0827       2808 
0828       2815 
0829       2836 
0830       2844 
0831       2858 
0832       2864 
0833       2870 
0834       2882 
0835       2895 
0836       2912 
0837       2931 
0838       2934 
0839       2944 
0840       2960 
0841       2972 
0842       2973 
0843       2990 
0844       3009 
0845       3026 
0846       3040 
0847       3044 
0848       3057 
0849       3067 
0850       3080 
0851       3105 
0852       3118 
0853       3136 
0854       3161 
0855       3191 
0856       3223 
0857       3274 
0858       3308 
0859       3360 
0860       3427 
0861       3492 
0862       3549 
0863       3656 
0864       3729 
0865       3791 
0866       3887 
0867       3989 
0868       4055 
0869       4148 
0870       4238 
0871       4319 
0872       4441 
0873       4548 
0874       4816 
0875       4997 
0876       5828 
0877       6079 
0878       6188 
0879       6339 
0880       6339 
0881       4519 
0882       4519 
0883       4519 
0884       4548 
0885       4569 
0886       4569 
0887       4569 
0888       4566 
0889       4566 
0890       4562 
0891       4559 
0892       4559 
0893       4560 
0894       4549 
0895       4549 
0896       1 
0897       1 
0898       1 
0899       1 
0900       1 
0901       1 
0902       1 
0903       16619 
0904       16619 
0905       1 
0906       1 
0907       1 
0908       1 
0909       1 
0910       1 
0911       1 
0912       1 
0913       1 
0914       1 
0915       1 
0916       1 
0917       6008 
0918       6008 
0919       6000 
0920       5999 
0921       5994 
0922       5801 
0923       1 
0924       1 
0925       1 
0926       1 
0927       1 
0928       1 
0929       1 
0930       1 
0931       1 
0932       1 
0933       1 
0934       1 
0935       1 
0936       1 
0937       1 
0938       1 
0939       1 
0940       1 
0941       1 
0942       1 
0943       1 
0944       1 
0945       1 
0946       1 
0947       1 
0948       1 
0949       1 
0950       1 
0951       1 
0952       1 
0953       1 
0954       1 
0955       1 
0956       1 
0957       1 
0958       1 
0959       1 
0960       1 
0961       1 
0962       1 
0963       1 
0964       1 
0965       1 
0966       1 
0967       1 
0968       1 
0969       1 
0970       1 
0971       1 
0972       1 
0973       1 
0974       1 
0975       1 
0976       1 
0977       1 
0978       1 
0979       1 
0980       1 
0981       1 
0982       1 
0983       1 
0984       1 
0985       1 
0986       1 
0987       1 
0988       1 
0989       1 
0990       1 
0991       1 
0992       1 
0993       1 
0994       1 
0995       1 
0996       1 
0997       1 
0998       1 
0999       1 
1000       1 
1001       1 
1002       1 
1003       1 
1004       1 
1005       1 
1006       1 
1007       4 
1008       44 
1009       49 
1010       51 
1011       66 
1012       54 
1013       61 
1014       61 
1015       60 
1016       54 
1017       50 
1018       50 
1019       47 
1020       45 
1021       45 
1022       63 
1023       63 
1024       63 
1025       63 
1026       57 
1027       56 
1028       55 
1029       51 
1030       55 
1031       55 
1032       55 
1033       60 
1034       61 
1035       70 
1036       71 
1037       71 
1038       71 
1039       71 
1040       76 
1041       68 
1042       72 
1043       72 
1044       69 
1045       68 
1046       62 
1047       62 
1048       62 
1049       62 
1050       73 
1051       73 
1052       66 
1053       66 
1054       66 
1055       66 
1056       66 
1057       66 
1058       70 
1059       70 
1060       70 
1061       70 
1062       69 
1063       68 
1064       69 
1065       69 
1066       65 
1067       64 
1068       63 
1069       63 
1070       63 
1071       63 
1072       72 
1073       72 
1074       72 
1075       69 
1076       69 
1077       69 
1078       69 
1079       62 
1297966708.223611
