0000       1 
0001       1 
0002       1 
0003       1 
0004       1 
0005       1 
0006       1 
0007       1 
0008       1 
0009       1 
0010       1 
0011       1 
0012       1 
0013       1 
0014       1 
0015       1 
0016       1 
0017       1 
0018       1 
0019       1 
0020       1 
0021       1 
0022       1 
0023       1 
0024       1 
0025       1 
0026       1 
0027       1 
0028       1 
0029       1 
0030       1 
0031       1 
0032       1 
0033       1 
0034       1 
0035       1 
0036       1 
0037       1 
0038       1 
0039       1 
0040       1 
0041       1 
0042       1 
0043       1 
0044       1 
0045       1 
0046       1 
0047       1 
0048       1 
0049       1 
0050       1 
0051       1 
0052       1 
0053       1 
0054       1 
0055       1 
0056       1 
0057       1 
0058       1 
0059       1 
0060       1 
0061       1 
0062       1 
0063       1 
0064       1 
0065       1 
0066       1 
0067       1 
0068       1 
0069       1 
0070       1 
0071       1 
0072       1 
0073       1 
0074       1 
0075       1 
0076       1 
0077       1 
0078       1 
0079       1 
0080       1 
0081       1 
0082       1 
0083       1 
0084       1 
0085       1 
0086       1 
0087       1 
0088       1 
0089       1 
0090       1 
0091       1 
0092       1 
0093       1 
0094       1 
0095       1 
0096       1 
0097       1 
0098       1 
0099       1 
0100       1 
0101       1 
0102       1 
0103       1 
0104       1 
0105       1 
0106       1 
0107       1 
0108       1 
0109       1 
0110       1 
0111       1 
0112       1 
0113       1 
0114       1 
0115       1 
0116       1 
0117       1 
0118       1 
0119       1 
0120       1 
0121       1 
0122       1 
0123       1 
0124       1 
0125       1 
0126       1 
0127       1 
0128       1 
0129       1 
0130       1 
0131       1 
0132       1 
0133       1 
0134       1 
0135       1 
0136       1 
0137       1 
0138       1 
0139       1 
0140       1 
0141       1 
0142       1 
0143       1 
0144       1 
0145       1 
0146       1 
0147       1 
0148       1 
0149       1 
0150       1 
0151       1 
0152       1 
0153       1 
0154       1 
0155       1 
0156       1 
0157       1 
0158       1 
0159       1 
0160       1 
0161       1 
0162       1 
0163       1 
0164       1 
0165       1 
0166       1 
0167       1 
0168       1 
0169       1 
0170       1 
0171       1 
0172       1 
0173       1 
0174       1 
0175       1 
0176       1 
0177       1 
0178       1 
0179       1 
0180       1 
0181       1 
0182       1 
0183       1 
0184       1 
0185       1 
0186       1 
0187       1 
0188       1 
0189       1 
0190       1 
0191       1 
0192       1 
0193       1 
0194       1 
0195       1 
0196       1 
0197       1 
0198       1 
0199       1 
0200       1 
0201       1 
0202       1 
0203       1 
0204       1 
0205       1 
0206       1 
0207       1 
0208       1 
0209       1 
0210       1 
0211       1 
0212       1 
0213       1 
0214       1 
0215       1 
0216       1 
0217       1 
0218       1 
0219       1 
0220       1 
0221       1 
0222       1 
0223       1 
0224       1 
0225       1 
0226       1 
0227       1 
0228       1 
0229       1 
0230       1 
0231       1 
0232       1 
0233       1 
0234       1 
0235       1 
0236       1 
0237       1 
0238       1 
0239       1 
0240       1 
0241       1 
0242       1 
0243       1 
0244       1 
0245       1 
0246       1 
0247       1 
0248       1 
0249       1 
0250       1 
0251       1 
0252       1 
0253       1 
0254       1 
0255       1 
0256       1 
0257       1 
0258       1 
0259       1 
0260       1 
0261       1 
0262       1 
0263       1 
0264       1 
0265       1 
0266       1 
0267       1 
0268       1 
0269       1 
0270       1 
0271       1 
0272       1 
0273       1 
0274       1 
0275       1 
0276       18911 
0277       18911 
0278       18911 
0279       18432 
0280       1 
0281       1 
0282       17963 
0283       17963 
0284       17963 
0285       17831 
0286       17714 
0287       17566 
0288       17431 
0289       17274 
0290       17177 
0291       17035 
0292       16917 
0293       16781 
0294       16644 
0295       16560 
0296       16416 
0297       16273 
0298       16225 
0299       16068 
0300       15965 
0301       15866 
0302       15776 
0303       15652 
0304       15548 
0305       15467 
0306       15361 
0307       15229 
0308       15124 
0309       15040 
0310       14924 
0311       14763 
0312       14592 
0313       14500 
0314       14336 
0315       14199 
0316       14102 
0317       14007 
0318       13932 
0319       13869 
0320       13751 
0321       13715 
0322       13627 
0323       13559 
0324       13483 
0325       13377 
0326       13350 
0327       13251 
0328       13176 
0329       13085 
0330       13030 
0331       12983 
0332       12900 
0333       12845 
0334       12769 
0335       12684 
0336       12636 
0337       12572 
0338       12516 
0339       12475 
0340       12398 
0341       12336 
0342       12254 
0343       12206 
0344       12142 
0345       12130 
0346       12068 
0347       12009 
0348       11955 
0349       11900 
0350       11871 
0351       11842 
0352       11758 
0353       11743 
0354       11665 
0355       11621 
0356       11559 
0357       11520 
0358       11489 
0359       11427 
0360       11390 
0361       11376 
0362       11376 
0363       11390 
0364       11393 
0365       11390 
0366       11326 
0367       11312 
0368       11246 
0369       11196 
0370       11174 
0371       11123 
0372       11096 
0373       11073 
0374       10998 
0375       10969 
0376       10946 
0377       10902 
0378       10890 
0379       10822 
0380       10788 
0381       10763 
0382       10757 
0383       10684 
0384       10662 
0385       10642 
0386       10571 
0387       10569 
0388       10535 
0389       10493 
0390       10468 
0391       10403 
0392       10389 
0393       10356 
0394       10346 
0395       10318 
0396       10282 
0397       10278 
0398       10207 
0399       10194 
0400       10177 
0401       10160 
0402       10108 
0403       10096 
0404       10048 
0405       10031 
0406       10004 
0407       9982 
0408       9957 
0409       9943 
0410       9915 
0411       9892 
0412       9865 
0413       9820 
0414       9797 
0415       9786 
0416       9748 
0417       9744 
0418       9694 
0419       9678 
0420       9663 
0421       9635 
0422       9620 
0423       9577 
0424       9560 
0425       9555 
0426       9524 
0427       9510 
0428       9504 
0429       9471 
0430       9444 
0431       9437 
0432       9431 
0433       9390 
0434       9357 
0435       9353 
0436       9330 
0437       9319 
0438       9290 
0439       9284 
0440       9267 
0441       9246 
0442       9229 
0443       9212 
0444       9208 
0445       9193 
0446       9160 
0447       9159 
0448       9134 
0449       9113 
0450       9105 
0451       9073 
0452       9067 
0453       9063 
0454       9057 
0455       9039 
0456       9018 
0457       8998 
0458       8997 
0459       8984 
0460       8975 
0461       8955 
0462       8945 
0463       8936 
0464       8909 
0465       8909 
0466       8900 
0467       8883 
0468       8881 
0469       8848 
0470       8846 
0471       8844 
0472       8827 
0473       8826 
0474       8820 
0475       8795 
0476       8792 
0477       8785 
0478       8776 
0479       8774 
0480       8771 
0481       8767 
0482       8758 
0483       8758 
0484       8743 
0485       8731 
0486       8712 
0487       8712 
0488       8712 
0489       8707 
0490       8697 
0491       8689 
0492       8679 
0493       8671 
0494       8671 
0495       8671 
0496       8660 
0497       8659 
0498       8657 
0499       8657 
0500       8653 
0501       8630 
0502       8628 
0503       8627 
0504       8613 
0505       8608 
0506       8608 
0507       8628 
0508       8628 
0509       8603 
0510       8603 
0511       8603 
0512       8602 
0513       8602 
0514       8602 
0515       8598 
0516       8587 
0517       8576 
0518       8576 
0519       8576 
0520       8576 
0521       8574 
0522       8574 
0523       8582 
0524       8590 
0525       8590 
0526       8588 
0527       8582 
0528       8582 
0529       8586 
0530       8591 
0531       8591 
0532       8591 
0533       8597 
0534       8584 
0535       8604 
0536       8604 
0537       8604 
0538       8604 
0539       8602 
0540       8604 
0541       8602 
0542       8605 
0543       8616 
0544       8621 
0545       8621 
0546       8633 
0547       8625 
0548       8633 
0549       8638 
0550       8639 
0551       8654 
0552       8657 
0553       8661 
0554       8672 
0555       8679 
0556       8685 
0557       8694 
0558       8697 
0559       8699 
0560       8698 
0561       8701 
0562       8711 
0563       8719 
0564       8724 
0565       8725 
0566       8731 
0567       8737 
0568       8744 
0569       8747 
0570       8746 
0571       8746 
0572       8746 
0573       8764 
0574       8768 
0575       8776 
0576       8778 
0577       8806 
0578       8815 
0579       8829 
0580       8829 
0581       8835 
0582       8836 
0583       8845 
0584       8845 
0585       8870 
0586       8882 
0587       8901 
0588       8912 
0589       8927 
0590       8941 
0591       8947 
0592       8947 
0593       8957 
0594       8959 
0595       8981 
0596       9008 
0597       9017 
0598       9033 
0599       9049 
0600       9053 
0601       9076 
0602       9082 
0603       9086 
0604       9113 
0605       9119 
0606       9125 
0607       9137 
0608       9144 
0609       9145 
0610       9192 
0611       9201 
0612       9215 
0613       9233 
0614       9246 
0615       9254 
0616       9272 
0617       9291 
0618       9295 
0619       9316 
0620       9330 
0621       9358 
0622       9362 
0623       9398 
0624       9401 
0625       9428 
0626       9428 
0627       9454 
0628       9466 
0629       9495 
0630       9526 
0631       9526 
0632       9559 
0633       9581 
0634       9592 
0635       9607 
0636       9623 
0637       9657 
0638       9673 
0639       9701 
0640       9721 
0641       9739 
0642       9739 
0643       9787 
0644       9804 
0645       9847 
0646       9851 
0647       9886 
0648       9906 
0649       9916 
0650       9967 
0651       9996 
0652       10021 
0653       10039 
0654       10062 
0655       10097 
0656       10117 
0657       10140 
0658       10182 
0659       10191 
0660       10235 
0661       10268 
0662       10296 
0663       10331 
0664       10349 
0665       10373 
0666       10409 
0667       10479 
0668       10486 
0669       10504 
0670       10528 
0671       10591 
0672       10612 
0673       10663 
0674       10678 
0675       10706 
0676       10746 
0677       10797 
0678       10820 
0679       10854 
0680       10896 
0681       10927 
0682       10966 
0683       11022 
0684       11069 
0685       11103 
0686       11121 
0687       11169 
0688       11176 
0689       11211 
0690       11223 
0691       11223 
0692       11234 
0693       11242 
0694       11255 
0695       11281 
0696       11329 
0697       11347 
0698       11391 
0699       11475 
0700       11489 
0701       11559 
0702       11599 
0703       11654 
0704       11677 
0705       11722 
0706       11784 
0707       11814 
0708       11855 
0709       11927 
0710       11927 
0711       8837 
0712       8837 
0713       8837 
0714       8858 
0715       8879 
0716       8925 
0717       8964 
0718       8983 
0719       9044 
0720       9084 
0721       9125 
0722       9183 
0723       9214 
0724       9218 
0725       9226 
0726       9247 
0727       9261 
0728       9282 
0729       9325 
0730       9336 
0731       9416 
0732       9449 
0733       9449 
0734       9449 
0735       9372 
0736       9362 
0737       9329 
0738       9266 
0739       9233 
0740       9233 
0741       6541 
0742       6513 
0743       6517 
0744       6513 
0745       6495 
0746       6482 
0747       6414 
0748       6389 
0749       6357 
0750       6328 
0751       6288 
0752       6192 
0753       6175 
0754       6120 
0755       6111 
0756       6044 
0757       6018 
0758       5988 
0759       5935 
0760       5843 
0761       5788 
0762       5784 
0763       5764 
0764       5764 
0765       5769 
0766       5775 
0767       5777 
0768       5811 
0769       5845 
0770       5895 
0771       5935 
0772       5982 
0773       6049 
0774       6077 
0775       6126 
0776       6174 
0777       6244 
0778       6304 
0779       6348 
0780       6450 
0781       6483 
0782       6553 
0783       6626 
0784       6794 
0785       6907 
0786       7023 
0787       7100 
0788       7139 
0789       7202 
0790       7266 
0791       7356 
0792       7433 
0793       7562 
0794       7628 
0795       7688 
0796       7761 
0797       7859 
0798       7913 
0799       7972 
0800       8049 
0801       8049 
0802       8049 
0803       8145 
0804       8272 
0805       8419 
0806       8737 
0807       8828 
0808       8913 
0809       9063 
0810       9141 
0811       9270 
0812       9372 
0813       9522 
0814       9678 
0815       9789 
0816       9938 
0817       10047 
0818       10186 
0819       10327 
0820       10442 
0821       10589 
0822       10679 
0823       10853 
0824       11001 
0825       11181 
0826       11446 
0827       11655 
0828       11820 
0829       12036 
0830       12187 
0831       12444 
0832       12694 
0833       12923 
0834       12923 
0835       13183 
0836       13624 
0837       13624 
0838       1 
0839       1 
0840       1 
0841       1 
0842       15156 
0843       15156 
0844       1 
0845       1 
0846       1 
0847       1 
0848       1 
0849       1 
0850       1 
0851       1 
0852       1 
0853       1 
0854       1 
0855       1 
0856       1 
0857       1 
0858       1 
0859       1 
0860       1 
0861       1 
0862       22148 
0863       22148 
0864       1 
0865       1 
0866       1 
0867       1 
0868       1 
0869       1 
0870       1 
0871       1 
0872       1 
0873       1 
0874       1 
0875       1 
0876       1 
0877       1 
0878       1 
0879       1 
0880       22292 
0881       22292 
0882       22259 
0883       22259 
0884       22298 
0885       22307 
0886       22309 
0887       22309 
0888       22313 
0889       22313 
0890       22313 
0891       1 
0892       1 
0893       1 
0894       1 
0895       1 
0896       1 
0897       26055 
0898       26099 
0899       26055 
0900       1 
0901       1 
0902       1 
0903       1 
0904       1 
0905       1 
0906       1 
0907       1 
0908       1 
0909       1 
0910       1 
0911       1 
0912       1 
0913       1 
0914       1 
0915       1 
0916       1 
0917       1 
0918       1 
0919       1 
0920       1 
0921       1 
0922       1 
0923       1 
0924       1 
0925       1 
0926       1 
0927       1 
0928       1 
0929       1 
0930       1 
0931       1 
0932       1 
0933       1 
0934       1 
0935       1 
0936       1 
0937       1 
0938       1 
0939       1 
0940       1 
0941       1 
0942       1 
0943       1 
0944       1 
0945       1 
0946       1 
0947       1 
0948       1 
0949       1 
0950       1 
0951       1 
0952       1 
0953       1 
0954       1 
0955       1 
0956       1 
0957       1 
0958       1 
0959       1 
0960       1 
0961       1 
0962       1 
0963       1 
0964       1 
0965       1 
0966       1 
0967       1 
0968       1 
0969       1 
0970       1 
0971       1 
0972       1 
0973       1 
0974       1 
0975       1 
0976       1 
0977       1 
0978       1 
0979       1 
0980       1 
0981       1 
0982       1 
0983       1 
0984       1 
0985       1 
0986       1 
0987       1 
0988       1 
0989       1 
0990       1 
0991       1 
0992       1 
0993       1 
0994       1 
0995       1 
0996       1 
0997       1 
0998       1 
0999       1 
1000       1 
1001       1 
1002       1 
1003       1 
1004       1 
1005       1 
1006       1 
1007       4 
1008       4 
1009       4 
1010       4 
1011       53 
1012       4 
1013       48 
1014       48 
1015       48 
1016       47 
1017       47 
1018       47 
1019       4 
1020       4 
1021       55 
1022       61 
1023       59 
1024       65 
1025       65 
1026       61 
1027       61 
1028       61 
1029       61 
1030       60 
1031       56 
1032       56 
1033       56 
1034       60 
1035       61 
1036       61 
1037       61 
1038       65 
1039       65 
1040       71 
1041       72 
1042       72 
1043       72 
1044       71 
1045       72 
1046       70 
1047       74 
1048       70 
1049       70 
1050       68 
1051       68 
1052       67 
1053       68 
1054       68 
1055       68 
1056       69 
1057       70 
1058       69 
1059       70 
1060       69 
1061       72 
1062       65 
1063       72 
1064       65 
1065       65 
1066       63 
1067       63 
1068       59 
1069       59 
1070       70 
1071       70 
1072       62 
1073       62 
1074       62 
1075       62 
1076       67 
1077       69 
1078       69 
1079       69 
1297966630.283813
