0000       1 
0001       1 
0002       1 
0003       1 
0004       1 
0005       1 
0006       1 
0007       1 
0008       1 
0009       1 
0010       1 
0011       1 
0012       1 
0013       1 
0014       1 
0015       1 
0016       1 
0017       1 
0018       1 
0019       1 
0020       1 
0021       1 
0022       1 
0023       1 
0024       1 
0025       1 
0026       1 
0027       1 
0028       1 
0029       1 
0030       1 
0031       1 
0032       1 
0033       1 
0034       1 
0035       1 
0036       1 
0037       1 
0038       1 
0039       1 
0040       1 
0041       1 
0042       1 
0043       1 
0044       1 
0045       1 
0046       1 
0047       1 
0048       1 
0049       1 
0050       1 
0051       1 
0052       1 
0053       1 
0054       1 
0055       1 
0056       1 
0057       1 
0058       1 
0059       1 
0060       1 
0061       1 
0062       1 
0063       1 
0064       1 
0065       1 
0066       1 
0067       1 
0068       1 
0069       1 
0070       1 
0071       1 
0072       1 
0073       1 
0074       1 
0075       1 
0076       1 
0077       1 
0078       1 
0079       1 
0080       1 
0081       1 
0082       1 
0083       1 
0084       1 
0085       1 
0086       1 
0087       1 
0088       1 
0089       1 
0090       1 
0091       1 
0092       1 
0093       1 
0094       1 
0095       1 
0096       1 
0097       1 
0098       1 
0099       1 
0100       1 
0101       1 
0102       1 
0103       1 
0104       1 
0105       1 
0106       1 
0107       1 
0108       1 
0109       1 
0110       1 
0111       17878 
0112       17878 
0113       17866 
0114       17866 
0115       17866 
0116       17466 
0117       1 
0118       1 
0119       1 
0120       17052 
0121       17052 
0122       17031 
0123       16719 
0124       16682 
0125       16682 
0126       16759 
0127       16879 
0128       16879 
0129       16835 
0130       16502 
0131       16275 
0132       16359 
0133       16275 
0134       16275 
0135       1 
0136       1 
0137       16149 
0138       16149 
0139       16165 
0140       16149 
0141       16149 
0142       1 
0143       1 
0144       1 
0145       1 
0146       1 
0147       1 
0148       1 
0149       1 
0150       15422 
0151       15425 
0152       15425 
0153       15269 
0154       15143 
0155       15143 
0156       15143 
0157       15363 
0158       15363 
0159       1 
0160       1 
0161       1 
0162       15317 
0163       15342 
0164       15735 
0165       15795 
0166       15795 
0167       15795 
0168       15074 
0169       14997 
0170       14997 
0171       14997 
0172       14997 
0173       1 
0174       1 
0175       1 
0176       1 
0177       1 
0178       1 
0179       15014 
0180       15038 
0181       15014 
0182       15038 
0183       15697 
0184       15697 
0185       1 
0186       1 
0187       1 
0188       15983 
0189       15983 
0190       1 
0191       1 
0192       1 
0193       1 
0194       1 
0195       1 
0196       1 
0197       1 
0198       1 
0199       15362 
0200       15821 
0201       15836 
0202       15860 
0203       15860 
0204       15860 
0205       1 
0206       1 
0207       15935 
0208       15935 
0209       15935 
0210       15871 
0211       15707 
0212       14975 
0213       14975 
0214       14975 
0215       14871 
0216       14871 
0217       14871 
0218       14759 
0219       14759 
0220       14759 
0221       14506 
0222       14506 
0223       14506 
0224       14506 
0225       14506 
0226       1 
0227       1 
0228       1 
0229       1 
0230       1 
0231       1 
0232       1 
0233       1 
0234       15762 
0235       17036 
0236       17036 
0237       17019 
0238       16807 
0239       16935 
0240       16807 
0241       16612 
0242       16303 
0243       16510 
0244       16510 
0245       16119 
0246       16119 
0247       1 
0248       16010 
0249       16010 
0250       16010 
0251       16050 
0252       16147 
0253       16279 
0254       16373 
0255       16526 
0256       16526 
0257       1 
0258       1 
0259       1 
0260       1 
0261       1 
0262       1 
0263       1 
0264       21152 
0265       21152 
0266       21049 
0267       20865 
0268       20712 
0269       20532 
0270       20400 
0271       20158 
0272       20036 
0273       19905 
0274       19699 
0275       19541 
0276       19428 
0277       19318 
0278       19130 
0279       18971 
0280       18782 
0281       18624 
0282       18489 
0283       18389 
0284       18222 
0285       18109 
0286       17951 
0287       17822 
0288       17693 
0289       17556 
0290       17445 
0291       17313 
0292       17174 
0293       16853 
0294       16691 
0295       16581 
0296       16581 
0297       16581 
0298       16482 
0299       16380 
0300       16267 
0301       16172 
0302       16045 
0303       15891 
0304       15790 
0305       15699 
0306       15617 
0307       15494 
0308       15401 
0309       15389 
0310       15309 
0311       15229 
0312       15123 
0313       15045 
0314       14971 
0315       14915 
0316       14826 
0317       14730 
0318       14679 
0319       14562 
0320       14515 
0321       14464 
0322       14405 
0323       14328 
0324       14279 
0325       14201 
0326       14188 
0327       14060 
0328       13921 
0329       13827 
0330       13763 
0331       13751 
0332       13720 
0333       13673 
0334       13598 
0335       13536 
0336       13517 
0337       13431 
0338       13386 
0339       13344 
0340       13259 
0341       13233 
0342       13196 
0343       13115 
0344       13058 
0345       13004 
0346       12974 
0347       12919 
0348       12861 
0349       12797 
0350       12780 
0351       12695 
0352       12643 
0353       12589 
0354       12535 
0355       12498 
0356       12479 
0357       12376 
0358       12353 
0359       12297 
0360       12221 
0361       12177 
0362       12147 
0363       12093 
0364       12078 
0365       12050 
0366       11978 
0367       11941 
0368       11906 
0369       11864 
0370       11822 
0371       11783 
0372       11751 
0373       11717 
0374       11686 
0375       11641 
0376       11597 
0377       11567 
0378       11541 
0379       11540 
0380       11463 
0381       11414 
0382       11401 
0383       11362 
0384       11321 
0385       11296 
0386       11262 
0387       11225 
0388       11201 
0389       11161 
0390       11122 
0391       11086 
0392       11079 
0393       11037 
0394       10977 
0395       10972 
0396       10962 
0397       10934 
0398       10914 
0399       10862 
0400       10859 
0401       10826 
0402       10780 
0403       10769 
0404       10748 
0405       10710 
0406       10686 
0407       10662 
0408       10653 
0409       10624 
0410       10590 
0411       10590 
0412       10543 
0413       10525 
0414       10514 
0415       10484 
0416       10449 
0417       10431 
0418       10429 
0419       10393 
0420       10360 
0421       10336 
0422       10333 
0423       10332 
0424       10310 
0425       10284 
0426       10258 
0427       10238 
0428       10211 
0429       10199 
0430       10178 
0431       10151 
0432       10144 
0433       10130 
0434       10111 
0435       10095 
0436       10076 
0437       10049 
0438       10042 
0439       10026 
0440       10010 
0441       9994 
0442       9994 
0443       9937 
0444       9924 
0445       9915 
0446       9909 
0447       9894 
0448       9888 
0449       9881 
0450       9860 
0451       9839 
0452       9832 
0453       9832 
0454       9819 
0455       9802 
0456       9796 
0457       9750 
0458       9735 
0459       9735 
0460       9735 
0461       9734 
0462       9708 
0463       9701 
0464       9692 
0465       9665 
0466       9664 
0467       9641 
0468       9637 
0469       9632 
0470       9607 
0471       9607 
0472       9606 
0473       9603 
0474       9602 
0475       9579 
0476       9565 
0477       9544 
0478       9544 
0479       9544 
0480       9524 
0481       9521 
0482       9510 
0483       9509 
0484       9487 
0485       9487 
0486       9476 
0487       9473 
0488       9447 
0489       9447 
0490       9448 
0491       9462 
0492       9448 
0493       9453 
0494       9443 
0495       9432 
0496       9432 
0497       9432 
0498       9434 
0499       9425 
0500       9413 
0501       9390 
0502       9387 
0503       9387 
0504       9385 
0505       9383 
0506       9380 
0507       9380 
0508       9380 
0509       9379 
0510       9378 
0511       9366 
0512       9366 
0513       9367 
0514       9367 
0515       9360 
0516       9360 
0517       9360 
0518       9362 
0519       9344 
0520       9351 
0521       9351 
0522       9362 
0523       9362 
0524       9356 
0525       9356 
0526       9359 
0527       9361 
0528       9359 
0529       9353 
0530       9353 
0531       9348 
0532       9358 
0533       9338 
0534       9358 
0535       9358 
0536       9362 
0537       9381 
0538       9381 
0539       9381 
0540       9365 
0541       9379 
0542       9379 
0543       9379 
0544       9378 
0545       9378 
0546       9389 
0547       9413 
0548       9415 
0549       9415 
0550       9409 
0551       9409 
0552       9414 
0553       9423 
0554       9438 
0555       9438 
0556       9444 
0557       9447 
0558       9465 
0559       9460 
0560       9469 
0561       9469 
0562       9476 
0563       9504 
0564       9504 
0565       9510 
0566       9517 
0567       9532 
0568       9532 
0569       9531 
0570       9531 
0571       9550 
0572       9568 
0573       9579 
0574       9584 
0575       9614 
0576       9615 
0577       9619 
0578       9619 
0579       9647 
0580       9647 
0581       9647 
0582       9658 
0583       9666 
0584       9689 
0585       9700 
0586       9714 
0587       9715 
0588       9743 
0589       9750 
0590       9773 
0591       9801 
0592       9820 
0593       9820 
0594       9847 
0595       9850 
0596       9866 
0597       9902 
0598       9907 
0599       9930 
0600       9935 
0601       9955 
0602       9963 
0603       10017 
0604       10029 
0605       10045 
0606       10047 
0607       10086 
0608       10086 
0609       10117 
0610       10159 
0611       10161 
0612       10187 
0613       10190 
0614       10228 
0615       10256 
0616       10281 
0617       10311 
0618       10333 
0619       10357 
0620       10370 
0621       10390 
0622       10408 
0623       10433 
0624       10458 
0625       10486 
0626       10513 
0627       10526 
0628       10555 
0629       10567 
0630       10567 
0631       10537 
0632       8129 
0633       8102 
0634       8034 
0635       4919 
0636       4880 
0637       4865 
0638       4855 
0639       2814 
0640       1839 
0641       1788 
0642       1788 
0643       1839 
0644       1852 
0645       1857 
0646       1857 
0647       1857 
0648       1763 
0649       1702 
0650       1692 
0651       1684 
0652       1682 
0653       1682 
0654       1686 
0655       1686 
0656       1688 
0657       1708 
0658       1710 
0659       1713 
0660       1715 
0661       1719 
0662       1734 
0663       1735 
0664       1749 
0665       1752 
0666       1760 
0667       1769 
0668       1769 
0669       1771 
0670       1782 
0671       1789 
0672       1805 
0673       1806 
0674       1806 
0675       1808 
0676       1808 
0677       1806 
0678       1740 
0679       1624 
0680       1515 
0681       1463 
0682       1427 
0683       1409 
0684       1398 
0685       1398 
0686       1384 
0687       1383 
0688       1375 
0689       1373 
0690       1370 
0691       1370 
0692       1370 
0693       1369 
0694       1365 
0695       1355 
0696       1354 
0697       1349 
0698       1258 
0699       1184 
0700       1157 
0701       1157 
0702       1157 
0703       1165 
0704       1226 
0705       1765 
0706       2102 
0707       2217 
0708       2230 
0709       2230 
0710       2249 
0711       2259 
0712       2259 
0713       2260 
0714       2260 
0715       2249 
0716       956 
0717       951 
0718       950 
0719       950 
0720       951 
0721       2330 
0722       2392 
0723       2408 
0724       2408 
0725       2431 
0726       2431 
0727       2464 
0728       2469 
0729       2480 
0730       2502 
0731       2518 
0732       2545 
0733       2548 
0734       2577 
0735       2594 
0736       2598 
0737       2599 
0738       2599 
0739       2599 
0740       766 
0741       715 
0742       692 
0743       702 
0744       695 
0745       695 
0746       701 
0747       702 
0748       703 
0749       703 
0750       703 
0751       709 
0752       715 
0753       726 
0754       733 
0755       734 
0756       799 
0757       3000 
0758       3023 
0759       3036 
0760       3047 
0761       3086 
0762       3093 
0763       3127 
0764       3145 
0765       3186 
0766       3194 
0767       3236 
0768       3258 
0769       3280 
0770       3310 
0771       3332 
0772       3376 
0773       3377 
0774       3426 
0775       3470 
0776       3499 
0777       3560 
0778       3603 
0779       3606 
0780       3658 
0781       3693 
0782       3732 
0783       3756 
0784       3789 
0785       3817 
0786       3873 
0787       3915 
0788       4010 
0789       4060 
0790       4112 
0791       4153 
0792       4215 
0793       4270 
0794       4299 
0795       4369 
0796       4420 
0797       4466 
0798       4518 
0799       4579 
0800       4664 
0801       4721 
0802       4769 
0803       4824 
0804       4892 
0805       4957 
0806       5023 
0807       5088 
0808       5152 
0809       5245 
0810       5342 
0811       5385 
0812       5454 
0813       5519 
0814       5551 
0815       5574 
0816       5580 
0817       5578 
0818       5580 
0819       5632 
0820       5679 
0821       5762 
0822       5762 
0823       1 
0824       1 
0825       1 
0826       1 
0827       1 
0828       1 
0829       1 
0830       1 
0831       1 
0832       1 
0833       1 
0834       1 
0835       1 
0836       1 
0837       1 
0838       1 
0839       1 
0840       1 
0841       1 
0842       1 
0843       1 
0844       1 
0845       1 
0846       1 
0847       1 
0848       1 
0849       1 
0850       1 
0851       1 
0852       1 
0853       1 
0854       1 
0855       1 
0856       1 
0857       1 
0858       1 
0859       1 
0860       1 
0861       5738 
0862       5738 
0863       1 
0864       1 
0865       1 
0866       1 
0867       1 
0868       1 
0869       1 
0870       1 
0871       1 
0872       1 
0873       1 
0874       1 
0875       1 
0876       1 
0877       1 
0878       1 
0879       1 
0880       1 
0881       1 
0882       1 
0883       1 
0884       1 
0885       1 
0886       1 
0887       1 
0888       1 
0889       1 
0890       1 
0891       1 
0892       1 
0893       1 
0894       1 
0895       1 
0896       1 
0897       1 
0898       1 
0899       1 
0900       1 
0901       1 
0902       1 
0903       1 
0904       1 
0905       1 
0906       1 
0907       1 
0908       1 
0909       1 
0910       1 
0911       1 
0912       1 
0913       1 
0914       1 
0915       1 
0916       1 
0917       1 
0918       1 
0919       1 
0920       1 
0921       1 
0922       1 
0923       1 
0924       1 
0925       1 
0926       1 
0927       1 
0928       1 
0929       1 
0930       1 
0931       1 
0932       1 
0933       1 
0934       1 
0935       1 
0936       1 
0937       1 
0938       1 
0939       1 
0940       1 
0941       1 
0942       1 
0943       1 
0944       1 
0945       1 
0946       1 
0947       1 
0948       1 
0949       1 
0950       1 
0951       1 
0952       1 
0953       1 
0954       1 
0955       1 
0956       1 
0957       1 
0958       1 
0959       1 
0960       1 
0961       1 
0962       1 
0963       1 
0964       1 
0965       1 
0966       1 
0967       1 
0968       1 
0969       1 
0970       1 
0971       1 
0972       1 
0973       1 
0974       1 
0975       1 
0976       1 
0977       1 
0978       1 
0979       1 
0980       1 
0981       1 
0982       1 
0983       1 
0984       1 
0985       1 
0986       1 
0987       1 
0988       1 
0989       1 
0990       1 
0991       1 
0992       1 
0993       1 
0994       1 
0995       1 
0996       1 
0997       1 
0998       1 
0999       1 
1000       1 
1001       1 
1002       1 
1003       1 
1004       1 
1005       1 
1006       1 
1007       4 
1008       4 
1009       4 
1010       4 
1011       45 
1012       51 
1013       51 
1014       57 
1015       59 
1016       59 
1017       59 
1018       53 
1019       53 
1020       53 
1021       53 
1022       53 
1023       53 
1024       53 
1025       53 
1026       51 
1027       51 
1028       53 
1029       51 
1030       55 
1031       55 
1032       59 
1033       59 
1034       63 
1035       65 
1036       72 
1037       72 
1038       72 
1039       76 
1040       76 
1041       76 
1042       76 
1043       69 
1044       69 
1045       67 
1046       67 
1047       69 
1048       71 
1049       71 
1050       71 
1051       68 
1052       68 
1053       68 
1054       74 
1055       74 
1056       74 
1057       74 
1058       72 
1059       72 
1060       72 
1061       72 
1062       72 
1063       63 
1064       63 
1065       63 
1066       63 
1067       77 
1068       77 
1069       77 
1070       62 
1071       62 
1072       62 
1073       63 
1074       66 
1075       67 
1076       67 
1077       67 
1078       67 
1079       67 
1297966613.637642
