0000       1 
0001       1 
0002       1 
0003       1 
0004       1 
0005       1 
0006       1 
0007       1 
0008       1 
0009       1 
0010       1 
0011       1 
0012       1 
0013       1 
0014       1 
0015       1 
0016       1 
0017       1 
0018       1 
0019       1 
0020       1 
0021       1 
0022       1 
0023       1 
0024       1 
0025       1 
0026       1 
0027       1 
0028       1 
0029       1 
0030       1 
0031       1 
0032       1 
0033       1 
0034       1 
0035       1 
0036       1 
0037       1 
0038       1 
0039       1 
0040       1 
0041       1 
0042       1 
0043       1 
0044       1 
0045       1 
0046       1 
0047       1 
0048       1 
0049       1 
0050       1 
0051       1 
0052       1 
0053       1 
0054       1 
0055       1 
0056       1 
0057       1 
0058       1 
0059       1 
0060       1 
0061       1 
0062       1 
0063       1 
0064       1 
0065       1 
0066       1 
0067       1 
0068       1 
0069       1 
0070       1 
0071       1 
0072       1 
0073       1 
0074       1 
0075       1 
0076       1 
0077       1 
0078       1 
0079       1 
0080       1 
0081       1 
0082       1 
0083       1 
0084       1 
0085       1 
0086       1 
0087       1 
0088       1 
0089       1 
0090       1 
0091       1 
0092       1 
0093       1 
0094       1 
0095       1 
0096       1 
0097       1 
0098       1 
0099       1 
0100       1 
0101       1 
0102       1 
0103       1 
0104       1 
0105       1 
0106       1 
0107       1 
0108       1 
0109       1 
0110       1 
0111       1 
0112       1 
0113       1 
0114       1 
0115       1 
0116       1 
0117       1 
0118       1 
0119       1 
0120       1 
0121       1 
0122       1 
0123       1 
0124       1 
0125       1 
0126       1 
0127       1 
0128       1 
0129       1 
0130       1 
0131       1 
0132       1 
0133       1 
0134       1 
0135       1 
0136       1 
0137       1 
0138       1 
0139       1 
0140       1 
0141       1 
0142       1 
0143       1 
0144       1 
0145       1 
0146       1 
0147       1 
0148       1 
0149       1 
0150       1 
0151       1 
0152       1 
0153       1 
0154       1 
0155       1 
0156       1 
0157       1 
0158       1 
0159       1 
0160       1 
0161       1 
0162       1 
0163       1 
0164       1 
0165       1 
0166       1 
0167       1 
0168       1 
0169       1 
0170       1 
0171       1 
0172       1 
0173       1 
0174       1 
0175       1 
0176       1 
0177       1 
0178       1 
0179       1 
0180       1 
0181       1 
0182       1 
0183       1 
0184       1 
0185       1 
0186       1 
0187       1 
0188       1 
0189       1 
0190       1 
0191       1 
0192       1 
0193       1 
0194       1 
0195       1 
0196       1 
0197       1 
0198       1 
0199       1 
0200       1 
0201       1 
0202       1 
0203       1 
0204       1 
0205       1 
0206       1 
0207       1 
0208       1 
0209       1 
0210       1 
0211       1 
0212       1 
0213       1 
0214       1 
0215       1 
0216       1 
0217       1 
0218       1 
0219       1 
0220       1 
0221       1 
0222       1 
0223       1 
0224       1 
0225       1 
0226       1 
0227       1 
0228       1 
0229       1 
0230       1 
0231       1 
0232       1 
0233       1 
0234       1 
0235       1 
0236       1 
0237       1 
0238       1 
0239       1 
0240       1 
0241       1 
0242       1 
0243       1 
0244       1 
0245       1 
0246       1 
0247       1 
0248       1 
0249       1 
0250       1 
0251       1 
0252       1 
0253       1 
0254       1 
0255       1 
0256       1 
0257       1 
0258       1 
0259       1 
0260       1 
0261       1 
0262       1 
0263       1 
0264       1 
0265       1 
0266       1 
0267       1 
0268       1 
0269       1 
0270       1 
0271       1 
0272       1 
0273       1 
0274       1 
0275       1 
0276       1 
0277       1 
0278       1 
0279       1 
0280       1 
0281       1 
0282       1 
0283       1 
0284       1 
0285       1 
0286       1 
0287       1 
0288       1 
0289       1 
0290       1 
0291       1 
0292       1 
0293       1 
0294       1 
0295       1 
0296       1 
0297       1 
0298       1 
0299       16435 
0300       16435 
0301       16435 
0302       16335 
0303       10287 
0304       10228 
0305       10228 
0306       10193 
0307       10193 
0308       10256 
0309       10256 
0310       10250 
0311       10187 
0312       10158 
0313       10085 
0314       10019 
0315       9932 
0316       9920 
0317       9864 
0318       9772 
0319       9728 
0320       9654 
0321       9628 
0322       9577 
0323       9513 
0324       9475 
0325       9385 
0326       9361 
0327       9299 
0328       9256 
0329       9199 
0330       9143 
0331       9123 
0332       9035 
0333       9033 
0334       8939 
0335       8938 
0336       8884 
0337       8850 
0338       8797 
0339       8752 
0340       8727 
0341       8674 
0342       8635 
0343       8613 
0344       8589 
0345       8529 
0346       8490 
0347       8438 
0348       8406 
0349       8377 
0350       8338 
0351       8299 
0352       8233 
0353       8211 
0354       8180 
0355       8136 
0356       8119 
0357       8074 
0358       8048 
0359       8019 
0360       7969 
0361       7944 
0362       7917 
0363       7889 
0364       7835 
0365       7807 
0366       7783 
0367       7775 
0368       7726 
0369       7702 
0370       7682 
0371       7652 
0372       7615 
0373       7603 
0374       7577 
0375       7554 
0376       7530 
0377       7527 
0378       7473 
0379       7456 
0380       7450 
0381       7402 
0382       7381 
0383       7359 
0384       7337 
0385       7310 
0386       7286 
0387       7271 
0388       7253 
0389       7234 
0390       7181 
0391       7174 
0392       7164 
0393       7134 
0394       7102 
0395       7097 
0396       7074 
0397       7036 
0398       7034 
0399       7012 
0400       6992 
0401       6977 
0402       6948 
0403       6944 
0404       6914 
0405       6912 
0406       6880 
0407       6870 
0408       6836 
0409       6831 
0410       6821 
0411       6782 
0412       6782 
0413       6767 
0414       6743 
0415       6719 
0416       6715 
0417       6696 
0418       6693 
0419       6675 
0420       6674 
0421       6622 
0422       6621 
0423       6601 
0424       6598 
0425       6597 
0426       6576 
0427       6560 
0428       6533 
0429       6525 
0430       6507 
0431       6501 
0432       6492 
0433       6473 
0434       6454 
0435       6454 
0436       6442 
0437       6435 
0438       6423 
0439       6417 
0440       6397 
0441       6395 
0442       6369 
0443       6355 
0444       6340 
0445       6324 
0446       6324 
0447       6322 
0448       6299 
0449       6298 
0450       6292 
0451       6265 
0452       6264 
0453       6239 
0454       6227 
0455       6227 
0456       6224 
0457       6214 
0458       6209 
0459       6198 
0460       6190 
0461       6184 
0462       6176 
0463       6171 
0464       6152 
0465       6142 
0466       6120 
0467       6113 
0468       6116 
0469       6113 
0470       6100 
0471       6086 
0472       6098 
0473       6084 
0474       6079 
0475       6078 
0476       6068 
0477       6061 
0478       6048 
0479       6039 
0480       6037 
0481       6024 
0482       6020 
0483       6020 
0484       6011 
0485       6009 
0486       6006 
0487       6000 
0488       6000 
0489       6000 
0490       5993 
0491       5986 
0492       5986 
0493       5966 
0494       5960 
0495       5958 
0496       5959 
0497       5959 
0498       5959 
0499       5959 
0500       5949 
0501       5938 
0502       5934 
0503       5938 
0504       5943 
0505       5943 
0506       5943 
0507       5930 
0508       5915 
0509       5921 
0510       5908 
0511       5918 
0512       5898 
0513       5906 
0514       5906 
0515       5914 
0516       5914 
0517       5903 
0518       5900 
0519       5895 
0520       5895 
0521       5903 
0522       5903 
0523       5903 
0524       5897 
0525       5892 
0526       5892 
0527       5892 
0528       5900 
0529       5900 
0530       5900 
0531       5891 
0532       5891 
0533       5894 
0534       5897 
0535       5897 
0536       5903 
0537       5915 
0538       5915 
0539       5908 
0540       5902 
0541       5908 
0542       5906 
0543       5910 
0544       5910 
0545       5916 
0546       5918 
0547       5918 
0548       5918 
0549       5918 
0550       5909 
0551       5909 
0552       5926 
0553       5926 
0554       5926 
0555       5926 
0556       5944 
0557       5944 
0558       5939 
0559       5939 
0560       5961 
0561       5961 
0562       5961 
0563       5969 
0564       5971 
0565       5973 
0566       5971 
0567       5982 
0568       5981 
0569       5982 
0570       5989 
0571       6000 
0572       6004 
0573       6005 
0574       6005 
0575       6005 
0576       6022 
0577       6034 
0578       6037 
0579       6037 
0580       6044 
0581       6054 
0582       6061 
0583       6061 
0584       6061 
0585       6073 
0586       6063 
0587       6073 
0588       6089 
0589       6101 
0590       6110 
0591       6110 
0592       6110 
0593       6133 
0594       6151 
0595       6157 
0596       6157 
0597       6157 
0598       6173 
0599       6186 
0600       6191 
0601       6215 
0602       6215 
0603       6223 
0604       6223 
0605       6228 
0606       6242 
0607       6259 
0608       6270 
0609       6275 
0610       6282 
0611       6289 
0612       6306 
0613       6315 
0614       6329 
0615       6321 
0616       6333 
0617       6340 
0618       6375 
0619       6375 
0620       6375 
0621       6402 
0622       6405 
0623       6432 
0624       6432 
0625       6435 
0626       6467 
0627       6482 
0628       6482 
0629       6502 
0630       6515 
0631       6518 
0632       6543 
0633       6544 
0634       6562 
0635       6575 
0636       6590 
0637       6617 
0638       6619 
0639       6643 
0640       6645 
0641       6685 
0642       6694 
0643       6697 
0644       6714 
0645       6714 
0646       6746 
0647       6767 
0648       6777 
0649       6805 
0650       6807 
0651       6830 
0652       6839 
0653       6873 
0654       6886 
0655       6894 
0656       6920 
0657       6942 
0658       6958 
0659       6983 
0660       7012 
0661       7034 
0662       7057 
0663       7062 
0664       7087 
0665       7105 
0666       7115 
0667       7137 
0668       7180 
0669       7198 
0670       7215 
0671       7234 
0672       7251 
0673       7256 
0674       7280 
0675       7318 
0676       7353 
0677       7374 
0678       7386 
0679       7423 
0680       7458 
0681       7465 
0682       7490 
0683       7529 
0684       7535 
0685       7586 
0686       7589 
0687       7605 
0688       7653 
0689       7688 
0690       7711 
0691       7735 
0692       7777 
0693       7792 
0694       7842 
0695       7843 
0696       7889 
0697       7915 
0698       7921 
0699       7970 
0700       7990 
0701       8031 
0702       8084 
0703       8085 
0704       8129 
0705       8170 
0706       8215 
0707       8243 
0708       8260 
0709       8330 
0710       8364 
0711       8404 
0712       8431 
0713       8458 
0714       8506 
0715       8551 
0716       8568 
0717       8625 
0718       8637 
0719       8712 
0720       8742 
0721       8768 
0722       8816 
0723       8846 
0724       8931 
0725       8957 
0726       9014 
0727       9050 
0728       9081 
0729       9157 
0730       9217 
0731       9231 
0732       9259 
0733       9318 
0734       9399 
0735       9433 
0736       9507 
0737       9530 
0738       9560 
0739       9679 
0740       9694 
0741       9770 
0742       9832 
0743       9882 
0744       9960 
0745       10023 
0746       10096 
0747       10107 
0748       10201 
0749       10263 
0750       10302 
0751       10379 
0752       10425 
0753       10508 
0754       10579 
0755       10662 
0756       10717 
0757       10805 
0758       10882 
0759       10916 
0760       11004 
0761       11004 
0762       10964 
0763       10886 
0764       10886 
0765       10951 
0766       12720 
0767       12720 
0768       12683 
0769       12683 
0770       12755 
0771       12864 
0772       12976 
0773       13069 
0774       13156 
0775       13258 
0776       13336 
0777       13479 
0778       13479 
0779       13553 
0780       13785 
0781       13901 
0782       14010 
0783       14099 
0784       14137 
0785       14420 
0786       14565 
0787       14669 
0788       14738 
0789       14738 
0790       1 
0791       1 
0792       1 
0793       1 
0794       1 
0795       1 
0796       1 
0797       1 
0798       1 
0799       1 
0800       1 
0801       1 
0802       10405 
0803       10405 
0804       19064 
0805       19064 
0806       19022 
0807       10222 
0808       10197 
0809       10177 
0810       10176 
0811       10177 
0812       10180 
0813       18805 
0814       18805 
0815       18788 
0816       18768 
0817       18739 
0818       15054 
0819       15052 
0820       15007 
0821       15000 
0822       14996 
0823       14940 
0824       14937 
0825       14909 
0826       14886 
0827       14875 
0828       14863 
0829       14840 
0830       14820 
0831       14793 
0832       14787 
0833       14777 
0834       14753 
0835       14729 
0836       14720 
0837       14707 
0838       14698 
0839       14663 
0840       14653 
0841       14642 
0842       14633 
0843       14630 
0844       14618 
0845       14612 
0846       14575 
0847       14569 
0848       1 
0849       1 
0850       1 
0851       1 
0852       1 
0853       1 
0854       1 
0855       1 
0856       1 
0857       1 
0858       1 
0859       1 
0860       1 
0861       1 
0862       1 
0863       1 
0864       1 
0865       1 
0866       1 
0867       1 
0868       1 
0869       1 
0870       1 
0871       1 
0872       1 
0873       1 
0874       1 
0875       1 
0876       1 
0877       1 
0878       1 
0879       1 
0880       1 
0881       1 
0882       1 
0883       1 
0884       1 
0885       1 
0886       1 
0887       1 
0888       1 
0889       1 
0890       1 
0891       1 
0892       1 
0893       1 
0894       1 
0895       1 
0896       1 
0897       1 
0898       1 
0899       1 
0900       1 
0901       1 
0902       1 
0903       1 
0904       1 
0905       1 
0906       1 
0907       1 
0908       1 
0909       1 
0910       1 
0911       1 
0912       1 
0913       1 
0914       1 
0915       1 
0916       1 
0917       1 
0918       1 
0919       1 
0920       1 
0921       1 
0922       1 
0923       1 
0924       1 
0925       1 
0926       1 
0927       1 
0928       1 
0929       1 
0930       1 
0931       1 
0932       1 
0933       1 
0934       1 
0935       1 
0936       1 
0937       1 
0938       1 
0939       1 
0940       1 
0941       1 
0942       1 
0943       1 
0944       1 
0945       1 
0946       1 
0947       1 
0948       1 
0949       1 
0950       1 
0951       1 
0952       1 
0953       1 
0954       1 
0955       1 
0956       1 
0957       1 
0958       1 
0959       1 
0960       1 
0961       1 
0962       1 
0963       1 
0964       1 
0965       1 
0966       1 
0967       1 
0968       1 
0969       1 
0970       1 
0971       1 
0972       1 
0973       1 
0974       1 
0975       1 
0976       1 
0977       1 
0978       1 
0979       1 
0980       1 
0981       1 
0982       1 
0983       1 
0984       1 
0985       1 
0986       1 
0987       1 
0988       1 
0989       1 
0990       1 
0991       1 
0992       1 
0993       1 
0994       1 
0995       1 
0996       1 
0997       1 
0998       1 
0999       1 
1000       1 
1001       1 
1002       1 
1003       1 
1004       1 
1005       1 
1006       4 
1007       4 
1008       4 
1009       4 
1010       42 
1011       4 
1012       4 
1013       4 
1014       4 
1015       4 
1016       4 
1017       51 
1018       51 
1019       51 
1020       51 
1021       50 
1022       49 
1023       49 
1024       49 
1025       49 
1026       61 
1027       61 
1028       57 
1029       57 
1030       57 
1031       56 
1032       56 
1033       56 
1034       56 
1035       68 
1036       68 
1037       68 
1038       72 
1039       68 
1040       67 
1041       68 
1042       68 
1043       66 
1044       66 
1045       64 
1046       64 
1047       68 
1048       68 
1049       70 
1050       72 
1051       72 
1052       72 
1053       72 
1054       67 
1055       67 
1056       67 
1057       67 
1058       67 
1059       67 
1060       62 
1061       62 
1062       62 
1063       72 
1064       72 
1065       72 
1066       65 
1067       65 
1068       65 
1069       70 
1070       70 
1071       70 
1072       68 
1073       64 
1074       64 
1075       64 
1076       66 
1077       66 
1078       68 
1079       68 
1297966650.290866
