0000       1 
0001       1 
0002       1 
0003       1 
0004       1 
0005       1 
0006       1 
0007       1 
0008       1 
0009       1 
0010       1 
0011       1 
0012       1 
0013       1 
0014       1 
0015       1 
0016       1 
0017       1 
0018       1 
0019       1 
0020       1 
0021       1 
0022       1 
0023       1 
0024       1 
0025       1 
0026       1 
0027       1 
0028       1 
0029       1 
0030       1 
0031       1 
0032       1 
0033       1 
0034       1 
0035       1 
0036       1 
0037       1 
0038       1 
0039       1 
0040       1 
0041       1 
0042       1 
0043       1 
0044       1 
0045       1 
0046       1 
0047       1 
0048       1 
0049       1 
0050       1 
0051       1 
0052       1 
0053       1 
0054       1 
0055       1 
0056       1 
0057       1 
0058       1 
0059       1 
0060       1 
0061       1 
0062       1 
0063       1 
0064       1 
0065       1 
0066       1 
0067       1 
0068       1 
0069       1 
0070       1 
0071       1 
0072       1 
0073       1 
0074       1 
0075       1 
0076       1 
0077       1 
0078       1 
0079       1 
0080       1 
0081       1 
0082       1 
0083       1 
0084       1 
0085       1 
0086       1 
0087       1 
0088       1 
0089       1 
0090       1 
0091       1 
0092       1 
0093       1 
0094       1 
0095       1 
0096       1 
0097       1 
0098       1 
0099       1 
0100       1 
0101       1 
0102       1 
0103       1 
0104       1 
0105       1 
0106       1 
0107       1 
0108       1 
0109       1 
0110       1 
0111       1 
0112       1 
0113       1 
0114       1 
0115       1 
0116       1 
0117       1 
0118       1 
0119       1 
0120       1 
0121       1 
0122       1 
0123       1 
0124       1 
0125       1 
0126       1 
0127       19921 
0128       19921 
0129       19921 
0130       1 
0131       1 
0132       1 
0133       1 
0134       1 
0135       1 
0136       1 
0137       1 
0138       1 
0139       1 
0140       1 
0141       1 
0142       1 
0143       1 
0144       1 
0145       1 
0146       1 
0147       1 
0148       1 
0149       1 
0150       1 
0151       1 
0152       1 
0153       1 
0154       1 
0155       1 
0156       1 
0157       1 
0158       1 
0159       1 
0160       1 
0161       1 
0162       1 
0163       1 
0164       1 
0165       19846 
0166       19846 
0167       1 
0168       1 
0169       1 
0170       1 
0171       18959 
0172       18959 
0173       18959 
0174       18892 
0175       1 
0176       1 
0177       1 
0178       17728 
0179       17787 
0180       17787 
0181       17787 
0182       17720 
0183       17720 
0184       17675 
0185       17692 
0186       17675 
0187       17692 
0188       18020 
0189       18026 
0190       18020 
0191       18020 
0192       18029 
0193       18185 
0194       18185 
0195       1 
0196       1 
0197       1 
0198       1 
0199       1 
0200       1 
0201       1 
0202       1 
0203       18980 
0204       18980 
0205       18864 
0206       1 
0207       1 
0208       1 
0209       1 
0210       1 
0211       1 
0212       19386 
0213       19386 
0214       1 
0215       1 
0216       1 
0217       1 
0218       1 
0219       1 
0220       1 
0221       1 
0222       1 
0223       1 
0224       1 
0225       1 
0226       1 
0227       1 
0228       1 
0229       1 
0230       1 
0231       1 
0232       1 
0233       1 
0234       1 
0235       1 
0236       1 
0237       1 
0238       1 
0239       1 
0240       1 
0241       1 
0242       1 
0243       1 
0244       1 
0245       1 
0246       21299 
0247       21299 
0248       21108 
0249       20734 
0250       20712 
0251       20539 
0252       19822 
0253       19765 
0254       19765 
0255       19765 
0256       19291 
0257       19240 
0258       19240 
0259       18990 
0260       18764 
0261       18764 
0262       1 
0263       1 
0264       1 
0265       1 
0266       17838 
0267       17838 
0268       17687 
0269       17547 
0270       17505 
0271       17268 
0272       17134 
0273       17134 
0274       17008 
0275       16881 
0276       16794 
0277       16688 
0278       16550 
0279       16431 
0280       16335 
0281       16196 
0282       16101 
0283       16024 
0284       15955 
0285       15847 
0286       15708 
0287       15627 
0288       15619 
0289       15586 
0290       15518 
0291       15422 
0292       15327 
0293       15237 
0294       15165 
0295       15058 
0296       14983 
0297       14906 
0298       14804 
0299       14754 
0300       14656 
0301       14577 
0302       14512 
0303       14439 
0304       14367 
0305       14306 
0306       14219 
0307       14149 
0308       14037 
0309       13993 
0310       13899 
0311       13843 
0312       13796 
0313       13724 
0314       13669 
0315       13560 
0316       13497 
0317       13433 
0318       13333 
0319       13304 
0320       13243 
0321       13194 
0322       13112 
0323       13055 
0324       13010 
0325       12948 
0326       12895 
0327       12821 
0328       12778 
0329       12722 
0330       12660 
0331       12613 
0332       12551 
0333       12521 
0334       12458 
0335       12414 
0336       12362 
0337       12305 
0338       12257 
0339       12225 
0340       12187 
0341       12136 
0342       12071 
0343       12054 
0344       12007 
0345       12005 
0346       11907 
0347       11883 
0348       11877 
0349       11818 
0350       11758 
0351       11710 
0352       11681 
0353       11656 
0354       11581 
0355       11550 
0356       11511 
0357       11492 
0358       11433 
0359       11411 
0360       11380 
0361       11339 
0362       11308 
0363       11248 
0364       11231 
0365       11182 
0366       11166 
0367       11115 
0368       11095 
0369       11062 
0370       11016 
0371       10988 
0372       10955 
0373       10950 
0374       10906 
0375       10865 
0376       10839 
0377       10805 
0378       10755 
0379       10748 
0380       10721 
0381       10707 
0382       10671 
0383       10650 
0384       10610 
0385       10592 
0386       10573 
0387       10522 
0388       10502 
0389       10466 
0390       10449 
0391       10423 
0392       10412 
0393       10392 
0394       10340 
0395       10336 
0396       10291 
0397       10291 
0398       10259 
0399       10233 
0400       10212 
0401       10201 
0402       10179 
0403       10149 
0404       10135 
0405       10114 
0406       10093 
0407       10079 
0408       10048 
0409       10034 
0410       10010 
0411       9981 
0412       9963 
0413       9955 
0414       9944 
0415       9935 
0416       9886 
0417       9885 
0418       9864 
0419       9834 
0420       9819 
0421       9817 
0422       9791 
0423       9765 
0424       9764 
0425       9730 
0426       9722 
0427       9694 
0428       9682 
0429       9660 
0430       9655 
0431       9632 
0432       9622 
0433       9605 
0434       9604 
0435       9584 
0436       9564 
0437       9555 
0438       9538 
0439       9524 
0440       9517 
0441       9499 
0442       9497 
0443       9497 
0444       9464 
0445       9427 
0446       9420 
0447       9420 
0448       9414 
0449       9404 
0450       9403 
0451       9385 
0452       9377 
0453       9363 
0454       9357 
0455       9357 
0456       9341 
0457       9332 
0458       9332 
0459       9314 
0460       9301 
0461       9298 
0462       9297 
0463       9297 
0464       9271 
0465       9264 
0466       9255 
0467       9255 
0468       9254 
0469       9233 
0470       9226 
0471       9226 
0472       9218 
0473       9206 
0474       9200 
0475       9200 
0476       9200 
0477       9196 
0478       9188 
0479       9165 
0480       9165 
0481       9177 
0482       9180 
0483       9177 
0484       9177 
0485       9177 
0486       9177 
0487       9177 
0488       9168 
0489       9146 
0490       9146 
0491       9150 
0492       9150 
0493       9132 
0494       9129 
0495       9129 
0496       9129 
0497       9130 
0498       9129 
0499       9130 
0500       9129 
0501       9117 
0502       9117 
0503       9105 
0504       9098 
0505       9079 
0506       9060 
0507       9060 
0508       9066 
0509       9094 
0510       9100 
0511       9104 
0512       9116 
0513       9117 
0514       9140 
0515       9144 
0516       9144 
0517       9132 
0518       9132 
0519       9132 
0520       9126 
0521       9126 
0522       9145 
0523       9164 
0524       9145 
0525       9170 
0526       9159 
0527       9159 
0528       9151 
0529       9151 
0530       9149 
0531       9153 
0532       9154 
0533       9161 
0534       9163 
0535       9177 
0536       9192 
0537       9192 
0538       9191 
0539       9189 
0540       9189 
0541       9195 
0542       9214 
0543       9220 
0544       9234 
0545       9242 
0546       9242 
0547       9244 
0548       9248 
0549       9271 
0550       9285 
0551       9290 
0552       9292 
0553       9295 
0554       9315 
0555       9318 
0556       9327 
0557       9335 
0558       9335 
0559       9332 
0560       9332 
0561       9355 
0562       9380 
0563       9388 
0564       9412 
0565       9415 
0566       9415 
0567       9416 
0568       9440 
0569       9464 
0570       9477 
0571       9483 
0572       9487 
0573       9500 
0574       9523 
0575       9536 
0576       9546 
0577       9548 
0578       9565 
0579       9585 
0580       9603 
0581       9603 
0582       9619 
0583       9646 
0584       9660 
0585       9682 
0586       9688 
0587       9701 
0588       9703 
0589       9711 
0590       9730 
0591       9753 
0592       9761 
0593       9778 
0594       9799 
0595       9824 
0596       9831 
0597       9847 
0598       9864 
0599       9889 
0600       9899 
0601       9905 
0602       9926 
0603       9956 
0604       9987 
0605       10006 
0606       10022 
0607       10036 
0608       10063 
0609       10082 
0610       10100 
0611       10141 
0612       10150 
0613       10182 
0614       10205 
0615       10222 
0616       10246 
0617       10252 
0618       10277 
0619       10300 
0620       10338 
0621       10352 
0622       10379 
0623       10415 
0624       10434 
0625       10438 
0626       10497 
0627       10510 
0628       10510 
0629       10580 
0630       10586 
0631       10626 
0632       10628 
0633       10669 
0634       10669 
0635       10655 
0636       10616 
0637       10616 
0638       10628 
0639       10643 
0640       10643 
0641       7832 
0642       7832 
0643       7836 
0644       7855 
0645       7886 
0646       7916 
0647       7928 
0648       7949 
0649       7949 
0650       5134 
0651       4989 
0652       4925 
0653       4818 
0654       4613 
0655       4332 
0656       4222 
0657       4218 
0658       4186 
0659       4124 
0660       4089 
0661       4089 
0662       4089 
0663       4100 
0664       4106 
0665       4108 
0666       4130 
0667       4154 
0668       4157 
0669       4186 
0670       4209 
0671       4219 
0672       4241 
0673       4272 
0674       4280 
0675       4298 
0676       4329 
0677       4355 
0678       4374 
0679       4395 
0680       4397 
0681       4469 
0682       4523 
0683       4561 
0684       4605 
0685       4641 
0686       4659 
0687       4691 
0688       4715 
0689       4752 
0690       4767 
0691       4793 
0692       4806 
0693       4851 
0694       4882 
0695       4913 
0696       4943 
0697       4965 
0698       4991 
0699       5016 
0700       5044 
0701       5067 
0702       5089 
0703       5114 
0704       5138 
0705       5166 
0706       5194 
0707       5220 
0708       5232 
0709       5272 
0710       5300 
0711       5334 
0712       5360 
0713       5382 
0714       5406 
0715       5456 
0716       5464 
0717       5486 
0718       5539 
0719       5547 
0720       5596 
0721       5647 
0722       5690 
0723       5715 
0724       5761 
0725       5761 
0726       5792 
0727       5838 
0728       5872 
0729       5902 
0730       5945 
0731       6018 
0732       6071 
0733       6102 
0734       6125 
0735       6174 
0736       6226 
0737       6242 
0738       6312 
0739       6388 
0740       6404 
0741       6470 
0742       6523 
0743       6556 
0744       6633 
0745       6676 
0746       6710 
0747       6751 
0748       6809 
0749       6877 
0750       6940 
0751       6982 
0752       7051 
0753       7110 
0754       7177 
0755       7216 
0756       7235 
0757       7315 
0758       7384 
0759       7419 
0760       7520 
0761       7575 
0762       7633 
0763       7690 
0764       7773 
0765       7853 
0766       7947 
0767       8030 
0768       8095 
0769       8194 
0770       8242 
0771       8310 
0772       8396 
0773       8398 
0774       8400 
0775       8505 
0776       8613 
0777       8683 
0778       8897 
0779       9051 
0780       9185 
0781       9311 
0782       9453 
0783       9567 
0784       9702 
0785       9821 
0786       10004 
0787       10155 
0788       10293 
0789       10406 
0790       10533 
0791       10686 
0792       10762 
0793       10870 
0794       10990 
0795       11120 
0796       11287 
0797       11466 
0798       11647 
0799       11746 
0800       11938 
0801       12159 
0802       12323 
0803       12556 
0804       12708 
0805       12919 
0806       13062 
0807       13389 
0808       13561 
0809       13744 
0810       14005 
0811       14005 
0812       1 
0813       1 
0814       1 
0815       1 
0816       1 
0817       1 
0818       15966 
0819       15966 
0820       1 
0821       1 
0822       1 
0823       1 
0824       24170 
0825       24170 
0826       24144 
0827       1 
0828       1 
0829       1 
0830       1 
0831       1 
0832       1 
0833       1 
0834       1 
0835       1 
0836       1 
0837       1 
0838       1 
0839       1 
0840       1 
0841       1 
0842       1 
0843       1 
0844       1 
0845       1 
0846       1 
0847       1 
0848       1 
0849       1 
0850       1 
0851       1 
0852       1 
0853       24254 
0854       24254 
0855       24290 
0856       24290 
0857       24303 
0858       24305 
0859       24305 
0860       24325 
0861       24355 
0862       24355 
0863       1 
0864       1 
0865       1 
0866       1 
0867       1 
0868       1 
0869       1 
0870       1 
0871       1 
0872       1 
0873       1 
0874       1 
0875       1 
0876       1 
0877       1 
0878       1 
0879       1 
0880       1 
0881       1 
0882       1 
0883       1 
0884       1 
0885       1 
0886       1 
0887       1 
0888       1 
0889       1 
0890       1 
0891       1 
0892       1 
0893       1 
0894       1 
0895       1 
0896       1 
0897       1 
0898       1 
0899       1 
0900       1 
0901       1 
0902       1 
0903       1 
0904       1 
0905       1 
0906       1 
0907       1 
0908       1 
0909       1 
0910       1 
0911       1 
0912       1 
0913       1 
0914       1 
0915       1 
0916       1 
0917       1 
0918       1 
0919       1 
0920       1 
0921       1 
0922       1 
0923       1 
0924       1 
0925       1 
0926       1 
0927       1 
0928       1 
0929       1 
0930       1 
0931       1 
0932       1 
0933       1 
0934       1 
0935       1 
0936       1 
0937       1 
0938       1 
0939       1 
0940       1 
0941       1 
0942       1 
0943       1 
0944       1 
0945       1 
0946       1 
0947       1 
0948       1 
0949       1 
0950       1 
0951       1 
0952       1 
0953       1 
0954       1 
0955       1 
0956       1 
0957       1 
0958       1 
0959       1 
0960       1 
0961       1 
0962       1 
0963       1 
0964       1 
0965       1 
0966       1 
0967       1 
0968       1 
0969       1 
0970       1 
0971       1 
0972       1 
0973       1 
0974       1 
0975       1 
0976       1 
0977       1 
0978       1 
0979       1 
0980       1 
0981       1 
0982       1 
0983       1 
0984       1 
0985       1 
0986       1 
0987       1 
0988       1 
0989       1 
0990       1 
0991       1 
0992       1 
0993       1 
0994       1 
0995       1 
0996       1 
0997       1 
0998       1 
0999       1 
1000       1 
1001       1 
1002       1 
1003       1 
1004       1 
1005       1 
1006       1 
1007       4 
1008       47 
1009       51 
1010       52 
1011       52 
1012       52 
1013       4 
1014       4 
1015       4 
1016       47 
1017       48 
1018       49 
1019       50 
1020       50 
1021       50 
1022       53 
1023       53 
1024       53 
1025       55 
1026       55 
1027       55 
1028       53 
1029       53 
1030       51 
1031       51 
1032       50 
1033       50 
1034       59 
1035       60 
1036       68 
1037       68 
1038       70 
1039       73 
1040       73 
1041       73 
1042       74 
1043       74 
1044       67 
1045       65 
1046       67 
1047       65 
1048       65 
1049       65 
1050       68 
1051       65 
1052       68 
1053       70 
1054       70 
1055       62 
1056       66 
1057       66 
1058       66 
1059       67 
1060       67 
1061       67 
1062       60 
1063       60 
1064       60 
1065       60 
1066       62 
1067       66 
1068       66 
1069       66 
1070       66 
1071       66 
1072       66 
1073       68 
1074       68 
1075       68 
1076       66 
1077       66 
1078       66 
1079       66 
1297966618.553139
