0000       1 
0001       1 
0002       1 
0003       1 
0004       1 
0005       1 
0006       1 
0007       1 
0008       1 
0009       1 
0010       1 
0011       1 
0012       1 
0013       1 
0014       1 
0015       1 
0016       1 
0017       1 
0018       1 
0019       1 
0020       1 
0021       1 
0022       1 
0023       1 
0024       1 
0025       1 
0026       1 
0027       1 
0028       1 
0029       1 
0030       1 
0031       1 
0032       1 
0033       1 
0034       1 
0035       1 
0036       1 
0037       1 
0038       1 
0039       1 
0040       1 
0041       1 
0042       1 
0043       1 
0044       1 
0045       1 
0046       1 
0047       1 
0048       1 
0049       1 
0050       1 
0051       1 
0052       1 
0053       1 
0054       1 
0055       1 
0056       1 
0057       1 
0058       1 
0059       1 
0060       1 
0061       1 
0062       1 
0063       1 
0064       1 
0065       1 
0066       1 
0067       1 
0068       1 
0069       1 
0070       1 
0071       1 
0072       1 
0073       1 
0074       1 
0075       1 
0076       1 
0077       1 
0078       1 
0079       1 
0080       1 
0081       1 
0082       1 
0083       1 
0084       1 
0085       1 
0086       1 
0087       1 
0088       1 
0089       1 
0090       1 
0091       1 
0092       1 
0093       1 
0094       1 
0095       1 
0096       1 
0097       1 
0098       1 
0099       1 
0100       1 
0101       1 
0102       1 
0103       1 
0104       1 
0105       1 
0106       1 
0107       1 
0108       1 
0109       1 
0110       1 
0111       1 
0112       1 
0113       1 
0114       1 
0115       1 
0116       1 
0117       1 
0118       1 
0119       1 
0120       1 
0121       1 
0122       1 
0123       1 
0124       1 
0125       1 
0126       1 
0127       1 
0128       1 
0129       1 
0130       1 
0131       1 
0132       1 
0133       1 
0134       1 
0135       1 
0136       1 
0137       1 
0138       1 
0139       1 
0140       1 
0141       1 
0142       1 
0143       1 
0144       1 
0145       1 
0146       1 
0147       1 
0148       1 
0149       1 
0150       1 
0151       1 
0152       1 
0153       1 
0154       1 
0155       1 
0156       1 
0157       1 
0158       1 
0159       1 
0160       1 
0161       1 
0162       1 
0163       1 
0164       1 
0165       1 
0166       1 
0167       1 
0168       1 
0169       1 
0170       1 
0171       1 
0172       1 
0173       1 
0174       1 
0175       1 
0176       1 
0177       1 
0178       1 
0179       1 
0180       1 
0181       1 
0182       1 
0183       1 
0184       1 
0185       1 
0186       1 
0187       1 
0188       1 
0189       1 
0190       1 
0191       1 
0192       1 
0193       1 
0194       1 
0195       1 
0196       1 
0197       1 
0198       1 
0199       1 
0200       1 
0201       1 
0202       1 
0203       1 
0204       1 
0205       1 
0206       1 
0207       1 
0208       1 
0209       1 
0210       1 
0211       1 
0212       1 
0213       1 
0214       1 
0215       1 
0216       1 
0217       1 
0218       1 
0219       1 
0220       1 
0221       1 
0222       1 
0223       1 
0224       1 
0225       1 
0226       1 
0227       1 
0228       1 
0229       1 
0230       1 
0231       1 
0232       1 
0233       1 
0234       1 
0235       1 
0236       1 
0237       1 
0238       1 
0239       1 
0240       1 
0241       1 
0242       1 
0243       1 
0244       1 
0245       1 
0246       1 
0247       1 
0248       1 
0249       1 
0250       1 
0251       1 
0252       1 
0253       1 
0254       1 
0255       1 
0256       1 
0257       1 
0258       1 
0259       1 
0260       1 
0261       1 
0262       1 
0263       1 
0264       1 
0265       1 
0266       1 
0267       13240 
0268       13273 
0269       13273 
0270       13297 
0271       13297 
0272       13207 
0273       12851 
0274       12851 
0275       12740 
0276       12740 
0277       12634 
0278       12542 
0279       12311 
0280       12202 
0281       12202 
0282       12114 
0283       11986 
0284       11923 
0285       11833 
0286       11753 
0287       11680 
0288       11574 
0289       11486 
0290       11388 
0291       11352 
0292       11255 
0293       11129 
0294       11089 
0295       10997 
0296       10903 
0297       10842 
0298       10746 
0299       10680 
0300       10569 
0301       10532 
0302       10489 
0303       10436 
0304       10345 
0305       10298 
0306       10197 
0307       10178 
0308       10128 
0309       10024 
0310       9977 
0311       9932 
0312       9826 
0313       9772 
0314       9730 
0315       9675 
0316       9595 
0317       9579 
0318       9503 
0319       9476 
0320       9404 
0321       9340 
0322       9321 
0323       9257 
0324       9195 
0325       9138 
0326       9090 
0327       9050 
0328       9013 
0329       8964 
0330       8929 
0331       8896 
0332       8836 
0333       8770 
0334       8770 
0335       8715 
0336       8679 
0337       8617 
0338       8562 
0339       8548 
0340       8513 
0341       8449 
0342       8432 
0343       8373 
0344       8353 
0345       8306 
0346       8269 
0347       8241 
0348       8175 
0349       8159 
0350       8099 
0351       8092 
0352       8069 
0353       8035 
0354       8016 
0355       7980 
0356       7910 
0357       7885 
0358       7843 
0359       7834 
0360       7792 
0361       7750 
0362       7721 
0363       7695 
0364       7672 
0365       7639 
0366       7603 
0367       7568 
0368       7565 
0369       7538 
0370       7523 
0371       7493 
0372       7458 
0373       7420 
0374       7412 
0375       7395 
0376       7355 
0377       7328 
0378       7285 
0379       7268 
0380       7254 
0381       7228 
0382       7198 
0383       7195 
0384       7166 
0385       7157 
0386       7120 
0387       7091 
0388       7073 
0389       7034 
0390       7033 
0391       7009 
0392       6991 
0393       6954 
0394       6935 
0395       6911 
0396       6903 
0397       6898 
0398       6864 
0399       6851 
0400       6825 
0401       6807 
0402       6806 
0403       6794 
0404       6778 
0405       6748 
0406       6741 
0407       6728 
0408       6684 
0409       6661 
0410       6656 
0411       6654 
0412       6632 
0413       6620 
0414       6580 
0415       6574 
0416       6561 
0417       6561 
0418       6561 
0419       6508 
0420       6506 
0421       6475 
0422       6472 
0423       6456 
0424       6451 
0425       6447 
0426       6430 
0427       6405 
0428       6400 
0429       6394 
0430       6381 
0431       6375 
0432       6354 
0433       6330 
0434       6327 
0435       6323 
0436       6311 
0437       6294 
0438       6276 
0439       6270 
0440       6267 
0441       6253 
0442       6242 
0443       6233 
0444       6202 
0445       6202 
0446       6198 
0447       6177 
0448       6177 
0449       6175 
0450       6153 
0451       6145 
0452       6145 
0453       6132 
0454       6122 
0455       6120 
0456       6119 
0457       6112 
0458       6094 
0459       6076 
0460       6073 
0461       6061 
0462       6061 
0463       6055 
0464       6044 
0465       6043 
0466       6030 
0467       6018 
0468       6010 
0469       5992 
0470       6002 
0471       5985 
0472       5986 
0473       5973 
0474       5973 
0475       5968 
0476       5964 
0477       5953 
0478       5953 
0479       5953 
0480       5951 
0481       5936 
0482       5935 
0483       5922 
0484       5920 
0485       5913 
0486       5913 
0487       5913 
0488       5911 
0489       5899 
0490       5897 
0491       5895 
0492       5885 
0493       5874 
0494       5874 
0495       5876 
0496       5876 
0497       5854 
0498       5854 
0499       5864 
0500       5865 
0501       5865 
0502       5859 
0503       5852 
0504       5848 
0505       5839 
0506       5833 
0507       5833 
0508       5831 
0509       5834 
0510       5831 
0511       5831 
0512       5831 
0513       5831 
0514       5831 
0515       5825 
0516       5825 
0517       5819 
0518       5819 
0519       5819 
0520       5819 
0521       5817 
0522       5817 
0523       5815 
0524       5813 
0525       5813 
0526       5813 
0527       5812 
0528       5812 
0529       5819 
0530       5819 
0531       5823 
0532       5821 
0533       5821 
0534       5820 
0535       5820 
0536       5812 
0537       5821 
0538       5821 
0539       5823 
0540       5827 
0541       5830 
0542       5827 
0543       5829 
0544       5829 
0545       5832 
0546       5844 
0547       5844 
0548       5840 
0549       5840 
0550       5841 
0551       5845 
0552       5846 
0553       5845 
0554       5850 
0555       5855 
0556       5857 
0557       5859 
0558       5865 
0559       5874 
0560       5865 
0561       5876 
0562       5876 
0563       5883 
0564       5903 
0565       5903 
0566       5910 
0567       5913 
0568       5917 
0569       5917 
0570       5919 
0571       5932 
0572       5932 
0573       5932 
0574       5932 
0575       5938 
0576       5944 
0577       5955 
0578       5965 
0579       5965 
0580       5982 
0581       5982 
0582       5974 
0583       5974 
0584       5988 
0585       5994 
0586       6009 
0587       6025 
0588       6027 
0589       6030 
0590       6030 
0591       6052 
0592       6052 
0593       6058 
0594       6065 
0595       6066 
0596       6068 
0597       6092 
0598       6095 
0599       6101 
0600       6115 
0601       6115 
0602       6115 
0603       6136 
0604       6165 
0605       6165 
0606       6165 
0607       6172 
0608       6182 
0609       6192 
0610       6195 
0611       6225 
0612       6231 
0613       6239 
0614       6243 
0615       6259 
0616       6286 
0617       6286 
0618       6303 
0619       6318 
0620       6332 
0621       6339 
0622       6343 
0623       6351 
0624       6382 
0625       6386 
0626       6399 
0627       6401 
0628       6416 
0629       6420 
0630       6450 
0631       6468 
0632       6474 
0633       6480 
0634       6487 
0635       6511 
0636       6537 
0637       6537 
0638       6537 
0639       6577 
0640       6596 
0641       6608 
0642       6628 
0643       6637 
0644       6651 
0645       6669 
0646       6687 
0647       6709 
0648       6731 
0649       6733 
0650       6750 
0651       6793 
0652       6800 
0653       6813 
0654       6825 
0655       6840 
0656       6864 
0657       6882 
0658       6882 
0659       6930 
0660       6932 
0661       6944 
0662       6976 
0663       6999 
0664       7032 
0665       7048 
0666       7073 
0667       7080 
0668       7108 
0669       7133 
0670       7165 
0671       7189 
0672       7201 
0673       7228 
0674       7264 
0675       7279 
0676       7284 
0677       7325 
0678       7341 
0679       7364 
0680       7371 
0681       7399 
0682       7427 
0683       7472 
0684       7487 
0685       7505 
0686       7561 
0687       7563 
0688       7595 
0689       7651 
0690       7654 
0691       7708 
0692       7710 
0693       7741 
0694       7791 
0695       7808 
0696       7829 
0697       7847 
0698       7899 
0699       7926 
0700       7980 
0701       7983 
0702       8014 
0703       8063 
0704       8105 
0705       8115 
0706       8163 
0707       8163 
0708       8072 
0709       8025 
0710       8019 
0711       8025 
0712       8063 
0713       8100 
0714       10098 
0715       10098 
0716       10053 
0717       10019 
0718       9978 
0719       9939 
0720       9901 
0721       9848 
0722       9814 
0723       9787 
0724       9767 
0725       9717 
0726       9700 
0727       9700 
0728       9768 
0729       9813 
0730       9902 
0731       9951 
0732       9992 
0733       10013 
0734       10108 
0735       10165 
0736       10218 
0737       10281 
0738       10319 
0739       10362 
0740       10446 
0741       10496 
0742       10538 
0743       10593 
0744       10670 
0745       10745 
0746       10800 
0747       10883 
0748       10951 
0749       10994 
0750       11096 
0751       11149 
0752       11242 
0753       11320 
0754       11379 
0755       11484 
0756       11543 
0757       11615 
0758       11707 
0759       11776 
0760       11833 
0761       11917 
0762       11989 
0763       11989 
0764       6972 
0765       6947 
0766       6891 
0767       6864 
0768       6861 
0769       6852 
0770       6833 
0771       6833 
0772       6858 
0773       6859 
0774       6876 
0775       6912 
0776       6912 
0777       1 
0778       1 
0779       1 
0780       15960 
0781       15960 
0782       15871 
0783       15852 
0784       15804 
0785       15781 
0786       15743 
0787       15711 
0788       15691 
0789       15646 
0790       15624 
0791       15582 
0792       15565 
0793       15543 
0794       15523 
0795       15499 
0796       15447 
0797       15409 
0798       15380 
0799       15348 
0800       15347 
0801       15317 
0802       15292 
0803       15268 
0804       15231 
0805       15228 
0806       15198 
0807       15156 
0808       15152 
0809       15125 
0810       15100 
0811       15070 
0812       15061 
0813       15032 
0814       15018 
0815       14977 
0816       14760 
0817       12697 
0818       11422 
0819       11315 
0820       11264 
0821       11262 
0822       11255 
0823       11213 
0824       11200 
0825       11186 
0826       11180 
0827       11173 
0828       11141 
0829       11129 
0830       11118 
0831       11114 
0832       11091 
0833       11078 
0834       11067 
0835       11058 
0836       11051 
0837       11040 
0838       10989 
0839       10968 
0840       10919 
0841       1 
0842       1 
0843       1 
0844       1 
0845       1 
0846       1 
0847       1 
0848       1 
0849       1 
0850       1 
0851       1 
0852       1 
0853       1 
0854       1 
0855       1 
0856       1 
0857       1 
0858       1 
0859       1 
0860       1 
0861       1 
0862       1 
0863       10621 
0864       10621 
0865       1 
0866       1 
0867       1 
0868       1 
0869       1 
0870       1 
0871       1 
0872       1 
0873       1 
0874       1 
0875       1 
0876       1 
0877       1 
0878       1 
0879       1 
0880       1 
0881       1 
0882       1 
0883       1 
0884       1 
0885       1 
0886       1 
0887       1 
0888       1 
0889       1 
0890       1 
0891       1 
0892       1 
0893       1 
0894       1 
0895       1 
0896       1 
0897       1 
0898       1 
0899       1 
0900       1 
0901       1 
0902       1 
0903       1 
0904       1 
0905       1 
0906       1 
0907       1 
0908       1 
0909       1 
0910       1 
0911       1 
0912       1 
0913       1 
0914       1 
0915       1 
0916       1 
0917       1 
0918       1 
0919       1 
0920       1 
0921       1 
0922       1 
0923       1 
0924       1 
0925       1 
0926       1 
0927       1 
0928       1 
0929       1 
0930       1 
0931       1 
0932       1 
0933       1 
0934       1 
0935       1 
0936       1 
0937       1 
0938       1 
0939       1 
0940       1 
0941       1 
0942       1 
0943       1 
0944       1 
0945       1 
0946       1 
0947       1 
0948       1 
0949       1 
0950       1 
0951       1 
0952       1 
0953       1 
0954       1 
0955       1 
0956       1 
0957       1 
0958       1 
0959       1 
0960       1 
0961       1 
0962       1 
0963       1 
0964       1 
0965       1 
0966       1 
0967       1 
0968       1 
0969       1 
0970       1 
0971       1 
0972       1 
0973       1 
0974       1 
0975       1 
0976       1 
0977       1 
0978       1 
0979       1 
0980       1 
0981       1 
0982       1 
0983       1 
0984       1 
0985       1 
0986       1 
0987       1 
0988       1 
0989       1 
0990       1 
0991       1 
0992       1 
0993       1 
0994       1 
0995       1 
0996       1 
0997       1 
0998       1 
0999       1 
1000       1 
1001       1 
1002       1 
1003       1 
1004       1 
1005       1 
1006       1 
1007       1 
1008       4 
1009       47 
1010       49 
1011       49 
1012       48 
1013       48 
1014       47 
1015       47 
1016       48 
1017       51 
1018       51 
1019       63 
1020       51 
1021       51 
1022       65 
1023       67 
1024       65 
1025       65 
1026       67 
1027       62 
1028       55 
1029       61 
1030       55 
1031       52 
1032       52 
1033       59 
1034       56 
1035       59 
1036       60 
1037       70 
1038       70 
1039       72 
1040       70 
1041       69 
1042       68 
1043       68 
1044       68 
1045       68 
1046       68 
1047       70 
1048       70 
1049       70 
1050       69 
1051       65 
1052       65 
1053       65 
1054       70 
1055       70 
1056       70 
1057       68 
1058       68 
1059       66 
1060       63 
1061       63 
1062       64 
1063       63 
1064       63 
1065       64 
1066       65 
1067       63 
1068       63 
1069       63 
1070       63 
1071       63 
1072       63 
1073       64 
1074       66 
1075       65 
1076       65 
1077       65 
1078       65 
1079       63 
1297966646.695071
