0000       1 
0001       1 
0002       1 
0003       1 
0004       1 
0005       1 
0006       1 
0007       1 
0008       1 
0009       1 
0010       1 
0011       1 
0012       1 
0013       1 
0014       1 
0015       1 
0016       1 
0017       1 
0018       1 
0019       1 
0020       1 
0021       1 
0022       1 
0023       1 
0024       1 
0025       1 
0026       1 
0027       1 
0028       1 
0029       1 
0030       1 
0031       1 
0032       1 
0033       1 
0034       1 
0035       1 
0036       1 
0037       1 
0038       1 
0039       1 
0040       1 
0041       1 
0042       1 
0043       1 
0044       1 
0045       1 
0046       1 
0047       1 
0048       1 
0049       1 
0050       1 
0051       1 
0052       1 
0053       1 
0054       1 
0055       1 
0056       1 
0057       1 
0058       1 
0059       1 
0060       1 
0061       1 
0062       1 
0063       1 
0064       1 
0065       1 
0066       1 
0067       1 
0068       1 
0069       1 
0070       1 
0071       1 
0072       1 
0073       1 
0074       1 
0075       1 
0076       1 
0077       1 
0078       1 
0079       1 
0080       1 
0081       1 
0082       1 
0083       1 
0084       1 
0085       1 
0086       1 
0087       1 
0088       1 
0089       1 
0090       1 
0091       1 
0092       1 
0093       1 
0094       1 
0095       1 
0096       1 
0097       1 
0098       1 
0099       1 
0100       1 
0101       1 
0102       1 
0103       1 
0104       1 
0105       1 
0106       1 
0107       1 
0108       1 
0109       1 
0110       1 
0111       1 
0112       1 
0113       1 
0114       1 
0115       1 
0116       1 
0117       1 
0118       1 
0119       1 
0120       1 
0121       1 
0122       1 
0123       1 
0124       1 
0125       1 
0126       1 
0127       1 
0128       1 
0129       1 
0130       1 
0131       1 
0132       1 
0133       1 
0134       1 
0135       1 
0136       1 
0137       1 
0138       1 
0139       1 
0140       1 
0141       1 
0142       1 
0143       1 
0144       1 
0145       1 
0146       1 
0147       1 
0148       1 
0149       1 
0150       1 
0151       1 
0152       1 
0153       1 
0154       1 
0155       1 
0156       1 
0157       1 
0158       1 
0159       1 
0160       1 
0161       1 
0162       1 
0163       1 
0164       1 
0165       1 
0166       1 
0167       1 
0168       1 
0169       1 
0170       1 
0171       1 
0172       1 
0173       1 
0174       1 
0175       1 
0176       1 
0177       1 
0178       1 
0179       1 
0180       1 
0181       1 
0182       1 
0183       1 
0184       1 
0185       1 
0186       1 
0187       1 
0188       1 
0189       1 
0190       1 
0191       1 
0192       1 
0193       1 
0194       1 
0195       1 
0196       1 
0197       1 
0198       1 
0199       1 
0200       1 
0201       1 
0202       1 
0203       1 
0204       1 
0205       1 
0206       1 
0207       1 
0208       1 
0209       1 
0210       1 
0211       1 
0212       1 
0213       1 
0214       1 
0215       1 
0216       1 
0217       1 
0218       1 
0219       1 
0220       1 
0221       1 
0222       1 
0223       1 
0224       1 
0225       1 
0226       1 
0227       1 
0228       1 
0229       1 
0230       1 
0231       1 
0232       1 
0233       1 
0234       1 
0235       1 
0236       1 
0237       1 
0238       1 
0239       1 
0240       1 
0241       1 
0242       1 
0243       1 
0244       1 
0245       1 
0246       1 
0247       1 
0248       1 
0249       1 
0250       1 
0251       1 
0252       1 
0253       1 
0254       1 
0255       1 
0256       1 
0257       1 
0258       1 
0259       1 
0260       1 
0261       1 
0262       1 
0263       1 
0264       1 
0265       1 
0266       1 
0267       1 
0268       1 
0269       1 
0270       1 
0271       1 
0272       1 
0273       1 
0274       1 
0275       1 
0276       1 
0277       1 
0278       13214 
0279       13214 
0280       13142 
0281       13070 
0282       12909 
0283       12842 
0284       12715 
0285       12588 
0286       12498 
0287       12399 
0288       12290 
0289       12219 
0290       1 
0291       1 
0292       1 
0293       12033 
0294       12033 
0295       11962 
0296       11905 
0297       11826 
0298       11746 
0299       11689 
0300       11536 
0301       11535 
0302       11388 
0303       11312 
0304       11253 
0305       11187 
0306       11097 
0307       11023 
0308       10970 
0309       10842 
0310       10823 
0311       10724 
0312       10655 
0313       10632 
0314       10545 
0315       10462 
0316       10407 
0317       10338 
0318       10261 
0319       10185 
0320       10157 
0321       10104 
0322       9998 
0323       9978 
0324       9907 
0325       9779 
0326       9446 
0327       9383 
0328       9383 
0329       9389 
0330       9414 
0331       9457 
0332       9493 
0333       9538 
0334       9552 
0335       9585 
0336       9628 
0337       9656 
0338       9697 
0339       9755 
0340       9779 
0341       9806 
0342       9847 
0343       9885 
0344       9933 
0345       9988 
0346       10008 
0347       10061 
0348       10098 
0349       10130 
0350       10183 
0351       10216 
0352       10275 
0353       10312 
0354       10361 
0355       10414 
0356       10460 
0357       10496 
0358       10550 
0359       10607 
0360       10660 
0361       10693 
0362       10757 
0363       10809 
0364       10855 
0365       10916 
0366       10977 
0367       11018 
0368       11062 
0369       11135 
0370       11193 
0371       11258 
0372       11306 
0373       11367 
0374       11367 
0375       11351 
0376       11284 
0377       11257 
0378       11226 
0379       11191 
0380       11102 
0381       11086 
0382       11043 
0383       10998 
0384       10976 
0385       10934 
0386       10885 
0387       10880 
0388       10848 
0389       10785 
0390       10725 
0391       10699 
0392       10680 
0393       10663 
0394       10663 
0395       10712 
0396       10712 
0397       10711 
0398       10685 
0399       10650 
0400       10635 
0401       10611 
0402       10570 
0403       10561 
0404       10525 
0405       10488 
0406       10451 
0407       10439 
0408       10404 
0409       10369 
0410       10350 
0411       10336 
0412       10313 
0413       10265 
0414       10238 
0415       10223 
0416       10193 
0417       10156 
0418       10118 
0419       10097 
0420       10085 
0421       10042 
0422       10033 
0423       10000 
0424       9975 
0425       9971 
0426       9946 
0427       9920 
0428       9892 
0429       9878 
0430       9845 
0431       9813 
0432       9794 
0433       9773 
0434       9752 
0435       9751 
0436       9710 
0437       9692 
0438       9680 
0439       9675 
0440       9630 
0441       9627 
0442       9587 
0443       9586 
0444       9557 
0445       9547 
0446       9518 
0447       9514 
0448       9499 
0449       9471 
0450       9457 
0451       9445 
0452       9421 
0453       9414 
0454       9391 
0455       9390 
0456       9378 
0457       9340 
0458       9321 
0459       9302 
0460       9295 
0461       9268 
0462       9267 
0463       9252 
0464       9252 
0465       9228 
0466       9208 
0467       9189 
0468       9183 
0469       9138 
0470       9138 
0471       9133 
0472       9126 
0473       9119 
0474       9109 
0475       9084 
0476       9075 
0477       9051 
0478       9040 
0479       9039 
0480       9030 
0481       9004 
0482       8994 
0483       8993 
0484       8993 
0485       8991 
0486       8976 
0487       8970 
0488       8954 
0489       8933 
0490       8931 
0491       8910 
0492       8908 
0493       8905 
0494       8885 
0495       8885 
0496       8883 
0497       8883 
0498       8858 
0499       8852 
0500       8849 
0501       8842 
0502       8842 
0503       8842 
0504       8842 
0505       8833 
0506       8831 
0507       8826 
0508       8807 
0509       8803 
0510       8803 
0511       8797 
0512       8797 
0513       8798 
0514       8798 
0515       8796 
0516       8796 
0517       8784 
0518       8773 
0519       8773 
0520       8761 
0521       8761 
0522       8761 
0523       8758 
0524       8762 
0525       8758 
0526       8759 
0527       8753 
0528       8745 
0529       8745 
0530       8746 
0531       8746 
0532       8746 
0533       8743 
0534       8749 
0535       8745 
0536       8748 
0537       8745 
0538       8748 
0539       8741 
0540       8746 
0541       8746 
0542       8746 
0543       8746 
0544       8746 
0545       8748 
0546       8767 
0547       8767 
0548       8754 
0549       8754 
0550       8771 
0551       8771 
0552       8782 
0553       8782 
0554       8782 
0555       8788 
0556       8796 
0557       8797 
0558       8814 
0559       8814 
0560       8814 
0561       8807 
0562       8804 
0563       8804 
0564       8829 
0565       8829 
0566       8818 
0567       8818 
0568       8833 
0569       8840 
0570       8843 
0571       8852 
0572       8869 
0573       8875 
0574       8875 
0575       8888 
0576       8888 
0577       8890 
0578       8900 
0579       8904 
0580       8919 
0581       8923 
0582       8931 
0583       8931 
0584       8931 
0585       8924 
0586       8937 
0587       8949 
0588       8956 
0589       8982 
0590       8987 
0591       8987 
0592       9014 
0593       9018 
0594       9025 
0595       9048 
0596       9056 
0597       9061 
0598       9064 
0599       9072 
0600       9083 
0601       9102 
0602       9106 
0603       9122 
0604       9143 
0605       9156 
0606       9167 
0607       9181 
0608       9188 
0609       9199 
0610       9206 
0611       9244 
0612       9248 
0613       9261 
0614       9272 
0615       9286 
0616       9292 
0617       9322 
0618       9339 
0619       9367 
0620       9367 
0621       9380 
0622       9381 
0623       9406 
0624       9417 
0625       9463 
0626       9469 
0627       9490 
0628       9494 
0629       9528 
0630       9541 
0631       9563 
0632       9577 
0633       9584 
0634       9596 
0635       9609 
0636       9639 
0637       9650 
0638       9686 
0639       9710 
0640       9716 
0641       9735 
0642       9762 
0643       9769 
0644       9789 
0645       9825 
0646       9845 
0647       9861 
0648       9880 
0649       9897 
0650       9920 
0651       9957 
0652       9970 
0653       10012 
0654       10018 
0655       10028 
0656       10071 
0657       10081 
0658       10103 
0659       10145 
0660       10170 
0661       10193 
0662       10210 
0663       10236 
0664       10263 
0665       10269 
0666       10324 
0667       10345 
0668       10381 
0669       10428 
0670       10441 
0671       10482 
0672       10502 
0673       10536 
0674       10574 
0675       10577 
0676       10609 
0677       10649 
0678       10664 
0679       10708 
0680       10737 
0681       10786 
0682       10842 
0683       10863 
0684       10896 
0685       10926 
0686       10949 
0687       10981 
0688       11030 
0689       11100 
0690       11112 
0691       11145 
0692       11200 
0693       11239 
0694       11274 
0695       11343 
0696       11360 
0697       11407 
0698       11461 
0699       11520 
0700       11558 
0701       11606 
0702       11629 
0703       11650 
0704       11704 
0705       11772 
0706       11813 
0707       11853 
0708       11900 
0709       11945 
0710       11993 
0711       12059 
0712       12104 
0713       12126 
0714       12206 
0715       12238 
0716       12282 
0717       12365 
0718       12408 
0719       12452 
0720       12518 
0721       12585 
0722       12638 
0723       12698 
0724       12750 
0725       12829 
0726       12874 
0727       12946 
0728       12996 
0729       13062 
0730       13144 
0731       13194 
0732       13264 
0733       13346 
0734       13377 
0735       13442 
0736       13545 
0737       13608 
0738       13699 
0739       13772 
0740       13845 
0741       13889 
0742       13987 
0743       14051 
0744       14117 
0745       14180 
0746       14274 
0747       14349 
0748       14441 
0749       14528 
0750       14608 
0751       14700 
0752       14778 
0753       14854 
0754       14950 
0755       15018 
0756       15147 
0757       15217 
0758       15309 
0759       15384 
0760       15503 
0761       15594 
0762       15701 
0763       15837 
0764       15921 
0765       16030 
0766       16132 
0767       16226 
0768       16330 
0769       16441 
0770       16540 
0771       16540 
0772       1 
0773       1 
0774       1 
0775       1 
0776       1 
0777       1 
0778       1 
0779       1 
0780       1 
0781       1 
0782       1 
0783       1 
0784       1 
0785       18591 
0786       18717 
0787       18844 
0788       19047 
0789       19220 
0790       19358 
0791       19358 
0792       19516 
0793       19885 
0794       20043 
0795       20174 
0796       20230 
0797       20622 
0798       20622 
0799       20622 
0800       1 
0801       1 
0802       1 
0803       1 
0804       1 
0805       1 
0806       1 
0807       1 
0808       1 
0809       1 
0810       16677 
0811       16677 
0812       16642 
0813       16631 
0814       16616 
0815       16582 
0816       16544 
0817       16543 
0818       16506 
0819       16492 
0820       16467 
0821       16448 
0822       16404 
0823       16371 
0824       16349 
0825       16337 
0826       16332 
0827       16308 
0828       1 
0829       1 
0830       1 
0831       1 
0832       1 
0833       1 
0834       1 
0835       1 
0836       1 
0837       1 
0838       1 
0839       1 
0840       1 
0841       1 
0842       1 
0843       1 
0844       1 
0845       1 
0846       1 
0847       1 
0848       1 
0849       1 
0850       1 
0851       1 
0852       1 
0853       1 
0854       1 
0855       1 
0856       1 
0857       1 
0858       1 
0859       1 
0860       1 
0861       1 
0862       1 
0863       1 
0864       1 
0865       1 
0866       1 
0867       1 
0868       1 
0869       1 
0870       1 
0871       1 
0872       1 
0873       1 
0874       1 
0875       1 
0876       1 
0877       1 
0878       1 
0879       1 
0880       1 
0881       1 
0882       1 
0883       1 
0884       1 
0885       1 
0886       1 
0887       1 
0888       1 
0889       1 
0890       1 
0891       1 
0892       1 
0893       1 
0894       1 
0895       1 
0896       1 
0897       1 
0898       1 
0899       1 
0900       1 
0901       1 
0902       1 
0903       1 
0904       1 
0905       1 
0906       1 
0907       1 
0908       1 
0909       1 
0910       1 
0911       1 
0912       1 
0913       1 
0914       1 
0915       1 
0916       1 
0917       1 
0918       1 
0919       1 
0920       1 
0921       1 
0922       1 
0923       1 
0924       1 
0925       1 
0926       1 
0927       1 
0928       1 
0929       1 
0930       1 
0931       1 
0932       1 
0933       1 
0934       1 
0935       1 
0936       1 
0937       1 
0938       1 
0939       1 
0940       1 
0941       1 
0942       1 
0943       1 
0944       1 
0945       1 
0946       1 
0947       1 
0948       1 
0949       1 
0950       1 
0951       1 
0952       1 
0953       1 
0954       1 
0955       1 
0956       1 
0957       1 
0958       1 
0959       1 
0960       1 
0961       1 
0962       1 
0963       1 
0964       1 
0965       1 
0966       1 
0967       1 
0968       1 
0969       1 
0970       1 
0971       1 
0972       1 
0973       1 
0974       1 
0975       1 
0976       1 
0977       1 
0978       1 
0979       1 
0980       1 
0981       1 
0982       1 
0983       1 
0984       1 
0985       1 
0986       1 
0987       1 
0988       1 
0989       1 
0990       1 
0991       1 
0992       1 
0993       1 
0994       1 
0995       1 
0996       1 
0997       1 
0998       1 
0999       1 
1000       1 
1001       1 
1002       1 
1003       1 
1004       1 
1005       1 
1006       1 
1007       4 
1008       4 
1009       4 
1010       58 
1011       58 
1012       58 
1013       56 
1014       56 
1015       56 
1016       52 
1017       66 
1018       66 
1019       48 
1020       48 
1021       49 
1022       49 
1023       53 
1024       53 
1025       53 
1026       52 
1027       52 
1028       51 
1029       51 
1030       51 
1031       51 
1032       51 
1033       57 
1034       68 
1035       68 
1036       68 
1037       65 
1038       65 
1039       65 
1040       68 
1041       71 
1042       71 
1043       71 
1044       69 
1045       69 
1046       69 
1047       62 
1048       69 
1049       62 
1050       63 
1051       62 
1052       63 
1053       63 
1054       65 
1055       65 
1056       65 
1057       65 
1058       65 
1059       65 
1060       66 
1061       69 
1062       66 
1063       66 
1064       69 
1065       67 
1066       61 
1067       63 
1068       67 
1069       63 
1070       63 
1071       65 
1072       65 
1073       65 
1074       68 
1075       70 
1076       70 
1077       69 
1078       69 
1079       69 
1297966631.983001
