0000       1 
0001       1 
0002       1 
0003       1 
0004       1 
0005       1 
0006       1 
0007       1 
0008       1 
0009       1 
0010       1 
0011       1 
0012       1 
0013       1 
0014       1 
0015       1 
0016       1 
0017       1 
0018       1 
0019       1 
0020       1 
0021       1 
0022       1 
0023       1 
0024       1 
0025       1 
0026       1 
0027       1 
0028       1 
0029       1 
0030       1 
0031       1 
0032       1 
0033       1 
0034       1 
0035       1 
0036       1 
0037       1 
0038       1 
0039       1 
0040       1 
0041       1 
0042       1 
0043       1 
0044       1 
0045       1 
0046       1 
0047       1 
0048       1 
0049       1 
0050       1 
0051       1 
0052       1 
0053       1 
0054       1 
0055       1 
0056       1 
0057       1 
0058       1 
0059       1 
0060       1 
0061       1 
0062       1 
0063       1 
0064       1 
0065       1 
0066       1 
0067       1 
0068       1 
0069       1 
0070       1 
0071       1 
0072       1 
0073       1 
0074       1 
0075       1 
0076       1 
0077       1 
0078       1 
0079       1 
0080       1 
0081       1 
0082       1 
0083       1 
0084       1 
0085       1 
0086       1 
0087       1 
0088       1 
0089       1 
0090       1 
0091       1 
0092       1 
0093       1 
0094       1 
0095       1 
0096       1 
0097       1 
0098       1 
0099       1 
0100       1 
0101       1 
0102       1 
0103       1 
0104       1 
0105       1 
0106       1 
0107       1 
0108       1 
0109       1 
0110       1 
0111       1 
0112       1 
0113       1 
0114       1 
0115       1 
0116       1 
0117       1 
0118       1 
0119       1 
0120       1 
0121       1 
0122       1 
0123       1 
0124       1 
0125       1 
0126       1 
0127       1 
0128       1 
0129       1 
0130       1 
0131       1 
0132       25979 
0133       25979 
0134       1 
0135       1 
0136       1 
0137       1 
0138       1 
0139       25710 
0140       25710 
0141       1 
0142       1 
0143       1 
0144       1 
0145       25714 
0146       25717 
0147       25714 
0148       25707 
0149       25670 
0150       25655 
0151       25655 
0152       25616 
0153       19935 
0154       19910 
0155       19883 
0156       19877 
0157       19868 
0158       19862 
0159       19848 
0160       19848 
0161       19848 
0162       19831 
0163       19831 
0164       19841 
0165       19841 
0166       19829 
0167       19807 
0168       19751 
0169       19619 
0170       19595 
0171       19595 
0172       19596 
0173       19598 
0174       19606 
0175       19649 
0176       19755 
0177       19759 
0178       19759 
0179       19753 
0180       19753 
0181       19763 
0182       19763 
0183       19749 
0184       19749 
0185       19752 
0186       19758 
0187       19759 
0188       19781 
0189       19759 
0190       19671 
0191       19592 
0192       19592 
0193       19599 
0194       19603 
0195       19616 
0196       19623 
0197       19627 
0198       19652 
0199       19655 
0200       19674 
0201       19674 
0202       19099 
0203       1 
0204       19099 
0205       19712 
0206       19712 
0207       19167 
0208       1 
0209       1 
0210       19167 
0211       19785 
0212       19786 
0213       19899 
0214       22061 
0215       22078 
0216       22078 
0217       1 
0218       1 
0219       1 
0220       1 
0221       1 
0222       1 
0223       1 
0224       1 
0225       1 
0226       1 
0227       1 
0228       1 
0229       1 
0230       1 
0231       1 
0232       20103 
0233       20117 
0234       20148 
0235       20159 
0236       20163 
0237       20202 
0238       20202 
0239       20202 
0240       20202 
0241       20271 
0242       20317 
0243       20317 
0244       19863 
0245       19850 
0246       19863 
0247       20447 
0248       20489 
0249       20489 
0250       1 
0251       1 
0252       1 
0253       1 
0254       1 
0255       1 
0256       17786 
0257       17786 
0258       17781 
0259       17781 
0260       17834 
0261       17848 
0262       17876 
0263       17913 
0264       17921 
0265       17955 
0266       17999 
0267       18025 
0268       18075 
0269       18087 
0270       18127 
0271       18127 
0272       17232 
0273       17053 
0274       17053 
0275       16862 
0276       16517 
0277       1 
0278       16032 
0279       16032 
0280       16032 
0281       15866 
0282       15747 
0283       1 
0284       1 
0285       1 
0286       1 
0287       1 
0288       1 
0289       1 
0290       1 
0291       14374 
0292       14374 
0293       14374 
0294       14399 
0295       14429 
0296       14463 
0297       14509 
0298       14548 
0299       14577 
0300       14623 
0301       14639 
0302       14692 
0303       14729 
0304       14753 
0305       14799 
0306       14838 
0307       14869 
0308       14908 
0309       14953 
0310       15017 
0311       15056 
0312       15103 
0313       15182 
0314       15205 
0315       15246 
0316       15266 
0317       15306 
0318       15343 
0319       15343 
0320       15218 
0321       15218 
0322       15218 
0323       15200 
0324       15074 
0325       15004 
0326       14946 
0327       14804 
0328       14770 
0329       14683 
0330       14567 
0331       14506 
0332       14414 
0333       14360 
0334       14236 
0335       14152 
0336       14099 
0337       14028 
0338       13973 
0339       13880 
0340       13766 
0341       13715 
0342       13641 
0343       13541 
0344       13485 
0345       13445 
0346       13348 
0347       13281 
0348       13224 
0349       13153 
0350       13091 
0351       13050 
0352       12999 
0353       12950 
0354       12896 
0355       12804 
0356       12733 
0357       12687 
0358       12640 
0359       1 
0360       1 
0361       1 
0362       1 
0363       1 
0364       1 
0365       1 
0366       1 
0367       1 
0368       1 
0369       1 
0370       1 
0371       1 
0372       1 
0373       1 
0374       9947 
0375       9947 
0376       1 
0377       1 
0378       1 
0379       1 
0380       1 
0381       10322 
0382       10397 
0383       11367 
0384       11367 
0385       11332 
0386       11262 
0387       11200 
0388       10689 
0389       10677 
0390       10677 
0391       10633 
0392       10617 
0393       10548 
0394       10537 
0395       10478 
0396       10441 
0397       10423 
0398       10396 
0399       10357 
0400       10315 
0401       10297 
0402       10262 
0403       10229 
0404       10194 
0405       10174 
0406       10138 
0407       10121 
0408       10067 
0409       10060 
0410       10016 
0411       9979 
0412       9964 
0413       9946 
0414       9909 
0415       7357 
0416       7299 
0417       7263 
0418       7228 
0419       7223 
0420       7179 
0421       7174 
0422       7168 
0423       7174 
0424       7218 
0425       7270 
0426       7290 
0427       7299 
0428       7299 
0429       7298 
0430       7251 
0431       7203 
0432       7167 
0433       7150 
0434       7090 
0435       7055 
0436       7038 
0437       7036 
0438       7031 
0439       7021 
0440       7010 
0441       6992 
0442       6961 
0443       6947 
0444       6925 
0445       6896 
0446       6896 
0447       6896 
0448       6885 
0449       6865 
0450       6842 
0451       6842 
0452       6842 
0453       6821 
0454       6799 
0455       6769 
0456       6755 
0457       6753 
0458       6753 
0459       6745 
0460       6740 
0461       6721 
0462       6704 
0463       6697 
0464       6682 
0465       6679 
0466       6635 
0467       6635 
0468       6636 
0469       6636 
0470       6624 
0471       6613 
0472       6613 
0473       6609 
0474       6591 
0475       6577 
0476       6568 
0477       6553 
0478       6552 
0479       6549 
0480       6544 
0481       6529 
0482       6520 
0483       6515 
0484       6509 
0485       6494 
0486       6492 
0487       6485 
0488       6457 
0489       6441 
0490       6438 
0491       6438 
0492       6452 
0493       6452 
0494       6438 
0495       6433 
0496       6428 
0497       6415 
0498       6415 
0499       6405 
0500       6380 
0501       6378 
0502       6378 
0503       6381 
0504       6382 
0505       6381 
0506       6363 
0507       6363 
0508       6363 
0509       6352 
0510       6342 
0511       6342 
0512       6315 
0513       6315 
0514       6317 
0515       6322 
0516       6322 
0517       6322 
0518       6311 
0519       6311 
0520       6309 
0521       6306 
0522       6304 
0523       6300 
0524       6278 
0525       6267 
0526       6267 
0527       6284 
0528       6286 
0529       6295 
0530       6295 
0531       6285 
0532       6277 
0533       6277 
0534       6279 
0535       6279 
0536       6264 
0537       6249 
0538       6249 
0539       6259 
0540       6273 
0541       6274 
0542       6274 
0543       6273 
0544       6267 
0545       6267 
0546       6265 
0547       6264 
0548       6262 
0549       6243 
0550       6243 
0551       6249 
0552       6277 
0553       6277 
0554       6277 
0555       6277 
0556       6275 
0557       6277 
0558       6275 
0559       6273 
0560       6271 
0561       6258 
0562       6252 
0563       6252 
0564       6278 
0565       6283 
0566       6283 
0567       6283 
0568       6294 
0569       6307 
0570       6307 
0571       6303 
0572       6293 
0573       6281 
0574       6276 
0575       6276 
0576       6314 
0577       6319 
0578       6331 
0579       6331 
0580       6334 
0581       6334 
0582       6334 
0583       6340 
0584       6340 
0585       6336 
0586       6320 
0587       6307 
0588       6292 
0589       6277 
0590       6277 
0591       8590 
0592       8607 
0593       8654 
0594       8666 
0595       8672 
0596       8689 
0597       8694 
0598       8700 
0599       8710 
0600       8731 
0601       8734 
0602       8742 
0603       8748 
0604       8758 
0605       8764 
0606       8783 
0607       8785 
0608       8803 
0609       8820 
0610       8822 
0611       8822 
0612       8855 
0613       8855 
0614       8865 
0615       8879 
0616       8891 
0617       8891 
0618       8908 
0619       8908 
0620       8954 
0621       8972 
0622       8978 
0623       8989 
0624       9002 
0625       9041 
0626       9047 
0627       9057 
0628       9081 
0629       9086 
0630       9086 
0631       9101 
0632       9129 
0633       9167 
0634       9184 
0635       9184 
0636       9196 
0637       9203 
0638       9214 
0639       9237 
0640       9266 
0641       9288 
0642       9290 
0643       9323 
0644       9325 
0645       9368 
0646       9387 
0647       9419 
0648       9424 
0649       9448 
0650       9472 
0651       9475 
0652       9510 
0653       9528 
0654       9549 
0655       9560 
0656       9577 
0657       9623 
0658       9630 
0659       9655 
0660       9686 
0661       9689 
0662       9748 
0663       9775 
0664       9796 
0665       9816 
0666       9841 
0667       9856 
0668       9901 
0669       9916 
0670       9933 
0671       9985 
0672       9992 
0673       10012 
0674       10062 
0675       10074 
0676       10077 
0677       10152 
0678       10158 
0679       10182 
0680       10229 
0681       10252 
0682       10281 
0683       10311 
0684       10340 
0685       10344 
0686       10340 
0687       10311 
0688       10311 
0689       10279 
0690       10279 
0691       10335 
0692       10335 
0693       10274 
0694       10274 
0695       10351 
0696       10451 
0697       10451 
0698       10430 
0699       10346 
0700       10201 
0701       10114 
0702       10114 
0703       10222 
0704       10222 
0705       10151 
0706       9940 
0707       9903 
0708       9903 
0709       9903 
0710       9879 
0711       9832 
0712       9822 
0713       9791 
0714       9756 
0715       9709 
0716       9673 
0717       9621 
0718       9574 
0719       9521 
0720       9495 
0721       9436 
0722       9412 
0723       9375 
0724       9351 
0725       9303 
0726       9259 
0727       9225 
0728       9208 
0729       9139 
0730       9117 
0731       9069 
0732       9030 
0733       8977 
0734       8938 
0735       8862 
0736       8857 
0737       8812 
0738       8673 
0739       8588 
0740       8544 
0741       1 
0742       1 
0743       1 
0744       1 
0745       8094 
0746       8094 
0747       8094 
0748       8028 
0749       8026 
0750       8018 
0751       8003 
0752       8001 
0753       7964 
0754       7962 
0755       7906 
0756       7879 
0757       7864 
0758       7829 
0759       7801 
0760       7765 
0761       7765 
0762       7754 
0763       7716 
0764       1 
0765       1 
0766       1 
0767       1 
0768       1 
0769       1 
0770       1 
0771       3776 
0772       3777 
0773       3778 
0774       3783 
0775       3790 
0776       3804 
0777       3808 
0778       3844 
0779       3851 
0780       3860 
0781       3900 
0782       3900 
0783       3919 
0784       3951 
0785       3966 
0786       3974 
0787       3974 
0788       3974 
0789       3903 
0790       3617 
0791       3434 
0792       3351 
0793       3351 
0794       3351 
0795       3366 
0796       3378 
0797       3381 
0798       3382 
0799       3396 
0800       3416 
0801       3441 
0802       3464 
0803       3477 
0804       3483 
0805       3518 
0806       3522 
0807       3582 
0808       3599 
0809       3613 
0810       3645 
0811       3672 
0812       3709 
0813       3733 
0814       3761 
0815       3792 
0816       3832 
0817       3861 
0818       3901 
0819       3942 
0820       3990 
0821       4022 
0822       4083 
0823       4130 
0824       4195 
0825       4229 
0826       4295 
0827       4363 
0828       4447 
0829       4553 
0830       4603 
0831       4655 
0832       6525 
0833       6529 
0834       6525 
0835       6469 
0836       6431 
0837       6408 
0838       6406 
0839       6363 
0840       6319 
0841       6309 
0842       6289 
0843       6266 
0844       6234 
0845       6218 
0846       6184 
0847       6164 
0848       6146 
0849       6112 
0850       6089 
0851       6063 
0852       6044 
0853       6025 
0854       5880 
0855       5880 
0856       5908 
0857       5908 
0858       5920 
0859       5934 
0860       5986 
0861       6103 
0862       6199 
0863       6387 
0864       6575 
0865       6769 
0866       7048 
0867       8374 
0868       8545 
0869       8763 
0870       9001 
0871       9259 
0872       9526 
0873       9867 
0874       10228 
0875       10228 
0876       10569 
0877       11331 
0878       11765 
0879       11859 
0880       12539 
0881       13005 
0882       13614 
0883       13614 
0884       1 
0885       1 
0886       1 
0887       1 
0888       1 
0889       1 
0890       1 
0891       1 
0892       1 
0893       1 
0894       1 
0895       1 
0896       1 
0897       1 
0898       1 
0899       1 
0900       1 
0901       1 
0902       1 
0903       1 
0904       1 
0905       1 
0906       1 
0907       1 
0908       1 
0909       1 
0910       1 
0911       1 
0912       1 
0913       1 
0914       1 
0915       1 
0916       1 
0917       1 
0918       1 
0919       1 
0920       1 
0921       1 
0922       1 
0923       1 
0924       1 
0925       1 
0926       1 
0927       1 
0928       1 
0929       1 
0930       1 
0931       1 
0932       1 
0933       1 
0934       1 
0935       1 
0936       1 
0937       1 
0938       1 
0939       1 
0940       1 
0941       1 
0942       1 
0943       1 
0944       1 
0945       1 
0946       1 
0947       1 
0948       1 
0949       1 
0950       1 
0951       1 
0952       1 
0953       1 
0954       1 
0955       1 
0956       1 
0957       1 
0958       1 
0959       1 
0960       1 
0961       1 
0962       1 
0963       1 
0964       1 
0965       1 
0966       1 
0967       1 
0968       1 
0969       1 
0970       1 
0971       1 
0972       1 
0973       1 
0974       1 
0975       1 
0976       1 
0977       1 
0978       1 
0979       1 
0980       1 
0981       1 
0982       1 
0983       1 
0984       1 
0985       1 
0986       1 
0987       1 
0988       1 
0989       1 
0990       1 
0991       1 
0992       1 
0993       1 
0994       1 
0995       1 
0996       1 
0997       1 
0998       1 
0999       1 
1000       1 
1001       1 
1002       1 
1003       1 
1004       1 
1005       1 
1006       1 
1007       1 
1008       4 
1009       4 
1010       47 
1011       47 
1012       53 
1013       53 
1014       53 
1015       55 
1016       47 
1017       47 
1018       55 
1019       62 
1020       62 
1021       62 
1022       59 
1023       59 
1024       57 
1025       57 
1026       63 
1027       63 
1028       57 
1029       55 
1030       53 
1031       53 
1032       53 
1033       59 
1034       62 
1035       62 
1036       65 
1037       65 
1038       69 
1039       69 
1040       69 
1041       68 
1042       68 
1043       68 
1044       70 
1045       70 
1046       70 
1047       68 
1048       68 
1049       68 
1050       69 
1051       76 
1052       76 
1053       76 
1054       66 
1055       66 
1056       66 
1057       66 
1058       66 
1059       66 
1060       66 
1061       63 
1062       63 
1063       64 
1064       64 
1065       64 
1066       64 
1067       64 
1068       64 
1069       70 
1070       64 
1071       64 
1072       64 
1073       64 
1074       64 
1075       65 
1076       70 
1077       70 
1078       68 
1079       68 
1297966674.166214
