0000       1 
0001       1 
0002       1 
0003       1 
0004       1 
0005       1 
0006       1 
0007       1 
0008       1 
0009       1 
0010       1 
0011       1 
0012       1 
0013       1 
0014       1 
0015       1 
0016       1 
0017       1 
0018       1 
0019       1 
0020       1 
0021       1 
0022       1 
0023       1 
0024       1 
0025       1 
0026       1 
0027       1 
0028       1 
0029       1 
0030       1 
0031       1 
0032       1 
0033       1 
0034       1 
0035       1 
0036       1 
0037       1 
0038       1 
0039       1 
0040       1 
0041       1 
0042       1 
0043       1 
0044       1 
0045       1 
0046       1 
0047       1 
0048       1 
0049       1 
0050       1 
0051       1 
0052       1 
0053       1 
0054       1 
0055       1 
0056       1 
0057       1 
0058       1 
0059       1 
0060       1 
0061       1 
0062       1 
0063       1 
0064       1 
0065       1 
0066       1 
0067       1 
0068       1 
0069       1 
0070       1 
0071       1 
0072       1 
0073       1 
0074       1 
0075       1 
0076       1 
0077       1 
0078       1 
0079       1 
0080       1 
0081       1 
0082       1 
0083       1 
0084       1 
0085       1 
0086       1 
0087       1 
0088       1 
0089       1 
0090       1 
0091       1 
0092       1 
0093       1 
0094       1 
0095       1 
0096       1 
0097       1 
0098       1 
0099       1 
0100       1 
0101       1 
0102       1 
0103       1 
0104       1 
0105       1 
0106       1 
0107       1 
0108       1 
0109       1 
0110       1 
0111       1 
0112       1 
0113       1 
0114       1 
0115       1 
0116       1 
0117       1 
0118       1 
0119       1 
0120       1 
0121       1 
0122       1 
0123       1 
0124       1 
0125       1 
0126       1 
0127       1 
0128       1 
0129       1 
0130       1 
0131       1 
0132       1 
0133       1 
0134       1 
0135       1 
0136       1 
0137       1 
0138       1 
0139       1 
0140       1 
0141       1 
0142       1 
0143       1 
0144       1 
0145       1 
0146       1 
0147       1 
0148       1 
0149       1 
0150       1 
0151       1 
0152       1 
0153       1 
0154       1 
0155       1 
0156       1 
0157       1 
0158       1 
0159       1 
0160       1 
0161       1 
0162       1 
0163       1 
0164       1 
0165       1 
0166       1 
0167       1 
0168       1 
0169       1 
0170       1 
0171       1 
0172       1 
0173       1 
0174       1 
0175       1 
0176       1 
0177       1 
0178       1 
0179       1 
0180       1 
0181       1 
0182       1 
0183       1 
0184       1 
0185       1 
0186       1 
0187       1 
0188       1 
0189       1 
0190       1 
0191       1 
0192       1 
0193       1 
0194       1 
0195       1 
0196       1 
0197       1 
0198       1 
0199       1 
0200       1 
0201       1 
0202       1 
0203       1 
0204       1 
0205       1 
0206       1 
0207       1 
0208       1 
0209       1 
0210       1 
0211       1 
0212       1 
0213       1 
0214       1 
0215       1 
0216       1 
0217       1 
0218       1 
0219       1 
0220       1 
0221       1 
0222       1 
0223       1 
0224       1 
0225       1 
0226       1 
0227       1 
0228       1 
0229       1 
0230       1 
0231       1 
0232       1 
0233       1 
0234       1 
0235       1 
0236       1 
0237       1 
0238       1 
0239       1 
0240       1 
0241       1 
0242       1 
0243       1 
0244       1 
0245       1 
0246       1 
0247       1 
0248       1 
0249       1 
0250       1 
0251       1 
0252       1 
0253       1 
0254       1 
0255       1 
0256       1 
0257       1 
0258       1 
0259       1 
0260       1 
0261       1 
0262       1 
0263       1 
0264       1 
0265       1 
0266       1 
0267       1 
0268       1 
0269       1 
0270       1 
0271       1 
0272       14849 
0273       14849 
0274       14849 
0275       14746 
0276       14595 
0277       14397 
0278       14241 
0279       14115 
0280       13995 
0281       13853 
0282       13733 
0283       13611 
0284       13482 
0285       13392 
0286       13246 
0287       13161 
0288       13051 
0289       12954 
0290       12828 
0291       12703 
0292       12611 
0293       12461 
0294       12405 
0295       12339 
0296       12167 
0297       12074 
0298       11970 
0299       11894 
0300       11839 
0301       11726 
0302       11663 
0303       11561 
0304       11484 
0305       11402 
0306       11321 
0307       11255 
0308       11183 
0309       11107 
0310       11021 
0311       10930 
0312       10871 
0313       10795 
0314       10705 
0315       10629 
0316       10544 
0317       10498 
0318       10431 
0319       10355 
0320       10291 
0321       10216 
0322       10173 
0323       10130 
0324       10039 
0325       9978 
0326       9935 
0327       9854 
0328       9816 
0329       9757 
0330       9659 
0331       9612 
0332       9578 
0333       9521 
0334       9481 
0335       9397 
0336       9354 
0337       9304 
0338       9254 
0339       9202 
0340       9150 
0341       9107 
0342       9076 
0343       8998 
0344       8949 
0345       8934 
0346       8900 
0347       8846 
0348       8825 
0349       8776 
0350       8719 
0351       8695 
0352       8638 
0353       8592 
0354       8561 
0355       8525 
0356       8469 
0357       8439 
0358       8420 
0359       8381 
0360       8325 
0361       8302 
0362       8261 
0363       8195 
0364       8195 
0365       8164 
0366       8143 
0367       8070 
0368       8025 
0369       8021 
0370       7969 
0371       7940 
0372       7939 
0373       7890 
0374       7865 
0375       7823 
0376       7811 
0377       7763 
0378       7727 
0379       7722 
0380       7685 
0381       7660 
0382       7618 
0383       7606 
0384       7580 
0385       7553 
0386       7499 
0387       7366 
0388       7258 
0389       7178 
0390       7158 
0391       7116 
0392       7116 
0393       7153 
0394       7194 
0395       7243 
0396       7283 
0397       7319 
0398       7369 
0399       7417 
0400       7463 
0401       7509 
0402       7555 
0403       7601 
0404       7656 
0405       7702 
0406       7765 
0407       7815 
0408       7868 
0409       7931 
0410       7969 
0411       8016 
0412       8074 
0413       8142 
0414       8193 
0415       8270 
0416       8311 
0417       8378 
0418       8446 
0419       8512 
0420       8596 
0421       8645 
0422       8705 
0423       8775 
0424       8846 
0425       8910 
0426       8989 
0427       9073 
0428       9137 
0429       9205 
0430       9295 
0431       9376 
0432       9457 
0433       9519 
0434       9523 
0435       9523 
0436       9501 
0437       9499 
0438       9460 
0439       9440 
0440       9416 
0441       9407 
0442       9389 
0443       9368 
0444       9349 
0445       9324 
0446       9312 
0447       9300 
0448       9279 
0449       9265 
0450       9248 
0451       9219 
0452       9214 
0453       9183 
0454       9175 
0455       9154 
0456       9150 
0457       9129 
0458       9107 
0459       9098 
0460       9098 
0461       9137 
0462       9179 
0463       9209 
0464       9209 
0465       9196 
0466       9193 
0467       9163 
0468       9141 
0469       9133 
0470       9117 
0471       9110 
0472       9103 
0473       9099 
0474       9092 
0475       9055 
0476       9055 
0477       9055 
0478       9027 
0479       9008 
0480       9004 
0481       8990 
0482       8983 
0483       8966 
0484       8960 
0485       8959 
0486       8947 
0487       8941 
0488       8935 
0489       8933 
0490       8926 
0491       8890 
0492       8889 
0493       8883 
0494       8882 
0495       8860 
0496       8860 
0497       8860 
0498       8860 
0499       8843 
0500       8826 
0501       8824 
0502       8809 
0503       8808 
0504       8796 
0505       8790 
0506       8790 
0507       8790 
0508       8788 
0509       8777 
0510       8777 
0511       8777 
0512       8759 
0513       8745 
0514       8745 
0515       8742 
0516       8748 
0517       8748 
0518       8748 
0519       8737 
0520       8737 
0521       8737 
0522       8723 
0523       8721 
0524       8721 
0525       8701 
0526       8712 
0527       8705 
0528       8705 
0529       8691 
0530       8691 
0531       8688 
0532       8688 
0533       8687 
0534       8687 
0535       8687 
0536       8680 
0537       8681 
0538       8681 
0539       8683 
0540       8683 
0541       8683 
0542       8679 
0543       8672 
0544       8672 
0545       8694 
0546       8694 
0547       8697 
0548       8692 
0549       8705 
0550       8704 
0551       8704 
0552       8685 
0553       8683 
0554       8683 
0555       8685 
0556       8701 
0557       8703 
0558       8703 
0559       8700 
0560       8698 
0561       8700 
0562       8699 
0563       8711 
0564       8711 
0565       8711 
0566       8717 
0567       8708 
0568       8718 
0569       8721 
0570       8721 
0571       8720 
0572       8720 
0573       8721 
0574       8729 
0575       8744 
0576       8744 
0577       8748 
0578       8748 
0579       8756 
0580       8778 
0581       8778 
0582       8777 
0583       8777 
0584       8787 
0585       8788 
0586       8802 
0587       8808 
0588       8816 
0589       8822 
0590       8840 
0591       8840 
0592       8840 
0593       8852 
0594       8863 
0595       8889 
0596       8889 
0597       8889 
0598       8903 
0599       8914 
0600       8921 
0601       8940 
0602       8948 
0603       8960 
0604       8970 
0605       8973 
0606       8994 
0607       8999 
0608       9002 
0609       9030 
0610       9032 
0611       9041 
0612       9057 
0613       9066 
0614       9109 
0615       9116 
0616       9118 
0617       9135 
0618       9138 
0619       9151 
0620       9157 
0621       9190 
0622       9201 
0623       9213 
0624       9258 
0625       9271 
0626       9271 
0627       9278 
0628       9289 
0629       9316 
0630       9330 
0631       9343 
0632       9381 
0633       9385 
0634       9413 
0635       9414 
0636       9446 
0637       9479 
0638       9491 
0639       9526 
0640       9531 
0641       9532 
0642       9563 
0643       9585 
0644       9635 
0645       9636 
0646       9650 
0647       9684 
0648       9717 
0649       9730 
0650       9755 
0651       9794 
0652       9806 
0653       9829 
0654       9840 
0655       9874 
0656       9916 
0657       9939 
0658       9956 
0659       9962 
0660       9972 
0661       10016 
0662       10053 
0663       10087 
0664       10109 
0665       10131 
0666       10155 
0667       10190 
0668       10219 
0669       10233 
0670       10279 
0671       10300 
0672       10330 
0673       10364 
0674       10367 
0675       10404 
0676       10464 
0677       10471 
0678       10515 
0679       10537 
0680       10589 
0681       10613 
0682       10643 
0683       10682 
0684       10699 
0685       10716 
0686       10797 
0687       10798 
0688       10843 
0689       10845 
0690       10884 
0691       10938 
0692       10961 
0693       10992 
0694       11054 
0695       11085 
0696       11139 
0697       11188 
0698       11215 
0699       11235 
0700       11275 
0701       11331 
0702       11365 
0703       11426 
0704       11452 
0705       11520 
0706       11561 
0707       11577 
0708       11634 
0709       11666 
0710       11735 
0711       11769 
0712       11842 
0713       11864 
0714       11912 
0715       11968 
0716       11996 
0717       12063 
0718       12091 
0719       12139 
0720       12208 
0721       12241 
0722       12300 
0723       12380 
0724       12398 
0725       12478 
0726       12531 
0727       12591 
0728       12648 
0729       12719 
0730       12770 
0731       12809 
0732       12893 
0733       12958 
0734       13012 
0735       13087 
0736       13152 
0737       13217 
0738       13314 
0739       13352 
0740       13405 
0741       13498 
0742       13564 
0743       13652 
0744       13691 
0745       13785 
0746       13839 
0747       13946 
0748       14021 
0749       14091 
0750       14184 
0751       14266 
0752       14348 
0753       14413 
0754       14499 
0755       14593 
0756       14664 
0757       14762 
0758       14832 
0759       14955 
0760       15034 
0761       15110 
0762       15220 
0763       15306 
0764       15439 
0765       15540 
0766       15635 
0767       15747 
0768       15865 
0769       15975 
0770       16094 
0771       16163 
0772       16298 
0773       16455 
0774       16455 
0775       16525 
0776       16775 
0777       16775 
0778       1 
0779       1 
0780       1 
0781       1 
0782       1 
0783       1 
0784       1 
0785       1 
0786       1 
0787       1 
0788       1 
0789       1 
0790       1 
0791       1 
0792       1 
0793       1 
0794       1 
0795       1 
0796       1 
0797       1 
0798       1 
0799       1 
0800       1 
0801       1 
0802       1 
0803       1 
0804       1 
0805       1 
0806       1 
0807       1 
0808       1 
0809       20091 
0810       20091 
0811       20030 
0812       20012 
0813       20011 
0814       19948 
0815       19895 
0816       19868 
0817       19832 
0818       19790 
0819       1 
0820       1 
0821       1 
0822       1 
0823       1 
0824       1 
0825       1 
0826       1 
0827       1 
0828       19528 
0829       19528 
0830       19497 
0831       19472 
0832       19444 
0833       19441 
0834       19409 
0835       19378 
0836       19172 
0837       1 
0838       1 
0839       1 
0840       1 
0841       1 
0842       1 
0843       1 
0844       1 
0845       1 
0846       1 
0847       1 
0848       1 
0849       1 
0850       1 
0851       1 
0852       1 
0853       1 
0854       1 
0855       1 
0856       1 
0857       1 
0858       1 
0859       1 
0860       1 
0861       1 
0862       1 
0863       1 
0864       1 
0865       1 
0866       1 
0867       1 
0868       1 
0869       1 
0870       1 
0871       1 
0872       1 
0873       1 
0874       1 
0875       1 
0876       1 
0877       1 
0878       1 
0879       1 
0880       1 
0881       1 
0882       1 
0883       1 
0884       1 
0885       1 
0886       1 
0887       1 
0888       1 
0889       1 
0890       1 
0891       1 
0892       1 
0893       1 
0894       1 
0895       1 
0896       1 
0897       1 
0898       1 
0899       1 
0900       1 
0901       1 
0902       1 
0903       1 
0904       1 
0905       1 
0906       1 
0907       1 
0908       1 
0909       1 
0910       1 
0911       1 
0912       1 
0913       1 
0914       1 
0915       1 
0916       1 
0917       1 
0918       1 
0919       1 
0920       1 
0921       1 
0922       1 
0923       1 
0924       1 
0925       1 
0926       1 
0927       1 
0928       1 
0929       1 
0930       1 
0931       1 
0932       1 
0933       1 
0934       1 
0935       1 
0936       1 
0937       1 
0938       1 
0939       1 
0940       1 
0941       1 
0942       1 
0943       1 
0944       1 
0945       1 
0946       1 
0947       1 
0948       1 
0949       1 
0950       1 
0951       1 
0952       1 
0953       1 
0954       1 
0955       1 
0956       1 
0957       1 
0958       1 
0959       1 
0960       1 
0961       1 
0962       1 
0963       1 
0964       1 
0965       1 
0966       1 
0967       1 
0968       1 
0969       1 
0970       1 
0971       1 
0972       1 
0973       1 
0974       1 
0975       1 
0976       1 
0977       1 
0978       1 
0979       1 
0980       1 
0981       1 
0982       1 
0983       1 
0984       1 
0985       1 
0986       1 
0987       1 
0988       1 
0989       1 
0990       1 
0991       1 
0992       1 
0993       1 
0994       1 
0995       1 
0996       1 
0997       1 
0998       1 
0999       1 
1000       1 
1001       1 
1002       1 
1003       1 
1004       1 
1005       1 
1006       1 
1007       1 
1008       4 
1009       60 
1010       60 
1011       60 
1012       47 
1013       47 
1014       47 
1015       47 
1016       54 
1017       65 
1018       65 
1019       65 
1020       59 
1021       54 
1022       45 
1023       45 
1024       54 
1025       57 
1026       58 
1027       65 
1028       58 
1029       57 
1030       56 
1031       53 
1032       52 
1033       52 
1034       52 
1035       68 
1036       68 
1037       70 
1038       77 
1039       72 
1040       72 
1041       72 
1042       72 
1043       67 
1044       62 
1045       62 
1046       62 
1047       68 
1048       68 
1049       69 
1050       68 
1051       68 
1052       68 
1053       68 
1054       68 
1055       70 
1056       72 
1057       72 
1058       72 
1059       72 
1060       68 
1061       68 
1062       70 
1063       70 
1064       70 
1065       70 
1066       70 
1067       64 
1068       64 
1069       65 
1070       65 
1071       65 
1072       66 
1073       68 
1074       68 
1075       69 
1076       68 
1077       65 
1078       65 
1079       65 
1297966635.755750
