0000       1 
0001       1 
0002       1 
0003       1 
0004       1 
0005       1 
0006       1 
0007       1 
0008       1 
0009       1 
0010       1 
0011       1 
0012       1 
0013       1 
0014       1 
0015       1 
0016       1 
0017       1 
0018       1 
0019       1 
0020       1 
0021       1 
0022       1 
0023       1 
0024       1 
0025       1 
0026       1 
0027       1 
0028       1 
0029       1 
0030       1 
0031       1 
0032       1 
0033       1 
0034       1 
0035       1 
0036       1 
0037       1 
0038       1 
0039       1 
0040       1 
0041       1 
0042       1 
0043       1 
0044       1 
0045       1 
0046       1 
0047       1 
0048       1 
0049       1 
0050       1 
0051       1 
0052       1 
0053       1 
0054       1 
0055       1 
0056       1 
0057       1 
0058       1 
0059       1 
0060       1 
0061       1 
0062       1 
0063       1 
0064       1 
0065       1 
0066       1 
0067       1 
0068       1 
0069       1 
0070       1 
0071       1 
0072       1 
0073       1 
0074       1 
0075       1 
0076       1 
0077       1 
0078       1 
0079       1 
0080       1 
0081       1 
0082       1 
0083       1 
0084       1 
0085       1 
0086       1 
0087       1 
0088       1 
0089       1 
0090       1 
0091       1 
0092       1 
0093       1 
0094       1 
0095       1 
0096       1 
0097       1 
0098       1 
0099       1 
0100       1 
0101       1 
0102       1 
0103       1 
0104       1 
0105       1 
0106       1 
0107       1 
0108       1 
0109       1 
0110       1 
0111       1 
0112       1 
0113       1 
0114       1 
0115       1 
0116       1 
0117       1 
0118       1 
0119       1 
0120       1 
0121       1 
0122       1 
0123       1 
0124       1 
0125       1 
0126       1 
0127       1 
0128       1 
0129       1 
0130       1 
0131       1 
0132       1 
0133       1 
0134       1 
0135       1 
0136       1 
0137       1 
0138       1 
0139       1 
0140       1 
0141       1 
0142       1 
0143       1 
0144       1 
0145       1 
0146       1 
0147       1 
0148       1 
0149       1 
0150       1 
0151       1 
0152       1 
0153       1 
0154       1 
0155       1 
0156       1 
0157       1 
0158       1 
0159       1 
0160       1 
0161       1 
0162       1 
0163       1 
0164       1 
0165       1 
0166       1 
0167       1 
0168       1 
0169       1 
0170       1 
0171       1 
0172       1 
0173       1 
0174       1 
0175       1 
0176       1 
0177       1 
0178       1 
0179       1 
0180       1 
0181       1 
0182       1 
0183       1 
0184       1 
0185       1 
0186       1 
0187       1 
0188       1 
0189       1 
0190       1 
0191       1 
0192       1 
0193       1 
0194       1 
0195       1 
0196       1 
0197       1 
0198       1 
0199       1 
0200       1 
0201       1 
0202       1 
0203       1 
0204       1 
0205       1 
0206       1 
0207       1 
0208       1 
0209       1 
0210       1 
0211       1 
0212       1 
0213       1 
0214       1 
0215       1 
0216       1 
0217       1 
0218       1 
0219       1 
0220       1 
0221       1 
0222       1 
0223       1 
0224       1 
0225       1 
0226       1 
0227       1 
0228       1 
0229       1 
0230       1 
0231       1 
0232       1 
0233       1 
0234       1 
0235       1 
0236       1 
0237       1 
0238       1 
0239       1 
0240       1 
0241       1 
0242       1 
0243       1 
0244       1 
0245       1 
0246       1 
0247       1 
0248       1 
0249       1 
0250       1 
0251       1 
0252       1 
0253       1 
0254       1 
0255       1 
0256       1 
0257       1 
0258       1 
0259       1 
0260       1 
0261       1 
0262       1 
0263       1 
0264       1 
0265       16517 
0266       16517 
0267       16517 
0268       16517 
0269       16381 
0270       16233 
0271       16185 
0272       1 
0273       1 
0274       1 
0275       1 
0276       1 
0277       1 
0278       1 
0279       1 
0280       13411 
0281       13411 
0282       13440 
0283       13456 
0284       13537 
0285       13552 
0286       13560 
0287       13607 
0288       13627 
0289       13641 
0290       13671 
0291       13679 
0292       13726 
0293       13733 
0294       13740 
0295       13761 
0296       13783 
0297       13941 
0298       13941 
0299       1 
0300       1 
0301       1 
0302       1 
0303       1 
0304       1 
0305       1 
0306       1 
0307       1 
0308       1 
0309       1 
0310       1 
0311       1 
0312       1 
0313       1 
0314       1 
0315       1 
0316       1 
0317       1 
0318       1 
0319       1 
0320       1 
0321       1 
0322       1 
0323       1 
0324       1 
0325       1 
0326       1 
0327       1 
0328       1 
0329       1 
0330       12543 
0331       12543 
0332       12424 
0333       12357 
0334       12322 
0335       12322 
0336       12314 
0337       12329 
0338       12232 
0339       12089 
0340       12024 
0341       12024 
0342       11994 
0343       11994 
0344       11994 
0345       11953 
0346       11953 
0347       12034 
0348       12042 
0349       12060 
0350       12120 
0351       12089 
0352       12106 
0353       12106 
0354       12141 
0355       12150 
0356       12161 
0357       12161 
0358       12351 
0359       12926 
0360       12926 
0361       12915 
0362       12915 
0363       12939 
0364       12939 
0365       10912 
0366       10832 
0367       10719 
0368       10717 
0369       10657 
0370       10640 
0371       10526 
0372       10446 
0373       10424 
0374       10393 
0375       10359 
0376       10359 
0377       10359 
0378       10332 
0379       10276 
0380       10276 
0381       10288 
0382       10288 
0383       10304 
0384       10352 
0385       10352 
0386       10322 
0387       10322 
0388       10390 
0389       10429 
0390       10616 
0391       11269 
0392       11312 
0393       11269 
0394       11192 
0395       11192 
0396       11191 
0397       11191 
0398       11140 
0399       11095 
0400       10958 
0401       10939 
0402       10930 
0403       10878 
0404       10862 
0405       10828 
0406       10820 
0407       10793 
0408       10778 
0409       10742 
0410       10723 
0411       10697 
0412       10643 
0413       10623 
0414       10583 
0415       10551 
0416       10524 
0417       10509 
0418       10449 
0419       10429 
0420       10427 
0421       10383 
0422       10347 
0423       10320 
0424       10298 
0425       10257 
0426       10222 
0427       10204 
0428       10178 
0429       10127 
0430       10105 
0431       10077 
0432       10062 
0433       10033 
0434       10013 
0435       9983 
0436       9943 
0437       9938 
0438       9907 
0439       9875 
0440       9845 
0441       9823 
0442       9802 
0443       9774 
0444       9762 
0445       9714 
0446       9697 
0447       9682 
0448       9649 
0449       9636 
0450       9620 
0451       9597 
0452       9550 
0453       9546 
0454       9523 
0455       9497 
0456       9471 
0457       9447 
0458       9439 
0459       9427 
0460       9417 
0461       9378 
0462       9373 
0463       9349 
0464       8009 
0465       7949 
0466       7872 
0467       7819 
0468       7739 
0469       7723 
0470       7707 
0471       7707 
0472       7678 
0473       7625 
0474       7617 
0475       7580 
0476       7556 
0477       7550 
0478       7556 
0479       7550 
0480       7553 
0481       7550 
0482       7532 
0483       7528 
0484       7515 
0485       7515 
0486       7524 
0487       7549 
0488       7549 
0489       7556 
0490       7561 
0491       7596 
0492       7621 
0493       7668 
0494       7715 
0495       7774 
0496       7898 
0497       8032 
0498       8063 
0499       8095 
0500       8441 
0501       8465 
0502       8465 
0503       6642 
0504       6642 
0505       6650 
0506       6681 
0507       6718 
0508       6721 
0509       6729 
0510       6729 
0511       6684 
0512       6684 
0513       6686 
0514       6695 
0515       6695 
0516       6674 
0517       6674 
0518       6750 
0519       6803 
0520       6884 
0521       6945 
0522       6994 
0523       7025 
0524       7109 
0525       7132 
0526       7157 
0527       7132 
0528       7130 
0529       7117 
0530       7115 
0531       7117 
0532       7154 
0533       7154 
0534       7039 
0535       6953 
0536       6931 
0537       6928 
0538       6916 
0539       6882 
0540       6882 
0541       6885 
0542       6898 
0543       6898 
0544       6884 
0545       6884 
0546       6911 
0547       6929 
0548       6954 
0549       6981 
0550       7015 
0551       7051 
0552       7134 
0553       7205 
0554       7205 
0555       7193 
0556       7187 
0557       7177 
0558       7173 
0559       7144 
0560       7144 
0561       7170 
0562       7184 
0563       7195 
0564       7198 
0565       7206 
0566       7206 
0567       7206 
0568       7233 
0569       7311 
0570       7349 
0571       7417 
0572       7430 
0573       7467 
0574       7498 
0575       7520 
0576       7544 
0577       7560 
0578       7562 
0579       8253 
0580       8637 
0581       8649 
0582       8651 
0583       8657 
0584       8666 
0585       8668 
0586       8668 
0587       8668 
0588       8670 
0589       8675 
0590       8697 
0591       8697 
0592       8701 
0593       8708 
0594       8714 
0595       8723 
0596       8739 
0597       8742 
0598       8746 
0599       8759 
0600       8763 
0601       8768 
0602       8784 
0603       8792 
0604       8793 
0605       8793 
0606       8802 
0607       8816 
0608       8827 
0609       8836 
0610       8850 
0611       8863 
0612       8873 
0613       8879 
0614       8906 
0615       8906 
0616       8910 
0617       8911 
0618       8913 
0619       8939 
0620       8959 
0621       8968 
0622       8976 
0623       8968 
0624       8976 
0625       9003 
0626       9003 
0627       9018 
0628       9021 
0629       9040 
0630       9060 
0631       9060 
0632       9061 
0633       9075 
0634       9083 
0635       9093 
0636       9098 
0637       9121 
0638       9131 
0639       9141 
0640       9141 
0641       9117 
0642       9108 
0643       9108 
0644       9076 
0645       9073 
0646       9052 
0647       8739 
0648       8739 
0649       8747 
0650       8747 
0651       8619 
0652       8564 
0653       8511 
0654       8479 
0655       8479 
0656       8551 
0657       8759 
0658       8910 
0659       8910 
0660       8910 
0661       9037 
0662       9043 
0663       9044 
0664       9044 
0665       9035 
0666       9031 
0667       8939 
0668       8887 
0669       8887 
0670       8880 
0671       8934 
0672       8950 
0673       8959 
0674       8978 
0675       8978 
0676       9022 
0677       9030 
0678       9076 
0679       9112 
0680       9128 
0681       9142 
0682       9148 
0683       9200 
0684       9233 
0685       9233 
0686       9240 
0687       9295 
0688       9487 
0689       9963 
0690       10098 
0691       10134 
0692       10189 
0693       10216 
0694       10224 
0695       10297 
0696       10333 
0697       10379 
0698       10412 
0699       10460 
0700       10492 
0701       10526 
0702       10554 
0703       10606 
0704       10614 
0705       10644 
0706       10687 
0707       10722 
0708       10773 
0709       10797 
0710       10813 
0711       10867 
0712       10888 
0713       10945 
0714       10952 
0715       11039 
0716       11044 
0717       11108 
0718       11146 
0719       11164 
0720       11228 
0721       11259 
0722       11289 
0723       11364 
0724       11380 
0725       11450 
0726       11470 
0727       11529 
0728       11633 
0729       11661 
0730       11720 
0731       11820 
0732       11873 
0733       11915 
0734       11970 
0735       11970 
0736       11780 
0737       11699 
0738       11650 
0739       11612 
0740       11556 
0741       11480 
0742       11456 
0743       11410 
0744       11355 
0745       11313 
0746       11261 
0747       11215 
0748       11146 
0749       11127 
0750       11081 
0751       11036 
0752       10991 
0753       10943 
0754       10911 
0755       10874 
0756       10867 
0757       10874 
0758       10877 
0759       10883 
0760       10883 
0761       10867 
0762       10807 
0763       10755 
0764       10709 
0765       10662 
0766       10643 
0767       10625 
0768       10568 
0769       10564 
0770       10512 
0771       10470 
0772       10415 
0773       10405 
0774       10366 
0775       10331 
0776       10293 
0777       10273 
0778       10252 
0779       10113 
0780       9943 
0781       9906 
0782       9883 
0783       9865 
0784       9813 
0785       9799 
0786       9761 
0787       9742 
0788       9714 
0789       9684 
0790       9668 
0791       9631 
0792       9604 
0793       9559 
0794       9551 
0795       9528 
0796       9510 
0797       9477 
0798       9452 
0799       9420 
0800       9406 
0801       9384 
0802       9358 
0803       9341 
0804       9324 
0805       9283 
0806       9268 
0807       9248 
0808       9224 
0809       9214 
0810       9193 
0811       9175 
0812       9157 
0813       9127 
0814       9112 
0815       9094 
0816       9073 
0817       9052 
0818       9052 
0819       9055 
0820       9064 
0821       9082 
0822       9135 
0823       9135 
0824       9123 
0825       9105 
0826       9077 
0827       9061 
0828       9045 
0829       9034 
0830       9012 
0831       8995 
0832       8983 
0833       8982 
0834       8957 
0835       8939 
0836       8931 
0837       8900 
0838       8894 
0839       8884 
0840       8877 
0841       8858 
0842       8841 
0843       8823 
0844       8804 
0845       8800 
0846       8800 
0847       8769 
0848       8754 
0849       8747 
0850       8723 
0851       8674 
0852       8581 
0853       8515 
0854       8499 
0855       8498 
0856       8485 
0857       8481 
0858       8451 
0859       8443 
0860       8436 
0861       8434 
0862       8419 
0863       8414 
0864       8403 
0865       8380 
0866       8380 
0867       8519 
0868       8559 
0869       8562 
0870       8559 
0871       8546 
0872       8542 
0873       8541 
0874       8536 
0875       8521 
0876       8521 
0877       8503 
0878       8503 
0879       8497 
0880       8491 
0881       8456 
0882       8421 
0883       8421 
0884       8489 
0885       8502 
0886       8502 
0887       8502 
0888       8502 
0889       8531 
0890       8741 
0891       9002 
0892       9337 
0893       9853 
0894       11363 
0895       11408 
0896       11363 
0897       9853 
0898       9850 
0899       9850 
0900       9840 
0901       9840 
0902       9840 
0903       9840 
0904       9826 
0905       9826 
0906       9849 
0907       9849 
0908       9849 
0909       9836 
0910       9818 
0911       9818 
0912       9818 
0913       9818 
0914       1 
0915       1 
0916       1 
0917       1 
0918       1 
0919       1 
0920       1 
0921       1 
0922       1 
0923       1 
0924       1 
0925       1 
0926       1 
0927       1 
0928       1 
0929       1 
0930       1 
0931       1 
0932       1 
0933       1 
0934       1 
0935       1 
0936       1 
0937       1 
0938       1 
0939       1 
0940       1 
0941       1 
0942       1 
0943       1 
0944       1 
0945       1 
0946       1 
0947       1 
0948       1 
0949       1 
0950       1 
0951       1 
0952       1 
0953       1 
0954       1 
0955       1 
0956       1 
0957       1 
0958       1 
0959       1 
0960       1 
0961       1 
0962       1 
0963       1 
0964       1 
0965       1 
0966       1 
0967       1 
0968       1 
0969       1 
0970       1 
0971       1 
0972       1 
0973       1 
0974       1 
0975       1 
0976       1 
0977       1 
0978       1 
0979       1 
0980       1 
0981       1 
0982       1 
0983       1 
0984       1 
0985       1 
0986       1 
0987       1 
0988       1 
0989       1 
0990       1 
0991       1 
0992       1 
0993       1 
0994       1 
0995       1 
0996       1 
0997       1 
0998       1 
0999       1 
1000       1 
1001       1 
1002       1 
1003       1 
1004       1 
1005       4 
1006       4 
1007       48 
1008       48 
1009       48 
1010       48 
1011       48 
1012       48 
1013       48 
1014       48 
1015       42 
1016       42 
1017       45 
1018       45 
1019       60 
1020       60 
1021       52 
1022       52 
1023       52 
1024       52 
1025       59 
1026       61 
1027       66 
1028       61 
1029       59 
1030       56 
1031       54 
1032       54 
1033       54 
1034       56 
1035       58 
1036       60 
1037       62 
1038       68 
1039       72 
1040       72 
1041       72 
1042       69 
1043       67 
1044       67 
1045       68 
1046       67 
1047       68 
1048       68 
1049       65 
1050       65 
1051       65 
1052       64 
1053       65 
1054       63 
1055       63 
1056       63 
1057       62 
1058       58 
1059       58 
1060       58 
1061       61 
1062       64 
1063       66 
1064       66 
1065       66 
1066       66 
1067       65 
1068       65 
1069       66 
1070       68 
1071       68 
1072       68 
1073       67 
1074       65 
1075       65 
1076       67 
1077       65 
1078       65 
1079       62 
1297966694.274404
