0000       1 
0001       1 
0002       1 
0003       1 
0004       1 
0005       1 
0006       1 
0007       1 
0008       1 
0009       1 
0010       1 
0011       1 
0012       1 
0013       1 
0014       1 
0015       1 
0016       1 
0017       1 
0018       1 
0019       1 
0020       1 
0021       1 
0022       1 
0023       1 
0024       1 
0025       1 
0026       1 
0027       1 
0028       1 
0029       1 
0030       1 
0031       1 
0032       1 
0033       1 
0034       1 
0035       1 
0036       1 
0037       1 
0038       1 
0039       1 
0040       1 
0041       1 
0042       1 
0043       1 
0044       1 
0045       1 
0046       1 
0047       1 
0048       1 
0049       1 
0050       1 
0051       1 
0052       1 
0053       1 
0054       1 
0055       1 
0056       1 
0057       15256 
0058       15258 
0059       15258 
0060       1 
0061       1 
0062       1 
0063       1 
0064       1 
0065       1 
0066       1 
0067       1 
0068       1 
0069       1 
0070       1 
0071       1 
0072       1 
0073       1 
0074       1 
0075       1 
0076       1 
0077       1 
0078       1 
0079       1 
0080       1 
0081       1 
0082       1 
0083       1 
0084       1 
0085       1 
0086       1 
0087       1 
0088       1 
0089       1 
0090       1 
0091       1 
0092       1 
0093       1 
0094       1 
0095       1 
0096       1 
0097       1 
0098       1 
0099       1 
0100       1 
0101       1 
0102       1 
0103       1 
0104       1 
0105       1 
0106       1 
0107       1 
0108       1 
0109       1 
0110       1 
0111       1 
0112       1 
0113       1 
0114       1 
0115       1 
0116       1 
0117       1 
0118       1 
0119       1 
0120       1 
0121       1 
0122       1 
0123       1 
0124       1 
0125       1 
0126       1 
0127       1 
0128       1 
0129       1 
0130       1 
0131       1 
0132       1 
0133       1 
0134       1 
0135       1 
0136       1 
0137       1 
0138       1 
0139       4558 
0140       4558 
0141       4558 
0142       4522 
0143       4522 
0144       4518 
0145       4521 
0146       4521 
0147       4521 
0148       4521 
0149       4521 
0150       4519 
0151       4517 
0152       4504 
0153       4504 
0154       4501 
0155       4499 
0156       4496 
0157       4496 
0158       4492 
0159       4491 
0160       4490 
0161       4490 
0162       4490 
0163       4490 
0164       4488 
0165       4485 
0166       4480 
0167       4480 
0168       4482 
0169       4485 
0170       4486 
0171       4486 
0172       4482 
0173       4483 
0174       4480 
0175       4476 
0176       4476 
0177       4483 
0178       4484 
0179       4484 
0180       4484 
0181       4484 
0182       4481 
0183       4481 
0184       4482 
0185       4487 
0186       4482 
0187       4483 
0188       4483 
0189       4483 
0190       4482 
0191       4483 
0192       4482 
0193       4484 
0194       4484 
0195       4484 
0196       4484 
0197       4487 
0198       4487 
0199       4487 
0200       4487 
0201       4487 
0202       4505 
0203       4505 
0204       4507 
0205       4510 
0206       4510 
0207       4510 
0208       4512 
0209       4513 
0210       4517 
0211       4521 
0212       4523 
0213       4532 
0214       4533 
0215       4536 
0216       4536 
0217       4548 
0218       4548 
0219       4548 
0220       4548 
0221       4550 
0222       4557 
0223       4563 
0224       4579 
0225       4583 
0226       4584 
0227       4587 
0228       4587 
0229       4588 
0230       4593 
0231       4600 
0232       4621 
0233       4625 
0234       4625 
0235       4625 
0236       4625 
0237       4634 
0238       4649 
0239       4649 
0240       4652 
0241       4658 
0242       4658 
0243       4663 
0244       4681 
0245       4683 
0246       4685 
0247       4688 
0248       4692 
0249       4692 
0250       4692 
0251       4659 
0252       4564 
0253       4465 
0254       4381 
0255       4313 
0256       4226 
0257       4170 
0258       4091 
0259       4043 
0260       3961 
0261       3907 
0262       3838 
0263       3787 
0264       3720 
0265       3669 
0266       3629 
0267       3580 
0268       3515 
0269       3470 
0270       3445 
0271       3372 
0272       3346 
0273       3309 
0274       3271 
0275       3232 
0276       3187 
0277       3145 
0278       3113 
0279       3079 
0280       3041 
0281       3013 
0282       2974 
0283       2955 
0284       2925 
0285       2892 
0286       2861 
0287       2821 
0288       2796 
0289       2781 
0290       2742 
0291       2728 
0292       2691 
0293       2667 
0294       2642 
0295       2616 
0296       2591 
0297       2576 
0298       2555 
0299       2538 
0300       2505 
0301       2497 
0302       2471 
0303       2442 
0304       2418 
0305       2398 
0306       2389 
0307       2365 
0308       2351 
0309       2323 
0310       2292 
0311       2273 
0312       2259 
0313       2250 
0314       2227 
0315       2223 
0316       2202 
0317       2176 
0318       2163 
0319       2160 
0320       2137 
0321       2121 
0322       2102 
0323       2077 
0324       2063 
0325       2043 
0326       2039 
0327       2039 
0328       2034 
0329       2003 
0330       1986 
0331       1968 
0332       1959 
0333       1949 
0334       1934 
0335       1932 
0336       1923 
0337       1911 
0338       1909 
0339       1879 
0340       1873 
0341       1860 
0342       1854 
0343       1839 
0344       1826 
0345       1814 
0346       1802 
0347       1787 
0348       1784 
0349       1774 
0350       1759 
0351       1751 
0352       1748 
0353       1739 
0354       1736 
0355       1716 
0356       1707 
0357       1694 
0358       1689 
0359       1685 
0360       1672 
0361       1662 
0362       1660 
0363       1660 
0364       1648 
0365       1629 
0366       1623 
0367       1602 
0368       1602 
0369       1601 
0370       1596 
0371       1596 
0372       1584 
0373       1573 
0374       1569 
0375       1565 
0376       1563 
0377       1554 
0378       1540 
0379       1536 
0380       1534 
0381       1531 
0382       1518 
0383       1514 
0384       1514 
0385       1504 
0386       1496 
0387       1489 
0388       1484 
0389       1471 
0390       1469 
0391       1464 
0392       1459 
0393       1451 
0394       1450 
0395       1447 
0396       1443 
0397       1432 
0398       1429 
0399       1415 
0400       1414 
0401       1413 
0402       1412 
0403       1400 
0404       1399 
0405       1399 
0406       1393 
0407       1386 
0408       1383 
0409       1379 
0410       1370 
0411       1366 
0412       1361 
0413       1357 
0414       1353 
0415       1350 
0416       1347 
0417       1346 
0418       1341 
0419       1330 
0420       1323 
0421       1321 
0422       1320 
0423       1320 
0424       1317 
0425       1311 
0426       1306 
0427       1300 
0428       1296 
0429       1292 
0430       1289 
0431       1288 
0432       1280 
0433       1280 
0434       1277 
0435       1272 
0436       1271 
0437       1266 
0438       1259 
0439       1255 
0440       1252 
0441       1252 
0442       1246 
0443       1244 
0444       1240 
0445       1244 
0446       1237 
0447       1235 
0448       1235 
0449       1235 
0450       1230 
0451       1224 
0452       1224 
0453       1219 
0454       1217 
0455       1217 
0456       1217 
0457       1217 
0458       1217 
0459       1210 
0460       1208 
0461       1200 
0462       1199 
0463       1198 
0464       1197 
0465       1184 
0466       1184 
0467       1181 
0468       1181 
0469       1181 
0470       1179 
0471       1179 
0472       1179 
0473       1176 
0474       1161 
0475       1161 
0476       1160 
0477       1161 
0478       1159 
0479       1159 
0480       1158 
0481       1154 
0482       1151 
0483       1151 
0484       1154 
0485       1154 
0486       1150 
0487       1145 
0488       1145 
0489       1143 
0490       1144 
0491       1143 
0492       1136 
0493       1135 
0494       1135 
0495       1132 
0496       1132 
0497       1132 
0498       1132 
0499       1122 
0500       1122 
0501       1122 
0502       1117 
0503       1119 
0504       1119 
0505       1117 
0506       1117 
0507       1114 
0508       1114 
0509       1114 
0510       1108 
0511       1102 
0512       1102 
0513       1102 
0514       1102 
0515       1102 
0516       1103 
0517       1103 
0518       1103 
0519       1101 
0520       1103 
0521       1100 
0522       1100 
0523       1100 
0524       1090 
0525       1090 
0526       1089 
0527       1089 
0528       1090 
0529       1094 
0530       1094 
0531       1094 
0532       1094 
0533       1094 
0534       1095 
0535       1095 
0536       1095 
0537       1095 
0538       1095 
0539       1089 
0540       1089 
0541       1086 
0542       1086 
0543       1089 
0544       1089 
0545       1088 
0546       1088 
0547       1089 
0548       1089 
0549       1089 
0550       1094 
0551       1094 
0552       1093 
0553       1092 
0554       1092 
0555       1091 
0556       1091 
0557       1090 
0558       1090 
0559       1085 
0560       1091 
0561       1087 
0562       1090 
0563       1087 
0564       1088 
0565       1088 
0566       1090 
0567       1095 
0568       1095 
0569       1095 
0570       1095 
0571       1094 
0572       1091 
0573       1091 
0574       1091 
0575       1099 
0576       1099 
0577       1099 
0578       1099 
0579       1098 
0580       1098 
0581       1098 
0582       1099 
0583       1099 
0584       1102 
0585       1101 
0586       1102 
0587       1102 
0588       1101 
0589       1095 
0590       1095 
0591       990 
0592       948 
0593       930 
0594       926 
0595       926 
0596       925 
0597       917 
0598       925 
0599       931 
0600       936 
0601       976 
0602       1104 
0603       1109 
0604       1111 
0605       1114 
0606       1114 
0607       1120 
0608       1123 
0609       1124 
0610       1125 
0611       1124 
0612       1124 
0613       1127 
0614       1133 
0615       1127 
0616       1133 
0617       1138 
0618       1138 
0619       1140 
0620       1140 
0621       1140 
0622       1138 
0623       1139 
0624       1139 
0625       1144 
0626       1140 
0627       1144 
0628       1152 
0629       1152 
0630       1152 
0631       1158 
0632       1159 
0633       1159 
0634       1158 
0635       1158 
0636       1160 
0637       1160 
0638       1168 
0639       1172 
0640       1173 
0641       1173 
0642       1174 
0643       1177 
0644       1177 
0645       1177 
0646       1183 
0647       1183 
0648       1185 
0649       1186 
0650       1190 
0651       1198 
0652       1199 
0653       1200 
0654       1201 
0655       1210 
0656       1212 
0657       1212 
0658       1214 
0659       1214 
0660       1217 
0661       1223 
0662       1224 
0663       1226 
0664       1229 
0665       1232 
0666       1234 
0667       1234 
0668       1238 
0669       1244 
0670       1255 
0671       1255 
0672       1255 
0673       1255 
0674       1255 
0675       1264 
0676       1273 
0677       1273 
0678       1274 
0679       1275 
0680       1275 
0681       1278 
0682       1290 
0683       1291 
0684       1291 
0685       1297 
0686       1306 
0687       1314 
0688       1316 
0689       1320 
0690       1321 
0691       1321 
0692       1328 
0693       1335 
0694       1339 
0695       1343 
0696       1344 
0697       1351 
0698       1352 
0699       1352 
0700       1354 
0701       1354 
0702       1374 
0703       1375 
0704       1375 
0705       1375 
0706       1384 
0707       1387 
0708       1389 
0709       1403 
0710       1405 
0711       1416 
0712       1417 
0713       1419 
0714       1420 
0715       1426 
0716       1432 
0717       1443 
0718       1450 
0719       1456 
0720       1464 
0721       1470 
0722       1473 
0723       1478 
0724       1479 
0725       1487 
0726       1488 
0727       1495 
0728       1509 
0729       1510 
0730       1519 
0731       1523 
0732       1531 
0733       1533 
0734       1543 
0735       1547 
0736       1553 
0737       1553 
0738       1564 
0739       1575 
0740       1580 
0741       1595 
0742       1605 
0743       1610 
0744       1615 
0745       1618 
0746       1625 
0747       1625 
0748       1645 
0749       1651 
0750       1651 
0751       1652 
0752       1666 
0753       1670 
0754       1686 
0755       1703 
0756       1706 
0757       1718 
0758       1719 
0759       1723 
0760       1734 
0761       1748 
0762       1766 
0763       1775 
0764       1781 
0765       1782 
0766       1800 
0767       1815 
0768       1821 
0769       1825 
0770       1845 
0771       1856 
0772       1863 
0773       1886 
0774       1896 
0775       1900 
0776       1901 
0777       1919 
0778       1933 
0779       1960 
0780       1967 
0781       1968 
0782       1985 
0783       1989 
0784       2014 
0785       2027 
0786       2050 
0787       2056 
0788       2057 
0789       2072 
0790       2090 
0791       2115 
0792       2128 
0793       2146 
0794       2153 
0795       2166 
0796       2172 
0797       2212 
0798       2222 
0799       2237 
0800       2258 
0801       2273 
0802       2284 
0803       2306 
0804       2327 
0805       2354 
0806       2368 
0807       2369 
0808       2391 
0809       2425 
0810       2450 
0811       2469 
0812       2491 
0813       2491 
0814       2509 
0815       2558 
0816       2580 
0817       2610 
0818       2630 
0819       2648 
0820       2683 
0821       2708 
0822       2738 
0823       2758 
0824       2785 
0825       2802 
0826       2842 
0827       2871 
0828       2906 
0829       2927 
0830       2959 
0831       2983 
0832       3019 
0833       3046 
0834       3067 
0835       3117 
0836       3172 
0837       3208 
0838       3234 
0839       3269 
0840       3316 
0841       3355 
0842       3414 
0843       3453 
0844       3490 
0845       3561 
0846       3608 
0847       3642 
0848       3707 
0849       3761 
0850       3827 
0851       3900 
0852       3966 
0853       4074 
0854       4160 
0855       4273 
0856       4361 
0857       4490 
0858       4617 
0859       4714 
0860       4886 
0861       5052 
0862       5213 
0863       5419 
0864       5693 
0865       5968 
0866       6090 
0867       6114 
0868       6125 
0869       6127 
0870       8292 
0871       8292 
0872       7609 
0873       7581 
0874       7581 
0875       7581 
0876       7581 
0877       7594 
0878       7594 
0879       7610 
0880       16556 
0881       16556 
0882       9074 
0883       9070 
0884       9074 
0885       9047 
0886       9047 
0887       9109 
0888       10555 
0889       10555 
0890       1 
0891       1 
0892       1 
0893       1 
0894       1 
0895       1 
0896       1 
0897       1 
0898       1 
0899       1 
0900       1 
0901       1 
0902       1 
0903       1 
0904       1 
0905       1 
0906       1 
0907       1 
0908       1 
0909       1 
0910       1 
0911       1 
0912       1 
0913       1 
0914       1 
0915       1 
0916       1 
0917       1 
0918       1 
0919       1 
0920       1 
0921       1 
0922       1 
0923       1 
0924       1 
0925       1 
0926       1 
0927       1 
0928       1 
0929       1 
0930       1 
0931       1 
0932       1 
0933       1 
0934       1 
0935       1 
0936       1 
0937       1 
0938       1 
0939       1 
0940       1 
0941       1 
0942       1 
0943       1 
0944       1 
0945       1 
0946       1 
0947       1 
0948       1 
0949       1 
0950       1 
0951       1 
0952       1 
0953       1 
0954       1 
0955       1 
0956       1 
0957       1 
0958       1 
0959       1 
0960       1 
0961       1 
0962       1 
0963       1 
0964       1 
0965       1 
0966       1 
0967       1 
0968       1 
0969       1 
0970       1 
0971       1 
0972       1 
0973       1 
0974       1 
0975       1 
0976       1 
0977       1 
0978       1 
0979       1 
0980       1 
0981       1 
0982       1 
0983       1 
0984       1 
0985       1 
0986       1 
0987       1 
0988       1 
0989       1 
0990       1 
0991       1 
0992       1 
0993       1 
0994       1 
0995       1 
0996       1 
0997       1 
0998       1 
0999       1 
1000       1 
1001       1 
1002       1 
1003       1 
1004       1 
1005       1 
1006       1 
1007       1 
1008       4 
1009       49 
1010       42 
1011       53 
1012       53 
1013       53 
1014       51 
1015       51 
1016       51 
1017       49 
1018       49 
1019       52 
1020       63 
1021       63 
1022       63 
1023       67 
1024       67 
1025       67 
1026       70 
1027       70 
1028       60 
1029       52 
1030       52 
1031       52 
1032       57 
1033       58 
1034       60 
1035       65 
1036       65 
1037       65 
1038       65 
1039       74 
1040       78 
1041       79 
1042       79 
1043       78 
1044       75 
1045       75 
1046       72 
1047       72 
1048       70 
1049       70 
1050       70 
1051       70 
1052       68 
1053       68 
1054       68 
1055       69 
1056       61 
1057       60 
1058       60 
1059       68 
1060       68 
1061       68 
1062       68 
1063       68 
1064       70 
1065       70 
1066       73 
1067       74 
1068       73 
1069       73 
1070       72 
1071       72 
1072       72 
1073       72 
1074       72 
1075       69 
1076       69 
1077       69 
1078       69 
1079       64 
1297966710.557041
