0000       1 
0001       1 
0002       1 
0003       1 
0004       1 
0005       1 
0006       1 
0007       1 
0008       1 
0009       1 
0010       1 
0011       1 
0012       1 
0013       1 
0014       1 
0015       1 
0016       1 
0017       1 
0018       1 
0019       1 
0020       1 
0021       1 
0022       1 
0023       1 
0024       1 
0025       1 
0026       1 
0027       1 
0028       1 
0029       1 
0030       1 
0031       1 
0032       1 
0033       1 
0034       1 
0035       1 
0036       1 
0037       1 
0038       1 
0039       1 
0040       1 
0041       1 
0042       1 
0043       1 
0044       1 
0045       1 
0046       1 
0047       1 
0048       1 
0049       1 
0050       1 
0051       1 
0052       1 
0053       1 
0054       1 
0055       1 
0056       1 
0057       1 
0058       1 
0059       1 
0060       1 
0061       1 
0062       1 
0063       1 
0064       1 
0065       1 
0066       1 
0067       1 
0068       1 
0069       1 
0070       1 
0071       1 
0072       1 
0073       1 
0074       1 
0075       1 
0076       1 
0077       1 
0078       1 
0079       1 
0080       1 
0081       1 
0082       1 
0083       1 
0084       1 
0085       1 
0086       1 
0087       1 
0088       1 
0089       1 
0090       1 
0091       1 
0092       1 
0093       1 
0094       1 
0095       1 
0096       1 
0097       1 
0098       1 
0099       1 
0100       1 
0101       1 
0102       1 
0103       1 
0104       1 
0105       1 
0106       1 
0107       1 
0108       1 
0109       1 
0110       1 
0111       1 
0112       1 
0113       1 
0114       1 
0115       1 
0116       1 
0117       1 
0118       1 
0119       1 
0120       1 
0121       1 
0122       1 
0123       1 
0124       1 
0125       1 
0126       1 
0127       1 
0128       1 
0129       1 
0130       1 
0131       1 
0132       1 
0133       1 
0134       1 
0135       1 
0136       1 
0137       1 
0138       1 
0139       1 
0140       1 
0141       1 
0142       1 
0143       1 
0144       1 
0145       1 
0146       1 
0147       1 
0148       1 
0149       1 
0150       1 
0151       1 
0152       1 
0153       1 
0154       1 
0155       1 
0156       1 
0157       1 
0158       1 
0159       1 
0160       1 
0161       1 
0162       1 
0163       1 
0164       1 
0165       1 
0166       1 
0167       1 
0168       1 
0169       1 
0170       1 
0171       1 
0172       1 
0173       1 
0174       1 
0175       1 
0176       1 
0177       1 
0178       1 
0179       1 
0180       1 
0181       1 
0182       1 
0183       1 
0184       1 
0185       1 
0186       1 
0187       1 
0188       1 
0189       1 
0190       1 
0191       1 
0192       1 
0193       1 
0194       1 
0195       1 
0196       1 
0197       1 
0198       1 
0199       1 
0200       1 
0201       1 
0202       1 
0203       1 
0204       1 
0205       1 
0206       1 
0207       1 
0208       1 
0209       1 
0210       1 
0211       1 
0212       1 
0213       1 
0214       1 
0215       1 
0216       1 
0217       1 
0218       1 
0219       1 
0220       1 
0221       1 
0222       1 
0223       1 
0224       1 
0225       1 
0226       1 
0227       1 
0228       1 
0229       1 
0230       1 
0231       1 
0232       1 
0233       1 
0234       23166 
0235       23192 
0236       23192 
0237       1 
0238       1 
0239       1 
0240       1 
0241       1 
0242       19978 
0243       20023 
0244       20063 
0245       20085 
0246       20094 
0247       20145 
0248       20154 
0249       20169 
0250       20182 
0251       20213 
0252       20262 
0253       20392 
0254       20392 
0255       1 
0256       1 
0257       1 
0258       1 
0259       1 
0260       1 
0261       1 
0262       1 
0263       1 
0264       1 
0265       1 
0266       1 
0267       1 
0268       1 
0269       1 
0270       1 
0271       1 
0272       1 
0273       1 
0274       1 
0275       1 
0276       1 
0277       1 
0278       1 
0279       1 
0280       1 
0281       1 
0282       1 
0283       1 
0284       1 
0285       1 
0286       1 
0287       1 
0288       1 
0289       1 
0290       1 
0291       1 
0292       1 
0293       1 
0294       1 
0295       1 
0296       1 
0297       1 
0298       1 
0299       1 
0300       1 
0301       1 
0302       1 
0303       1 
0304       1 
0305       1 
0306       1 
0307       1 
0308       1 
0309       1 
0310       1 
0311       1 
0312       1 
0313       1 
0314       1 
0315       1 
0316       1 
0317       1 
0318       1 
0319       1 
0320       1 
0321       1 
0322       1 
0323       1 
0324       1 
0325       1 
0326       1 
0327       1 
0328       1 
0329       1 
0330       1 
0331       1 
0332       1 
0333       1 
0334       1 
0335       1 
0336       1 
0337       1 
0338       1 
0339       1 
0340       1 
0341       1 
0342       1 
0343       1 
0344       1 
0345       1 
0346       1 
0347       1 
0348       1 
0349       10825 
0350       11623 
0351       11623 
0352       10362 
0353       10362 
0354       10318 
0355       10318 
0356       10275 
0357       10150 
0358       10088 
0359       10150 
0360       10343 
0361       10343 
0362       10338 
0363       10323 
0364       10320 
0365       10264 
0366       10264 
0367       10305 
0368       10316 
0369       10316 
0370       10271 
0371       10205 
0372       10205 
0373       10224 
0374       10246 
0375       10246 
0376       10191 
0377       10191 
0378       10300 
0379       10300 
0380       10272 
0381       10209 
0382       10209 
0383       10225 
0384       10225 
0385       10225 
0386       10233 
0387       10330 
0388       10865 
0389       11030 
0390       11071 
0391       11071 
0392       11024 
0393       11005 
0394       10965 
0395       10954 
0396       10892 
0397       10869 
0398       10837 
0399       10797 
0400       10773 
0401       10763 
0402       10738 
0403       10724 
0404       10691 
0405       10661 
0406       10638 
0407       10623 
0408       10590 
0409       10578 
0410       10547 
0411       10499 
0412       10453 
0413       10429 
0414       10411 
0415       10381 
0416       10374 
0417       10335 
0418       10314 
0419       10254 
0420       10251 
0421       10228 
0422       10183 
0423       10168 
0424       10130 
0425       10113 
0426       10081 
0427       10064 
0428       10037 
0429       10035 
0430       10029 
0431       8597 
0432       8570 
0433       8533 
0434       8508 
0435       8502 
0436       8474 
0437       8436 
0438       8401 
0439       8367 
0440       8335 
0441       8297 
0442       8290 
0443       8284 
0444       8284 
0445       8247 
0446       8234 
0447       8215 
0448       8205 
0449       8169 
0450       8167 
0451       8156 
0452       8167 
0453       8155 
0454       8146 
0455       8134 
0456       8134 
0457       8147 
0458       8222 
0459       8257 
0460       8290 
0461       8290 
0462       8291 
0463       8316 
0464       8321 
0465       8367 
0466       8547 
0467       8628 
0468       8711 
0469       8711 
0470       8690 
0471       8690 
0472       8702 
0473       8879 
0474       9117 
0475       9171 
0476       9171 
0477       9165 
0478       9142 
0479       9115 
0480       9115 
0481       9106 
0482       9088 
0483       9088 
0484       9087 
0485       9065 
0486       9059 
0487       9041 
0488       9009 
0489       9002 
0490       8836 
0491       8238 
0492       8117 
0493       8055 
0494       8040 
0495       7836 
0496       7605 
0497       7605 
0498       7599 
0499       7563 
0500       7490 
0501       7380 
0502       7287 
0503       7275 
0504       7221 
0505       7164 
0506       7117 
0507       7101 
0508       7086 
0509       7086 
0510       7094 
0511       7108 
0512       7114 
0513       7114 
0514       7114 
0515       7140 
0516       7175 
0517       7175 
0518       7168 
0519       7168 
0520       7193 
0521       7235 
0522       7304 
0523       7345 
0524       7375 
0525       7387 
0526       7392 
0527       7414 
0528       7499 
0529       7556 
0530       7817 
0531       7817 
0532       7758 
0533       7703 
0534       7660 
0535       7633 
0536       7631 
0537       7590 
0538       7536 
0539       7511 
0540       7486 
0541       7468 
0542       7463 
0543       7432 
0544       7404 
0545       7395 
0546       7393 
0547       7391 
0548       7391 
0549       7380 
0550       7366 
0551       7366 
0552       7374 
0553       7376 
0554       7377 
0555       7381 
0556       7394 
0557       7431 
0558       7466 
0559       7466 
0560       7466 
0561       7595 
0562       7769 
0563       7935 
0564       7995 
0565       8596 
0566       8724 
0567       8778 
0568       8781 
0569       8784 
0570       8789 
0571       8796 
0572       8796 
0573       8813 
0574       8823 
0575       8823 
0576       8836 
0577       8864 
0578       8864 
0579       8864 
0580       8862 
0581       8755 
0582       8427 
0583       8203 
0584       7988 
0585       7775 
0586       7617 
0587       7437 
0588       7345 
0589       7306 
0590       7292 
0591       7275 
0592       7272 
0593       7270 
0594       7265 
0595       7262 
0596       7250 
0597       6389 
0598       5884 
0599       5780 
0600       5676 
0601       5569 
0602       5474 
0603       5398 
0604       5322 
0605       5237 
0606       5144 
0607       5057 
0608       4983 
0609       4912 
0610       4836 
0611       4773 
0612       4711 
0613       4644 
0614       4569 
0615       4518 
0616       4459 
0617       4403 
0618       4351 
0619       4299 
0620       4227 
0621       4198 
0622       4171 
0623       4171 
0624       4159 
0625       4141 
0626       4140 
0627       4139 
0628       4129 
0629       4129 
0630       4133 
0631       4133 
0632       4134 
0633       4135 
0634       4134 
0635       4134 
0636       4117 
0637       4086 
0638       4086 
0639       4086 
0640       4103 
0641       4171 
0642       4231 
0643       4239 
0644       4250 
0645       4256 
0646       4273 
0647       4273 
0648       4276 
0649       5797 
0650       5807 
0651       5813 
0652       5826 
0653       5835 
0654       5837 
0655       5864 
0656       5865 
0657       5879 
0658       5879 
0659       2888 
0660       2851 
0661       2819 
0662       2793 
0663       2768 
0664       2761 
0665       2737 
0666       2708 
0667       2690 
0668       2670 
0669       2655 
0670       2635 
0671       2593 
0672       2591 
0673       2575 
0674       2554 
0675       2532 
0676       2514 
0677       2507 
0678       2488 
0679       2463 
0680       2438 
0681       2421 
0682       2420 
0683       2420 
0684       2420 
0685       2422 
0686       2423 
0687       2437 
0688       2439 
0689       2440 
0690       2457 
0691       2467 
0692       2473 
0693       2476 
0694       2495 
0695       2503 
0696       2504 
0697       2510 
0698       2510 
0699       2510 
0700       2490 
0701       2476 
0702       2468 
0703       2448 
0704       2436 
0705       2432 
0706       2422 
0707       2400 
0708       2398 
0709       2388 
0710       2377 
0711       2360 
0712       2350 
0713       2335 
0714       2334 
0715       2328 
0716       2309 
0717       2290 
0718       2286 
0719       2271 
0720       2263 
0721       2254 
0722       2249 
0723       2235 
0724       2215 
0725       2212 
0726       2205 
0727       2203 
0728       2195 
0729       2178 
0730       2174 
0731       2151 
0732       2132 
0733       2132 
0734       2132 
0735       2148 
0736       2161 
0737       2161 
0738       2174 
0739       2191 
0740       2207 
0741       2229 
0742       2239 
0743       2255 
0744       2277 
0745       2316 
0746       2856 
0747       2887 
0748       2888 
0749       2896 
0750       2925 
0751       2926 
0752       2930 
0753       2950 
0754       2954 
0755       2979 
0756       2997 
0757       2998 
0758       3012 
0759       3039 
0760       3054 
0761       3070 
0762       3094 
0763       3099 
0764       3121 
0765       3134 
0766       3178 
0767       3197 
0768       3203 
0769       3237 
0770       3275 
0771       3288 
0772       3310 
0773       3317 
0774       3341 
0775       3379 
0776       3398 
0777       3414 
0778       3424 
0779       3444 
0780       3472 
0781       3509 
0782       3537 
0783       3561 
0784       3599 
0785       3631 
0786       3654 
0787       3673 
0788       3708 
0789       3741 
0790       3771 
0791       3810 
0792       3815 
0793       3860 
0794       3888 
0795       3898 
0796       3943 
0797       3949 
0798       3987 
0799       3987 
0800       3987 
0801       3971 
0802       3967 
0803       3953 
0804       3934 
0805       3934 
0806       3931 
0807       3920 
0808       3918 
0809       3912 
0810       3912 
0811       3902 
0812       3897 
0813       3883 
0814       3883 
0815       3893 
0816       3893 
0817       3935 
0818       3941 
0819       3991 
0820       4009 
0821       5541 
0822       5541 
0823       1 
0824       1 
0825       1 
0826       1 
0827       1 
0828       5106 
0829       5137 
0830       5139 
0831       5171 
0832       5183 
0833       5184 
0834       5198 
0835       5196 
0836       5201 
0837       5238 
0838       5239 
0839       5250 
0840       5272 
0841       5250 
0842       1 
0843       1 
0844       1 
0845       1 
0846       1 
0847       1 
0848       1 
0849       1 
0850       1 
0851       1 
0852       1 
0853       1 
0854       1 
0855       1 
0856       1 
0857       1 
0858       1 
0859       1 
0860       1 
0861       1 
0862       1 
0863       1 
0864       1 
0865       1 
0866       1 
0867       1 
0868       1 
0869       1 
0870       1 
0871       1 
0872       1 
0873       1 
0874       1 
0875       1 
0876       1 
0877       1 
0878       1 
0879       1 
0880       1 
0881       1 
0882       1 
0883       1 
0884       1 
0885       1 
0886       1 
0887       1 
0888       1 
0889       1 
0890       1 
0891       1 
0892       1 
0893       1 
0894       1 
0895       1 
0896       1 
0897       1 
0898       1 
0899       1 
0900       1 
0901       1 
0902       1 
0903       1 
0904       1 
0905       1 
0906       1 
0907       1 
0908       1 
0909       1 
0910       1 
0911       1 
0912       1 
0913       1 
0914       1 
0915       1 
0916       1 
0917       1 
0918       1 
0919       1 
0920       1 
0921       1 
0922       1 
0923       1 
0924       1 
0925       1 
0926       1 
0927       1 
0928       1 
0929       1 
0930       1 
0931       1 
0932       1 
0933       1 
0934       1 
0935       1 
0936       1 
0937       1 
0938       1 
0939       1 
0940       1 
0941       1 
0942       1 
0943       1 
0944       1 
0945       1 
0946       1 
0947       1 
0948       1 
0949       1 
0950       1 
0951       1 
0952       1 
0953       1 
0954       1 
0955       1 
0956       1 
0957       1 
0958       1 
0959       1 
0960       1 
0961       1 
0962       1 
0963       1 
0964       1 
0965       1 
0966       1 
0967       1 
0968       1 
0969       1 
0970       1 
0971       1 
0972       1 
0973       1 
0974       1 
0975       1 
0976       1 
0977       1 
0978       1 
0979       1 
0980       1 
0981       1 
0982       1 
0983       1 
0984       1 
0985       1 
0986       1 
0987       1 
0988       1 
0989       1 
0990       1 
0991       1 
0992       1 
0993       1 
0994       1 
0995       1 
0996       1 
0997       1 
0998       1 
0999       1 
1000       1 
1001       1 
1002       1 
1003       1 
1004       1 
1005       1 
1006       1 
1007       1 
1008       4 
1009       60 
1010       60 
1011       4 
1012       4 
1013       50 
1014       50 
1015       58 
1016       63 
1017       63 
1018       61 
1019       61 
1020       61 
1021       61 
1022       61 
1023       55 
1024       59 
1025       55 
1026       55 
1027       59 
1028       59 
1029       54 
1030       51 
1031       51 
1032       49 
1033       51 
1034       53 
1035       55 
1036       62 
1037       71 
1038       74 
1039       74 
1040       72 
1041       71 
1042       65 
1043       65 
1044       65 
1045       64 
1046       64 
1047       64 
1048       64 
1049       64 
1050       61 
1051       66 
1052       66 
1053       66 
1054       66 
1055       70 
1056       70 
1057       72 
1058       72 
1059       68 
1060       67 
1061       67 
1062       66 
1063       64 
1064       64 
1065       69 
1066       69 
1067       72 
1068       72 
1069       72 
1070       69 
1071       65 
1072       65 
1073       65 
1074       65 
1075       64 
1076       62 
1077       62 
1078       64 
1079       56 
1297966687.430504
