0000       1 
0001       1 
0002       1 
0003       1 
0004       1 
0005       1 
0006       1 
0007       1 
0008       1 
0009       1 
0010       1 
0011       1 
0012       1 
0013       1 
0014       1 
0015       1 
0016       1 
0017       1 
0018       1 
0019       1 
0020       1 
0021       1 
0022       1 
0023       1 
0024       1 
0025       1 
0026       1 
0027       1 
0028       1 
0029       1 
0030       1 
0031       1 
0032       1 
0033       1 
0034       1 
0035       1 
0036       1 
0037       1 
0038       1 
0039       1 
0040       1 
0041       1 
0042       1 
0043       1 
0044       1 
0045       1 
0046       1 
0047       1 
0048       1 
0049       1 
0050       1 
0051       1 
0052       1 
0053       1 
0054       1 
0055       1 
0056       1 
0057       1 
0058       1 
0059       1 
0060       1 
0061       1 
0062       1 
0063       1 
0064       1 
0065       1 
0066       1 
0067       1 
0068       1 
0069       1 
0070       1 
0071       1 
0072       1 
0073       1 
0074       1 
0075       1 
0076       1 
0077       1 
0078       1 
0079       1 
0080       1 
0081       1 
0082       1 
0083       1 
0084       1 
0085       1 
0086       1 
0087       1 
0088       1 
0089       1 
0090       1 
0091       1 
0092       1 
0093       1 
0094       1 
0095       1 
0096       1 
0097       1 
0098       1 
0099       1 
0100       1 
0101       1 
0102       1 
0103       1 
0104       1 
0105       1 
0106       1 
0107       1 
0108       1 
0109       1 
0110       1 
0111       1 
0112       1 
0113       1 
0114       1 
0115       1 
0116       1 
0117       1 
0118       1 
0119       1 
0120       1 
0121       1 
0122       1 
0123       1 
0124       1 
0125       1 
0126       1 
0127       1 
0128       1 
0129       1 
0130       1 
0131       1 
0132       1 
0133       1 
0134       1 
0135       1 
0136       1 
0137       1 
0138       1 
0139       1 
0140       1 
0141       1 
0142       1 
0143       1 
0144       1 
0145       1 
0146       1 
0147       1 
0148       1 
0149       1 
0150       1 
0151       1 
0152       1 
0153       1 
0154       1 
0155       1 
0156       1 
0157       1 
0158       1 
0159       1 
0160       1 
0161       1 
0162       1 
0163       1 
0164       1 
0165       1 
0166       1 
0167       1 
0168       1 
0169       1 
0170       1 
0171       1 
0172       1 
0173       1 
0174       1 
0175       1 
0176       1 
0177       1 
0178       1 
0179       1 
0180       1 
0181       1 
0182       1 
0183       1 
0184       1 
0185       1 
0186       1 
0187       1 
0188       1 
0189       1 
0190       1 
0191       1 
0192       1 
0193       1 
0194       1 
0195       1 
0196       1 
0197       1 
0198       1 
0199       1 
0200       1 
0201       1 
0202       1 
0203       1 
0204       1 
0205       1 
0206       1 
0207       1 
0208       1 
0209       1 
0210       1 
0211       1 
0212       1 
0213       1 
0214       1 
0215       1 
0216       1 
0217       1 
0218       1 
0219       1 
0220       1 
0221       1 
0222       1 
0223       1 
0224       1 
0225       1 
0226       1 
0227       1 
0228       1 
0229       1 
0230       1 
0231       1 
0232       1 
0233       1 
0234       1 
0235       1 
0236       1 
0237       1 
0238       1 
0239       1 
0240       1 
0241       1 
0242       1 
0243       1 
0244       1 
0245       1 
0246       1 
0247       1 
0248       1 
0249       1 
0250       1 
0251       1 
0252       1 
0253       1 
0254       1 
0255       1 
0256       1 
0257       1 
0258       1 
0259       1 
0260       1 
0261       1 
0262       1 
0263       1 
0264       1 
0265       1 
0266       1 
0267       1 
0268       1 
0269       1 
0270       1 
0271       1 
0272       1 
0273       1 
0274       1 
0275       1 
0276       1 
0277       1 
0278       1 
0279       19265 
0280       19265 
0281       1 
0282       1 
0283       1 
0284       1 
0285       1 
0286       1 
0287       17952 
0288       17952 
0289       11227 
0290       11203 
0291       11203 
0292       11198 
0293       11198 
0294       11215 
0295       11215 
0296       11171 
0297       11070 
0298       10996 
0299       10937 
0300       10822 
0301       10779 
0302       10697 
0303       10634 
0304       10551 
0305       10490 
0306       10439 
0307       10363 
0308       10297 
0309       10257 
0310       10157 
0311       10082 
0312       10058 
0313       9971 
0314       9902 
0315       9878 
0316       9798 
0317       9744 
0318       9696 
0319       9640 
0320       9571 
0321       9544 
0322       9471 
0323       9419 
0324       9364 
0325       9341 
0326       9290 
0327       9200 
0328       9164 
0329       9131 
0330       9060 
0331       9028 
0332       8980 
0333       8933 
0334       8875 
0335       8842 
0336       8816 
0337       8786 
0338       8723 
0339       8674 
0340       8645 
0341       8601 
0342       8541 
0343       8539 
0344       8487 
0345       8447 
0346       8442 
0347       8364 
0348       8344 
0349       8288 
0350       8229 
0351       8224 
0352       8177 
0353       8155 
0354       8110 
0355       8064 
0356       8022 
0357       8000 
0358       7983 
0359       7950 
0360       7914 
0361       7885 
0362       7867 
0363       7829 
0364       7779 
0365       7776 
0366       7725 
0367       7696 
0368       7660 
0369       7638 
0370       7628 
0371       7577 
0372       7567 
0373       7528 
0374       7508 
0375       7466 
0376       7449 
0377       7396 
0378       7388 
0379       7381 
0380       7352 
0381       7333 
0382       7323 
0383       7319 
0384       7257 
0385       7236 
0386       7204 
0387       7193 
0388       7170 
0389       7152 
0390       7110 
0391       7101 
0392       7089 
0393       7068 
0394       7038 
0395       7032 
0396       7007 
0397       6975 
0398       6948 
0399       6936 
0400       6917 
0401       6913 
0402       6901 
0403       6867 
0404       6837 
0405       6829 
0406       6828 
0407       6806 
0408       6792 
0409       6778 
0410       6767 
0411       6758 
0412       6725 
0413       6698 
0414       6673 
0415       6670 
0416       6661 
0417       6630 
0418       6616 
0419       6614 
0420       6587 
0421       6566 
0422       6546 
0423       6546 
0424       6546 
0425       6510 
0426       6494 
0427       6486 
0428       6472 
0429       6467 
0430       6445 
0431       6443 
0432       6412 
0433       6403 
0434       6386 
0435       6359 
0436       6351 
0437       6351 
0438       6351 
0439       6329 
0440       6306 
0441       6303 
0442       6296 
0443       6272 
0444       6272 
0445       6271 
0446       6264 
0447       6235 
0448       6216 
0449       6206 
0450       6203 
0451       6197 
0452       6186 
0453       6180 
0454       6174 
0455       6165 
0456       6162 
0457       6140 
0458       6135 
0459       6128 
0460       6125 
0461       6123 
0462       6100 
0463       6100 
0464       6099 
0465       6079 
0466       6066 
0467       6072 
0468       6060 
0469       6043 
0470       6038 
0471       6038 
0472       6034 
0473       6032 
0474       6026 
0475       6017 
0476       5997 
0477       5995 
0478       5992 
0479       5990 
0480       5986 
0481       5978 
0482       5965 
0483       5965 
0484       5965 
0485       5962 
0486       5953 
0487       5952 
0488       5949 
0489       5942 
0490       5929 
0491       5929 
0492       5930 
0493       5930 
0494       5935 
0495       5917 
0496       5912 
0497       5910 
0498       5904 
0499       5903 
0500       5903 
0501       5903 
0502       5900 
0503       5898 
0504       5888 
0505       5884 
0506       5881 
0507       5881 
0508       5881 
0509       5870 
0510       5870 
0511       5870 
0512       5865 
0513       5857 
0514       5857 
0515       5857 
0516       5861 
0517       5855 
0518       5853 
0519       5853 
0520       5853 
0521       5854 
0522       5854 
0523       5852 
0524       5851 
0525       5849 
0526       5849 
0527       5855 
0528       5855 
0529       5855 
0530       5855 
0531       5844 
0532       5847 
0533       5847 
0534       5858 
0535       5858 
0536       5861 
0537       5845 
0538       5861 
0539       5852 
0540       5860 
0541       5854 
0542       5860 
0543       5861 
0544       5867 
0545       5861 
0546       5863 
0547       5851 
0548       5863 
0549       5880 
0550       5883 
0551       5889 
0552       5894 
0553       5889 
0554       5886 
0555       5885 
0556       5885 
0557       5906 
0558       5906 
0559       5898 
0560       5898 
0561       5906 
0562       5916 
0563       5919 
0564       5919 
0565       5923 
0566       5929 
0567       5934 
0568       5930 
0569       5930 
0570       5930 
0571       5973 
0572       5973 
0573       5960 
0574       5960 
0575       5956 
0576       5969 
0577       5980 
0578       5985 
0579       5991 
0580       5991 
0581       6008 
0582       6010 
0583       6023 
0584       6024 
0585       6028 
0586       6032 
0587       6043 
0588       6039 
0589       6051 
0590       6066 
0591       6073 
0592       6073 
0593       6082 
0594       6083 
0595       6088 
0596       6089 
0597       6111 
0598       6114 
0599       6124 
0600       6132 
0601       6138 
0602       6145 
0603       6158 
0604       6158 
0605       6188 
0606       6188 
0607       6203 
0608       6217 
0609       6220 
0610       6223 
0611       6238 
0612       6243 
0613       6254 
0614       6256 
0615       6283 
0616       6286 
0617       6297 
0618       6326 
0619       6326 
0620       6326 
0621       6345 
0622       6370 
0623       6374 
0624       6377 
0625       6396 
0626       6405 
0627       6410 
0628       6418 
0629       6450 
0630       6460 
0631       6472 
0632       6479 
0633       6499 
0634       6509 
0635       6522 
0636       6535 
0637       6555 
0638       6586 
0639       6603 
0640       6603 
0641       6604 
0642       6639 
0643       6648 
0644       6666 
0645       6685 
0646       6687 
0647       6715 
0648       6718 
0649       6755 
0650       6755 
0651       6796 
0652       6797 
0653       6812 
0654       6819 
0655       6853 
0656       6865 
0657       6876 
0658       6911 
0659       6935 
0660       6967 
0661       6976 
0662       6993 
0663       7012 
0664       7024 
0665       7040 
0666       7068 
0667       7089 
0668       7096 
0669       7127 
0670       7151 
0671       7180 
0672       7183 
0673       7224 
0674       7232 
0675       7268 
0676       7290 
0677       7328 
0678       7337 
0679       7363 
0680       7384 
0681       7404 
0682       7441 
0683       7479 
0684       7501 
0685       7514 
0686       7529 
0687       7565 
0688       7581 
0689       7612 
0690       7638 
0691       7678 
0692       7701 
0693       7705 
0694       7743 
0695       7751 
0696       7803 
0697       7819 
0698       7875 
0699       7922 
0700       7928 
0701       7974 
0702       8017 
0703       8057 
0704       8098 
0705       8117 
0706       8129 
0707       8183 
0708       8245 
0709       8268 
0710       8274 
0711       8339 
0712       8382 
0713       8397 
0714       8425 
0715       8492 
0716       8527 
0717       8576 
0718       8607 
0719       8638 
0720       8684 
0721       8713 
0722       8761 
0723       8801 
0724       8852 
0725       8873 
0726       8946 
0727       9003 
0728       9026 
0729       9060 
0730       9146 
0731       9158 
0732       9228 
0733       9249 
0734       9311 
0735       9363 
0736       9434 
0737       9478 
0738       9515 
0739       9588 
0740       9642 
0741       9687 
0742       9741 
0743       9799 
0744       9870 
0745       9921 
0746       9989 
0747       10050 
0748       10050 
0749       10012 
0750       9932 
0751       9932 
0752       9950 
0753       10010 
0754       11811 
0755       11811 
0756       11777 
0757       11736 
0758       11712 
0759       11712 
0760       11758 
0761       11832 
0762       11928 
0763       12027 
0764       12082 
0765       12187 
0766       12240 
0767       12339 
0768       12437 
0769       12513 
0770       12600 
0771       12753 
0772       12845 
0773       12908 
0774       13028 
0775       13115 
0776       13244 
0777       13346 
0778       13429 
0779       13527 
0780       13576 
0781       13694 
0782       13792 
0783       13890 
0784       13992 
0785       14080 
0786       14205 
0787       14353 
0788       14470 
0789       14534 
0790       14534 
0791       14523 
0792       14486 
0793       14453 
0794       14390 
0795       14378 
0796       14378 
0797       14364 
0798       14320 
0799       14295 
0800       14294 
0801       14236 
0802       14234 
0803       14203 
0804       14159 
0805       14131 
0806       14086 
0807       14026 
0808       14024 
0809       14024 
0810       14019 
0811       14007 
0812       13969 
0813       13754 
0814       1 
0815       1 
0816       1 
0817       1 
0818       1 
0819       1 
0820       1 
0821       1 
0822       1 
0823       1 
0824       1 
0825       1 
0826       1 
0827       1 
0828       1 
0829       1 
0830       8764 
0831       8764 
0832       8740 
0833       8729 
0834       8532 
0835       8528 
0836       8528 
0837       8464 
0838       8439 
0839       8397 
0840       8303 
0841       8303 
0842       8294 
0843       8226 
0844       8188 
0845       8116 
0846       8114 
0847       8016 
0848       7974 
0849       7974 
0850       7964 
0851       7794 
0852       7616 
0853       7740 
0854       7743 
0855       7743 
0856       7867 
0857       8074 
0858       8332 
0859       8602 
0860       8611 
0861       8611 
0862       8592 
0863       8580 
0864       8576 
0865       8580 
0866       8576 
0867       8562 
0868       8541 
0869       8541 
0870       8582 
0871       8583 
0872       8583 
0873       8583 
0874       8524 
0875       8399 
0876       8397 
0877       1 
0878       1 
0879       1 
0880       1 
0881       1 
0882       1 
0883       1 
0884       1 
0885       1 
0886       1 
0887       1 
0888       1 
0889       1 
0890       1 
0891       1 
0892       1 
0893       1 
0894       1 
0895       1 
0896       1 
0897       1 
0898       1 
0899       1 
0900       1 
0901       1 
0902       1 
0903       1 
0904       1 
0905       1 
0906       1 
0907       1 
0908       1 
0909       1 
0910       1 
0911       1 
0912       1 
0913       1 
0914       1 
0915       1 
0916       1 
0917       1 
0918       1 
0919       1 
0920       1 
0921       1 
0922       1 
0923       1 
0924       1 
0925       1 
0926       1 
0927       1 
0928       1 
0929       1 
0930       1 
0931       1 
0932       1 
0933       1 
0934       1 
0935       1 
0936       1 
0937       1 
0938       1 
0939       1 
0940       1 
0941       1 
0942       1 
0943       1 
0944       1 
0945       1 
0946       1 
0947       1 
0948       1 
0949       1 
0950       1 
0951       1 
0952       1 
0953       1 
0954       1 
0955       1 
0956       1 
0957       1 
0958       1 
0959       1 
0960       1 
0961       1 
0962       1 
0963       1 
0964       1 
0965       1 
0966       1 
0967       1 
0968       1 
0969       1 
0970       1 
0971       1 
0972       1 
0973       1 
0974       1 
0975       1 
0976       1 
0977       1 
0978       1 
0979       1 
0980       1 
0981       1 
0982       1 
0983       1 
0984       1 
0985       1 
0986       1 
0987       1 
0988       1 
0989       1 
0990       1 
0991       1 
0992       1 
0993       1 
0994       1 
0995       1 
0996       1 
0997       1 
0998       1 
0999       1 
1000       1 
1001       1 
1002       1 
1003       1 
1004       1 
1005       1 
1006       1 
1007       4 
1008       4 
1009       48 
1010       48 
1011       48 
1012       48 
1013       48 
1014       48 
1015       50 
1016       50 
1017       53 
1018       53 
1019       56 
1020       53 
1021       60 
1022       60 
1023       53 
1024       53 
1025       60 
1026       63 
1027       63 
1028       63 
1029       63 
1030       49 
1031       49 
1032       49 
1033       62 
1034       62 
1035       64 
1036       65 
1037       68 
1038       69 
1039       71 
1040       75 
1041       75 
1042       71 
1043       67 
1044       67 
1045       64 
1046       64 
1047       64 
1048       64 
1049       64 
1050       66 
1051       66 
1052       66 
1053       66 
1054       66 
1055       66 
1056       68 
1057       68 
1058       66 
1059       62 
1060       62 
1061       62 
1062       64 
1063       64 
1064       65 
1065       65 
1066       64 
1067       65 
1068       65 
1069       65 
1070       63 
1071       63 
1072       63 
1073       62 
1074       62 
1075       62 
1076       62 
1077       62 
1078       62 
1079       61 
1297966649.125753
