0000       1 
0001       1 
0002       1 
0003       1 
0004       1 
0005       1 
0006       1 
0007       1 
0008       1 
0009       1 
0010       1 
0011       1 
0012       1 
0013       1 
0014       1 
0015       1 
0016       1 
0017       1 
0018       1 
0019       1 
0020       1 
0021       1 
0022       1 
0023       1 
0024       1 
0025       1 
0026       1 
0027       1 
0028       1 
0029       1 
0030       1 
0031       1 
0032       1 
0033       1 
0034       1 
0035       1 
0036       1 
0037       1 
0038       1 
0039       1 
0040       1 
0041       1 
0042       1 
0043       1 
0044       1 
0045       1 
0046       1 
0047       1 
0048       1 
0049       1 
0050       1 
0051       1 
0052       1 
0053       1 
0054       1 
0055       1 
0056       1 
0057       1 
0058       1 
0059       1 
0060       1 
0061       1 
0062       1 
0063       1 
0064       1 
0065       1 
0066       1 
0067       1 
0068       1 
0069       1 
0070       1 
0071       1 
0072       1 
0073       1 
0074       1 
0075       1 
0076       1 
0077       1 
0078       1 
0079       1 
0080       1 
0081       1 
0082       1 
0083       1 
0084       1 
0085       1 
0086       1 
0087       1 
0088       1 
0089       1 
0090       1 
0091       1 
0092       1 
0093       1 
0094       1 
0095       1 
0096       1 
0097       1 
0098       1 
0099       1 
0100       1 
0101       1 
0102       1 
0103       1 
0104       1 
0105       1 
0106       1 
0107       1 
0108       1 
0109       1 
0110       1 
0111       1 
0112       1 
0113       1 
0114       1 
0115       1 
0116       1 
0117       1 
0118       1 
0119       1 
0120       1 
0121       1 
0122       1 
0123       1 
0124       1 
0125       1 
0126       1 
0127       1 
0128       1 
0129       1 
0130       1 
0131       1 
0132       1 
0133       1 
0134       1 
0135       1 
0136       1 
0137       1 
0138       1 
0139       1 
0140       1 
0141       1 
0142       1 
0143       1 
0144       1 
0145       1 
0146       1 
0147       1 
0148       1 
0149       1 
0150       1 
0151       1 
0152       1 
0153       1 
0154       1 
0155       1 
0156       1 
0157       1 
0158       1 
0159       1 
0160       1 
0161       1 
0162       1 
0163       1 
0164       1 
0165       1 
0166       1 
0167       1 
0168       1 
0169       1 
0170       1 
0171       1 
0172       1 
0173       1 
0174       1 
0175       1 
0176       1 
0177       1 
0178       1 
0179       1 
0180       1 
0181       1 
0182       1 
0183       1 
0184       1 
0185       1 
0186       1 
0187       1 
0188       1 
0189       1 
0190       1 
0191       1 
0192       1 
0193       1 
0194       1 
0195       1 
0196       1 
0197       1 
0198       1 
0199       1 
0200       1 
0201       1 
0202       1 
0203       1 
0204       1 
0205       1 
0206       1 
0207       1 
0208       1 
0209       1 
0210       1 
0211       1 
0212       1 
0213       1 
0214       1 
0215       1 
0216       1 
0217       1 
0218       1 
0219       1 
0220       1 
0221       1 
0222       1 
0223       1 
0224       1 
0225       1 
0226       1 
0227       1 
0228       1 
0229       1 
0230       1 
0231       1 
0232       1 
0233       1 
0234       1 
0235       1 
0236       1 
0237       1 
0238       1 
0239       1 
0240       1 
0241       1 
0242       1 
0243       1 
0244       1 
0245       1 
0246       1 
0247       1 
0248       1 
0249       1 
0250       1 
0251       1 
0252       1 
0253       1 
0254       1 
0255       1 
0256       1 
0257       1 
0258       1 
0259       1 
0260       1 
0261       1 
0262       1 
0263       1 
0264       1 
0265       1 
0266       1 
0267       1 
0268       1 
0269       1 
0270       1 
0271       1 
0272       1 
0273       1 
0274       1 
0275       1 
0276       1 
0277       1 
0278       1 
0279       1 
0280       1 
0281       1 
0282       1 
0283       1 
0284       13451 
0285       13451 
0286       13451 
0287       1 
0288       1 
0289       1 
0290       1 
0291       12741 
0292       12741 
0293       12643 
0294       12535 
0295       12446 
0296       12288 
0297       12210 
0298       12150 
0299       12014 
0300       11960 
0301       11845 
0302       11746 
0303       11660 
0304       11569 
0305       11467 
0306       11380 
0307       11325 
0308       11240 
0309       11149 
0310       11058 
0311       11005 
0312       10865 
0313       10827 
0314       10742 
0315       10659 
0316       10630 
0317       10545 
0318       10451 
0319       10372 
0320       10312 
0321       10273 
0322       10194 
0323       10140 
0324       10057 
0325       10029 
0326       9951 
0327       9882 
0328       9812 
0329       9792 
0330       9726 
0331       9639 
0332       9598 
0333       9508 
0334       9474 
0335       9442 
0336       9345 
0337       9329 
0338       9308 
0339       9235 
0340       9177 
0341       9127 
0342       9111 
0343       9045 
0344       9005 
0345       8953 
0346       8876 
0347       8860 
0348       8824 
0349       8756 
0350       8738 
0351       8696 
0352       8641 
0353       8615 
0354       8566 
0355       8536 
0356       8478 
0357       8456 
0358       8428 
0359       8342 
0360       8336 
0361       8308 
0362       8249 
0363       8226 
0364       8201 
0365       8166 
0366       8005 
0367       7813 
0368       7750 
0369       7702 
0370       7702 
0371       7726 
0372       7749 
0373       7786 
0374       7823 
0375       7876 
0376       7913 
0377       7933 
0378       7979 
0379       8011 
0380       8053 
0381       8107 
0382       8151 
0383       8180 
0384       8223 
0385       8276 
0386       8310 
0387       8368 
0388       8412 
0389       8458 
0390       8502 
0391       8543 
0392       8585 
0393       8637 
0394       8688 
0395       8743 
0396       8806 
0397       8839 
0398       8888 
0399       8949 
0400       8999 
0401       9071 
0402       9109 
0403       9161 
0404       9208 
0405       9283 
0406       9339 
0407       9409 
0408       9475 
0409       9524 
0410       9591 
0411       9651 
0412       9726 
0413       9769 
0414       9867 
0415       9915 
0416       9915 
0417       9914 
0418       9874 
0419       9843 
0420       9821 
0421       9798 
0422       9784 
0423       9739 
0424       9731 
0425       9690 
0426       9663 
0427       9659 
0428       9616 
0429       9606 
0430       9598 
0431       9558 
0432       9529 
0433       9525 
0434       9466 
0435       9465 
0436       9453 
0437       9431 
0438       9425 
0439       9398 
0440       9425 
0441       9427 
0442       9457 
0443       9460 
0444       9460 
0445       9445 
0446       9445 
0447       9437 
0448       9405 
0449       9393 
0450       9377 
0451       9342 
0452       9322 
0453       9320 
0454       9319 
0455       9295 
0456       9267 
0457       9264 
0458       9245 
0459       9209 
0460       9209 
0461       9195 
0462       9169 
0463       9152 
0464       9152 
0465       9122 
0466       9114 
0467       9100 
0468       9086 
0469       9068 
0470       9056 
0471       9050 
0472       9006 
0473       9004 
0474       9004 
0475       9000 
0476       8986 
0477       8964 
0478       8962 
0479       8962 
0480       8951 
0481       8920 
0482       8920 
0483       8903 
0484       8887 
0485       8883 
0486       8873 
0487       8857 
0488       8851 
0489       8846 
0490       8841 
0491       8841 
0492       8813 
0493       8808 
0494       8801 
0495       8794 
0496       8784 
0497       8775 
0498       8765 
0499       8763 
0500       8746 
0501       8735 
0502       8733 
0503       8728 
0504       8733 
0505       8721 
0506       8705 
0507       8702 
0508       8701 
0509       8701 
0510       8701 
0511       8676 
0512       8664 
0513       8663 
0514       8650 
0515       8650 
0516       8650 
0517       8646 
0518       8639 
0519       8639 
0520       8630 
0521       8626 
0522       8626 
0523       8630 
0524       8630 
0525       8597 
0526       8597 
0527       8587 
0528       8587 
0529       8587 
0530       8586 
0531       8573 
0532       8573 
0533       8573 
0534       8567 
0535       8575 
0536       8569 
0537       8569 
0538       8563 
0539       8558 
0540       8561 
0541       8557 
0542       8558 
0543       8541 
0544       8542 
0545       8541 
0546       8542 
0547       8553 
0548       8553 
0549       8553 
0550       8544 
0551       8544 
0552       8533 
0553       8533 
0554       8549 
0555       8549 
0556       8541 
0557       8541 
0558       8555 
0559       8555 
0560       8556 
0561       8567 
0562       8567 
0563       8567 
0564       8566 
0565       8566 
0566       8566 
0567       8569 
0568       8567 
0569       8578 
0570       8580 
0571       8588 
0572       8595 
0573       8596 
0574       8597 
0575       8597 
0576       8607 
0577       8595 
0578       8612 
0579       8612 
0580       8626 
0581       8632 
0582       8637 
0583       8647 
0584       8652 
0585       8671 
0586       8673 
0587       8674 
0588       8674 
0589       8703 
0590       8705 
0591       8718 
0592       8718 
0593       8718 
0594       8731 
0595       8739 
0596       8759 
0597       8760 
0598       8764 
0599       8778 
0600       8809 
0601       8810 
0602       8817 
0603       8825 
0604       8825 
0605       8849 
0606       8855 
0607       8855 
0608       8864 
0609       8899 
0610       8915 
0611       8927 
0612       8940 
0613       8949 
0614       8950 
0615       8958 
0616       8969 
0617       8992 
0618       9004 
0619       9016 
0620       9052 
0621       9053 
0622       9055 
0623       9070 
0624       9097 
0625       9100 
0626       9136 
0627       9137 
0628       9153 
0629       9168 
0630       9190 
0631       9214 
0632       9248 
0633       9249 
0634       9252 
0635       9280 
0636       9294 
0637       9348 
0638       9350 
0639       9374 
0640       9383 
0641       9400 
0642       9418 
0643       9440 
0644       9468 
0645       9486 
0646       9505 
0647       9510 
0648       9555 
0649       9564 
0650       9600 
0651       9619 
0652       9633 
0653       9658 
0654       9671 
0655       9704 
0656       9713 
0657       9744 
0658       9763 
0659       9791 
0660       9813 
0661       9830 
0662       9852 
0663       9871 
0664       9900 
0665       9915 
0666       9970 
0667       9994 
0668       10004 
0669       10037 
0670       10046 
0671       10087 
0672       10128 
0673       10146 
0674       10179 
0675       10198 
0676       10245 
0677       10253 
0678       10258 
0679       10283 
0680       10319 
0681       10364 
0682       10382 
0683       10453 
0684       10486 
0685       10519 
0686       10520 
0687       10579 
0688       10606 
0689       10643 
0690       10677 
0691       10691 
0692       10744 
0693       10771 
0694       10791 
0695       10822 
0696       10838 
0697       10884 
0698       10940 
0699       10960 
0700       10997 
0701       11039 
0702       11120 
0703       11130 
0704       11196 
0705       11240 
0706       11252 
0707       11291 
0708       11321 
0709       11347 
0710       11399 
0711       11434 
0712       11497 
0713       11551 
0714       11593 
0715       11637 
0716       11686 
0717       11726 
0718       11762 
0719       11829 
0720       11877 
0721       11945 
0722       11977 
0723       11995 
0724       12069 
0725       12117 
0726       12181 
0727       12243 
0728       12295 
0729       12347 
0730       12411 
0731       12482 
0732       12528 
0733       12593 
0734       12636 
0735       12730 
0736       12792 
0737       12840 
0738       12892 
0739       12972 
0740       13046 
0741       13104 
0742       13158 
0743       13227 
0744       13299 
0745       13357 
0746       13458 
0747       13507 
0748       13573 
0749       13652 
0750       13722 
0751       13780 
0752       13858 
0753       13970 
0754       14020 
0755       14082 
0756       14182 
0757       14282 
0758       14354 
0759       14455 
0760       14508 
0761       14631 
0762       14726 
0763       14815 
0764       14930 
0765       15015 
0766       15134 
0767       15194 
0768       15323 
0769       15418 
0770       15522 
0771       15643 
0772       15711 
0773       15809 
0774       15910 
0775       16047 
0776       16160 
0777       16260 
0778       16381 
0779       16500 
0780       16603 
0781       16691 
0782       16823 
0783       16944 
0784       17068 
0785       17194 
0786       17194 
0787       17374 
0788       17603 
0789       17603 
0790       17750 
0791       17988 
0792       17988 
0793       1 
0794       1 
0795       1 
0796       1 
0797       1 
0798       1 
0799       1 
0800       1 
0801       1 
0802       1 
0803       1 
0804       1 
0805       1 
0806       20590 
0807       20796 
0808       21019 
0809       21128 
0810       21371 
0811       21371 
0812       1 
0813       1 
0814       1 
0815       1 
0816       1 
0817       1 
0818       1 
0819       1 
0820       1 
0821       1 
0822       1 
0823       1 
0824       1 
0825       1 
0826       1 
0827       1 
0828       1 
0829       1 
0830       1 
0831       1 
0832       1 
0833       1 
0834       1 
0835       1 
0836       1 
0837       1 
0838       1 
0839       1 
0840       1 
0841       1 
0842       1 
0843       1 
0844       18124 
0845       18124 
0846       18124 
0847       18116 
0848       18118 
0849       18076 
0850       18056 
0851       18056 
0852       1 
0853       1 
0854       1 
0855       1 
0856       1 
0857       1 
0858       1 
0859       1 
0860       1 
0861       1 
0862       1 
0863       1 
0864       1 
0865       1 
0866       1 
0867       1 
0868       1 
0869       1 
0870       1 
0871       1 
0872       1 
0873       1 
0874       1 
0875       1 
0876       1 
0877       1 
0878       1 
0879       1 
0880       1 
0881       1 
0882       1 
0883       1 
0884       1 
0885       1 
0886       1 
0887       1 
0888       1 
0889       1 
0890       1 
0891       1 
0892       1 
0893       1 
0894       1 
0895       1 
0896       1 
0897       1 
0898       1 
0899       1 
0900       1 
0901       1 
0902       1 
0903       1 
0904       1 
0905       1 
0906       1 
0907       1 
0908       1 
0909       1 
0910       1 
0911       1 
0912       1 
0913       1 
0914       1 
0915       1 
0916       1 
0917       1 
0918       1 
0919       1 
0920       1 
0921       1 
0922       1 
0923       1 
0924       1 
0925       1 
0926       1 
0927       1 
0928       1 
0929       1 
0930       1 
0931       1 
0932       1 
0933       1 
0934       1 
0935       1 
0936       1 
0937       1 
0938       1 
0939       1 
0940       1 
0941       1 
0942       1 
0943       1 
0944       1 
0945       1 
0946       1 
0947       1 
0948       1 
0949       1 
0950       1 
0951       1 
0952       1 
0953       1 
0954       1 
0955       1 
0956       1 
0957       1 
0958       1 
0959       1 
0960       1 
0961       1 
0962       1 
0963       1 
0964       1 
0965       1 
0966       1 
0967       1 
0968       1 
0969       1 
0970       1 
0971       1 
0972       1 
0973       1 
0974       1 
0975       1 
0976       1 
0977       1 
0978       1 
0979       1 
0980       1 
0981       1 
0982       1 
0983       1 
0984       1 
0985       1 
0986       1 
0987       1 
0988       1 
0989       1 
0990       1 
0991       1 
0992       1 
0993       1 
0994       1 
0995       1 
0996       1 
0997       1 
0998       1 
0999       1 
1000       1 
1001       1 
1002       1 
1003       1 
1004       1 
1005       1 
1006       1 
1007       1 
1008       4 
1009       54 
1010       54 
1011       54 
1012       46 
1013       46 
1014       46 
1015       46 
1016       44 
1017       44 
1018       44 
1019       44 
1020       51 
1021       51 
1022       56 
1023       56 
1024       57 
1025       57 
1026       59 
1027       59 
1028       59 
1029       56 
1030       53 
1031       53 
1032       53 
1033       58 
1034       58 
1035       66 
1036       66 
1037       66 
1038       72 
1039       72 
1040       69 
1041       69 
1042       67 
1043       67 
1044       64 
1045       65 
1046       64 
1047       62 
1048       62 
1049       61 
1050       61 
1051       63 
1052       64 
1053       67 
1054       67 
1055       67 
1056       61 
1057       61 
1058       61 
1059       64 
1060       67 
1061       70 
1062       70 
1063       70 
1064       70 
1065       68 
1066       64 
1067       62 
1068       62 
1069       62 
1070       65 
1071       66 
1072       68 
1073       68 
1074       72 
1075       72 
1076       66 
1077       66 
1078       66 
1079       65 
1297966634.482527
