0000       1 
0001       1 
0002       1 
0003       1 
0004       1 
0005       1 
0006       1 
0007       1 
0008       1 
0009       1 
0010       1 
0011       1 
0012       1 
0013       1 
0014       1 
0015       1 
0016       1 
0017       1 
0018       1 
0019       1 
0020       1 
0021       1 
0022       1 
0023       1 
0024       1 
0025       1 
0026       1 
0027       1 
0028       1 
0029       1 
0030       1 
0031       1 
0032       1 
0033       1 
0034       1 
0035       1 
0036       1 
0037       1 
0038       1 
0039       1 
0040       1 
0041       1 
0042       1 
0043       1 
0044       1 
0045       1 
0046       1 
0047       1 
0048       1 
0049       1 
0050       1 
0051       1 
0052       1 
0053       1 
0054       1 
0055       1 
0056       1 
0057       1 
0058       1 
0059       1 
0060       1 
0061       1 
0062       1 
0063       1 
0064       1 
0065       1 
0066       1 
0067       1 
0068       1 
0069       1 
0070       1 
0071       1 
0072       1 
0073       1 
0074       1 
0075       1 
0076       1 
0077       1 
0078       1 
0079       1 
0080       1 
0081       1 
0082       1 
0083       1 
0084       1 
0085       1 
0086       1 
0087       1 
0088       1 
0089       1 
0090       1 
0091       1 
0092       1 
0093       1 
0094       1 
0095       1 
0096       1 
0097       1 
0098       1 
0099       1 
0100       1 
0101       1 
0102       1 
0103       1 
0104       1 
0105       1 
0106       1 
0107       1 
0108       1 
0109       1 
0110       1 
0111       1 
0112       1 
0113       1 
0114       1 
0115       1 
0116       1 
0117       1 
0118       1 
0119       1 
0120       1 
0121       1 
0122       1 
0123       1 
0124       1 
0125       1 
0126       1 
0127       1 
0128       1 
0129       1 
0130       1 
0131       4545 
0132       4545 
0133       4545 
0134       4545 
0135       4545 
0136       4545 
0137       4538 
0138       4538 
0139       4531 
0140       4526 
0141       4523 
0142       4519 
0143       4519 
0144       4519 
0145       4508 
0146       4500 
0147       4500 
0148       4501 
0149       4501 
0150       4501 
0151       4501 
0152       4492 
0153       4489 
0154       4489 
0155       4489 
0156       4489 
0157       4489 
0158       4489 
0159       4486 
0160       4483 
0161       4483 
0162       4480 
0163       4479 
0164       4479 
0165       4478 
0166       4477 
0167       4477 
0168       4477 
0169       4478 
0170       4480 
0171       4480 
0172       4483 
0173       4483 
0174       4480 
0175       4479 
0176       4479 
0177       4478 
0178       4478 
0179       4477 
0180       4476 
0181       4476 
0182       4476 
0183       4483 
0184       4483 
0185       4483 
0186       4483 
0187       4483 
0188       4487 
0189       4488 
0190       4488 
0191       4490 
0192       4490 
0193       4491 
0194       4491 
0195       4491 
0196       4493 
0197       4495 
0198       4498 
0199       4505 
0200       4507 
0201       4505 
0202       4507 
0203       4507 
0204       4511 
0205       4519 
0206       4520 
0207       4521 
0208       4523 
0209       4527 
0210       4528 
0211       4528 
0212       4533 
0213       4536 
0214       4537 
0215       4545 
0216       4545 
0217       4546 
0218       4547 
0219       4547 
0220       4563 
0221       4563 
0222       4563 
0223       1 
0224       1 
0225       1 
0226       1 
0227       1 
0228       1 
0229       1 
0230       1 
0231       1 
0232       1 
0233       1 
0234       1 
0235       1 
0236       1 
0237       1 
0238       1 
0239       1 
0240       1 
0241       1 
0242       1 
0243       1 
0244       1 
0245       1 
0246       1 
0247       1 
0248       1 
0249       1 
0250       1 
0251       1 
0252       1 
0253       1 
0254       1 
0255       1 
0256       1 
0257       23658 
0258       23700 
0259       23706 
0260       23773 
0261       23792 
0262       23820 
0263       23907 
0264       23933 
0265       23975 
0266       23975 
0267       23857 
0268       1 
0269       1 
0270       1 
0271       1 
0272       1 
0273       1 
0274       1 
0275       1 
0276       1 
0277       1 
0278       1 
0279       1 
0280       1 
0281       1 
0282       1 
0283       1 
0284       1 
0285       1 
0286       1 
0287       18537 
0288       18537 
0289       18408 
0290       18401 
0291       1 
0292       1 
0293       1 
0294       1 
0295       1 
0296       1 
0297       1 
0298       12225 
0299       12225 
0300       12213 
0301       12213 
0302       12251 
0303       12294 
0304       12329 
0305       12365 
0306       12365 
0307       12353 
0308       12248 
0309       12179 
0310       12110 
0311       12039 
0312       11985 
0313       11939 
0314       11855 
0315       11798 
0316       11706 
0317       11625 
0318       11559 
0319       11503 
0320       11441 
0321       11378 
0322       11290 
0323       11231 
0324       11185 
0325       11071 
0326       11029 
0327       10977 
0328       10956 
0329       10880 
0330       10768 
0331       10743 
0332       10700 
0333       10625 
0334       10607 
0335       10523 
0336       10467 
0337       10389 
0338       9676 
0339       9609 
0340       9591 
0341       9591 
0342       9605 
0343       9640 
0344       9687 
0345       9776 
0346       9828 
0347       9873 
0348       9932 
0349       9953 
0350       9984 
0351       10059 
0352       10077 
0353       10121 
0354       10147 
0355       10220 
0356       10239 
0357       10262 
0358       10276 
0359       10298 
0360       10380 
0361       10563 
0362       10563 
0363       10653 
0364       10777 
0365       10824 
0366       10826 
0367       10862 
0368       10862 
0369       10841 
0370       10830 
0371       10830 
0372       10874 
0373       10926 
0374       10991 
0375       11071 
0376       11133 
0377       11212 
0378       11275 
0379       11352 
0380       11411 
0381       11485 
0382       11546 
0383       11571 
0384       11613 
0385       11667 
0386       11708 
0387       11708 
0388       11658 
0389       11620 
0390       11570 
0391       11537 
0392       11500 
0393       11445 
0394       11400 
0395       11370 
0396       11327 
0397       11295 
0398       11269 
0399       11205 
0400       11194 
0401       11166 
0402       11140 
0403       11105 
0404       11081 
0405       11050 
0406       11018 
0407       11014 
0408       10989 
0409       10984 
0410       10917 
0411       10901 
0412       10892 
0413       10863 
0414       10863 
0415       10827 
0416       10818 
0417       10808 
0418       10772 
0419       10737 
0420       10737 
0421       10719 
0422       10733 
0423       10733 
0424       10733 
0425       10702 
0426       10697 
0427       10646 
0428       10601 
0429       10592 
0430       10571 
0431       10560 
0432       10529 
0433       10513 
0434       10470 
0435       10466 
0436       10428 
0437       10407 
0438       10381 
0439       10127 
0440       9852 
0441       9781 
0442       9760 
0443       9716 
0444       9694 
0445       9688 
0446       9663 
0447       9637 
0448       9611 
0449       9577 
0450       9573 
0451       9573 
0452       9648 
0453       9648 
0454       9558 
0455       9517 
0456       9505 
0457       9481 
0458       9478 
0459       9478 
0460       9473 
0461       9473 
0462       9473 
0463       9478 
0464       9495 
0465       9497 
0466       9502 
0467       9506 
0468       9510 
0469       9517 
0470       9536 
0471       9549 
0472       9549 
0473       9474 
0474       9457 
0475       9439 
0476       9439 
0477       9418 
0478       9418 
0479       9450 
0480       9472 
0481       9472 
0482       9459 
0483       9459 
0484       9493 
0485       9495 
0486       9495 
0487       9502 
0488       9521 
0489       9550 
0490       9559 
0491       9589 
0492       9595 
0493       9638 
0494       9642 
0495       9718 
0496       9763 
0497       9820 
0498       9820 
0499       9773 
0500       9745 
0501       9745 
0502       9804 
0503       9829 
0504       9829 
0505       9785 
0506       9785 
0507       9785 
0508       9786 
0509       9786 
0510       9797 
0511       9801 
0512       9801 
0513       9824 
0514       9833 
0515       9870 
0516       9889 
0517       9892 
0518       9928 
0519       9959 
0520       10807 
0521       10914 
0522       10925 
0523       10947 
0524       10947 
0525       10940 
0526       10940 
0527       10941 
0528       10941 
0529       10931 
0530       10931 
0531       10930 
0532       10948 
0533       10947 
0534       10947 
0535       10909 
0536       10909 
0537       10906 
0538       10927 
0539       10931 
0540       10931 
0541       10922 
0542       10917 
0543       10917 
0544       10917 
0545       10913 
0546       10912 
0547       10908 
0548       10908 
0549       10920 
0550       10920 
0551       10918 
0552       10918 
0553       10921 
0554       10927 
0555       10932 
0556       10934 
0557       10939 
0558       10939 
0559       10943 
0560       10954 
0561       10954 
0562       10954 
0563       10966 
0564       10967 
0565       10990 
0566       10996 
0567       10995 
0568       11016 
0569       11026 
0570       11026 
0571       11023 
0572       11023 
0573       11043 
0574       11061 
0575       11061 
0576       11055 
0577       11055 
0578       11086 
0579       11086 
0580       11091 
0581       11091 
0582       11113 
0583       11147 
0584       11150 
0585       11159 
0586       11171 
0587       11182 
0588       11187 
0589       11188 
0590       11209 
0591       11234 
0592       11234 
0593       11237 
0594       11258 
0595       11272 
0596       11279 
0597       11279 
0598       11291 
0599       11312 
0600       11327 
0601       11337 
0602       11357 
0603       11358 
0604       11376 
0605       11402 
0606       11430 
0607       11463 
0608       11466 
0609       11484 
0610       11496 
0611       11525 
0612       11538 
0613       11566 
0614       11625 
0615       11628 
0616       11633 
0617       11671 
0618       11687 
0619       11696 
0620       11733 
0621       11774 
0622       11789 
0623       11805 
0624       11850 
0625       11881 
0626       11901 
0627       11922 
0628       11942 
0629       11942 
0630       11834 
0631       11834 
0632       1 
0633       12097 
0634       12102 
0635       12102 
0636       11921 
0637       1 
0638       1 
0639       1 
0640       12219 
0641       12260 
0642       12260 
0643       1 
0644       1 
0645       1 
0646       12432 
0647       12432 
0648       12314 
0649       1 
0650       1 
0651       12314 
0652       12592 
0653       12594 
0654       12594 
0655       12506 
0656       1 
0657       1 
0658       1 
0659       12780 
0660       12882 
0661       12933 
0662       12949 
0663       12967 
0664       13005 
0665       13057 
0666       13091 
0667       13099 
0668       13149 
0669       13171 
0670       13186 
0671       13190 
0672       13245 
0673       13253 
0674       13284 
0675       13345 
0676       13369 
0677       13397 
0678       13421 
0679       13474 
0680       13474 
0681       13359 
0682       12744 
0683       12707 
0684       12707 
0685       12674 
0686       12648 
0687       12648 
0688       12647 
0689       12649 
0690       12642 
0691       12649 
0692       12642 
0693       12642 
0694       12618 
0695       12618 
0696       12618 
0697       12610 
0698       12610 
0699       12671 
0700       12689 
0701       12705 
0702       12756 
0703       12783 
0704       12796 
0705       12839 
0706       12880 
0707       12895 
0708       12965 
0709       12991 
0710       13020 
0711       13056 
0712       13089 
0713       13148 
0714       13200 
0715       13250 
0716       13283 
0717       13342 
0718       13369 
0719       13423 
0720       13501 
0721       13537 
0722       13599 
0723       13677 
0724       13749 
0725       13834 
0726       13947 
0727       14064 
0728       14318 
0729       14318 
0730       14263 
0731       14181 
0732       14181 
0733       14181 
0734       14444 
0735       14444 
0736       14444 
0737       14375 
0738       14299 
0739       14299 
0740       14330 
0741       14441 
0742       14451 
0743       14451 
0744       14424 
0745       14315 
0746       14223 
0747       14082 
0748       14141 
0749       14141 
0750       14194 
0751       14194 
0752       14167 
0753       14167 
0754       13922 
0755       13922 
0756       13923 
0757       13965 
0758       14028 
0759       14088 
0760       14235 
0761       14391 
0762       14421 
0763       14456 
0764       14624 
0765       14629 
0766       14646 
0767       14629 
0768       14658 
0769       14658 
0770       14658 
0771       14689 
0772       17828 
0773       17962 
0774       17962 
0775       17912 
0776       17858 
0777       17835 
0778       17747 
0779       17745 
0780       15361 
0781       15293 
0782       15255 
0783       15209 
0784       15178 
0785       15136 
0786       15101 
0787       15091 
0788       15038 
0789       15008 
0790       14972 
0791       14932 
0792       14915 
0793       14882 
0794       14845 
0795       14815 
0796       14776 
0797       14727 
0798       14726 
0799       14690 
0800       14662 
0801       14634 
0802       14631 
0803       14572 
0804       14555 
0805       14528 
0806       14507 
0807       14483 
0808       14449 
0809       14421 
0810       14414 
0811       14417 
0812       14417 
0813       14504 
0814       14538 
0815       14541 
0816       14544 
0817       16398 
0818       16398 
0819       16397 
0820       16380 
0821       16353 
0822       16353 
0823       16475 
0824       16475 
0825       14270 
0826       14247 
0827       14215 
0828       14202 
0829       14165 
0830       14130 
0831       14112 
0832       14100 
0833       14078 
0834       14050 
0835       14024 
0836       13904 
0837       13853 
0838       13826 
0839       13814 
0840       13804 
0841       13799 
0842       13764 
0843       13746 
0844       13738 
0845       13715 
0846       13715 
0847       13807 
0848       13865 
0849       13867 
0850       13874 
0851       13867 
0852       13812 
0853       13812 
0854       13810 
0855       13810 
0856       13789 
0857       13789 
0858       15767 
0859       15767 
0860       15760 
0861       15758 
0862       1 
0863       1 
0864       1 
0865       1 
0866       1 
0867       1 
0868       1 
0869       1 
0870       1 
0871       1 
0872       1 
0873       1 
0874       1 
0875       1 
0876       1 
0877       1 
0878       1 
0879       1 
0880       1 
0881       1 
0882       1 
0883       1 
0884       1 
0885       1 
0886       1 
0887       1 
0888       1 
0889       1 
0890       1 
0891       1 
0892       1 
0893       1 
0894       1 
0895       1 
0896       1 
0897       1 
0898       1 
0899       1 
0900       1 
0901       1 
0902       1 
0903       1 
0904       1 
0905       1 
0906       1 
0907       1 
0908       1 
0909       1 
0910       1 
0911       1 
0912       1 
0913       1 
0914       1 
0915       1 
0916       1 
0917       1 
0918       1 
0919       1 
0920       1 
0921       1 
0922       1 
0923       1 
0924       1 
0925       1 
0926       1 
0927       1 
0928       1 
0929       1 
0930       1 
0931       1 
0932       1 
0933       1 
0934       1 
0935       1 
0936       1 
0937       1 
0938       1 
0939       1 
0940       1 
0941       1 
0942       1 
0943       1 
0944       1 
0945       1 
0946       1 
0947       1 
0948       1 
0949       1 
0950       1 
0951       1 
0952       1 
0953       1 
0954       1 
0955       1 
0956       1 
0957       1 
0958       1 
0959       1 
0960       1 
0961       1 
0962       1 
0963       1 
0964       1 
0965       1 
0966       1 
0967       1 
0968       1 
0969       1 
0970       1 
0971       1 
0972       1 
0973       1 
0974       1 
0975       1 
0976       1 
0977       1 
0978       1 
0979       1 
0980       1 
0981       1 
0982       1 
0983       1 
0984       1 
0985       1 
0986       1 
0987       1 
0988       1 
0989       1 
0990       1 
0991       1 
0992       1 
0993       1 
0994       1 
0995       1 
0996       1 
0997       1 
0998       1 
0999       1 
1000       1 
1001       1 
1002       1 
1003       1 
1004       1 
1005       1 
1006       1 
1007       4 
1008       4 
1009       52 
1010       60 
1011       64 
1012       64 
1013       60 
1014       60 
1015       59 
1016       57 
1017       57 
1018       56 
1019       56 
1020       52 
1021       52 
1022       52 
1023       51 
1024       51 
1025       55 
1026       55 
1027       52 
1028       52 
1029       50 
1030       50 
1031       46 
1032       46 
1033       46 
1034       59 
1035       62 
1036       65 
1037       65 
1038       65 
1039       72 
1040       67 
1041       71 
1042       76 
1043       71 
1044       71 
1045       73 
1046       76 
1047       73 
1048       73 
1049       73 
1050       67 
1051       67 
1052       66 
1053       66 
1054       66 
1055       66 
1056       65 
1057       65 
1058       65 
1059       75 
1060       75 
1061       75 
1062       72 
1063       61 
1064       61 
1065       61 
1066       67 
1067       70 
1068       70 
1069       70 
1070       70 
1071       70 
1072       70 
1073       70 
1074       72 
1075       72 
1076       71 
1077       71 
1078       71 
1079       68 
1297966706.858072
