0000       1 
0001       1 
0002       1 
0003       1 
0004       1 
0005       1 
0006       1 
0007       1 
0008       1 
0009       1 
0010       1 
0011       1 
0012       1 
0013       1 
0014       1 
0015       1 
0016       1 
0017       1 
0018       1 
0019       1 
0020       1 
0021       1 
0022       1 
0023       1 
0024       1 
0025       1 
0026       1 
0027       1 
0028       1 
0029       1 
0030       1 
0031       1 
0032       1 
0033       1 
0034       1 
0035       1 
0036       1 
0037       1 
0038       1 
0039       1 
0040       1 
0041       1 
0042       1 
0043       1 
0044       1 
0045       1 
0046       1 
0047       1 
0048       1 
0049       1 
0050       1 
0051       1 
0052       1 
0053       1 
0054       1 
0055       1 
0056       1 
0057       1 
0058       1 
0059       1 
0060       1 
0061       1 
0062       1 
0063       1 
0064       1 
0065       1 
0066       1 
0067       1 
0068       1 
0069       1 
0070       1 
0071       1 
0072       1 
0073       1 
0074       1 
0075       1 
0076       1 
0077       1 
0078       1 
0079       1 
0080       1 
0081       1 
0082       1 
0083       1 
0084       1 
0085       1 
0086       1 
0087       1 
0088       1 
0089       1 
0090       1 
0091       1 
0092       1 
0093       1 
0094       1 
0095       1 
0096       1 
0097       1 
0098       1 
0099       1 
0100       1 
0101       1 
0102       1 
0103       1 
0104       1 
0105       1 
0106       1 
0107       1 
0108       1 
0109       1 
0110       1 
0111       1 
0112       1 
0113       1 
0114       1 
0115       1 
0116       1 
0117       1 
0118       1 
0119       1 
0120       1 
0121       1 
0122       1 
0123       1 
0124       1 
0125       1 
0126       1 
0127       1 
0128       1 
0129       1 
0130       1 
0131       1 
0132       1 
0133       1 
0134       1 
0135       1 
0136       1 
0137       1 
0138       1 
0139       1 
0140       1 
0141       1 
0142       1 
0143       1 
0144       1 
0145       1 
0146       1 
0147       1 
0148       1 
0149       1 
0150       1 
0151       1 
0152       1 
0153       1 
0154       1 
0155       1 
0156       1 
0157       1 
0158       1 
0159       1 
0160       1 
0161       1 
0162       1 
0163       1 
0164       1 
0165       1 
0166       1 
0167       1 
0168       1 
0169       1 
0170       1 
0171       1 
0172       1 
0173       1 
0174       1 
0175       1 
0176       1 
0177       1 
0178       1 
0179       1 
0180       1 
0181       1 
0182       1 
0183       1 
0184       1 
0185       1 
0186       1 
0187       1 
0188       1 
0189       1 
0190       1 
0191       1 
0192       1 
0193       1 
0194       1 
0195       1 
0196       1 
0197       1 
0198       1 
0199       1 
0200       1 
0201       1 
0202       1 
0203       1 
0204       1 
0205       1 
0206       1 
0207       1 
0208       1 
0209       1 
0210       1 
0211       1 
0212       1 
0213       1 
0214       1 
0215       1 
0216       1 
0217       1 
0218       1 
0219       1 
0220       1 
0221       1 
0222       1 
0223       1 
0224       1 
0225       1 
0226       1 
0227       1 
0228       1 
0229       1 
0230       1 
0231       1 
0232       1 
0233       1 
0234       1 
0235       1 
0236       1 
0237       1 
0238       1 
0239       1 
0240       1 
0241       1 
0242       1 
0243       1 
0244       1 
0245       1 
0246       1 
0247       1 
0248       1 
0249       1 
0250       1 
0251       1 
0252       1 
0253       1 
0254       1 
0255       1 
0256       1 
0257       1 
0258       1 
0259       1 
0260       1 
0261       1 
0262       1 
0263       1 
0264       1 
0265       1 
0266       1 
0267       1 
0268       1 
0269       1 
0270       1 
0271       1 
0272       1 
0273       1 
0274       1 
0275       1 
0276       13078 
0277       13078 
0278       12972 
0279       12912 
0280       12815 
0281       12695 
0282       12489 
0283       12394 
0284       12394 
0285       12359 
0286       1 
0287       12220 
0288       12220 
0289       12220 
0290       12145 
0291       12042 
0292       11985 
0293       11928 
0294       11795 
0295       11712 
0296       11629 
0297       11525 
0298       11474 
0299       11394 
0300       11317 
0301       11253 
0302       11152 
0303       11068 
0304       11032 
0305       10919 
0306       10836 
0307       10770 
0308       10706 
0309       10626 
0310       10566 
0311       10510 
0312       10412 
0313       10366 
0314       10291 
0315       10234 
0316       10180 
0317       10129 
0318       10046 
0319       10016 
0320       9926 
0321       9752 
0322       9466 
0323       9411 
0324       9411 
0325       9416 
0326       9465 
0327       9498 
0328       9534 
0329       9559 
0330       9602 
0331       9634 
0332       9679 
0333       9702 
0334       9724 
0335       9783 
0336       9812 
0337       9852 
0338       9889 
0339       9928 
0340       9985 
0341       10008 
0342       10062 
0343       10098 
0344       10146 
0345       10180 
0346       10220 
0347       10274 
0348       10306 
0349       10354 
0350       10398 
0351       10436 
0352       10484 
0353       10529 
0354       10589 
0355       10626 
0356       10695 
0357       10733 
0358       10778 
0359       10850 
0360       10896 
0361       10949 
0362       10991 
0363       11054 
0364       11105 
0365       11165 
0366       11231 
0367       11291 
0368       11352 
0369       11378 
0370       11378 
0371       11363 
0372       11331 
0373       11292 
0374       11230 
0375       11186 
0376       11160 
0377       11101 
0378       11066 
0379       11045 
0380       11003 
0381       10969 
0382       10920 
0383       10879 
0384       10843 
0385       10826 
0386       10752 
0387       10723 
0388       10683 
0389       10683 
0390       10710 
0391       10727 
0392       10727 
0393       10690 
0394       10682 
0395       10649 
0396       10634 
0397       10615 
0398       10593 
0399       10553 
0400       10528 
0401       10488 
0402       10465 
0403       10445 
0404       10421 
0405       10373 
0406       10361 
0407       10346 
0408       10304 
0409       10270 
0410       10247 
0411       10234 
0412       10179 
0413       10159 
0414       10149 
0415       10105 
0416       10078 
0417       10057 
0418       10050 
0419       10017 
0420       9994 
0421       9963 
0422       9938 
0423       9897 
0424       9892 
0425       9882 
0426       9839 
0427       9830 
0428       9814 
0429       9790 
0430       9776 
0431       9754 
0432       9720 
0433       9695 
0434       9678 
0435       9669 
0436       9646 
0437       9621 
0438       9600 
0439       9569 
0440       9563 
0441       9560 
0442       9514 
0443       9500 
0444       9496 
0445       9480 
0446       9456 
0447       9447 
0448       9427 
0449       9397 
0450       9394 
0451       9368 
0452       9347 
0453       9342 
0454       9319 
0455       9297 
0456       9282 
0457       9275 
0458       9250 
0459       9239 
0460       9227 
0461       9218 
0462       9218 
0463       9195 
0464       9182 
0465       9169 
0466       9148 
0467       9122 
0468       9110 
0469       9110 
0470       9102 
0471       9098 
0472       9075 
0473       9064 
0474       9056 
0475       9051 
0476       9035 
0477       9004 
0478       9004 
0479       9003 
0480       9002 
0481       8984 
0482       8975 
0483       8963 
0484       8948 
0485       8938 
0486       8938 
0487       8929 
0488       8908 
0489       8903 
0490       8895 
0491       8895 
0492       8889 
0493       8872 
0494       8861 
0495       8855 
0496       8851 
0497       8851 
0498       8846 
0499       8846 
0500       8826 
0501       8826 
0502       8824 
0503       8827 
0504       8813 
0505       8798 
0506       8795 
0507       8795 
0508       8775 
0509       8775 
0510       8784 
0511       8785 
0512       8784 
0513       8771 
0514       8768 
0515       8766 
0516       8753 
0517       8757 
0518       8753 
0519       8745 
0520       8745 
0521       8746 
0522       8758 
0523       8746 
0524       8747 
0525       8746 
0526       8746 
0527       8746 
0528       8745 
0529       8737 
0530       8737 
0531       8735 
0532       8735 
0533       8735 
0534       8735 
0535       8736 
0536       8736 
0537       8739 
0538       8739 
0539       8744 
0540       8744 
0541       8743 
0542       8743 
0543       8743 
0544       8733 
0545       8733 
0546       8750 
0547       8766 
0548       8766 
0549       8770 
0550       8775 
0551       8775 
0552       8775 
0553       8779 
0554       8779 
0555       8774 
0556       8774 
0557       8777 
0558       8801 
0559       8801 
0560       8801 
0561       8795 
0562       8828 
0563       8826 
0564       8829 
0565       8829 
0566       8833 
0567       8846 
0568       8847 
0569       8849 
0570       8864 
0571       8864 
0572       8878 
0573       8893 
0574       8893 
0575       8897 
0576       8904 
0577       8908 
0578       8910 
0579       8916 
0580       8916 
0581       8929 
0582       8945 
0583       8945 
0584       8945 
0585       8973 
0586       8980 
0587       8982 
0588       9001 
0589       9005 
0590       9020 
0591       9021 
0592       9025 
0593       9043 
0594       9063 
0595       9078 
0596       9081 
0597       9081 
0598       9096 
0599       9111 
0600       9121 
0601       9128 
0602       9147 
0603       9167 
0604       9181 
0605       9194 
0606       9197 
0607       9217 
0608       9226 
0609       9248 
0610       9256 
0611       9278 
0612       9285 
0613       9295 
0614       9307 
0615       9328 
0616       9354 
0617       9357 
0618       9374 
0619       9400 
0620       9416 
0621       9416 
0622       9433 
0623       9449 
0624       9477 
0625       9505 
0626       9539 
0627       9548 
0628       9549 
0629       9569 
0630       9582 
0631       9599 
0632       9618 
0633       9621 
0634       9674 
0635       9681 
0636       9688 
0637       9711 
0638       9732 
0639       9766 
0640       9780 
0641       9800 
0642       9820 
0643       9841 
0644       9851 
0645       9873 
0646       9902 
0647       9940 
0648       9959 
0649       9981 
0650       10004 
0651       10007 
0652       10031 
0653       10082 
0654       10101 
0655       10125 
0656       10136 
0657       10163 
0658       10201 
0659       10207 
0660       10239 
0661       10293 
0662       10299 
0663       10322 
0664       10369 
0665       10407 
0666       10426 
0667       10447 
0668       10483 
0669       10502 
0670       10542 
0671       10562 
0672       10573 
0673       10617 
0674       10666 
0675       10698 
0676       10730 
0677       10754 
0678       10803 
0679       10843 
0680       10867 
0681       10887 
0682       10929 
0683       10962 
0684       11005 
0685       11057 
0686       11106 
0687       11132 
0688       11162 
0689       11209 
0690       11250 
0691       11310 
0692       11321 
0693       11380 
0694       11418 
0695       11459 
0696       11528 
0697       11563 
0698       11597 
0699       11612 
0700       11681 
0701       11717 
0702       11775 
0703       11836 
0704       11869 
0705       11911 
0706       11939 
0707       12003 
0708       12050 
0709       12105 
0710       12173 
0711       12218 
0712       12270 
0713       12364 
0714       12413 
0715       12427 
0716       12464 
0717       12536 
0718       12610 
0719       12660 
0720       12698 
0721       12769 
0722       12851 
0723       12881 
0724       12936 
0725       13014 
0726       13059 
0727       13160 
0728       13206 
0729       13287 
0730       13344 
0731       13422 
0732       13487 
0733       13564 
0734       13655 
0735       13702 
0736       13791 
0737       13859 
0738       13916 
0739       14005 
0740       14058 
0741       14145 
0742       14194 
0743       14314 
0744       14386 
0745       14460 
0746       14545 
0747       14598 
0748       14713 
0749       14806 
0750       14894 
0751       14971 
0752       15061 
0753       15147 
0754       15235 
0755       15324 
0756       15435 
0757       15533 
0758       15614 
0759       15726 
0760       15816 
0761       15953 
0762       16040 
0763       16153 
0764       16233 
0765       16348 
0766       16465 
0767       16465 
0768       16465 
0769       1 
0770       1 
0771       1 
0772       1 
0773       1 
0774       1 
0775       1 
0776       1 
0777       1 
0778       1 
0779       1 
0780       1 
0781       18488 
0782       18606 
0783       18758 
0784       18915 
0785       19134 
0786       19239 
0787       19387 
0788       19535 
0789       19578 
0790       19932 
0791       20073 
0792       20083 
0793       20493 
0794       20647 
0795       20826 
0796       20826 
0797       1 
0798       1 
0799       1 
0800       1 
0801       1 
0802       1 
0803       1 
0804       1 
0805       1 
0806       1 
0807       16619 
0808       16619 
0809       16590 
0810       16579 
0811       16537 
0812       16530 
0813       16468 
0814       16461 
0815       16429 
0816       16416 
0817       16396 
0818       16368 
0819       16357 
0820       16328 
0821       16297 
0822       16277 
0823       16244 
0824       16226 
0825       16215 
0826       1 
0827       1 
0828       1 
0829       1 
0830       1 
0831       1 
0832       1 
0833       1 
0834       1 
0835       1 
0836       1 
0837       1 
0838       1 
0839       1 
0840       1 
0841       1 
0842       1 
0843       1 
0844       1 
0845       1 
0846       1 
0847       1 
0848       1 
0849       1 
0850       1 
0851       1 
0852       1 
0853       1 
0854       1 
0855       1 
0856       1 
0857       1 
0858       1 
0859       1 
0860       1 
0861       1 
0862       1 
0863       1 
0864       1 
0865       1 
0866       1 
0867       1 
0868       1 
0869       1 
0870       1 
0871       1 
0872       1 
0873       1 
0874       1 
0875       1 
0876       1 
0877       1 
0878       1 
0879       1 
0880       1 
0881       1 
0882       1 
0883       1 
0884       1 
0885       1 
0886       1 
0887       1 
0888       1 
0889       1 
0890       1 
0891       1 
0892       1 
0893       1 
0894       1 
0895       1 
0896       1 
0897       1 
0898       1 
0899       1 
0900       1 
0901       1 
0902       1 
0903       1 
0904       1 
0905       1 
0906       1 
0907       1 
0908       1 
0909       1 
0910       1 
0911       1 
0912       1 
0913       1 
0914       1 
0915       1 
0916       1 
0917       1 
0918       1 
0919       1 
0920       1 
0921       1 
0922       1 
0923       1 
0924       1 
0925       1 
0926       1 
0927       1 
0928       1 
0929       1 
0930       1 
0931       1 
0932       1 
0933       1 
0934       1 
0935       1 
0936       1 
0937       1 
0938       1 
0939       1 
0940       1 
0941       1 
0942       1 
0943       1 
0944       1 
0945       1 
0946       1 
0947       1 
0948       1 
0949       1 
0950       1 
0951       1 
0952       1 
0953       1 
0954       1 
0955       1 
0956       1 
0957       1 
0958       1 
0959       1 
0960       1 
0961       1 
0962       1 
0963       1 
0964       1 
0965       1 
0966       1 
0967       1 
0968       1 
0969       1 
0970       1 
0971       1 
0972       1 
0973       1 
0974       1 
0975       1 
0976       1 
0977       1 
0978       1 
0979       1 
0980       1 
0981       1 
0982       1 
0983       1 
0984       1 
0985       1 
0986       1 
0987       1 
0988       1 
0989       1 
0990       1 
0991       1 
0992       1 
0993       1 
0994       1 
0995       1 
0996       1 
0997       1 
0998       1 
0999       1 
1000       1 
1001       1 
1002       1 
1003       1 
1004       1 
1005       1 
1006       4 
1007       4 
1008       4 
1009       46 
1010       46 
1011       4 
1012       46 
1013       46 
1014       4 
1015       4 
1016       46 
1017       46 
1018       46 
1019       51 
1020       51 
1021       51 
1022       51 
1023       51 
1024       50 
1025       50 
1026       58 
1027       56 
1028       56 
1029       56 
1030       55 
1031       54 
1032       54 
1033       54 
1034       55 
1035       66 
1036       67 
1037       73 
1038       73 
1039       73 
1040       72 
1041       72 
1042       67 
1043       72 
1044       73 
1045       73 
1046       67 
1047       67 
1048       65 
1049       65 
1050       67 
1051       68 
1052       68 
1053       68 
1054       66 
1055       66 
1056       66 
1057       66 
1058       68 
1059       68 
1060       68 
1061       65 
1062       63 
1063       62 
1064       62 
1065       62 
1066       63 
1067       65 
1068       65 
1069       65 
1070       65 
1071       68 
1072       68 
1073       71 
1074       68 
1075       68 
1076       70 
1077       70 
1078       63 
1079       63 
1297966631.907348
