0000       1 
0001       1 
0002       1 
0003       1 
0004       1 
0005       1 
0006       1 
0007       1 
0008       1 
0009       1 
0010       1 
0011       1 
0012       1 
0013       1 
0014       1 
0015       1 
0016       1 
0017       1 
0018       1 
0019       1 
0020       1 
0021       1 
0022       1 
0023       1 
0024       1 
0025       1 
0026       1 
0027       1 
0028       1 
0029       1 
0030       1 
0031       1 
0032       1 
0033       1 
0034       1 
0035       1 
0036       1 
0037       1 
0038       1 
0039       1 
0040       1 
0041       1 
0042       1 
0043       1 
0044       1 
0045       1 
0046       1 
0047       1 
0048       1 
0049       1 
0050       1 
0051       1 
0052       1 
0053       1 
0054       1 
0055       1 
0056       1 
0057       1 
0058       1 
0059       1 
0060       1 
0061       1 
0062       1 
0063       1 
0064       1 
0065       1 
0066       1 
0067       1 
0068       1 
0069       1 
0070       1 
0071       1 
0072       1 
0073       1 
0074       1 
0075       1 
0076       1 
0077       1 
0078       1 
0079       1 
0080       1 
0081       1 
0082       1 
0083       1 
0084       1 
0085       1 
0086       1 
0087       1 
0088       1 
0089       1 
0090       1 
0091       1 
0092       1 
0093       1 
0094       1 
0095       1 
0096       1 
0097       1 
0098       1 
0099       1 
0100       1 
0101       1 
0102       1 
0103       1 
0104       1 
0105       1 
0106       1 
0107       1 
0108       1 
0109       1 
0110       1 
0111       1 
0112       1 
0113       1 
0114       1 
0115       1 
0116       1 
0117       1 
0118       1 
0119       1 
0120       1 
0121       1 
0122       1 
0123       1 
0124       1 
0125       1 
0126       1 
0127       1 
0128       1 
0129       1 
0130       1 
0131       1 
0132       1 
0133       1 
0134       1 
0135       1 
0136       1 
0137       1 
0138       1 
0139       1 
0140       1 
0141       1 
0142       1 
0143       1 
0144       1 
0145       1 
0146       1 
0147       1 
0148       1 
0149       1 
0150       1 
0151       1 
0152       1 
0153       1 
0154       1 
0155       1 
0156       1 
0157       1 
0158       1 
0159       1 
0160       1 
0161       1 
0162       1 
0163       1 
0164       1 
0165       1 
0166       1 
0167       1 
0168       1 
0169       1 
0170       1 
0171       1 
0172       1 
0173       1 
0174       1 
0175       1 
0176       1 
0177       1 
0178       1 
0179       1 
0180       1 
0181       1 
0182       1 
0183       1 
0184       1 
0185       1 
0186       1 
0187       1 
0188       1 
0189       1 
0190       1 
0191       1 
0192       1 
0193       1 
0194       1 
0195       1 
0196       1 
0197       1 
0198       1 
0199       1 
0200       1 
0201       1 
0202       1 
0203       1 
0204       1 
0205       1 
0206       1 
0207       1 
0208       1 
0209       1 
0210       1 
0211       1 
0212       1 
0213       1 
0214       1 
0215       1 
0216       1 
0217       1 
0218       1 
0219       1 
0220       1 
0221       1 
0222       1 
0223       1 
0224       1 
0225       1 
0226       1 
0227       1 
0228       1 
0229       1 
0230       1 
0231       1 
0232       1 
0233       1 
0234       1 
0235       1 
0236       1 
0237       1 
0238       1 
0239       1 
0240       1 
0241       1 
0242       1 
0243       1 
0244       1 
0245       1 
0246       1 
0247       1 
0248       1 
0249       1 
0250       1 
0251       1 
0252       1 
0253       1 
0254       1 
0255       1 
0256       1 
0257       1 
0258       1 
0259       1 
0260       1 
0261       1 
0262       1 
0263       1 
0264       1 
0265       1 
0266       1 
0267       1 
0268       1 
0269       1 
0270       1 
0271       1 
0272       1 
0273       14818 
0274       14818 
0275       14818 
0276       14712 
0277       14586 
0278       14422 
0279       14281 
0280       14136 
0281       14001 
0282       13876 
0283       13749 
0284       13622 
0285       13461 
0286       13394 
0287       13299 
0288       13155 
0289       13056 
0290       12938 
0291       12842 
0292       12732 
0293       12633 
0294       12497 
0295       12425 
0296       12343 
0297       12197 
0298       12090 
0299       12015 
0300       11946 
0301       11839 
0302       11752 
0303       11688 
0304       11585 
0305       11528 
0306       11412 
0307       11353 
0308       11260 
0309       11150 
0310       11085 
0311       11039 
0312       10928 
0313       10852 
0314       10796 
0315       10706 
0316       10598 
0317       10590 
0318       10495 
0319       10442 
0320       10364 
0321       10279 
0322       10233 
0323       10197 
0324       10120 
0325       10090 
0326       10012 
0327       9952 
0328       9887 
0329       9800 
0330       9764 
0331       9688 
0332       9655 
0333       9560 
0334       9552 
0335       9499 
0336       9424 
0337       9394 
0338       9322 
0339       9273 
0340       9223 
0341       9185 
0342       9121 
0343       9093 
0344       9037 
0345       8996 
0346       8944 
0347       8902 
0348       8864 
0349       8823 
0350       8787 
0351       8724 
0352       8686 
0353       8667 
0354       8620 
0355       8560 
0356       8545 
0357       8474 
0358       8450 
0359       8395 
0360       8387 
0361       8358 
0362       8284 
0363       8281 
0364       8246 
0365       8195 
0366       8141 
0367       8131 
0368       8093 
0369       8081 
0370       8015 
0371       7989 
0372       7962 
0373       7921 
0374       7907 
0375       7873 
0376       7820 
0377       7796 
0378       7793 
0379       7739 
0380       7718 
0381       7671 
0382       7659 
0383       7644 
0384       7603 
0385       7581 
0386       7568 
0387       7449 
0388       7282 
0389       7209 
0390       7189 
0391       7151 
0392       7151 
0393       7182 
0394       7211 
0395       7248 
0396       7302 
0397       7341 
0398       7396 
0399       7448 
0400       7482 
0401       7518 
0402       7567 
0403       7618 
0404       7663 
0405       7713 
0406       7783 
0407       7816 
0408       7873 
0409       7926 
0410       7968 
0411       8032 
0412       8091 
0413       8144 
0414       8192 
0415       8262 
0416       8316 
0417       8387 
0418       8442 
0419       8509 
0420       8581 
0421       8639 
0422       8710 
0423       8770 
0424       8862 
0425       8917 
0426       8991 
0427       9049 
0428       9126 
0429       9216 
0430       9282 
0431       9378 
0432       9434 
0433       9517 
0434       9551 
0435       9551 
0436       9517 
0437       9505 
0438       9501 
0439       9470 
0440       9445 
0441       9438 
0442       9428 
0443       9396 
0444       9391 
0445       9352 
0446       9350 
0447       9312 
0448       9311 
0449       9285 
0450       9266 
0451       9249 
0452       9241 
0453       9219 
0454       9203 
0455       9191 
0456       9191 
0457       9157 
0458       9137 
0459       9120 
0460       9120 
0461       9125 
0462       9158 
0463       9206 
0464       9218 
0465       9206 
0466       9186 
0467       9184 
0468       9165 
0469       9156 
0470       9135 
0471       9128 
0472       9116 
0473       9111 
0474       9108 
0475       9083 
0476       9073 
0477       9056 
0478       9049 
0479       9044 
0480       9034 
0481       9012 
0482       9001 
0483       9000 
0484       8974 
0485       8963 
0486       8966 
0487       8965 
0488       8965 
0489       8936 
0490       8919 
0491       8919 
0492       8906 
0493       8899 
0494       8898 
0495       8894 
0496       8869 
0497       8842 
0498       8842 
0499       8842 
0500       8836 
0501       8836 
0502       8836 
0503       8825 
0504       8815 
0505       8805 
0506       8791 
0507       8791 
0508       8791 
0509       8790 
0510       8787 
0511       8776 
0512       8772 
0513       8767 
0514       8762 
0515       8762 
0516       8762 
0517       8750 
0518       8750 
0519       8737 
0520       8731 
0521       8726 
0522       8731 
0523       8740 
0524       8740 
0525       8712 
0526       8709 
0527       8712 
0528       8711 
0529       8711 
0530       8711 
0531       8702 
0532       8701 
0533       8693 
0534       8693 
0535       8695 
0536       8695 
0537       8703 
0538       8688 
0539       8699 
0540       8690 
0541       8697 
0542       8697 
0543       8697 
0544       8673 
0545       8673 
0546       8688 
0547       8689 
0548       8692 
0549       8692 
0550       8692 
0551       8686 
0552       8687 
0553       8687 
0554       8691 
0555       8696 
0556       8699 
0557       8704 
0558       8699 
0559       8703 
0560       8703 
0561       8703 
0562       8702 
0563       8702 
0564       8693 
0565       8700 
0566       8700 
0567       8721 
0568       8721 
0569       8706 
0570       8706 
0571       8718 
0572       8718 
0573       8726 
0574       8726 
0575       8726 
0576       8737 
0577       8745 
0578       8748 
0579       8752 
0580       8753 
0581       8760 
0582       8780 
0583       8788 
0584       8788 
0585       8790 
0586       8790 
0587       8801 
0588       8811 
0589       8823 
0590       8840 
0591       8842 
0592       8840 
0593       8850 
0594       8853 
0595       8874 
0596       8876 
0597       8894 
0598       8896 
0599       8896 
0600       8914 
0601       8914 
0602       8918 
0603       8925 
0604       8931 
0605       8962 
0606       8963 
0607       8977 
0608       9000 
0609       9003 
0610       9028 
0611       9029 
0612       9049 
0613       9056 
0614       9063 
0615       9093 
0616       9119 
0617       9121 
0618       9123 
0619       9138 
0620       9149 
0621       9164 
0622       9191 
0623       9193 
0624       9204 
0625       9228 
0626       9234 
0627       9271 
0628       9283 
0629       9297 
0630       9314 
0631       9314 
0632       9330 
0633       9331 
0634       9365 
0635       9400 
0636       9420 
0637       9443 
0638       9459 
0639       9467 
0640       9510 
0641       9527 
0642       9534 
0643       9554 
0644       9574 
0645       9583 
0646       9603 
0647       9647 
0648       9673 
0649       9702 
0650       9702 
0651       9702 
0652       9774 
0653       9787 
0654       9808 
0655       9823 
0656       9882 
0657       9883 
0658       9913 
0659       9928 
0660       9943 
0661       9965 
0662       10008 
0663       10027 
0664       10073 
0665       10080 
0666       10110 
0667       10142 
0668       10181 
0669       10183 
0670       10204 
0671       10260 
0672       10283 
0673       10315 
0674       10320 
0675       10356 
0676       10371 
0677       10424 
0678       10457 
0679       10470 
0680       10494 
0681       10562 
0682       10585 
0683       10618 
0684       10659 
0685       10663 
0686       10711 
0687       10724 
0688       10769 
0689       10803 
0690       10841 
0691       10872 
0692       10896 
0693       10912 
0694       10956 
0695       11002 
0696       11066 
0697       11081 
0698       11155 
0699       11167 
0700       11197 
0701       11286 
0702       11316 
0703       11333 
0704       11377 
0705       11408 
0706       11467 
0707       11514 
0708       11556 
0709       11594 
0710       11643 
0711       11679 
0712       11737 
0713       11782 
0714       11830 
0715       11863 
0716       11931 
0717       11971 
0718       12012 
0719       12041 
0720       12085 
0721       12146 
0722       12192 
0723       12248 
0724       12307 
0725       12383 
0726       12420 
0727       12467 
0728       12542 
0729       12600 
0730       12645 
0731       12726 
0732       12760 
0733       12833 
0734       12882 
0735       12945 
0736       13030 
0737       13110 
0738       13152 
0739       13222 
0740       13287 
0741       13348 
0742       13433 
0743       13508 
0744       13576 
0745       13650 
0746       13708 
0747       13789 
0748       13878 
0749       13921 
0750       14009 
0751       14088 
0752       14156 
0753       14233 
0754       14306 
0755       14379 
0756       14500 
0757       14588 
0758       14661 
0759       14740 
0760       14859 
0761       14942 
0762       15022 
0763       15110 
0764       15233 
0765       15311 
0766       15402 
0767       15520 
0768       15646 
0769       15761 
0770       15869 
0771       15976 
0772       16084 
0773       16197 
0774       16267 
0775       16418 
0776       16543 
0777       16631 
0778       16631 
0779       16708 
0780       16812 
0781       16812 
0782       1 
0783       1 
0784       1 
0785       1 
0786       1 
0787       1 
0788       1 
0789       1 
0790       1 
0791       1 
0792       1 
0793       1 
0794       1 
0795       1 
0796       1 
0797       1 
0798       1 
0799       1 
0800       1 
0801       1 
0802       1 
0803       1 
0804       1 
0805       1 
0806       1 
0807       1 
0808       1 
0809       1 
0810       20086 
0811       20086 
0812       20016 
0813       20004 
0814       19970 
0815       19923 
0816       19895 
0817       19892 
0818       19816 
0819       19805 
0820       1 
0821       1 
0822       1 
0823       1 
0824       1 
0825       1 
0826       1 
0827       1 
0828       1 
0829       1 
0830       19469 
0831       19469 
0832       19437 
0833       19414 
0834       19385 
0835       19374 
0836       19364 
0837       19323 
0838       19315 
0839       1 
0840       1 
0841       1 
0842       1 
0843       1 
0844       1 
0845       1 
0846       1 
0847       1 
0848       1 
0849       1 
0850       1 
0851       1 
0852       1 
0853       1 
0854       1 
0855       1 
0856       1 
0857       1 
0858       1 
0859       1 
0860       1 
0861       1 
0862       1 
0863       1 
0864       1 
0865       1 
0866       1 
0867       1 
0868       1 
0869       1 
0870       1 
0871       1 
0872       1 
0873       1 
0874       1 
0875       1 
0876       1 
0877       1 
0878       1 
0879       1 
0880       1 
0881       1 
0882       1 
0883       1 
0884       1 
0885       1 
0886       1 
0887       1 
0888       1 
0889       1 
0890       1 
0891       1 
0892       1 
0893       1 
0894       1 
0895       1 
0896       1 
0897       1 
0898       1 
0899       1 
0900       1 
0901       1 
0902       1 
0903       1 
0904       1 
0905       1 
0906       1 
0907       1 
0908       1 
0909       1 
0910       1 
0911       1 
0912       1 
0913       1 
0914       1 
0915       1 
0916       1 
0917       1 
0918       1 
0919       1 
0920       1 
0921       1 
0922       1 
0923       1 
0924       1 
0925       1 
0926       1 
0927       1 
0928       1 
0929       1 
0930       1 
0931       1 
0932       1 
0933       1 
0934       1 
0935       1 
0936       1 
0937       1 
0938       1 
0939       1 
0940       1 
0941       1 
0942       1 
0943       1 
0944       1 
0945       1 
0946       1 
0947       1 
0948       1 
0949       1 
0950       1 
0951       1 
0952       1 
0953       1 
0954       1 
0955       1 
0956       1 
0957       1 
0958       1 
0959       1 
0960       1 
0961       1 
0962       1 
0963       1 
0964       1 
0965       1 
0966       1 
0967       1 
0968       1 
0969       1 
0970       1 
0971       1 
0972       1 
0973       1 
0974       1 
0975       1 
0976       1 
0977       1 
0978       1 
0979       1 
0980       1 
0981       1 
0982       1 
0983       1 
0984       1 
0985       1 
0986       1 
0987       1 
0988       1 
0989       1 
0990       1 
0991       1 
0992       1 
0993       1 
0994       1 
0995       1 
0996       1 
0997       1 
0998       1 
0999       1 
1000       1 
1001       1 
1002       1 
1003       1 
1004       1 
1005       1 
1006       4 
1007       4 
1008       50 
1009       42 
1010       50 
1011       50 
1012       57 
1013       57 
1014       60 
1015       57 
1016       54 
1017       54 
1018       54 
1019       53 
1020       48 
1021       53 
1022       53 
1023       55 
1024       58 
1025       62 
1026       62 
1027       62 
1028       62 
1029       61 
1030       61 
1031       61 
1032       61 
1033       63 
1034       66 
1035       69 
1036       71 
1037       74 
1038       72 
1039       72 
1040       72 
1041       72 
1042       71 
1043       69 
1044       67 
1045       67 
1046       65 
1047       65 
1048       63 
1049       63 
1050       63 
1051       63 
1052       69 
1053       69 
1054       69 
1055       69 
1056       68 
1057       66 
1058       66 
1059       68 
1060       66 
1061       66 
1062       68 
1063       66 
1064       64 
1065       66 
1066       67 
1067       67 
1068       67 
1069       67 
1070       67 
1071       65 
1072       65 
1073       67 
1074       72 
1075       72 
1076       72 
1077       63 
1078       62 
1079       53 
1297966635.700499
