0000       1 
0001       1 
0002       1 
0003       1 
0004       1 
0005       1 
0006       1 
0007       1 
0008       1 
0009       1 
0010       1 
0011       1 
0012       1 
0013       1 
0014       1 
0015       1 
0016       1 
0017       1 
0018       1 
0019       1 
0020       1 
0021       1 
0022       1 
0023       1 
0024       1 
0025       1 
0026       1 
0027       1 
0028       1 
0029       1 
0030       1 
0031       1 
0032       1 
0033       1 
0034       1 
0035       1 
0036       1 
0037       1 
0038       1 
0039       1 
0040       1 
0041       1 
0042       1 
0043       1 
0044       1 
0045       1 
0046       1 
0047       1 
0048       1 
0049       1 
0050       1 
0051       1 
0052       1 
0053       1 
0054       1 
0055       1 
0056       1 
0057       1 
0058       1 
0059       1 
0060       1 
0061       1 
0062       1 
0063       1 
0064       1 
0065       1 
0066       1 
0067       1 
0068       1 
0069       1 
0070       1 
0071       1 
0072       1 
0073       1 
0074       1 
0075       1 
0076       1 
0077       1 
0078       1 
0079       1 
0080       1 
0081       1 
0082       1 
0083       1 
0084       1 
0085       1 
0086       1 
0087       1 
0088       1 
0089       1 
0090       1 
0091       1 
0092       1 
0093       1 
0094       1 
0095       1 
0096       1 
0097       1 
0098       1 
0099       1 
0100       1 
0101       1 
0102       1 
0103       1 
0104       1 
0105       1 
0106       1 
0107       1 
0108       1 
0109       1 
0110       1 
0111       1 
0112       1 
0113       1 
0114       1 
0115       1 
0116       1 
0117       1 
0118       1 
0119       1 
0120       1 
0121       1 
0122       1 
0123       1 
0124       1 
0125       1 
0126       1 
0127       1 
0128       1 
0129       1 
0130       1 
0131       1 
0132       1 
0133       1 
0134       1 
0135       1 
0136       1 
0137       1 
0138       1 
0139       1 
0140       1 
0141       1 
0142       1 
0143       1 
0144       1 
0145       1 
0146       1 
0147       1 
0148       1 
0149       1 
0150       1 
0151       1 
0152       1 
0153       1 
0154       1 
0155       1 
0156       1 
0157       1 
0158       1 
0159       1 
0160       1 
0161       1 
0162       1 
0163       1 
0164       1 
0165       1 
0166       1 
0167       1 
0168       1 
0169       1 
0170       1 
0171       1 
0172       1 
0173       1 
0174       1 
0175       1 
0176       1 
0177       1 
0178       1 
0179       1 
0180       1 
0181       1 
0182       1 
0183       1 
0184       1 
0185       1 
0186       1 
0187       1 
0188       1 
0189       1 
0190       1 
0191       1 
0192       1 
0193       1 
0194       1 
0195       1 
0196       1 
0197       1 
0198       1 
0199       1 
0200       1 
0201       1 
0202       1 
0203       1 
0204       1 
0205       1 
0206       1 
0207       1 
0208       1 
0209       1 
0210       1 
0211       1 
0212       1 
0213       1 
0214       1 
0215       1 
0216       1 
0217       1 
0218       1 
0219       20234 
0220       20234 
0221       1 
0222       1 
0223       1 
0224       1 
0225       1 
0226       1 
0227       1 
0228       1 
0229       1 
0230       1 
0231       1 
0232       1 
0233       1 
0234       1 
0235       1 
0236       1 
0237       1 
0238       1 
0239       1 
0240       1 
0241       1 
0242       1 
0243       1 
0244       1 
0245       1 
0246       1 
0247       1 
0248       19102 
0249       19102 
0250       1 
0251       1 
0252       1 
0253       1 
0254       1 
0255       1 
0256       1 
0257       1 
0258       1 
0259       1 
0260       1 
0261       1 
0262       1 
0263       1 
0264       1 
0265       1 
0266       1 
0267       1 
0268       1 
0269       1 
0270       1 
0271       1 
0272       1 
0273       1 
0274       1 
0275       1 
0276       1 
0277       1 
0278       1 
0279       1 
0280       1 
0281       1 
0282       1 
0283       1 
0284       1 
0285       1 
0286       1 
0287       1 
0288       1 
0289       1 
0290       1 
0291       1 
0292       1 
0293       1 
0294       1 
0295       1 
0296       1 
0297       1 
0298       1 
0299       1 
0300       1 
0301       1 
0302       1 
0303       1 
0304       1 
0305       1 
0306       1 
0307       1 
0308       1 
0309       1 
0310       1 
0311       1 
0312       1 
0313       1 
0314       1 
0315       1 
0316       1 
0317       1 
0318       1 
0319       1 
0320       1 
0321       1 
0322       1 
0323       1 
0324       1 
0325       1 
0326       17682 
0327       17682 
0328       17682 
0329       17591 
0330       17444 
0331       17316 
0332       17130 
0333       17033 
0334       16908 
0335       16785 
0336       16646 
0337       16552 
0338       16436 
0339       16290 
0340       16230 
0341       16080 
0342       15990 
0343       15871 
0344       15709 
0345       15619 
0346       15517 
0347       15423 
0348       15322 
0349       15233 
0350       15142 
0351       15016 
0352       14896 
0353       14836 
0354       14742 
0355       14676 
0356       14605 
0357       14490 
0358       14394 
0359       14290 
0360       14246 
0361       14137 
0362       14033 
0363       13991 
0364       13893 
0365       13817 
0366       13718 
0367       13618 
0368       13598 
0369       13513 
0370       13417 
0371       13379 
0372       13289 
0373       13217 
0374       13122 
0375       13047 
0376       12896 
0377       12729 
0378       12616 
0379       12545 
0380       12477 
0381       12410 
0382       12376 
0383       12294 
0384       12231 
0385       12163 
0386       12140 
0387       12078 
0388       12027 
0389       11946 
0390       11907 
0391       11860 
0392       11858 
0393       11829 
0394       11809 
0395       11809 
0396       11809 
0397       11808 
0398       11744 
0399       11713 
0400       11671 
0401       11622 
0402       11590 
0403       11558 
0404       11475 
0405       11436 
0406       11425 
0407       11343 
0408       11306 
0409       11274 
0410       11225 
0411       11201 
0412       11134 
0413       11126 
0414       11063 
0415       11058 
0416       10978 
0417       10926 
0418       10901 
0419       10841 
0420       10824 
0421       10783 
0422       10779 
0423       10731 
0424       10677 
0425       10652 
0426       10603 
0427       10563 
0428       10549 
0429       10508 
0430       10483 
0431       10441 
0432       10426 
0433       10385 
0434       10362 
0435       10328 
0436       10296 
0437       10288 
0438       10247 
0439       10209 
0440       10173 
0441       10156 
0442       10130 
0443       10100 
0444       10082 
0445       10043 
0446       10006 
0447       9973 
0448       9970 
0449       9947 
0450       9900 
0451       9857 
0452       9842 
0453       9807 
0454       9792 
0455       9774 
0456       9767 
0457       9711 
0458       9674 
0459       9653 
0460       9646 
0461       9613 
0462       9603 
0463       9563 
0464       9553 
0465       9545 
0466       9502 
0467       9480 
0468       9468 
0469       9452 
0470       9425 
0471       9400 
0472       9370 
0473       9370 
0474       9357 
0475       9318 
0476       9316 
0477       9295 
0478       9257 
0479       9257 
0480       9221 
0481       9220 
0482       9200 
0483       9192 
0484       9155 
0485       9140 
0486       9126 
0487       9125 
0488       9076 
0489       9076 
0490       9073 
0491       9054 
0492       9044 
0493       9032 
0494       9012 
0495       8992 
0496       8983 
0497       8964 
0498       8960 
0499       8938 
0500       8932 
0501       8911 
0502       8909 
0503       8899 
0504       8865 
0505       8864 
0506       8849 
0507       8844 
0508       8839 
0509       8837 
0510       8818 
0511       8802 
0512       8789 
0513       8770 
0514       8767 
0515       8767 
0516       8759 
0517       8746 
0518       8741 
0519       8715 
0520       8715 
0521       8711 
0522       8699 
0523       8694 
0524       8675 
0525       8665 
0526       8666 
0527       8661 
0528       8650 
0529       8642 
0530       8628 
0531       8621 
0532       8621 
0533       8620 
0534       8617 
0535       8616 
0536       8616 
0537       8607 
0538       8591 
0539       8591 
0540       8584 
0541       8584 
0542       8572 
0543       8572 
0544       8562 
0545       8559 
0546       8559 
0547       8558 
0548       8553 
0549       8536 
0550       8536 
0551       8519 
0552       8518 
0553       8518 
0554       8517 
0555       8535 
0556       8532 
0557       8532 
0558       8520 
0559       8520 
0560       8515 
0561       8514 
0562       8514 
0563       8514 
0564       8516 
0565       8508 
0566       8511 
0567       8511 
0568       8518 
0569       8518 
0570       8518 
0571       8515 
0572       8512 
0573       8512 
0574       8525 
0575       8525 
0576       8512 
0577       8512 
0578       8527 
0579       8547 
0580       8547 
0581       8531 
0582       8531 
0583       8522 
0584       8531 
0585       8541 
0586       8541 
0587       8541 
0588       8554 
0589       8554 
0590       8554 
0591       8554 
0592       8571 
0593       8571 
0594       8577 
0595       8570 
0596       8594 
0597       8580 
0598       8601 
0599       8606 
0600       8606 
0601       8603 
0602       8603 
0603       8620 
0604       8637 
0605       8637 
0606       8628 
0607       8628 
0608       8628 
0609       8628 
0610       8636 
0611       8652 
0612       8656 
0613       8663 
0614       8667 
0615       8667 
0616       8682 
0617       8697 
0618       8702 
0619       8706 
0620       8708 
0621       8735 
0622       8749 
0623       8753 
0624       8770 
0625       8775 
0626       8786 
0627       8786 
0628       8804 
0629       8814 
0630       8835 
0631       8836 
0632       8852 
0633       8872 
0634       8874 
0635       8878 
0636       8882 
0637       8893 
0638       8914 
0639       8917 
0640       8931 
0641       8941 
0642       8954 
0643       8965 
0644       8968 
0645       8985 
0646       9012 
0647       9017 
0648       9030 
0649       9039 
0650       9045 
0651       9052 
0652       9074 
0653       9091 
0654       9104 
0655       9113 
0656       9134 
0657       9137 
0658       9158 
0659       9177 
0660       9209 
0661       9217 
0662       9231 
0663       9247 
0664       9249 
0665       9291 
0666       9291 
0667       9306 
0668       9310 
0669       9332 
0670       9366 
0671       9394 
0672       9429 
0673       9441 
0674       9445 
0675       9474 
0676       9488 
0677       9504 
0678       9521 
0679       9530 
0680       9561 
0681       9607 
0682       9616 
0683       9651 
0684       9662 
0685       9673 
0686       9693 
0687       9732 
0688       9747 
0689       9791 
0690       9799 
0691       9802 
0692       9865 
0693       9866 
0694       9905 
0695       9920 
0696       9961 
0697       9973 
0698       10006 
0699       10053 
0700       10067 
0701       10092 
0702       10123 
0703       10146 
0704       10183 
0705       10208 
0706       10230 
0707       10230 
0708       10208 
0709       10208 
0710       10212 
0711       10227 
0712       10235 
0713       10242 
0714       10280 
0715       10318 
0716       10338 
0717       10347 
0718       10381 
0719       10430 
0720       10455 
0721       10500 
0722       10543 
0723       10550 
0724       10568 
0725       10615 
0726       10636 
0727       10676 
0728       10676 
0729       7874 
0730       7845 
0731       7874 
0732       7887 
0733       7912 
0734       7922 
0735       7973 
0736       8000 
0737       8022 
0738       8051 
0739       8073 
0740       8098 
0741       8134 
0742       8151 
0743       8138 
0744       8156 
0745       8167 
0746       8177 
0747       8186 
0748       8186 
0749       8153 
0750       8114 
0751       8070 
0752       8036 
0753       8009 
0754       7979 
0755       7903 
0756       7883 
0757       7878 
0758       7838 
0759       7799 
0760       7775 
0761       5753 
0762       5724 
0763       5724 
0764       5724 
0765       5694 
0766       5663 
0767       5651 
0768       5601 
0769       5570 
0770       5543 
0771       5496 
0772       5457 
0773       5427 
0774       5377 
0775       5343 
0776       5310 
0777       5274 
0778       5247 
0779       5202 
0780       5186 
0781       5130 
0782       5098 
0783       5036 
0784       5008 
0785       4990 
0786       4986 
0787       4941 
0788       4941 
0789       4941 
0790       4941 
0791       4958 
0792       4976 
0793       4997 
0794       5031 
0795       5075 
0796       5103 
0797       5125 
0798       5167 
0799       5221 
0800       5245 
0801       5285 
0802       5321 
0803       5383 
0804       5437 
0805       5470 
0806       5492 
0807       5551 
0808       5628 
0809       5721 
0810       5802 
0811       5861 
0812       5912 
0813       5964 
0814       6006 
0815       6086 
0816       6189 
0817       6230 
0818       6285 
0819       6323 
0820       6385 
0821       6432 
0822       6480 
0823       6560 
0824       6612 
0825       6679 
0826       6720 
0827       6776 
0828       6889 
0829       6941 
0830       6992 
0831       7071 
0832       7134 
0833       7168 
0834       7264 
0835       7341 
0836       7397 
0837       7448 
0838       7514 
0839       7571 
0840       7679 
0841       7729 
0842       7824 
0843       7885 
0844       7888 
0845       7897 
0846       8006 
0847       8120 
0848       8253 
0849       8500 
0850       8620 
0851       8648 
0852       8648 
0853       8632 
0854       8632 
0855       8617 
0856       8580 
0857       8578 
0858       8568 
0859       8553 
0860       8553 
0861       8562 
0862       10169 
0863       10269 
0864       10408 
0865       10535 
0866       10742 
0867       10924 
0868       11010 
0869       11160 
0870       11399 
0871       11622 
0872       11802 
0873       11988 
0874       12211 
0875       12496 
0876       12688 
0877       12950 
0878       13198 
0879       13446 
0880       13725 
0881       13725 
0882       13725 
0883       1 
0884       14449 
0885       15106 
0886       15106 
0887       15106 
0888       15106 
0889       22652 
0890       22653 
0891       22652 
0892       22637 
0893       22608 
0894       22587 
0895       22579 
0896       22570 
0897       22570 
0898       22555 
0899       22520 
0900       22515 
0901       22489 
0902       22489 
0903       22452 
0904       22452 
0905       1 
0906       1 
0907       1 
0908       1 
0909       1 
0910       1 
0911       22696 
0912       22701 
0913       22709 
0914       22722 
0915       22730 
0916       22730 
0917       22718 
0918       22653 
0919       22411 
0920       22381 
0921       22411 
0922       22400 
0923       22400 
0924       22360 
0925       22360 
0926       22377 
0927       22415 
0928       22415 
0929       22410 
0930       22399 
0931       22399 
0932       22399 
0933       22399 
0934       1 
0935       1 
0936       26360 
0937       26379 
0938       26395 
0939       26379 
0940       1 
0941       1 
0942       1 
0943       1 
0944       1 
0945       26226 
0946       26281 
0947       26301 
0948       26304 
0949       26301 
0950       26301 
0951       1 
0952       1 
0953       1 
0954       1 
0955       1 
0956       1 
0957       1 
0958       1 
0959       1 
0960       1 
0961       1 
0962       1 
0963       1 
0964       1 
0965       1 
0966       1 
0967       1 
0968       1 
0969       1 
0970       1 
0971       1 
0972       1 
0973       1 
0974       1 
0975       1 
0976       1 
0977       1 
0978       1 
0979       1 
0980       1 
0981       1 
0982       1 
0983       1 
0984       1 
0985       1 
0986       1 
0987       1 
0988       1 
0989       1 
0990       1 
0991       1 
0992       1 
0993       1 
0994       1 
0995       1 
0996       1 
0997       1 
0998       1 
0999       1 
1000       1 
1001       1 
1002       1 
1003       1 
1004       1 
1005       1 
1006       1 
1007       4 
1008       4 
1009       52 
1010       52 
1011       52 
1012       52 
1013       53 
1014       43 
1015       43 
1016       43 
1017       43 
1018       42 
1019       42 
1020       42 
1021       54 
1022       58 
1023       58 
1024       58 
1025       58 
1026       58 
1027       67 
1028       67 
1029       67 
1030       48 
1031       43 
1032       43 
1033       43 
1034       60 
1035       61 
1036       61 
1037       67 
1038       72 
1039       72 
1040       72 
1041       69 
1042       69 
1043       69 
1044       69 
1045       69 
1046       65 
1047       65 
1048       65 
1049       64 
1050       64 
1051       65 
1052       64 
1053       64 
1054       63 
1055       63 
1056       63 
1057       67 
1058       64 
1059       64 
1060       67 
1061       68 
1062       64 
1063       68 
1064       68 
1065       67 
1066       67 
1067       68 
1068       67 
1069       68 
1070       73 
1071       73 
1072       67 
1073       64 
1074       64 
1075       64 
1076       64 
1077       67 
1078       67 
1079       63 
1297966626.811831
