0000       1 
0001       1 
0002       1 
0003       1 
0004       1 
0005       1 
0006       1 
0007       1 
0008       1 
0009       1 
0010       1 
0011       1 
0012       1 
0013       1 
0014       1 
0015       1 
0016       1 
0017       1 
0018       1 
0019       1 
0020       1 
0021       1 
0022       1 
0023       1 
0024       1 
0025       1 
0026       1 
0027       1 
0028       1 
0029       1 
0030       1 
0031       1 
0032       1 
0033       1 
0034       1 
0035       1 
0036       1 
0037       1 
0038       1 
0039       1 
0040       1 
0041       1 
0042       1 
0043       1 
0044       1 
0045       1 
0046       1 
0047       1 
0048       1 
0049       1 
0050       1 
0051       1 
0052       1 
0053       1 
0054       1 
0055       1 
0056       1 
0057       1 
0058       1 
0059       1 
0060       1 
0061       1 
0062       1 
0063       1 
0064       1 
0065       1 
0066       1 
0067       1 
0068       1 
0069       1 
0070       1 
0071       4692 
0072       4713 
0073       4713 
0074       4706 
0075       4706 
0076       4692 
0077       4678 
0078       4676 
0079       4676 
0080       4673 
0081       4673 
0082       4667 
0083       4661 
0084       4649 
0085       4649 
0086       4645 
0087       4638 
0088       4630 
0089       4629 
0090       4626 
0091       4625 
0092       4616 
0093       4611 
0094       4605 
0095       4600 
0096       4600 
0097       4597 
0098       4590 
0099       4588 
0100       4583 
0101       4581 
0102       4573 
0103       4573 
0104       4573 
0105       4573 
0106       4569 
0107       4563 
0108       4559 
0109       4545 
0110       4545 
0111       4544 
0112       4544 
0113       4539 
0114       4539 
0115       4535 
0116       4535 
0117       4535 
0118       4529 
0119       4528 
0120       4520 
0121       4520 
0122       4518 
0123       4517 
0124       4517 
0125       4517 
0126       4513 
0127       4512 
0128       4512 
0129       4504 
0130       4504 
0131       4504 
0132       4499 
0133       4499 
0134       4505 
0135       4505 
0136       4504 
0137       4505 
0138       4504 
0139       4504 
0140       4504 
0141       4504 
0142       4502 
0143       4497 
0144       4495 
0145       4497 
0146       4497 
0147       4502 
0148       4502 
0149       4503 
0150       4502 
0151       4503 
0152       4503 
0153       4508 
0154       4508 
0155       4508 
0156       4510 
0157       4510 
0158       4510 
0159       4511 
0160       4515 
0161       4517 
0162       4517 
0163       4520 
0164       4520 
0165       4524 
0166       4525 
0167       4533 
0168       4533 
0169       4533 
0170       4533 
0171       4533 
0172       4533 
0173       4536 
0174       4541 
0175       4542 
0176       4547 
0177       4553 
0178       4555 
0179       4557 
0180       4558 
0181       4564 
0182       4572 
0183       4579 
0184       4579 
0185       4579 
0186       4579 
0187       4579 
0188       4579 
0189       4593 
0190       4593 
0191       4593 
0192       4593 
0193       4601 
0194       4620 
0195       4620 
0196       4625 
0197       4625 
0198       4626 
0199       4632 
0200       4642 
0201       4646 
0202       4646 
0203       4651 
0204       4652 
0205       4652 
0206       4673 
0207       4683 
0208       4683 
0209       4695 
0210       4697 
0211       4701 
0212       4702 
0213       4709 
0214       4717 
0215       4720 
0216       4727 
0217       4735 
0218       4735 
0219       4754 
0220       4761 
0221       4766 
0222       4776 
0223       4782 
0224       4790 
0225       4799 
0226       4802 
0227       4807 
0228       4814 
0229       4820 
0230       4829 
0231       4850 
0232       4857 
0233       4861 
0234       4874 
0235       4881 
0236       4893 
0237       4899 
0238       4912 
0239       4921 
0240       4927 
0241       4934 
0242       4949 
0243       4953 
0244       4953 
0245       4976 
0246       4982 
0247       4994 
0248       5010 
0249       5014 
0250       5019 
0251       5033 
0252       5052 
0253       5063 
0254       5063 
0255       5080 
0256       5102 
0257       5109 
0258       5126 
0259       5141 
0260       5145 
0261       5156 
0262       5165 
0263       5173 
0264       5194 
0265       5207 
0266       5225 
0267       5236 
0268       5245 
0269       5258 
0270       5272 
0271       5296 
0272       5310 
0273       5312 
0274       5330 
0275       5340 
0276       5378 
0277       5381 
0278       5390 
0279       5401 
0280       5422 
0281       5442 
0282       5449 
0283       5482 
0284       5498 
0285       5500 
0286       5529 
0287       5550 
0288       5566 
0289       5571 
0290       5607 
0291       5613 
0292       5620 
0293       5646 
0294       5668 
0295       5699 
0296       5712 
0297       5730 
0298       5739 
0299       5763 
0300       5787 
0301       5806 
0302       5826 
0303       5851 
0304       5876 
0305       5896 
0306       5914 
0307       5937 
0308       5969 
0309       5981 
0310       6001 
0311       6040 
0312       6045 
0313       6078 
0314       6116 
0315       6124 
0316       6132 
0317       6171 
0318       6192 
0319       6215 
0320       6255 
0321       6270 
0322       6297 
0323       6309 
0324       6346 
0325       6393 
0326       6425 
0327       6460 
0328       6467 
0329       6496 
0330       6530 
0331       6563 
0332       6606 
0333       6635 
0334       6655 
0335       6683 
0336       6738 
0337       6773 
0338       6808 
0339       6830 
0340       6853 
0341       6910 
0342       6934 
0343       6962 
0344       7025 
0345       7044 
0346       7091 
0347       7134 
0348       7183 
0349       7207 
0350       7234 
0351       7302 
0352       7339 
0353       7370 
0354       7424 
0355       7469 
0356       7500 
0357       7559 
0358       7599 
0359       7647 
0360       7687 
0361       7729 
0362       7787 
0363       7830 
0364       7886 
0365       7915 
0366       7972 
0367       8050 
0368       8092 
0369       8148 
0370       8187 
0371       8187 
0372       8171 
0373       8170 
0374       8122 
0375       8107 
0376       8103 
0377       8103 
0378       8103 
0379       8140 
0380       8140 
0381       8059 
0382       8011 
0383       8011 
0384       8034 
0385       8115 
0386       8122 
0387       8206 
0388       8241 
0389       8332 
0390       8424 
0391       8534 
0392       8789 
0393       8842 
0394       9079 
0395       9476 
0396       9476 
0397       9444 
0398       9420 
0399       9389 
0400       9384 
0401       9350 
0402       9334 
0403       9317 
0404       7891 
0405       7859 
0406       7737 
0407       7706 
0408       7659 
0409       7642 
0410       7591 
0411       7567 
0412       7567 
0413       7565 
0414       7639 
0415       7588 
0416       7588 
0417       7489 
0418       7444 
0419       7403 
0420       7384 
0421       7384 
0422       7366 
0423       7395 
0424       7395 
0425       7422 
0426       7422 
0427       7347 
0428       7239 
0429       7239 
0430       7286 
0431       7301 
0432       7301 
0433       7301 
0434       7290 
0435       7289 
0436       7279 
0437       7279 
0438       7282 
0439       7282 
0440       7229 
0441       7211 
0442       7196 
0443       7211 
0444       7233 
0445       7233 
0446       7184 
0447       7184 
0448       7173 
0449       7152 
0450       7145 
0451       7145 
0452       7160 
0453       7225 
0454       7284 
0455       7322 
0456       7372 
0457       7433 
0458       7444 
0459       8083 
0460       8526 
0461       8526 
0462       8526 
0463       8505 
0464       8505 
0465       8505 
0466       8505 
0467       8492 
0468       8488 
0469       8485 
0470       8485 
0471       8474 
0472       8470 
0473       8448 
0474       8444 
0475       8444 
0476       8453 
0477       8453 
0478       8433 
0479       8433 
0480       8425 
0481       8425 
0482       8422 
0483       8411 
0484       8411 
0485       8406 
0486       8393 
0487       8393 
0488       8393 
0489       8394 
0490       8398 
0491       8398 
0492       8390 
0493       8390 
0494       8390 
0495       8390 
0496       8386 
0497       8376 
0498       8374 
0499       8376 
0500       8376 
0501       8376 
0502       8374 
0503       8374 
0504       8375 
0505       8383 
0506       8388 
0507       8390 
0508       8390 
0509       8392 
0510       8390 
0511       8393 
0512       8404 
0513       8404 
0514       8392 
0515       8392 
0516       8398 
0517       8418 
0518       8421 
0519       8429 
0520       8429 
0521       8429 
0522       8441 
0523       8441 
0524       8441 
0525       8455 
0526       8457 
0527       8458 
0528       8462 
0529       8462 
0530       8462 
0531       8468 
0532       8475 
0533       8485 
0534       8488 
0535       8492 
0536       8503 
0537       8503 
0538       8504 
0539       8528 
0540       8528 
0541       8528 
0542       8537 
0543       8546 
0544       8552 
0545       8563 
0546       8573 
0547       8574 
0548       8576 
0549       8576 
0550       8576 
0551       8586 
0552       8605 
0553       8608 
0554       8625 
0555       8636 
0556       8648 
0557       8661 
0558       8670 
0559       8677 
0560       8679 
0561       8704 
0562       8713 
0563       8723 
0564       8730 
0565       8734 
0566       8748 
0567       8758 
0568       8765 
0569       8788 
0570       8792 
0571       8793 
0572       8801 
0573       8812 
0574       8838 
0575       8850 
0576       8856 
0577       8860 
0578       8861 
0579       8875 
0580       8922 
0581       8922 
0582       8922 
0583       8936 
0584       8961 
0585       8961 
0586       8963 
0587       8951 
0588       8966 
0589       8967 
0590       8979 
0591       8985 
0592       9002 
0593       9002 
0594       8988 
0595       8988 
0596       9003 
0597       9003 
0598       8935 
0599       8906 
0600       8899 
0601       8813 
0602       8813 
0603       8809 
0604       8785 
0605       8688 
0606       8630 
0607       8630 
0608       8634 
0609       8649 
0610       8681 
0611       8681 
0612       8632 
0613       8632 
0614       8669 
0615       8776 
0616       8810 
0617       8810 
0618       8810 
0619       8842 
0620       8842 
0621       8816 
0622       8816 
0623       8860 
0624       8890 
0625       8890 
0626       8855 
0627       8753 
0628       8728 
0629       8728 
0630       8728 
0631       8728 
0632       8728 
0633       8732 
0634       10045 
0635       10053 
0636       10053 
0637       10053 
0638       10116 
0639       10133 
0640       10152 
0641       10187 
0642       10235 
0643       10272 
0644       10295 
0645       10295 
0646       10278 
0647       10278 
0648       10317 
0649       10332 
0650       10440 
0651       10513 
0652       10515 
0653       10572 
0654       10605 
0655       10650 
0656       10677 
0657       10698 
0658       10762 
0659       10792 
0660       10852 
0661       10863 
0662       10912 
0663       10964 
0664       10994 
0665       11002 
0666       11064 
0667       11114 
0668       11157 
0669       11201 
0670       11259 
0671       11308 
0672       11342 
0673       11393 
0674       11446 
0675       11472 
0676       11520 
0677       11575 
0678       11634 
0679       11677 
0680       11736 
0681       11786 
0682       11821 
0683       11888 
0684       11919 
0685       11993 
0686       12026 
0687       12072 
0688       12141 
0689       12178 
0690       12235 
0691       12272 
0692       12287 
0693       12293 
0694       12341 
0695       12500 
0696       12500 
0697       12500 
0698       1 
0699       1 
0700       1 
0701       12794 
0702       12794 
0703       13082 
0704       13165 
0705       13230 
0706       13288 
0707       13381 
0708       13423 
0709       13521 
0710       13594 
0711       13661 
0712       13739 
0713       13784 
0714       13883 
0715       13977 
0716       14054 
0717       14106 
0718       14196 
0719       14344 
0720       14427 
0721       14466 
0722       14624 
0723       14682 
0724       14771 
0725       14851 
0726       14951 
0727       15051 
0728       15114 
0729       15179 
0730       15328 
0731       15513 
0732       15625 
0733       15836 
0734       15910 
0735       15916 
0736       15916 
0737       15756 
0738       15687 
0739       15666 
0740       15627 
0741       15602 
0742       15544 
0743       15501 
0744       15464 
0745       15437 
0746       15381 
0747       15351 
0748       15310 
0749       15274 
0750       15231 
0751       15201 
0752       15168 
0753       15166 
0754       15166 
0755       15180 
0756       15200 
0757       15200 
0758       15175 
0759       15119 
0760       15080 
0761       15040 
0762       15018 
0763       14978 
0764       14966 
0765       14942 
0766       14889 
0767       14882 
0768       14830 
0769       14812 
0770       14784 
0771       14746 
0772       14678 
0773       14506 
0774       14468 
0775       14463 
0776       14422 
0777       14406 
0778       14378 
0779       14366 
0780       14318 
0781       14289 
0782       14265 
0783       14252 
0784       14225 
0785       14224 
0786       14185 
0787       14181 
0788       14140 
0789       14140 
0790       14112 
0791       14073 
0792       14064 
0793       14057 
0794       14041 
0795       14012 
0796       13983 
0797       13974 
0798       13960 
0799       13921 
0800       13921 
0801       13928 
0802       13959 
0803       14019 
0804       14040 
0805       14040 
0806       14005 
0807       13983 
0808       13978 
0809       13978 
0810       13964 
0811       13923 
0812       13919 
0813       13902 
0814       13887 
0815       13869 
0816       13865 
0817       13854 
0818       13833 
0819       13832 
0820       13815 
0821       13814 
0822       13800 
0823       13671 
0824       13593 
0825       13569 
0826       13552 
0827       13547 
0828       13535 
0829       13531 
0830       13531 
0831       13515 
0832       13515 
0833       13644 
0834       13649 
0835       13685 
0836       13685 
0837       13679 
0838       13651 
0839       13645 
0840       13638 
0841       13638 
0842       15534 
0843       15534 
0844       1 
0845       1 
0846       1 
0847       1 
0848       1 
0849       1 
0850       1 
0851       1 
0852       1 
0853       1 
0854       1 
0855       1 
0856       1 
0857       1 
0858       1 
0859       1 
0860       1 
0861       1 
0862       1 
0863       1 
0864       1 
0865       1 
0866       1 
0867       1 
0868       1 
0869       1 
0870       1 
0871       1 
0872       1 
0873       1 
0874       1 
0875       1 
0876       1 
0877       1 
0878       1 
0879       1 
0880       1 
0881       1 
0882       1 
0883       1 
0884       1 
0885       1 
0886       1 
0887       1 
0888       1 
0889       1 
0890       1 
0891       1 
0892       1 
0893       1 
0894       1 
0895       1 
0896       1 
0897       1 
0898       1 
0899       1 
0900       1 
0901       1 
0902       1 
0903       1 
0904       1 
0905       1 
0906       1 
0907       1 
0908       1 
0909       1 
0910       1 
0911       1 
0912       1 
0913       1 
0914       1 
0915       1 
0916       1 
0917       1 
0918       1 
0919       1 
0920       1 
0921       1 
0922       1 
0923       1 
0924       1 
0925       1 
0926       1 
0927       1 
0928       1 
0929       1 
0930       1 
0931       1 
0932       1 
0933       1 
0934       1 
0935       1 
0936       1 
0937       1 
0938       1 
0939       1 
0940       1 
0941       1 
0942       1 
0943       1 
0944       1 
0945       1 
0946       1 
0947       1 
0948       1 
0949       1 
0950       1 
0951       1 
0952       1 
0953       1 
0954       1 
0955       1 
0956       1 
0957       1 
0958       1 
0959       1 
0960       1 
0961       1 
0962       1 
0963       1 
0964       1 
0965       1 
0966       1 
0967       1 
0968       1 
0969       1 
0970       1 
0971       1 
0972       1 
0973       1 
0974       1 
0975       1 
0976       1 
0977       1 
0978       1 
0979       1 
0980       1 
0981       1 
0982       1 
0983       1 
0984       1 
0985       1 
0986       1 
0987       1 
0988       1 
0989       1 
0990       1 
0991       1 
0992       1 
0993       1 
0994       1 
0995       1 
0996       1 
0997       1 
0998       1 
0999       1 
1000       1 
1001       1 
1002       1 
1003       1 
1004       1 
1005       1 
1006       1 
1007       1 
1008       4 
1009       4 
1010       42 
1011       42 
1012       42 
1013       42 
1014       54 
1015       54 
1016       56 
1017       58 
1018       56 
1019       56 
1020       63 
1021       56 
1022       52 
1023       56 
1024       56 
1025       56 
1026       63 
1027       63 
1028       61 
1029       61 
1030       58 
1031       48 
1032       48 
1033       58 
1034       60 
1035       64 
1036       65 
1037       68 
1038       72 
1039       72 
1040       72 
1041       63 
1042       63 
1043       63 
1044       64 
1045       67 
1046       67 
1047       67 
1048       67 
1049       64 
1050       64 
1051       64 
1052       66 
1053       66 
1054       67 
1055       67 
1056       73 
1057       73 
1058       71 
1059       65 
1060       71 
1061       68 
1062       63 
1063       68 
1064       68 
1065       65 
1066       65 
1067       67 
1068       67 
1069       69 
1070       69 
1071       69 
1072       67 
1073       67 
1074       67 
1075       67 
1076       67 
1077       67 
1078       67 
1079       65 
1297966718.285321
