0000       1 
0001       1 
0002       1 
0003       1 
0004       1 
0005       1 
0006       1 
0007       1 
0008       1 
0009       1 
0010       1 
0011       1 
0012       1 
0013       1 
0014       1 
0015       1 
0016       1 
0017       1 
0018       1 
0019       1 
0020       1 
0021       1 
0022       1 
0023       1 
0024       1 
0025       1 
0026       1 
0027       1 
0028       1 
0029       1 
0030       1 
0031       1 
0032       1 
0033       1 
0034       1 
0035       1 
0036       1 
0037       1 
0038       1 
0039       1 
0040       1 
0041       1 
0042       1 
0043       1 
0044       1 
0045       1 
0046       1 
0047       1 
0048       1 
0049       1 
0050       1 
0051       1 
0052       1 
0053       1 
0054       1 
0055       1 
0056       1 
0057       1 
0058       1 
0059       1 
0060       1 
0061       1 
0062       1 
0063       1 
0064       1 
0065       1 
0066       1 
0067       1 
0068       1 
0069       1 
0070       1 
0071       1 
0072       1 
0073       1 
0074       1 
0075       1 
0076       1 
0077       1 
0078       1 
0079       1 
0080       1 
0081       1 
0082       1 
0083       1 
0084       1 
0085       1 
0086       1 
0087       1 
0088       1 
0089       1 
0090       1 
0091       1 
0092       1 
0093       1 
0094       1 
0095       1 
0096       1 
0097       19929 
0098       19929 
0099       1 
0100       1 
0101       1 
0102       1 
0103       1 
0104       1 
0105       1 
0106       1 
0107       1 
0108       1 
0109       1 
0110       1 
0111       1 
0112       1 
0113       1 
0114       1 
0115       1 
0116       1 
0117       1 
0118       1 
0119       1 
0120       1 
0121       1 
0122       1 
0123       1 
0124       1 
0125       1 
0126       1 
0127       1 
0128       1 
0129       1 
0130       1 
0131       1 
0132       1 
0133       1 
0134       1 
0135       1 
0136       1 
0137       1 
0138       1 
0139       1 
0140       1 
0141       1 
0142       1 
0143       1 
0144       1 
0145       1 
0146       1 
0147       1 
0148       1 
0149       1 
0150       1 
0151       1 
0152       1 
0153       1 
0154       1 
0155       1 
0156       1 
0157       1 
0158       1 
0159       1 
0160       1 
0161       1 
0162       1 
0163       1 
0164       1 
0165       1 
0166       1 
0167       1 
0168       1 
0169       1 
0170       1 
0171       1 
0172       1 
0173       1 
0174       1 
0175       1 
0176       1 
0177       1 
0178       1 
0179       4582 
0180       4585 
0181       4585 
0182       4585 
0183       4582 
0184       4582 
0185       4582 
0186       4582 
0187       4580 
0188       4579 
0189       4579 
0190       4579 
0191       4575 
0192       4575 
0193       4574 
0194       4573 
0195       4572 
0196       4572 
0197       4572 
0198       4570 
0199       4570 
0200       4569 
0201       4569 
0202       4569 
0203       4569 
0204       4569 
0205       4564 
0206       4564 
0207       4564 
0208       4567 
0209       4568 
0210       4568 
0211       4568 
0212       4568 
0213       4568 
0214       4568 
0215       4565 
0216       4565 
0217       4564 
0218       4565 
0219       4569 
0220       4569 
0221       4569 
0222       4569 
0223       4569 
0224       4569 
0225       4579 
0226       4579 
0227       4582 
0228       4580 
0229       4580 
0230       4582 
0231       4582 
0232       4582 
0233       4590 
0234       4592 
0235       4592 
0236       4592 
0237       4595 
0238       4605 
0239       4605 
0240       4607 
0241       4620 
0242       4620 
0243       4620 
0244       4628 
0245       4630 
0246       4633 
0247       4634 
0248       4634 
0249       4643 
0250       4645 
0251       4651 
0252       4656 
0253       4656 
0254       4655 
0255       4651 
0256       4582 
0257       4413 
0258       4255 
0259       4107 
0260       3952 
0261       3839 
0262       3699 
0263       3593 
0264       3506 
0265       3376 
0266       3292 
0267       3192 
0268       3116 
0269       3048 
0270       2981 
0271       2919 
0272       2842 
0273       2807 
0274       2720 
0275       2659 
0276       2608 
0277       2564 
0278       2506 
0279       2458 
0280       2407 
0281       2367 
0282       2318 
0283       2280 
0284       2250 
0285       2220 
0286       2173 
0287       2129 
0288       2102 
0289       2063 
0290       2029 
0291       2000 
0292       1970 
0293       1935 
0294       1904 
0295       1876 
0296       1860 
0297       1834 
0298       1810 
0299       1771 
0300       1751 
0301       1714 
0302       1711 
0303       1682 
0304       1665 
0305       1642 
0306       1616 
0307       1602 
0308       1598 
0309       1560 
0310       1542 
0311       1535 
0312       1507 
0313       1488 
0314       1480 
0315       1456 
0316       1441 
0317       1426 
0318       1409 
0319       1393 
0320       1392 
0321       1374 
0322       1355 
0323       1334 
0324       1329 
0325       1310 
0326       1310 
0327       1307 
0328       1299 
0329       1285 
0330       1283 
0331       1271 
0332       1253 
0333       1243 
0334       1215 
0335       1210 
0336       1188 
0337       1185 
0338       1177 
0339       1163 
0340       1150 
0341       1141 
0342       1132 
0343       1123 
0344       1118 
0345       1106 
0346       1097 
0347       1085 
0348       1080 
0349       1069 
0350       1066 
0351       1048 
0352       1047 
0353       1046 
0354       1035 
0355       1019 
0356       1015 
0357       1002 
0358       1000 
0359       999 
0360       993 
0361       984 
0362       972 
0363       963 
0364       963 
0365       961 
0366       957 
0367       950 
0368       930 
0369       928 
0370       920 
0371       915 
0372       914 
0373       910 
0374       909 
0375       896 
0376       893 
0377       880 
0378       880 
0379       877 
0380       864 
0381       857 
0382       856 
0383       855 
0384       854 
0385       854 
0386       853 
0387       837 
0388       821 
0389       817 
0390       815 
0391       815 
0392       809 
0393       804 
0394       801 
0395       798 
0396       792 
0397       786 
0398       785 
0399       777 
0400       777 
0401       777 
0402       777 
0403       765 
0404       760 
0405       753 
0406       749 
0407       749 
0408       749 
0409       750 
0410       749 
0411       749 
0412       740 
0413       733 
0414       733 
0415       724 
0416       724 
0417       720 
0418       717 
0419       717 
0420       717 
0421       717 
0422       711 
0423       707 
0424       707 
0425       707 
0426       701 
0427       697 
0428       694 
0429       688 
0430       688 
0431       688 
0432       688 
0433       688 
0434       691 
0435       679 
0436       679 
0437       676 
0438       685 
0439       675 
0440       674 
0441       674 
0442       667 
0443       667 
0444       666 
0445       666 
0446       658 
0447       657 
0448       657 
0449       658 
0450       658 
0451       658 
0452       658 
0453       661 
0454       658 
0455       654 
0456       654 
0457       658 
0458       658 
0459       654 
0460       658 
0461       658 
0462       654 
0463       653 
0464       649 
0465       645 
0466       645 
0467       647 
0468       645 
0469       647 
0470       647 
0471       645 
0472       645 
0473       645 
0474       638 
0475       639 
0476       638 
0477       636 
0478       637 
0479       637 
0480       637 
0481       637 
0482       641 
0483       641 
0484       634 
0485       634 
0486       637 
0487       631 
0488       636 
0489       636 
0490       631 
0491       622 
0492       622 
0493       622 
0494       623 
0495       625 
0496       628 
0497       628 
0498       629 
0499       628 
0500       628 
0501       628 
0502       628 
0503       628 
0504       628 
0505       630 
0506       630 
0507       630 
0508       627 
0509       630 
0510       628 
0511       627 
0512       621 
0513       628 
0514       626 
0515       626 
0516       628 
0517       630 
0518       628 
0519       628 
0520       630 
0521       631 
0522       632 
0523       632 
0524       632 
0525       632 
0526       627 
0527       623 
0528       624 
0529       627 
0530       624 
0531       624 
0532       624 
0533       626 
0534       622 
0535       623 
0536       622 
0537       623 
0538       623 
0539       625 
0540       627 
0541       627 
0542       627 
0543       627 
0544       629 
0545       629 
0546       629 
0547       629 
0548       631 
0549       631 
0550       631 
0551       632 
0552       633 
0553       633 
0554       638 
0555       633 
0556       632 
0557       630 
0558       630 
0559       627 
0560       630 
0561       630 
0562       633 
0563       634 
0564       635 
0565       636 
0566       637 
0567       636 
0568       636 
0569       640 
0570       640 
0571       631 
0572       637 
0573       631 
0574       631 
0575       636 
0576       637 
0577       637 
0578       642 
0579       642 
0580       647 
0581       647 
0582       647 
0583       647 
0584       648 
0585       648 
0586       651 
0587       651 
0588       655 
0589       655 
0590       658 
0591       655 
0592       658 
0593       663 
0594       658 
0595       663 
0596       666 
0597       666 
0598       664 
0599       664 
0600       664 
0601       664 
0602       664 
0603       665 
0604       665 
0605       665 
0606       668 
0607       668 
0608       668 
0609       669 
0610       672 
0611       676 
0612       676 
0613       676 
0614       676 
0615       676 
0616       676 
0617       676 
0618       674 
0619       676 
0620       676 
0621       679 
0622       679 
0623       679 
0624       679 
0625       679 
0626       683 
0627       684 
0628       691 
0629       690 
0630       691 
0631       691 
0632       691 
0633       691 
0634       700 
0635       703 
0636       703 
0637       703 
0638       703 
0639       703 
0640       710 
0641       704 
0642       707 
0643       714 
0644       714 
0645       709 
0646       720 
0647       722 
0648       724 
0649       724 
0650       729 
0651       729 
0652       730 
0653       734 
0654       737 
0655       742 
0656       745 
0657       748 
0658       750 
0659       750 
0660       750 
0661       753 
0662       753 
0663       750 
0664       750 
0665       753 
0666       757 
0667       757 
0668       759 
0669       759 
0670       760 
0671       762 
0672       777 
0673       778 
0674       781 
0675       781 
0676       788 
0677       788 
0678       788 
0679       788 
0680       795 
0681       799 
0682       799 
0683       802 
0684       802 
0685       814 
0686       815 
0687       817 
0688       817 
0689       820 
0690       820 
0691       820 
0692       830 
0693       830 
0694       838 
0695       838 
0696       845 
0697       849 
0698       849 
0699       855 
0700       857 
0701       861 
0702       861 
0703       866 
0704       871 
0705       871 
0706       883 
0707       885 
0708       886 
0709       886 
0710       900 
0711       901 
0712       901 
0713       909 
0714       915 
0715       917 
0716       923 
0717       924 
0718       924 
0719       943 
0720       944 
0721       944 
0722       944 
0723       951 
0724       953 
0725       957 
0726       970 
0727       970 
0728       972 
0729       973 
0730       978 
0731       978 
0732       999 
0733       1005 
0734       1008 
0735       1017 
0736       1018 
0737       1022 
0738       1031 
0739       1046 
0740       1055 
0741       1056 
0742       1059 
0743       1068 
0744       1073 
0745       1074 
0746       1087 
0747       1103 
0748       1105 
0749       1105 
0750       1115 
0751       1116 
0752       1137 
0753       1141 
0754       1172 
0755       1180 
0756       1196 
0757       1200 
0758       1246 
0759       1252 
0760       1302 
0761       1407 
0762       1532 
0763       1580 
0764       1638 
0765       1679 
0766       1691 
0767       1699 
0768       1713 
0769       1719 
0770       1720 
0771       1726 
0772       1727 
0773       1754 
0774       1775 
0775       1809 
0776       1813 
0777       1821 
0778       1840 
0779       1842 
0780       1873 
0781       1897 
0782       1909 
0783       1909 
0784       1920 
0785       1949 
0786       1954 
0787       1978 
0788       1979 
0789       1985 
0790       1987 
0791       2031 
0792       2076 
0793       2095 
0794       2102 
0795       2123 
0796       2129 
0797       2138 
0798       2170 
0799       2181 
0800       2227 
0801       2232 
0802       2248 
0803       2274 
0804       2298 
0805       2338 
0806       2384 
0807       2388 
0808       2427 
0809       2453 
0810       2460 
0811       2492 
0812       2511 
0813       2525 
0814       2542 
0815       2570 
0816       2606 
0817       2643 
0818       2671 
0819       2725 
0820       2767 
0821       2796 
0822       2822 
0823       2864 
0824       2879 
0825       2915 
0826       2972 
0827       3020 
0828       3071 
0829       3122 
0830       3150 
0831       3196 
0832       3237 
0833       3290 
0834       3337 
0835       3337 
0836       3337 
0837       1632 
0838       1629 
0839       1624 
0840       1615 
0841       1601 
0842       1601 
0843       1601 
0844       1607 
0845       1607 
0846       1610 
0847       1612 
0848       1669 
0849       1680 
0850       1705 
0851       1724 
0852       1743 
0853       1762 
0854       1820 
0855       1865 
0856       1931 
0857       1932 
0858       1933 
0859       1971 
0860       2039 
0861       5514 
0862       5782 
0863       6012 
0864       6055 
0865       6429 
0866       6429 
0867       6565 
0868       7249 
0869       7483 
0870       7700 
0871       8103 
0872       8290 
0873       8344 
0874       8349 
0875       8349 
0876       2548 
0877       2548 
0878       2548 
0879       2531 
0880       2531 
0881       2558 
0882       2558 
0883       15519 
0884       15519 
0885       15529 
0886       15512 
0887       2795 
0888       2795 
0889       2795 
0890       2950 
0891       2987 
0892       3014 
0893       3038 
0894       3038 
0895       3038 
0896       3030 
0897       1 
0898       1 
0899       1 
0900       1 
0901       1 
0902       1 
0903       1 
0904       1 
0905       1 
0906       1 
0907       1 
0908       4041 
0909       4382 
0910       4504 
0911       4527 
0912       4532 
0913       4527 
0914       4504 
0915       1 
0916       1 
0917       1 
0918       1 
0919       6019 
0920       6026 
0921       6026 
0922       6057 
0923       6057 
0924       1 
0925       1 
0926       1 
0927       1 
0928       1 
0929       1 
0930       1 
0931       1 
0932       1 
0933       1 
0934       1 
0935       1 
0936       1 
0937       1 
0938       1 
0939       1 
0940       1 
0941       1 
0942       1 
0943       1 
0944       1 
0945       1 
0946       1 
0947       1 
0948       1 
0949       1 
0950       1 
0951       1 
0952       1 
0953       1 
0954       1 
0955       1 
0956       1 
0957       1 
0958       1 
0959       1 
0960       1 
0961       1 
0962       1 
0963       1 
0964       1 
0965       1 
0966       1 
0967       1 
0968       1 
0969       1 
0970       1 
0971       1 
0972       1 
0973       1 
0974       1 
0975       1 
0976       1 
0977       1 
0978       1 
0979       1 
0980       1 
0981       1 
0982       1 
0983       1 
0984       1 
0985       1 
0986       1 
0987       1 
0988       1 
0989       1 
0990       1 
0991       1 
0992       1 
0993       1 
0994       1 
0995       1 
0996       1 
0997       1 
0998       1 
0999       1 
1000       1 
1001       1 
1002       1 
1003       1 
1004       1 
1005       1 
1006       1 
1007       4 
1008       48 
1009       52 
1010       53 
1011       69 
1012       69 
1013       69 
1014       45 
1015       44 
1016       44 
1017       45 
1018       55 
1019       55 
1020       55 
1021       55 
1022       55 
1023       62 
1024       62 
1025       62 
1026       62 
1027       65 
1028       64 
1029       64 
1030       64 
1031       47 
1032       47 
1033       47 
1034       56 
1035       57 
1036       64 
1037       64 
1038       64 
1039       66 
1040       68 
1041       68 
1042       68 
1043       68 
1044       68 
1045       69 
1046       68 
1047       69 
1048       69 
1049       68 
1050       68 
1051       66 
1052       64 
1053       66 
1054       70 
1055       66 
1056       62 
1057       70 
1058       61 
1059       61 
1060       61 
1061       61 
1062       61 
1063       64 
1064       66 
1065       64 
1066       64 
1067       64 
1068       64 
1069       64 
1070       63 
1071       63 
1072       69 
1073       69 
1074       71 
1075       72 
1076       72 
1077       71 
1078       70 
1079       68 
1297966709.199771
