0000       1 
0001       1 
0002       1 
0003       1 
0004       1 
0005       1 
0006       1 
0007       1 
0008       1 
0009       1 
0010       1 
0011       1 
0012       1 
0013       1 
0014       1 
0015       1 
0016       1 
0017       1 
0018       1 
0019       1 
0020       1 
0021       1 
0022       1 
0023       1 
0024       1 
0025       1 
0026       1 
0027       1 
0028       1 
0029       1 
0030       1 
0031       1 
0032       1 
0033       1 
0034       1 
0035       1 
0036       1 
0037       1 
0038       1 
0039       1 
0040       1 
0041       1 
0042       1 
0043       1 
0044       1 
0045       1 
0046       1 
0047       1 
0048       1 
0049       1 
0050       1 
0051       1 
0052       1 
0053       1 
0054       1 
0055       1 
0056       1 
0057       1 
0058       1 
0059       1 
0060       1 
0061       1 
0062       1 
0063       1 
0064       1 
0065       1 
0066       1 
0067       1 
0068       1 
0069       1 
0070       1 
0071       1 
0072       1 
0073       1 
0074       1 
0075       1 
0076       1 
0077       1 
0078       1 
0079       1 
0080       1 
0081       1 
0082       1 
0083       1 
0084       1 
0085       1 
0086       1 
0087       1 
0088       1 
0089       1 
0090       1 
0091       1 
0092       1 
0093       1 
0094       1 
0095       1 
0096       1 
0097       1 
0098       1 
0099       1 
0100       1 
0101       1 
0102       1 
0103       1 
0104       1 
0105       1 
0106       1 
0107       1 
0108       1 
0109       1 
0110       1 
0111       1 
0112       1 
0113       1 
0114       1 
0115       1 
0116       1 
0117       1 
0118       1 
0119       1 
0120       1 
0121       1 
0122       1 
0123       1 
0124       1 
0125       1 
0126       1 
0127       1 
0128       1 
0129       1 
0130       1 
0131       1 
0132       1 
0133       1 
0134       1 
0135       1 
0136       1 
0137       1 
0138       1 
0139       30652 
0140       30652 
0141       30652 
0142       30634 
0143       30617 
0144       30617 
0145       30604 
0146       24910 
0147       24938 
0148       24910 
0149       24893 
0150       24890 
0151       24890 
0152       24877 
0153       24854 
0154       24843 
0155       24843 
0156       24845 
0157       24845 
0158       24830 
0159       24610 
0160       24610 
0161       24616 
0162       24616 
0163       24620 
0164       24647 
0165       24807 
0166       24809 
0167       24825 
0168       24825 
0169       24816 
0170       24779 
0171       24772 
0172       24765 
0173       24770 
0174       24770 
0175       24770 
0176       24700 
0177       24602 
0178       24602 
0179       24611 
0180       24613 
0181       24615 
0182       24632 
0183       24653 
0184       24653 
0185       1 
0186       1 
0187       1 
0188       24653 
0189       24653 
0190       24120 
0191       1 
0192       24120 
0193       24681 
0194       24783 
0195       24884 
0196       24925 
0197       24944 
0198       24952 
0199       24964 
0200       24964 
0201       24970 
0202       24970 
0203       24987 
0204       25022 
0205       25022 
0206       25008 
0207       24946 
0208       24946 
0209       24960 
0210       24967 
0211       24977 
0212       25007 
0213       25051 
0214       25051 
0215       25051 
0216       25065 
0217       25084 
0218       25153 
0219       25175 
0220       25175 
0221       25185 
0222       25250 
0223       25284 
0224       25358 
0225       25477 
0226       25477 
0227       22502 
0228       22475 
0229       22502 
0230       22531 
0231       22545 
0232       22591 
0233       22607 
0234       22624 
0235       22630 
0236       22675 
0237       22693 
0238       22693 
0239       1 
0240       1 
0241       1 
0242       1 
0243       1 
0244       1 
0245       1 
0246       1 
0247       1 
0248       1 
0249       1 
0250       1 
0251       1 
0252       18880 
0253       18942 
0254       18970 
0255       18981 
0256       19020 
0257       19052 
0258       19082 
0259       19135 
0260       19167 
0261       19170 
0262       19240 
0263       19247 
0264       19284 
0265       19328 
0266       19375 
0267       19398 
0268       19462 
0269       19524 
0270       19542 
0271       19586 
0272       19586 
0273       19262 
0274       1 
0275       1 
0276       1 
0277       1 
0278       1 
0279       1 
0280       1 
0281       1 
0282       1 
0283       1 
0284       1 
0285       1 
0286       1 
0287       1 
0288       17514 
0289       17514 
0290       1 
0291       1 
0292       1 
0293       1 
0294       1 
0295       1 
0296       1 
0297       1 
0298       1 
0299       1 
0300       1 
0301       1 
0302       1 
0303       1 
0304       1 
0305       1 
0306       1 
0307       1 
0308       1 
0309       1 
0310       1 
0311       1 
0312       1 
0313       14164 
0314       14164 
0315       14085 
0316       14058 
0317       13950 
0318       13860 
0319       13783 
0320       13657 
0321       13524 
0322       13524 
0323       13429 
0324       13143 
0325       1 
0326       1 
0327       1 
0328       9643 
0329       9643 
0330       9644 
0331       9643 
0332       9606 
0333       9590 
0334       9581 
0335       9558 
0336       9542 
0337       9492 
0338       9401 
0339       9314 
0340       9298 
0341       9246 
0342       9205 
0343       9175 
0344       9084 
0345       9033 
0346       9027 
0347       9005 
0348       8954 
0349       8916 
0350       8832 
0351       8781 
0352       8778 
0353       8746 
0354       8730 
0355       8682 
0356       8607 
0357       8558 
0358       8531 
0359       8508 
0360       8476 
0361       8463 
0362       8402 
0363       8346 
0364       8323 
0365       8319 
0366       8282 
0367       8258 
0368       8228 
0369       8180 
0370       8121 
0371       8087 
0372       8074 
0373       8052 
0374       8017 
0375       7995 
0376       7968 
0377       7903 
0378       7875 
0379       7857 
0380       7854 
0381       7816 
0382       7809 
0383       7766 
0384       7741 
0385       7687 
0386       7667 
0387       7658 
0388       7637 
0389       7617 
0390       7585 
0391       7572 
0392       7539 
0393       7481 
0394       7466 
0395       7457 
0396       7448 
0397       7430 
0398       7399 
0399       7378 
0400       7311 
0401       7249 
0402       7249 
0403       7251 
0404       7286 
0405       7374 
0406       7446 
0407       7506 
0408       7572 
0409       7620 
0410       7693 
0411       7767 
0412       7815 
0413       7867 
0414       7933 
0415       8001 
0416       8073 
0417       8134 
0418       8204 
0419       8267 
0420       8341 
0421       8410 
0422       8481 
0423       8558 
0424       8619 
0425       8697 
0426       8772 
0427       8860 
0428       8942 
0429       9029 
0430       9106 
0431       9136 
0432       9136 
0433       9112 
0434       9094 
0435       9112 
0436       9110 
0437       9110 
0438       9088 
0439       9083 
0440       9063 
0441       9025 
0442       9022 
0443       9022 
0444       8996 
0445       8989 
0446       8989 
0447       8965 
0448       8946 
0449       8937 
0450       8904 
0451       8903 
0452       8891 
0453       8887 
0454       8854 
0455       8851 
0456       8829 
0457       8825 
0458       8814 
0459       8809 
0460       8803 
0461       8777 
0462       8761 
0463       8759 
0464       8754 
0465       8720 
0466       8718 
0467       8706 
0468       8699 
0469       8690 
0470       8673 
0471       8658 
0472       8658 
0473       8658 
0474       8643 
0475       8622 
0476       8619 
0477       8611 
0478       8609 
0479       8580 
0480       8575 
0481       8575 
0482       8565 
0483       8555 
0484       8540 
0485       8540 
0486       8545 
0487       8545 
0488       8524 
0489       8505 
0490       8505 
0491       8501 
0492       8485 
0493       8482 
0494       8470 
0495       8470 
0496       8464 
0497       8463 
0498       8452 
0499       8452 
0500       8451 
0501       8451 
0502       8439 
0503       8434 
0504       8414 
0505       8414 
0506       8431 
0507       8431 
0508       8424 
0509       8404 
0510       8404 
0511       8404 
0512       8410 
0513       8407 
0514       8407 
0515       8396 
0516       8380 
0517       8380 
0518       8385 
0519       8385 
0520       8380 
0521       8380 
0522       8380 
0523       8385 
0524       8369 
0525       8369 
0526       8369 
0527       8374 
0528       8374 
0529       8374 
0530       8374 
0531       8369 
0532       8369 
0533       8374 
0534       8376 
0535       8374 
0536       8380 
0537       8377 
0538       8377 
0539       8371 
0540       8371 
0541       8393 
0542       8393 
0543       8398 
0544       8367 
0545       8370 
0546       8370 
0547       8378 
0548       8378 
0549       8378 
0550       8401 
0551       8401 
0552       8392 
0553       8392 
0554       8397 
0555       8412 
0556       8412 
0557       8412 
0558       8414 
0559       8414 
0560       8414 
0561       8437 
0562       8449 
0563       8451 
0564       8459 
0565       8482 
0566       8482 
0567       8482 
0568       8482 
0569       8486 
0570       8486 
0571       8471 
0572       8363 
0573       8122 
0574       7965 
0575       7851 
0576       7709 
0577       7510 
0578       7370 
0579       7228 
0580       7075 
0581       6930 
0582       6826 
0583       6700 
0584       6582 
0585       6458 
0586       6335 
0587       6230 
0588       6133 
0589       5990 
0590       5651 
0591       5541 
0592       5535 
0593       5541 
0594       5550 
0595       5564 
0596       5564 
0597       5564 
0598       5581 
0599       5581 
0600       5581 
0601       5580 
0602       5581 
0603       5607 
0604       5631 
0605       5632 
0606       5636 
0607       5656 
0608       5657 
0609       5663 
0610       5673 
0611       5681 
0612       5701 
0613       5701 
0614       5700 
0615       5691 
0616       5691 
0617       5715 
0618       5753 
0619       5756 
0620       5772 
0621       5777 
0622       5781 
0623       5781 
0624       5785 
0625       5800 
0626       5815 
0627       5825 
0628       5827 
0629       5849 
0630       5861 
0631       5877 
0632       5905 
0633       5919 
0634       5922 
0635       5925 
0636       5946 
0637       5958 
0638       5958 
0639       5963 
0640       5978 
0641       5982 
0642       5997 
0643       6026 
0644       6047 
0645       6068 
0646       6083 
0647       6088 
0648       6088 
0649       6088 
0650       6100 
0651       6125 
0652       6125 
0653       6164 
0654       6171 
0655       6197 
0656       6219 
0657       6224 
0658       6246 
0659       6249 
0660       6285 
0661       6285 
0662       6286 
0663       6320 
0664       6343 
0665       6356 
0666       6386 
0667       6408 
0668       6415 
0669       6438 
0670       6459 
0671       6460 
0672       6474 
0673       6505 
0674       6534 
0675       6544 
0676       6569 
0677       6602 
0678       6616 
0679       6633 
0680       6646 
0681       6652 
0682       6681 
0683       6727 
0684       6748 
0685       6772 
0686       6789 
0687       6821 
0688       6835 
0689       6865 
0690       6865 
0691       6865 
0692       6919 
0693       6958 
0694       6990 
0695       6994 
0696       7040 
0697       7061 
0698       7064 
0699       7083 
0700       7152 
0701       7169 
0702       7199 
0703       7234 
0704       7243 
0705       7275 
0706       7288 
0707       7296 
0708       7346 
0709       7403 
0710       7416 
0711       7460 
0712       7481 
0713       7526 
0714       7533 
0715       7565 
0716       7622 
0717       7640 
0718       7669 
0719       7722 
0720       7757 
0721       7759 
0722       7788 
0723       7869 
0724       7891 
0725       7930 
0726       7957 
0727       7989 
0728       8018 
0729       8074 
0730       8077 
0731       8101 
0732       8152 
0733       8193 
0734       8208 
0735       8208 
0736       8167 
0737       1 
0738       1 
0739       1 
0740       1 
0741       1 
0742       1 
0743       1 
0744       1 
0745       1 
0746       1 
0747       1 
0748       1 
0749       1 
0750       1 
0751       1 
0752       1 
0753       1 
0754       1 
0755       1 
0756       1 
0757       1 
0758       7646 
0759       7646 
0760       1 
0761       1 
0762       1 
0763       3708 
0764       3752 
0765       3754 
0766       3756 
0767       3793 
0768       3803 
0769       3808 
0770       3851 
0771       3856 
0772       3892 
0773       3895 
0774       3904 
0775       3923 
0776       3970 
0777       3972 
0778       3985 
0779       4019 
0780       4043 
0781       4043 
0782       4043 
0783       4014 
0784       3957 
0785       3602 
0786       3485 
0787       3404 
0788       3404 
0789       3404 
0790       3408 
0791       3414 
0792       3453 
0793       3458 
0794       3483 
0795       3490 
0796       3502 
0797       3541 
0798       3579 
0799       3587 
0800       3615 
0801       3626 
0802       3662 
0803       3692 
0804       3707 
0805       3717 
0806       3790 
0807       3799 
0808       3833 
0809       3866 
0810       3942 
0811       3956 
0812       3991 
0813       4023 
0814       4070 
0815       4109 
0816       4177 
0817       4211 
0818       4267 
0819       4296 
0820       4362 
0821       4410 
0822       4479 
0823       4534 
0824       4611 
0825       4691 
0826       4782 
0827       4901 
0828       4962 
0829       5062 
0830       5162 
0831       5266 
0832       5367 
0833       7530 
0834       7530 
0835       7530 
0836       7525 
0837       7525 
0838       7506 
0839       7493 
0840       7482 
0841       7469 
0842       7461 
0843       7445 
0844       7441 
0845       7428 
0846       7407 
0847       7393 
0848       7385 
0849       7343 
0850       7342 
0851       7337 
0852       7337 
0853       7301 
0854       7168 
0855       7168 
0856       7168 
0857       7189 
0858       7234 
0859       7350 
0860       7350 
0861       7368 
0862       7368 
0863       7382 
0864       7396 
0865       7430 
0866       7396 
0867       1 
0868       1 
0869       1 
0870       1 
0871       7429 
0872       7429 
0873       7429 
0874       7475 
0875       7487 
0876       7487 
0877       7460 
0878       7425 
0879       7392 
0880       7392 
0881       7376 
0882       7393 
0883       7379 
0884       7399 
0885       7394 
0886       7399 
0887       7394 
0888       1 
0889       1 
0890       1 
0891       1 
0892       1 
0893       1 
0894       1 
0895       1 
0896       1 
0897       1 
0898       1 
0899       1 
0900       1 
0901       1 
0902       1 
0903       1 
0904       1 
0905       1 
0906       1 
0907       1 
0908       1 
0909       1 
0910       1 
0911       1 
0912       1 
0913       1 
0914       1 
0915       1 
0916       1 
0917       1 
0918       1 
0919       1 
0920       1 
0921       1 
0922       1 
0923       1 
0924       1 
0925       1 
0926       1 
0927       1 
0928       1 
0929       1 
0930       1 
0931       1 
0932       1 
0933       1 
0934       1 
0935       1 
0936       1 
0937       1 
0938       1 
0939       1 
0940       1 
0941       1 
0942       1 
0943       1 
0944       1 
0945       1 
0946       1 
0947       1 
0948       1 
0949       1 
0950       1 
0951       1 
0952       1 
0953       1 
0954       1 
0955       1 
0956       1 
0957       1 
0958       1 
0959       1 
0960       1 
0961       1 
0962       1 
0963       1 
0964       1 
0965       1 
0966       1 
0967       1 
0968       1 
0969       1 
0970       1 
0971       1 
0972       1 
0973       1 
0974       1 
0975       1 
0976       1 
0977       1 
0978       1 
0979       1 
0980       1 
0981       1 
0982       1 
0983       1 
0984       1 
0985       1 
0986       1 
0987       1 
0988       1 
0989       1 
0990       1 
0991       1 
0992       1 
0993       1 
0994       1 
0995       1 
0996       1 
0997       1 
0998       1 
0999       1 
1000       1 
1001       1 
1002       1 
1003       1 
1004       1 
1005       1 
1006       4 
1007       4 
1008       4 
1009       4 
1010       4 
1011       53 
1012       53 
1013       53 
1014       53 
1015       53 
1016       49 
1017       47 
1018       47 
1019       47 
1020       47 
1021       63 
1022       68 
1023       68 
1024       64 
1025       63 
1026       64 
1027       63 
1028       62 
1029       62 
1030       56 
1031       56 
1032       56 
1033       57 
1034       61 
1035       68 
1036       68 
1037       69 
1038       71 
1039       72 
1040       74 
1041       74 
1042       72 
1043       70 
1044       65 
1045       65 
1046       65 
1047       62 
1048       62 
1049       64 
1050       64 
1051       68 
1052       68 
1053       68 
1054       68 
1055       66 
1056       66 
1057       67 
1058       67 
1059       65 
1060       65 
1061       65 
1062       60 
1063       60 
1064       60 
1065       62 
1066       60 
1067       57 
1068       60 
1069       60 
1070       57 
1071       60 
1072       60 
1073       66 
1074       64 
1075       65 
1076       65 
1077       65 
1078       64 
1079       59 
1297966669.073852
