0000       1 
0001       1 
0002       1 
0003       1 
0004       1 
0005       1 
0006       1 
0007       1 
0008       1 
0009       1 
0010       1 
0011       1 
0012       1 
0013       1 
0014       1 
0015       1 
0016       1 
0017       1 
0018       1 
0019       1 
0020       1 
0021       1 
0022       1 
0023       1 
0024       1 
0025       1 
0026       1 
0027       1 
0028       1 
0029       1 
0030       1 
0031       1 
0032       1 
0033       1 
0034       1 
0035       1 
0036       1 
0037       1 
0038       1 
0039       1 
0040       1 
0041       1 
0042       1 
0043       1 
0044       1 
0045       1 
0046       1 
0047       1 
0048       1 
0049       1 
0050       1 
0051       1 
0052       1 
0053       1 
0054       1 
0055       1 
0056       1 
0057       1 
0058       1 
0059       1 
0060       1 
0061       1 
0062       1 
0063       1 
0064       1 
0065       1 
0066       1 
0067       1 
0068       1 
0069       1 
0070       1 
0071       1 
0072       1 
0073       1 
0074       1 
0075       1 
0076       1 
0077       1 
0078       1 
0079       1 
0080       1 
0081       1 
0082       1 
0083       1 
0084       1 
0085       1 
0086       1 
0087       1 
0088       1 
0089       1 
0090       1 
0091       1 
0092       1 
0093       1 
0094       1 
0095       1 
0096       1 
0097       1 
0098       1 
0099       1 
0100       1 
0101       1 
0102       1 
0103       1 
0104       1 
0105       1 
0106       1 
0107       1 
0108       1 
0109       1 
0110       1 
0111       1 
0112       1 
0113       1 
0114       1 
0115       1 
0116       1 
0117       1 
0118       1 
0119       1 
0120       1 
0121       1 
0122       1 
0123       1 
0124       1 
0125       1 
0126       1 
0127       1 
0128       1 
0129       1 
0130       1 
0131       1 
0132       1 
0133       1 
0134       1 
0135       1 
0136       1 
0137       1 
0138       1 
0139       1 
0140       1 
0141       1 
0142       1 
0143       1 
0144       1 
0145       1 
0146       1 
0147       1 
0148       1 
0149       1 
0150       1 
0151       1 
0152       1 
0153       1 
0154       1 
0155       1 
0156       1 
0157       1 
0158       1 
0159       1 
0160       1 
0161       1 
0162       1 
0163       1 
0164       1 
0165       1 
0166       1 
0167       1 
0168       1 
0169       1 
0170       1 
0171       1 
0172       1 
0173       1 
0174       1 
0175       1 
0176       1 
0177       1 
0178       1 
0179       1 
0180       1 
0181       1 
0182       1 
0183       1 
0184       1 
0185       1 
0186       1 
0187       1 
0188       1 
0189       1 
0190       1 
0191       1 
0192       1 
0193       1 
0194       1 
0195       1 
0196       1 
0197       1 
0198       1 
0199       1 
0200       1 
0201       1 
0202       1 
0203       1 
0204       1 
0205       1 
0206       1 
0207       1 
0208       1 
0209       1 
0210       1 
0211       1 
0212       1 
0213       1 
0214       1 
0215       1 
0216       1 
0217       1 
0218       1 
0219       1 
0220       1 
0221       1 
0222       1 
0223       1 
0224       1 
0225       1 
0226       1 
0227       1 
0228       1 
0229       1 
0230       1 
0231       1 
0232       1 
0233       1 
0234       1 
0235       1 
0236       1 
0237       1 
0238       1 
0239       1 
0240       1 
0241       1 
0242       1 
0243       1 
0244       1 
0245       1 
0246       1 
0247       1 
0248       1 
0249       1 
0250       1 
0251       1 
0252       1 
0253       1 
0254       1 
0255       1 
0256       1 
0257       1 
0258       1 
0259       1 
0260       1 
0261       1 
0262       1 
0263       17059 
0264       17101 
0265       17101 
0266       17011 
0267       16915 
0268       16766 
0269       1 
0270       1 
0271       1 
0272       1 
0273       1 
0274       1 
0275       1 
0276       1 
0277       13991 
0278       13991 
0279       14006 
0280       14037 
0281       14099 
0282       14136 
0283       14168 
0284       14178 
0285       14213 
0286       14218 
0287       14248 
0288       14269 
0289       14281 
0290       14295 
0291       14317 
0292       14361 
0293       14488 
0294       14488 
0295       1 
0296       1 
0297       1 
0298       1 
0299       1 
0300       1 
0301       1 
0302       1 
0303       1 
0304       1 
0305       1 
0306       1 
0307       1 
0308       1 
0309       1 
0310       1 
0311       1 
0312       1 
0313       1 
0314       1 
0315       1 
0316       1 
0317       1 
0318       1 
0319       1 
0320       1 
0321       1 
0322       1 
0323       13132 
0324       13132 
0325       13011 
0326       12978 
0327       12841 
0328       12841 
0329       12840 
0330       12826 
0331       12798 
0332       12685 
0333       12584 
0334       12583 
0335       12517 
0336       12517 
0337       12517 
0338       12490 
0339       12490 
0340       12587 
0341       12589 
0342       12618 
0343       12625 
0344       12618 
0345       12625 
0346       12622 
0347       12669 
0348       12669 
0349       13776 
0350       13776 
0351       13732 
0352       13637 
0353       13606 
0354       13507 
0355       13492 
0356       13420 
0357       11398 
0358       11316 
0359       11201 
0360       11181 
0361       11138 
0362       11117 
0363       11064 
0364       10965 
0365       10857 
0366       10845 
0367       10812 
0368       10812 
0369       10796 
0370       10830 
0371       10890 
0372       10929 
0373       11052 
0374       11052 
0375       11007 
0376       11007 
0377       11007 
0378       10930 
0379       11017 
0380       11482 
0381       11846 
0382       11877 
0383       11877 
0384       11836 
0385       11778 
0386       11747 
0387       11699 
0388       11650 
0389       11609 
0390       11556 
0391       11528 
0392       11467 
0393       11409 
0394       11364 
0395       11298 
0396       11259 
0397       11231 
0398       11189 
0399       11161 
0400       11102 
0401       11086 
0402       11072 
0403       11006 
0404       10964 
0405       10945 
0406       10909 
0407       10875 
0408       10817 
0409       10786 
0410       10759 
0411       10730 
0412       10706 
0413       10668 
0414       10625 
0415       10603 
0416       10558 
0417       10522 
0418       10484 
0419       10466 
0420       10425 
0421       10418 
0422       10372 
0423       10351 
0424       10307 
0425       10279 
0426       10256 
0427       10228 
0428       10189 
0429       10165 
0430       10162 
0431       10118 
0432       10091 
0433       10065 
0434       10029 
0435       10002 
0436       9980 
0437       9947 
0438       9922 
0439       9903 
0440       9876 
0441       9859 
0442       9814 
0443       9800 
0444       9763 
0445       9751 
0446       9732 
0447       9706 
0448       8166 
0449       8156 
0450       8128 
0451       8076 
0452       8033 
0453       8020 
0454       7976 
0455       7934 
0456       7893 
0457       7868 
0458       7855 
0459       7842 
0460       7831 
0461       7817 
0462       7816 
0463       7804 
0464       7771 
0465       7771 
0466       7784 
0467       7784 
0468       7771 
0469       7771 
0470       7781 
0471       7802 
0472       7802 
0473       7802 
0474       7818 
0475       7856 
0476       7916 
0477       8065 
0478       8209 
0479       8209 
0480       7132 
0481       7132 
0482       7184 
0483       7258 
0484       7258 
0485       7078 
0486       6919 
0487       6919 
0488       7030 
0489       7143 
0490       7143 
0491       7050 
0492       6918 
0493       6918 
0494       6980 
0495       7035 
0496       7038 
0497       7038 
0498       7038 
0499       7014 
0500       7014 
0501       7031 
0502       7100 
0503       7141 
0504       7158 
0505       7161 
0506       7182 
0507       7182 
0508       7164 
0509       7049 
0510       6979 
0511       6979 
0512       6984 
0513       7001 
0514       7015 
0515       7015 
0516       6973 
0517       6948 
0518       6948 
0519       7005 
0520       7046 
0521       7116 
0522       7120 
0523       7122 
0524       7127 
0525       7267 
0526       7519 
0527       7519 
0528       7462 
0529       7323 
0530       7208 
0531       7144 
0532       7144 
0533       7183 
0534       7249 
0535       7268 
0536       7268 
0537       7222 
0538       7191 
0539       7191 
0540       7197 
0541       7197 
0542       7165 
0543       7165 
0544       7177 
0545       7227 
0546       7241 
0547       7257 
0548       7328 
0549       7685 
0550       7521 
0551       7521 
0552       7521 
0553       7582 
0554       7627 
0555       7641 
0556       8140 
0557       8609 
0558       8630 
0559       8632 
0560       8635 
0561       8654 
0562       8655 
0563       8655 
0564       8655 
0565       8664 
0566       8669 
0567       8669 
0568       8666 
0569       8657 
0570       8666 
0571       8671 
0572       8671 
0573       8667 
0574       8667 
0575       8674 
0576       8679 
0577       8679 
0578       8684 
0579       8686 
0580       8692 
0581       8692 
0582       8706 
0583       8706 
0584       8705 
0585       8705 
0586       8721 
0587       8730 
0588       8740 
0589       8743 
0590       8748 
0591       8748 
0592       8753 
0593       8770 
0594       8778 
0595       8770 
0596       8783 
0597       8783 
0598       8791 
0599       8794 
0600       8808 
0601       8824 
0602       8825 
0603       8844 
0604       8844 
0605       8828 
0606       8828 
0607       8849 
0608       8849 
0609       8860 
0610       8861 
0611       8864 
0612       8863 
0613       8863 
0614       8832 
0615       8664 
0616       8492 
0617       8481 
0618       8447 
0619       8222 
0620       7965 
0621       7891 
0622       7856 
0623       7846 
0624       7798 
0625       7770 
0626       7727 
0627       7727 
0628       7723 
0629       7732 
0630       7725 
0631       7744 
0632       7750 
0633       7756 
0634       7756 
0635       7756 
0636       7754 
0637       7741 
0638       7741 
0639       7744 
0640       7746 
0641       7746 
0642       7757 
0643       7796 
0644       7829 
0645       7863 
0646       7877 
0647       7917 
0648       8000 
0649       8040 
0650       8055 
0651       8130 
0652       8203 
0653       9248 
0654       9248 
0655       9244 
0656       9235 
0657       9206 
0658       9202 
0659       9177 
0660       9151 
0661       9140 
0662       9151 
0663       9220 
0664       9224 
0665       9355 
0666       9449 
0667       9452 
0668       9452 
0669       9451 
0670       8858 
0671       8806 
0672       8784 
0673       8784 
0674       8806 
0675       8863 
0676       8863 
0677       8799 
0678       8526 
0679       8468 
0680       8440 
0681       8440 
0682       8449 
0683       8473 
0684       8450 
0685       8450 
0686       8408 
0687       8408 
0688       8431 
0689       8433 
0690       8433 
0691       8476 
0692       8494 
0693       8512 
0694       8558 
0695       8568 
0696       8630 
0697       8651 
0698       8695 
0699       8772 
0700       8829 
0701       8877 
0702       8911 
0703       9036 
0704       9036 
0705       9252 
0706       10557 
0707       10557 
0708       10607 
0709       10521 
0710       10607 
0711       10709 
0712       10709 
0713       10681 
0714       10681 
0715       10660 
0716       10660 
0717       10613 
0718       10569 
0719       10462 
0720       10445 
0721       10445 
0722       11439 
0723       11518 
0724       11518 
0725       11329 
0726       11268 
0727       11198 
0728       11134 
0729       11091 
0730       11036 
0731       11006 
0732       10951 
0733       10892 
0734       10856 
0735       10797 
0736       10766 
0737       10703 
0738       10663 
0739       10620 
0740       10564 
0741       10518 
0742       10475 
0743       10433 
0744       10411 
0745       10399 
0746       10399 
0747       10422 
0748       10447 
0749       10466 
0750       10466 
0751       10466 
0752       10562 
0753       12698 
0754       12698 
0755       10195 
0756       10169 
0757       10132 
0758       10081 
0759       10048 
0760       9993 
0761       9980 
0762       9950 
0763       9902 
0764       9877 
0765       9849 
0766       9798 
0767       9771 
0768       9692 
0769       9450 
0770       9409 
0771       9358 
0772       9338 
0773       9307 
0774       9272 
0775       9244 
0776       9239 
0777       9185 
0778       9148 
0779       9136 
0780       9117 
0781       9091 
0782       9064 
0783       9049 
0784       9012 
0785       8985 
0786       8958 
0787       8937 
0788       8908 
0789       8872 
0790       8868 
0791       8823 
0792       8805 
0793       8778 
0794       8769 
0795       8755 
0796       8722 
0797       8693 
0798       8667 
0799       8653 
0800       8646 
0801       8624 
0802       8596 
0803       8577 
0804       8549 
0805       8530 
0806       8519 
0807       8495 
0808       8479 
0809       8479 
0810       8489 
0811       8516 
0812       8517 
0813       8589 
0814       8606 
0815       8609 
0816       8628 
0817       8638 
0818       10603 
0819       10603 
0820       10569 
0821       10550 
0822       10532 
0823       10515 
0824       10501 
0825       10500 
0826       10464 
0827       10442 
0828       10430 
0829       10410 
0830       10400 
0831       10400 
0832       10470 
0833       10537 
0834       10537 
0835       10521 
0836       10509 
0837       10491 
0838       10470 
0839       10444 
0840       10420 
0841       10411 
0842       10406 
0843       8205 
0844       7993 
0845       7936 
0846       7910 
0847       7906 
0848       7884 
0849       7874 
0850       7861 
0851       7854 
0852       7846 
0853       7834 
0854       7833 
0855       7812 
0856       7801 
0857       7793 
0858       7774 
0859       7774 
0860       7816 
0861       7948 
0862       7954 
0863       7960 
0864       7960 
0865       7932 
0866       7930 
0867       7918 
0868       7916 
0869       7896 
0870       7893 
0871       7896 
0872       7887 
0873       7877 
0874       7877 
0875       7877 
0876       7883 
0877       9854 
0878       9873 
0879       9854 
0880       9810 
0881       9585 
0882       9585 
0883       9578 
0884       9638 
0885       9638 
0886       9844 
0887       9844 
0888       1 
0889       1 
0890       1 
0891       1 
0892       1 
0893       1 
0894       1 
0895       1 
0896       1 
0897       1 
0898       1 
0899       1 
0900       1 
0901       1 
0902       1 
0903       1 
0904       1 
0905       1 
0906       1 
0907       1 
0908       1 
0909       1 
0910       1 
0911       1 
0912       1 
0913       1 
0914       1 
0915       1 
0916       1 
0917       1 
0918       1 
0919       1 
0920       1 
0921       1 
0922       1 
0923       1 
0924       1 
0925       1 
0926       1 
0927       1 
0928       1 
0929       1 
0930       1 
0931       1 
0932       1 
0933       1 
0934       1 
0935       1 
0936       1 
0937       1 
0938       1 
0939       1 
0940       1 
0941       1 
0942       1 
0943       1 
0944       1 
0945       1 
0946       1 
0947       1 
0948       1 
0949       1 
0950       1 
0951       1 
0952       1 
0953       1 
0954       1 
0955       1 
0956       1 
0957       1 
0958       1 
0959       1 
0960       1 
0961       1 
0962       1 
0963       1 
0964       1 
0965       1 
0966       1 
0967       1 
0968       1 
0969       1 
0970       1 
0971       1 
0972       1 
0973       1 
0974       1 
0975       1 
0976       1 
0977       1 
0978       1 
0979       1 
0980       1 
0981       1 
0982       1 
0983       1 
0984       1 
0985       1 
0986       1 
0987       1 
0988       1 
0989       1 
0990       1 
0991       1 
0992       1 
0993       1 
0994       1 
0995       1 
0996       1 
0997       1 
0998       1 
0999       1 
1000       1 
1001       1 
1002       1 
1003       1 
1004       1 
1005       1 
1006       4 
1007       4 
1008       4 
1009       4 
1010       45 
1011       45 
1012       45 
1013       45 
1014       4 
1015       4 
1016       4 
1017       45 
1018       48 
1019       54 
1020       54 
1021       54 
1022       59 
1023       62 
1024       65 
1025       65 
1026       70 
1027       70 
1028       70 
1029       61 
1030       56 
1031       56 
1032       56 
1033       63 
1034       63 
1035       63 
1036       61 
1037       61 
1038       61 
1039       66 
1040       70 
1041       70 
1042       70 
1043       70 
1044       70 
1045       63 
1046       69 
1047       63 
1048       62 
1049       63 
1050       69 
1051       71 
1052       71 
1053       72 
1054       73 
1055       73 
1056       66 
1057       64 
1058       64 
1059       64 
1060       64 
1061       64 
1062       64 
1063       64 
1064       62 
1065       61 
1066       61 
1067       62 
1068       62 
1069       69 
1070       69 
1071       67 
1072       69 
1073       71 
1074       68 
1075       68 
1076       68 
1077       64 
1078       64 
1079       60 
1297966693.623935
