0000       1 
0001       1 
0002       1 
0003       1 
0004       1 
0005       1 
0006       1 
0007       1 
0008       1 
0009       1 
0010       1 
0011       1 
0012       1 
0013       1 
0014       1 
0015       1 
0016       1 
0017       1 
0018       1 
0019       1 
0020       1 
0021       1 
0022       1 
0023       1 
0024       1 
0025       1 
0026       1 
0027       1 
0028       1 
0029       1 
0030       1 
0031       1 
0032       1 
0033       1 
0034       1 
0035       1 
0036       1 
0037       1 
0038       1 
0039       1 
0040       1 
0041       1 
0042       1 
0043       1 
0044       1 
0045       1 
0046       1 
0047       1 
0048       1 
0049       1 
0050       1 
0051       1 
0052       1 
0053       1 
0054       1 
0055       1 
0056       1 
0057       1 
0058       1 
0059       1 
0060       1 
0061       1 
0062       1 
0063       1 
0064       1 
0065       1 
0066       1 
0067       1 
0068       1 
0069       1 
0070       1 
0071       1 
0072       1 
0073       1 
0074       1 
0075       1 
0076       1 
0077       1 
0078       1 
0079       1 
0080       1 
0081       1 
0082       1 
0083       1 
0084       1 
0085       1 
0086       1 
0087       1 
0088       1 
0089       1 
0090       1 
0091       1 
0092       1 
0093       1 
0094       1 
0095       1 
0096       1 
0097       1 
0098       1 
0099       1 
0100       1 
0101       1 
0102       1 
0103       1 
0104       1 
0105       1 
0106       1 
0107       1 
0108       1 
0109       1 
0110       1 
0111       1 
0112       1 
0113       1 
0114       1 
0115       1 
0116       1 
0117       1 
0118       1 
0119       1 
0120       1 
0121       1 
0122       1 
0123       1 
0124       1 
0125       1 
0126       1 
0127       1 
0128       1 
0129       1 
0130       1 
0131       1 
0132       1 
0133       1 
0134       1 
0135       1 
0136       1 
0137       1 
0138       1 
0139       1 
0140       1 
0141       1 
0142       1 
0143       1 
0144       1 
0145       1 
0146       1 
0147       1 
0148       1 
0149       1 
0150       1 
0151       1 
0152       1 
0153       1 
0154       1 
0155       1 
0156       1 
0157       1 
0158       1 
0159       1 
0160       1 
0161       1 
0162       1 
0163       1 
0164       1 
0165       1 
0166       1 
0167       1 
0168       1 
0169       1 
0170       1 
0171       1 
0172       1 
0173       1 
0174       1 
0175       1 
0176       1 
0177       1 
0178       1 
0179       1 
0180       1 
0181       1 
0182       1 
0183       1 
0184       1 
0185       1 
0186       1 
0187       1 
0188       1 
0189       1 
0190       1 
0191       1 
0192       1 
0193       1 
0194       1 
0195       1 
0196       1 
0197       1 
0198       1 
0199       1 
0200       1 
0201       1 
0202       1 
0203       1 
0204       1 
0205       1 
0206       1 
0207       1 
0208       1 
0209       1 
0210       1 
0211       1 
0212       1 
0213       1 
0214       1 
0215       1 
0216       1 
0217       1 
0218       1 
0219       1 
0220       1 
0221       1 
0222       1 
0223       1 
0224       1 
0225       1 
0226       1 
0227       1 
0228       1 
0229       1 
0230       1 
0231       1 
0232       1 
0233       1 
0234       1 
0235       1 
0236       1 
0237       1 
0238       1 
0239       1 
0240       1 
0241       1 
0242       1 
0243       1 
0244       1 
0245       1 
0246       1 
0247       1 
0248       1 
0249       1 
0250       1 
0251       1 
0252       1 
0253       1 
0254       1 
0255       1 
0256       1 
0257       1 
0258       1 
0259       1 
0260       1 
0261       1 
0262       1 
0263       1 
0264       1 
0265       1 
0266       1 
0267       1 
0268       1 
0269       1 
0270       1 
0271       1 
0272       1 
0273       1 
0274       1 
0275       1 
0276       1 
0277       1 
0278       1 
0279       1 
0280       1 
0281       1 
0282       1 
0283       1 
0284       1 
0285       1 
0286       1 
0287       1 
0288       1 
0289       1 
0290       1 
0291       1 
0292       1 
0293       1 
0294       1 
0295       1 
0296       1 
0297       1 
0298       1 
0299       1 
0300       1 
0301       1 
0302       1 
0303       1 
0304       1 
0305       1 
0306       1 
0307       1 
0308       1 
0309       1 
0310       1 
0311       1 
0312       1 
0313       1 
0314       1 
0315       1 
0316       1 
0317       1 
0318       1 
0319       1 
0320       1 
0321       1 
0322       1 
0323       1 
0324       1 
0325       1 
0326       1 
0327       1 
0328       1 
0329       1 
0330       1 
0331       1 
0332       1 
0333       1 
0334       4675 
0335       4675 
0336       4675 
0337       4671 
0338       4662 
0339       4658 
0340       4645 
0341       4643 
0342       4642 
0343       4630 
0344       4621 
0345       4610 
0346       4606 
0347       4603 
0348       4599 
0349       4592 
0350       4589 
0351       4587 
0352       4587 
0353       4584 
0354       4583 
0355       4573 
0356       4569 
0357       4558 
0358       4556 
0359       4553 
0360       4542 
0361       4542 
0362       4540 
0363       4531 
0364       4531 
0365       4528 
0366       4528 
0367       4528 
0368       4510 
0369       4508 
0370       4506 
0371       4505 
0372       4504 
0373       4504 
0374       4504 
0375       4500 
0376       4493 
0377       4489 
0378       4484 
0379       4482 
0380       4482 
0381       4479 
0382       4466 
0383       4466 
0384       4465 
0385       4465 
0386       4465 
0387       4469 
0388       4463 
0389       4469 
0390       4463 
0391       4462 
0392       4462 
0393       4459 
0394       4459 
0395       4459 
0396       4459 
0397       4457 
0398       4459 
0399       4458 
0400       4458 
0401       4458 
0402       4458 
0403       4458 
0404       4450 
0405       4450 
0406       4450 
0407       4454 
0408       4456 
0409       4456 
0410       4454 
0411       4456 
0412       4459 
0413       4453 
0414       4456 
0415       4456 
0416       4456 
0417       4456 
0418       4460 
0419       4460 
0420       4463 
0421       4463 
0422       4463 
0423       4460 
0424       4460 
0425       4460 
0426       4460 
0427       4466 
0428       4469 
0429       4469 
0430       4469 
0431       4473 
0432       4478 
0433       4478 
0434       4478 
0435       4485 
0436       4487 
0437       4491 
0438       4491 
0439       4491 
0440       4496 
0441       4498 
0442       4498 
0443       4512 
0444       4512 
0445       4517 
0446       4517 
0447       4517 
0448       4520 
0449       4522 
0450       4526 
0451       4526 
0452       4539 
0453       4539 
0454       4540 
0455       4542 
0456       4551 
0457       4561 
0458       4569 
0459       4569 
0460       4571 
0461       4571 
0462       4581 
0463       4587 
0464       4592 
0465       4592 
0466       4592 
0467       4605 
0468       4606 
0469       4616 
0470       4617 
0471       4624 
0472       4633 
0473       4638 
0474       4638 
0475       4644 
0476       4645 
0477       4667 
0478       4667 
0479       4668 
0480       4668 
0481       4683 
0482       4688 
0483       4700 
0484       4703 
0485       4707 
0486       4716 
0487       4720 
0488       4730 
0489       4735 
0490       4736 
0491       4737 
0492       4753 
0493       4774 
0494       4779 
0495       4792 
0496       4793 
0497       4798 
0498       4807 
0499       4810 
0500       4817 
0501       4828 
0502       4839 
0503       4842 
0504       4854 
0505       4862 
0506       4884 
0507       4896 
0508       4902 
0509       4907 
0510       4918 
0511       4926 
0512       4933 
0513       4941 
0514       4960 
0515       4979 
0516       4984 
0517       4994 
0518       5004 
0519       5018 
0520       5027 
0521       5040 
0522       5044 
0523       5076 
0524       5080 
0525       5085 
0526       5102 
0527       5112 
0528       5135 
0529       5136 
0530       5163 
0531       5170 
0532       5181 
0533       5183 
0534       5199 
0535       5223 
0536       5232 
0537       5249 
0538       5264 
0539       5266 
0540       5286 
0541       5311 
0542       5321 
0543       5338 
0544       5353 
0545       5356 
0546       5381 
0547       5393 
0548       5411 
0549       5427 
0550       5442 
0551       5476 
0552       5485 
0553       5500 
0554       5501 
0555       5541 
0556       5554 
0557       5564 
0558       5588 
0559       5616 
0560       5634 
0561       5647 
0562       5665 
0563       5674 
0564       5716 
0565       5732 
0566       5753 
0567       5779 
0568       5786 
0569       5795 
0570       5825 
0571       5867 
0572       5874 
0573       5902 
0574       5914 
0575       5930 
0576       5974 
0577       6005 
0578       6018 
0579       6060 
0580       6074 
0581       6104 
0582       6146 
0583       6180 
0584       6231 
0585       6255 
0586       6301 
0587       6369 
0588       6417 
0589       6473 
0590       6505 
0591       6528 
0592       6574 
0593       6620 
0594       6676 
0595       6709 
0596       6743 
0597       6801 
0598       6825 
0599       6875 
0600       6913 
0601       6956 
0602       6967 
0603       7017 
0604       7050 
0605       7086 
0606       7135 
0607       7187 
0608       7212 
0609       7235 
0610       7270 
0611       7313 
0612       7336 
0613       7428 
0614       7428 
0615       1 
0616       1 
0617       1 
0618       1 
0619       8073 
0620       8090 
0621       8100 
0622       8090 
0623       8028 
0624       7953 
0625       7953 
0626       7996 
0627       8004 
0628       8013 
0629       8013 
0630       8002 
0631       8002 
0632       8003 
0633       8012 
0634       8105 
0635       8155 
0636       8155 
0637       1 
0638       1 
0639       1 
0640       1 
0641       1 
0642       1 
0643       1 
0644       1 
0645       1 
0646       1 
0647       1 
0648       9365 
0649       9385 
0650       9385 
0651       9398 
0652       9398 
0653       9364 
0654       9364 
0655       9382 
0656       9418 
0657       9452 
0658       9452 
0659       9409 
0660       9384 
0661       9381 
0662       9362 
0663       9330 
0664       9325 
0665       9309 
0666       9294 
0667       9294 
0668       9290 
0669       8807 
0670       8701 
0671       8701 
0672       8760 
0673       8773 
0674       8773 
0675       8670 
0676       8566 
0677       8527 
0678       7882 
0679       7672 
0680       7671 
0681       7672 
0682       7671 
0683       7661 
0684       7561 
0685       7559 
0686       7545 
0687       7539 
0688       7458 
0689       7458 
0690       7448 
0691       7448 
0692       7408 
0693       7405 
0694       7364 
0695       7364 
0696       7388 
0697       7391 
0698       7433 
0699       7433 
0700       7408 
0701       7401 
0702       7388 
0703       7350 
0704       7350 
0705       7350 
0706       7350 
0707       7292 
0708       7292 
0709       7297 
0710       7298 
0711       7306 
0712       7307 
0713       7306 
0714       7319 
0715       7323 
0716       7388 
0717       7388 
0718       7369 
0719       7369 
0720       7812 
0721       8581 
0722       8575 
0723       8575 
0724       8567 
0725       8552 
0726       8544 
0727       8543 
0728       8542 
0729       8542 
0730       8521 
0731       8521 
0732       8521 
0733       8501 
0734       8501 
0735       8497 
0736       8486 
0737       8479 
0738       8482 
0739       8478 
0740       8471 
0741       8462 
0742       8460 
0743       8459 
0744       8446 
0745       8454 
0746       8444 
0747       8436 
0748       8434 
0749       8434 
0750       8433 
0751       8433 
0752       8433 
0753       8423 
0754       8423 
0755       8423 
0756       8420 
0757       8405 
0758       8404 
0759       8401 
0760       8401 
0761       8401 
0762       8393 
0763       8393 
0764       8393 
0765       8392 
0766       8392 
0767       8392 
0768       8398 
0769       8398 
0770       8395 
0771       8395 
0772       8395 
0773       8399 
0774       8400 
0775       8399 
0776       8408 
0777       8399 
0778       8409 
0779       8406 
0780       8409 
0781       8410 
0782       8414 
0783       8421 
0784       8421 
0785       8421 
0786       8419 
0787       8419 
0788       8425 
0789       8427 
0790       8428 
0791       8434 
0792       8434 
0793       8454 
0794       8460 
0795       8463 
0796       8465 
0797       8472 
0798       8476 
0799       8482 
0800       8484 
0801       8501 
0802       8501 
0803       8503 
0804       8503 
0805       8513 
0806       8535 
0807       8541 
0808       8552 
0809       8552 
0810       8558 
0811       8558 
0812       8565 
0813       8562 
0814       8565 
0815       8591 
0816       8599 
0817       8601 
0818       8616 
0819       8626 
0820       8634 
0821       8640 
0822       8658 
0823       8659 
0824       8665 
0825       8682 
0826       8692 
0827       8700 
0828       8718 
0829       8724 
0830       8726 
0831       8736 
0832       8739 
0833       8771 
0834       8786 
0835       8797 
0836       8802 
0837       8819 
0838       8819 
0839       8830 
0840       8846 
0841       8854 
0842       8862 
0843       8886 
0844       8887 
0845       8905 
0846       8919 
0847       8949 
0848       8955 
0849       8971 
0850       8972 
0851       8988 
0852       9008 
0853       9035 
0854       9037 
0855       9056 
0856       9082 
0857       9092 
0858       9109 
0859       9113 
0860       9135 
0861       9149 
0862       9170 
0863       9201 
0864       9201 
0865       9182 
0866       9103 
0867       9103 
0868       9056 
0869       9056 
0870       8852 
0871       8844 
0872       8823 
0873       8821 
0874       8778 
0875       8758 
0876       8778 
0877       8773 
0878       8820 
0879       8803 
0880       8803 
0881       8803 
0882       8820 
0883       8820 
0884       8769 
0885       8769 
0886       8786 
0887       8797 
0888       8819 
0889       8843 
0890       9037 
0891       9037 
0892       9044 
0893       9114 
0894       9386 
0895       9890 
0896       9895 
0897       9928 
0898       9944 
0899       9990 
0900       10005 
0901       10041 
0902       10063 
0903       10088 
0904       10114 
0905       10159 
0906       10183 
0907       10217 
0908       10221 
0909       10272 
0910       10280 
0911       10348 
0912       10350 
0913       10367 
0914       10392 
0915       10428 
0916       10463 
0917       10499 
0918       10538 
0919       10569 
0920       10593 
0921       10617 
0922       10657 
0923       10711 
0924       10731 
0925       10799 
0926       10810 
0927       10860 
0928       10885 
0929       10938 
0930       10950 
0931       11002 
0932       11032 
0933       11052 
0934       11095 
0935       11143 
0936       11180 
0937       11212 
0938       11261 
0939       11277 
0940       11277 
0941       11255 
0942       11191 
0943       11160 
0944       11053 
0945       10996 
0946       10941 
0947       10881 
0948       10852 
0949       10783 
0950       10743 
0951       1 
0952       1 
0953       1 
0954       1 
0955       1 
0956       1 
0957       1 
0958       1 
0959       1 
0960       1 
0961       1 
0962       1 
0963       1 
0964       1 
0965       1 
0966       1 
0967       1 
0968       1 
0969       1 
0970       1 
0971       1 
0972       1 
0973       1 
0974       1 
0975       1 
0976       1 
0977       1 
0978       1 
0979       1 
0980       1 
0981       1 
0982       1 
0983       1 
0984       1 
0985       1 
0986       1 
0987       1 
0988       1 
0989       1 
0990       1 
0991       1 
0992       1 
0993       1 
0994       1 
0995       1 
0996       1 
0997       1 
0998       1 
0999       15223 
1000       15223 
1001       15181 
1002       15150 
1003       15091 
1004       15042 
1005       15002 
1006       56 
1007       42 
1008       42 
1009       42 
1010       50 
1011       58 
1012       58 
1013       50 
1014       55 
1015       50 
1016       50 
1017       55 
1018       55 
1019       55 
1020       60 
1021       55 
1022       60 
1023       60 
1024       60 
1025       69 
1026       69 
1027       69 
1028       67 
1029       57 
1030       57 
1031       57 
1032       57 
1033       57 
1034       57 
1035       65 
1036       69 
1037       70 
1038       70 
1039       75 
1040       75 
1041       75 
1042       69 
1043       69 
1044       69 
1045       69 
1046       73 
1047       73 
1048       73 
1049       68 
1050       63 
1051       59 
1052       59 
1053       59 
1054       69 
1055       69 
1056       71 
1057       71 
1058       70 
1059       70 
1060       70 
1061       68 
1062       70 
1063       74 
1064       68 
1065       74 
1066       74 
1067       70 
1068       68 
1069       68 
1070       68 
1071       70 
1072       72 
1073       72 
1074       72 
1075       70 
1076       67 
1077       64 
1078       64 
1079       63 
1297966715.742855
