0000       1 
0001       1 
0002       1 
0003       1 
0004       1 
0005       1 
0006       1 
0007       1 
0008       1 
0009       1 
0010       1 
0011       1 
0012       1 
0013       1 
0014       1 
0015       1 
0016       1 
0017       1 
0018       1 
0019       1 
0020       1 
0021       1 
0022       1 
0023       1 
0024       1 
0025       1 
0026       1 
0027       1 
0028       1 
0029       1 
0030       1 
0031       1 
0032       1 
0033       1 
0034       1 
0035       1 
0036       1 
0037       1 
0038       1 
0039       1 
0040       1 
0041       1 
0042       1 
0043       1 
0044       1 
0045       1 
0046       1 
0047       1 
0048       1 
0049       1 
0050       1 
0051       1 
0052       1 
0053       1 
0054       1 
0055       1 
0056       1 
0057       1 
0058       1 
0059       1 
0060       1 
0061       1 
0062       1 
0063       4708 
0064       4711 
0065       4711 
0066       4711 
0067       4697 
0068       4691 
0069       4685 
0070       4674 
0071       4671 
0072       4669 
0073       4665 
0074       4663 
0075       4660 
0076       4649 
0077       4629 
0078       4629 
0079       4627 
0080       4624 
0081       4624 
0082       4620 
0083       4612 
0084       4612 
0085       4604 
0086       4604 
0087       4599 
0088       4594 
0089       4586 
0090       4584 
0091       4580 
0092       4579 
0093       4574 
0094       4567 
0095       4567 
0096       4565 
0097       4563 
0098       4562 
0099       4560 
0100       4555 
0101       4548 
0102       4543 
0103       4539 
0104       4539 
0105       4536 
0106       4535 
0107       4529 
0108       4527 
0109       4527 
0110       4522 
0111       4522 
0112       4522 
0113       4515 
0114       4522 
0115       4518 
0116       4518 
0117       4518 
0118       4518 
0119       4511 
0120       4511 
0121       4502 
0122       4502 
0123       4500 
0124       4500 
0125       4502 
0126       4500 
0127       4500 
0128       4500 
0129       4503 
0130       4500 
0131       4502 
0132       4499 
0133       4502 
0134       4502 
0135       4502 
0136       4499 
0137       4511 
0138       4495 
0139       4495 
0140       4502 
0141       4502 
0142       4501 
0143       4502 
0144       4501 
0145       4501 
0146       4500 
0147       4503 
0148       4503 
0149       4508 
0150       4508 
0151       4513 
0152       4513 
0153       4513 
0154       4513 
0155       4516 
0156       4515 
0157       4515 
0158       4516 
0159       4516 
0160       4522 
0161       4523 
0162       4530 
0163       4532 
0164       4533 
0165       4539 
0166       4539 
0167       4546 
0168       4551 
0169       4556 
0170       4556 
0171       4556 
0172       4556 
0173       4566 
0174       4570 
0175       4570 
0176       4568 
0177       4568 
0178       4574 
0179       4586 
0180       4587 
0181       4591 
0182       4604 
0183       4604 
0184       4605 
0185       4607 
0186       4611 
0187       4614 
0188       4625 
0189       4625 
0190       4626 
0191       4627 
0192       4632 
0193       4633 
0194       4653 
0195       4657 
0196       4660 
0197       4660 
0198       4664 
0199       4675 
0200       4684 
0201       4695 
0202       4697 
0203       4697 
0204       4708 
0205       4709 
0206       4720 
0207       4724 
0208       4733 
0209       4733 
0210       4747 
0211       4750 
0212       4763 
0213       4767 
0214       4772 
0215       4775 
0216       4782 
0217       4795 
0218       4801 
0219       4814 
0220       4818 
0221       4822 
0222       4838 
0223       4846 
0224       4857 
0225       4858 
0226       4866 
0227       4869 
0228       4885 
0229       4893 
0230       4897 
0231       4905 
0232       4937 
0233       4943 
0234       4945 
0235       4948 
0236       4961 
0237       4972 
0238       4976 
0239       5000 
0240       5003 
0241       5010 
0242       5035 
0243       5045 
0244       5050 
0245       5071 
0246       5077 
0247       5082 
0248       5086 
0249       5097 
0250       5121 
0251       5138 
0252       5143 
0253       5158 
0254       5170 
0255       5186 
0256       5187 
0257       5195 
0258       5226 
0259       5230 
0260       5245 
0261       5266 
0262       5268 
0263       5289 
0264       5300 
0265       5327 
0266       5330 
0267       5346 
0268       5361 
0269       5377 
0270       5393 
0271       5417 
0272       5427 
0273       5439 
0274       5454 
0275       5478 
0276       5500 
0277       5506 
0278       5522 
0279       5537 
0280       5570 
0281       5583 
0282       5597 
0283       5609 
0284       5633 
0285       5654 
0286       5673 
0287       5688 
0288       5708 
0289       5733 
0290       5755 
0291       5768 
0292       5788 
0293       5807 
0294       5825 
0295       5847 
0296       5873 
0297       5903 
0298       5927 
0299       5935 
0300       5959 
0301       5968 
0302       6004 
0303       6030 
0304       6056 
0305       6073 
0306       6100 
0307       6129 
0308       6168 
0309       6173 
0310       6193 
0311       6216 
0312       6253 
0313       6284 
0314       6309 
0315       6325 
0316       6360 
0317       6387 
0318       6426 
0319       6452 
0320       6477 
0321       6500 
0322       6518 
0323       6562 
0324       6598 
0325       6625 
0326       6649 
0327       6703 
0328       6720 
0329       6753 
0330       6805 
0331       6826 
0332       6879 
0333       6891 
0334       6945 
0335       6984 
0336       7020 
0337       7062 
0338       7084 
0339       7125 
0340       7190 
0341       7206 
0342       7238 
0343       7301 
0344       7341 
0345       7381 
0346       7436 
0347       7462 
0348       7497 
0349       7544 
0350       7588 
0351       7669 
0352       7693 
0353       7742 
0354       7778 
0355       7834 
0356       7875 
0357       7937 
0358       7981 
0359       8044 
0360       8085 
0361       8157 
0362       8170 
0363       8243 
0364       8258 
0365       8258 
0366       8209 
0367       8180 
0368       8180 
0369       8154 
0370       8154 
0371       8154 
0372       8153 
0373       8037 
0374       8029 
0375       8029 
0376       8098 
0377       8106 
0378       8144 
0379       8232 
0380       8261 
0381       8399 
0382       8451 
0383       8525 
0384       8711 
0385       9113 
0386       9482 
0387       9482 
0388       9476 
0389       9453 
0390       9433 
0391       9419 
0392       9368 
0393       9349 
0394       9338 
0395       9295 
0396       7881 
0397       7786 
0398       7765 
0399       7714 
0400       7665 
0401       7611 
0402       7611 
0403       7618 
0404       7618 
0405       7631 
0406       7631 
0407       7632 
0408       7632 
0409       7432 
0410       7423 
0411       7400 
0412       7400 
0413       7390 
0414       7393 
0415       7393 
0416       7415 
0417       7415 
0418       7305 
0419       7282 
0420       7278 
0421       7275 
0422       7275 
0423       7275 
0424       7302 
0425       7313 
0426       7313 
0427       7254 
0428       7254 
0429       7264 
0430       7264 
0431       7224 
0432       7224 
0433       7217 
0434       7226 
0435       7223 
0436       7223 
0437       7223 
0438       7171 
0439       7171 
0440       7151 
0441       7146 
0442       7146 
0443       7195 
0444       7208 
0445       7235 
0446       7293 
0447       7314 
0448       7368 
0449       7413 
0450       7451 
0451       8166 
0452       8527 
0453       8527 
0454       8527 
0455       8513 
0456       8513 
0457       8508 
0458       8504 
0459       8488 
0460       8487 
0461       8487 
0462       8483 
0463       8469 
0464       8466 
0465       8455 
0466       8455 
0467       8453 
0468       8449 
0469       8435 
0470       8440 
0471       8436 
0472       8436 
0473       8422 
0474       8411 
0475       8406 
0476       8406 
0477       8403 
0478       8390 
0479       8379 
0480       8390 
0481       8389 
0482       8394 
0483       8389 
0484       8389 
0485       8389 
0486       8389 
0487       8382 
0488       8376 
0489       8371 
0490       8371 
0491       8367 
0492       8367 
0493       8365 
0494       8361 
0495       8361 
0496       8374 
0497       8381 
0498       8383 
0499       8387 
0500       8387 
0501       8387 
0502       8393 
0503       8394 
0504       8394 
0505       8409 
0506       8422 
0507       8409 
0508       8414 
0509       8414 
0510       8418 
0511       8424 
0512       8434 
0513       8434 
0514       8434 
0515       8437 
0516       8446 
0517       8446 
0518       8453 
0519       8454 
0520       8457 
0521       8457 
0522       8466 
0523       8471 
0524       8471 
0525       8471 
0526       8489 
0527       8497 
0528       8504 
0529       8513 
0530       8523 
0531       8527 
0532       8532 
0533       8540 
0534       8550 
0535       8550 
0536       8550 
0537       8558 
0538       8572 
0539       8591 
0540       8600 
0541       8609 
0542       8609 
0543       8609 
0544       8621 
0545       8633 
0546       8635 
0547       8650 
0548       8651 
0549       8662 
0550       8665 
0551       8667 
0552       8682 
0553       8684 
0554       8690 
0555       8714 
0556       8727 
0557       8742 
0558       8749 
0559       8764 
0560       8772 
0561       8774 
0562       8778 
0563       8808 
0564       8812 
0565       8815 
0566       8830 
0567       8837 
0568       8862 
0569       8868 
0570       8870 
0571       8883 
0572       8908 
0573       8918 
0574       8923 
0575       8928 
0576       8941 
0577       8945 
0578       8961 
0579       8961 
0580       8977 
0581       8977 
0582       8980 
0583       8998 
0584       9003 
0585       9003 
0586       8973 
0587       8973 
0588       9019 
0589       9019 
0590       9019 
0591       8959 
0592       8881 
0593       8814 
0594       8814 
0595       8813 
0596       8813 
0597       8673 
0598       8609 
0599       8609 
0600       8625 
0601       8629 
0602       8655 
0603       8682 
0604       8682 
0605       8631 
0606       8631 
0607       8709 
0608       8781 
0609       8791 
0610       8809 
0611       8812 
0612       8809 
0613       8812 
0614       8825 
0615       8887 
0616       8887 
0617       8869 
0618       8846 
0619       8732 
0620       8723 
0621       8723 
0622       8734 
0623       8734 
0624       8734 
0625       8735 
0626       10038 
0627       10049 
0628       10049 
0629       10055 
0630       10076 
0631       10099 
0632       10132 
0633       10143 
0634       10180 
0635       10260 
0636       10278 
0637       10278 
0638       10273 
0639       10273 
0640       10282 
0641       10375 
0642       10453 
0643       10485 
0644       10526 
0645       10557 
0646       10605 
0647       10639 
0648       10660 
0649       10732 
0650       10740 
0651       10772 
0652       10815 
0653       10858 
0654       10894 
0655       10948 
0656       10985 
0657       11029 
0658       11070 
0659       11125 
0660       11157 
0661       11158 
0662       11249 
0663       11309 
0664       11337 
0665       11376 
0666       11449 
0667       11488 
0668       11506 
0669       11586 
0670       11620 
0671       11688 
0672       11732 
0673       11769 
0674       11832 
0675       11869 
0676       11925 
0677       11991 
0678       12019 
0679       12090 
0680       12140 
0681       12201 
0682       12236 
0683       12243 
0684       12282 
0685       12313 
0686       12356 
0687       12436 
0688       12545 
0689       12597 
0690       12681 
0691       12681 
0692       12811 
0693       12657 
0694       12928 
0695       13064 
0696       13132 
0697       13197 
0698       13274 
0699       13361 
0700       13451 
0701       13515 
0702       13559 
0703       13627 
0704       13708 
0705       13783 
0706       13866 
0707       13951 
0708       14041 
0709       14139 
0710       14202 
0711       14308 
0712       14387 
0713       14453 
0714       14564 
0715       14636 
0716       14753 
0717       14802 
0718       14893 
0719       14993 
0720       15088 
0721       15215 
0722       15305 
0723       15411 
0724       15588 
0725       15778 
0726       15883 
0727       15962 
0728       15962 
0729       15767 
0730       15713 
0731       15684 
0732       15642 
0733       15590 
0734       15546 
0735       15514 
0736       15484 
0737       15438 
0738       15400 
0739       15365 
0740       15321 
0741       15293 
0742       15275 
0743       15215 
0744       15182 
0745       15144 
0746       15144 
0747       15159 
0748       15227 
0749       15228 
0750       15227 
0751       15227 
0752       1 
0753       15010 
0754       15010 
0755       15010 
0756       14990 
0757       14927 
0758       14923 
0759       14909 
0760       14862 
0761       14828 
0762       14822 
0763       14769 
0764       14741 
0765       14542 
0766       14499 
0767       14443 
0768       14442 
0769       14407 
0770       14368 
0771       14365 
0772       14334 
0773       14284 
0774       14282 
0775       14280 
0776       14249 
0777       14215 
0778       14179 
0779       14175 
0780       14151 
0781       14142 
0782       14105 
0783       14093 
0784       14067 
0785       14067 
0786       14036 
0787       14014 
0788       13982 
0789       13971 
0790       13942 
0791       13930 
0792       13922 
0793       13922 
0794       13937 
0795       13994 
0796       14055 
0797       14067 
0798       14067 
0799       14042 
0800       14023 
0801       14018 
0802       13990 
0803       13988 
0804       13978 
0805       13968 
0806       13931 
0807       13921 
0808       13931 
0809       13909 
0810       13909 
0811       13905 
0812       13895 
0813       13880 
0814       13856 
0815       13752 
0816       13607 
0817       13565 
0818       13555 
0819       13539 
0820       13536 
0821       13531 
0822       13526 
0823       13501 
0824       13501 
0825       13529 
0826       13659 
0827       13672 
0828       13668 
0829       13668 
0830       13668 
0831       13649 
0832       13649 
0833       13622 
0834       13622 
0835       15616 
0836       15616 
0837       1 
0838       1 
0839       1 
0840       1 
0841       1 
0842       1 
0843       1 
0844       1 
0845       1 
0846       1 
0847       1 
0848       1 
0849       1 
0850       1 
0851       1 
0852       1 
0853       1 
0854       1 
0855       1 
0856       1 
0857       1 
0858       1 
0859       1 
0860       1 
0861       1 
0862       1 
0863       1 
0864       1 
0865       1 
0866       1 
0867       1 
0868       1 
0869       1 
0870       1 
0871       1 
0872       1 
0873       1 
0874       1 
0875       1 
0876       1 
0877       1 
0878       1 
0879       1 
0880       1 
0881       1 
0882       1 
0883       1 
0884       1 
0885       1 
0886       1 
0887       1 
0888       1 
0889       1 
0890       1 
0891       1 
0892       1 
0893       1 
0894       1 
0895       1 
0896       1 
0897       1 
0898       1 
0899       1 
0900       1 
0901       1 
0902       1 
0903       1 
0904       1 
0905       1 
0906       1 
0907       1 
0908       1 
0909       1 
0910       1 
0911       1 
0912       1 
0913       1 
0914       1 
0915       1 
0916       1 
0917       1 
0918       1 
0919       1 
0920       1 
0921       1 
0922       1 
0923       1 
0924       1 
0925       1 
0926       1 
0927       1 
0928       1 
0929       1 
0930       1 
0931       1 
0932       1 
0933       1 
0934       1 
0935       1 
0936       1 
0937       1 
0938       1 
0939       1 
0940       1 
0941       1 
0942       1 
0943       1 
0944       1 
0945       1 
0946       1 
0947       1 
0948       1 
0949       1 
0950       1 
0951       1 
0952       1 
0953       1 
0954       1 
0955       1 
0956       1 
0957       1 
0958       1 
0959       1 
0960       1 
0961       1 
0962       1 
0963       1 
0964       1 
0965       1 
0966       1 
0967       1 
0968       1 
0969       1 
0970       1 
0971       1 
0972       1 
0973       1 
0974       1 
0975       1 
0976       1 
0977       1 
0978       1 
0979       1 
0980       1 
0981       1 
0982       1 
0983       1 
0984       1 
0985       1 
0986       1 
0987       1 
0988       1 
0989       1 
0990       1 
0991       1 
0992       1 
0993       1 
0994       1 
0995       1 
0996       1 
0997       1 
0998       1 
0999       1 
1000       1 
1001       1 
1002       1 
1003       1 
1004       1 
1005       1 
1006       1 
1007       4 
1008       4 
1009       4 
1010       4 
1011       46 
1012       41 
1013       41 
1014       49 
1015       49 
1016       54 
1017       54 
1018       54 
1019       54 
1020       54 
1021       48 
1022       48 
1023       44 
1024       48 
1025       58 
1026       62 
1027       66 
1028       66 
1029       66 
1030       47 
1031       47 
1032       47 
1033       55 
1034       57 
1035       60 
1036       62 
1037       66 
1038       62 
1039       68 
1040       68 
1041       65 
1042       65 
1043       68 
1044       65 
1045       67 
1046       67 
1047       65 
1048       64 
1049       64 
1050       64 
1051       64 
1052       64 
1053       63 
1054       63 
1055       63 
1056       64 
1057       71 
1058       71 
1059       71 
1060       71 
1061       70 
1062       70 
1063       69 
1064       69 
1065       69 
1066       67 
1067       57 
1068       57 
1069       57 
1070       69 
1071       69 
1072       69 
1073       69 
1074       69 
1075       69 
1076       69 
1077       69 
1078       69 
1079       61 
1297966718.407179
