0000       1 
0001       1 
0002       1 
0003       1 
0004       1 
0005       1 
0006       1 
0007       1 
0008       1 
0009       1 
0010       1 
0011       1 
0012       1 
0013       1 
0014       1 
0015       1 
0016       1 
0017       1 
0018       1 
0019       1 
0020       1 
0021       1 
0022       1 
0023       1 
0024       1 
0025       1 
0026       1 
0027       1 
0028       1 
0029       1 
0030       1 
0031       1 
0032       1 
0033       1 
0034       1 
0035       1 
0036       1 
0037       1 
0038       1 
0039       1 
0040       1 
0041       1 
0042       1 
0043       1 
0044       1 
0045       1 
0046       1 
0047       1 
0048       1 
0049       1 
0050       1 
0051       1 
0052       1 
0053       1 
0054       1 
0055       1 
0056       1 
0057       1 
0058       1 
0059       1 
0060       1 
0061       1 
0062       1 
0063       1 
0064       1 
0065       1 
0066       1 
0067       1 
0068       1 
0069       1 
0070       1 
0071       1 
0072       1 
0073       1 
0074       1 
0075       1 
0076       1 
0077       1 
0078       1 
0079       1 
0080       1 
0081       1 
0082       1 
0083       1 
0084       1 
0085       1 
0086       1 
0087       1 
0088       1 
0089       1 
0090       1 
0091       1 
0092       1 
0093       1 
0094       1 
0095       1 
0096       1 
0097       1 
0098       1 
0099       1 
0100       1 
0101       1 
0102       1 
0103       1 
0104       1 
0105       1 
0106       1 
0107       1 
0108       1 
0109       1 
0110       1 
0111       1 
0112       1 
0113       1 
0114       1 
0115       1 
0116       1 
0117       1 
0118       1 
0119       1 
0120       1 
0121       1 
0122       1 
0123       1 
0124       1 
0125       1 
0126       1 
0127       1 
0128       1 
0129       1 
0130       1 
0131       1 
0132       1 
0133       1 
0134       1 
0135       1 
0136       1 
0137       1 
0138       1 
0139       1 
0140       1 
0141       1 
0142       1 
0143       1 
0144       1 
0145       1 
0146       1 
0147       1 
0148       1 
0149       1 
0150       1 
0151       1 
0152       1 
0153       1 
0154       1 
0155       1 
0156       1 
0157       1 
0158       1 
0159       1 
0160       1 
0161       1 
0162       1 
0163       1 
0164       1 
0165       1 
0166       1 
0167       1 
0168       1 
0169       1 
0170       1 
0171       1 
0172       1 
0173       1 
0174       1 
0175       1 
0176       1 
0177       1 
0178       1 
0179       1 
0180       1 
0181       1 
0182       1 
0183       1 
0184       1 
0185       1 
0186       1 
0187       1 
0188       1 
0189       1 
0190       1 
0191       1 
0192       1 
0193       1 
0194       1 
0195       1 
0196       1 
0197       1 
0198       1 
0199       1 
0200       1 
0201       1 
0202       1 
0203       1 
0204       1 
0205       1 
0206       1 
0207       1 
0208       1 
0209       1 
0210       1 
0211       1 
0212       1 
0213       1 
0214       1 
0215       1 
0216       1 
0217       1 
0218       1 
0219       1 
0220       1 
0221       1 
0222       1 
0223       1 
0224       1 
0225       1 
0226       1 
0227       1 
0228       1 
0229       1 
0230       1 
0231       1 
0232       1 
0233       1 
0234       1 
0235       1 
0236       1 
0237       1 
0238       1 
0239       1 
0240       1 
0241       1 
0242       1 
0243       1 
0244       1 
0245       1 
0246       1 
0247       1 
0248       1 
0249       1 
0250       1 
0251       1 
0252       1 
0253       1 
0254       1 
0255       1 
0256       1 
0257       1 
0258       1 
0259       1 
0260       1 
0261       1 
0262       1 
0263       1 
0264       1 
0265       1 
0266       1 
0267       1 
0268       1 
0269       1 
0270       1 
0271       1 
0272       1 
0273       1 
0274       1 
0275       1 
0276       1 
0277       1 
0278       1 
0279       1 
0280       1 
0281       1 
0282       1 
0283       1 
0284       1 
0285       11995 
0286       11995 
0287       11920 
0288       11825 
0289       11752 
0290       11637 
0291       11609 
0292       11496 
0293       11408 
0294       11343 
0295       11240 
0296       11148 
0297       11080 
0298       11059 
0299       11053 
0300       11022 
0301       11020 
0302       10993 
0303       10946 
0304       10899 
0305       10820 
0306       10741 
0307       10672 
0308       10585 
0309       10528 
0310       10486 
0311       10388 
0312       10334 
0313       10274 
0314       10101 
0315       9799 
0316       9716 
0317       9716 
0318       9753 
0319       9786 
0320       9803 
0321       9827 
0322       9867 
0323       9910 
0324       9953 
0325       9993 
0326       10020 
0327       10042 
0328       10074 
0329       10136 
0330       10164 
0331       10205 
0332       10248 
0333       10268 
0334       10324 
0335       10367 
0336       10402 
0337       10443 
0338       10486 
0339       10517 
0340       10564 
0341       10613 
0342       10669 
0343       10710 
0344       10753 
0345       10797 
0346       10842 
0347       10873 
0348       10935 
0349       10982 
0350       11029 
0351       11075 
0352       11123 
0353       11182 
0354       11229 
0355       11288 
0356       11340 
0357       11391 
0358       11440 
0359       11497 
0360       11557 
0361       11628 
0362       11634 
0363       11634 
0364       11598 
0365       11575 
0366       11508 
0367       11458 
0368       11428 
0369       11358 
0370       11334 
0371       11288 
0372       11264 
0373       11191 
0374       11169 
0375       11115 
0376       11080 
0377       11023 
0378       10989 
0379       10958 
0380       10915 
0381       10915 
0382       10931 
0383       10945 
0384       10945 
0385       10936 
0386       10902 
0387       10848 
0388       10834 
0389       10809 
0390       10794 
0391       10736 
0392       10703 
0393       10695 
0394       10616 
0395       10610 
0396       10572 
0397       10540 
0398       10505 
0399       10484 
0400       10467 
0401       10435 
0402       10417 
0403       10356 
0404       10356 
0405       10298 
0406       10296 
0407       10238 
0408       10231 
0409       10190 
0410       10171 
0411       10167 
0412       10114 
0413       10082 
0414       10078 
0415       10064 
0416       9999 
0417       9977 
0418       9961 
0419       9957 
0420       9932 
0421       9895 
0422       9887 
0423       9840 
0424       9838 
0425       9809 
0426       9803 
0427       9747 
0428       9742 
0429       9711 
0430       9696 
0431       9695 
0432       9666 
0433       9661 
0434       9638 
0435       9589 
0436       9568 
0437       9541 
0438       9525 
0439       9524 
0440       9493 
0441       9476 
0442       9470 
0443       9427 
0444       9416 
0445       9397 
0446       9376 
0447       9372 
0448       9361 
0449       9359 
0450       9307 
0451       9302 
0452       9301 
0453       9266 
0454       9244 
0455       9243 
0456       9223 
0457       9202 
0458       9198 
0459       9162 
0460       9141 
0461       9129 
0462       9127 
0463       9102 
0464       9101 
0465       9073 
0466       9064 
0467       9052 
0468       9052 
0469       9052 
0470       9024 
0471       9024 
0472       8999 
0473       8996 
0474       8974 
0475       8969 
0476       8960 
0477       8952 
0478       8943 
0479       8934 
0480       8916 
0481       8905 
0482       8886 
0483       8871 
0484       8878 
0485       8864 
0486       8862 
0487       8862 
0488       8847 
0489       8847 
0490       8831 
0491       8821 
0492       8815 
0493       8815 
0494       8815 
0495       8786 
0496       8780 
0497       8764 
0498       8764 
0499       8761 
0500       8770 
0501       8771 
0502       8771 
0503       8763 
0504       8761 
0505       8735 
0506       8736 
0507       8727 
0508       8727 
0509       8718 
0510       8716 
0511       8713 
0512       8708 
0513       8699 
0514       8699 
0515       8694 
0516       8704 
0517       8695 
0518       8695 
0519       8693 
0520       8690 
0521       8683 
0522       8681 
0523       8683 
0524       8685 
0525       8685 
0526       8685 
0527       8683 
0528       8683 
0529       8670 
0530       8664 
0531       8664 
0532       8664 
0533       8678 
0534       8678 
0535       8682 
0536       8682 
0537       8674 
0538       8674 
0539       8693 
0540       8693 
0541       8690 
0542       8690 
0543       8690 
0544       8690 
0545       8687 
0546       8687 
0547       8700 
0548       8704 
0549       8711 
0550       8711 
0551       8711 
0552       8730 
0553       8731 
0554       8734 
0555       8737 
0556       8741 
0557       8745 
0558       8749 
0559       8753 
0560       8760 
0561       8766 
0562       8769 
0563       8774 
0564       8781 
0565       8784 
0566       8784 
0567       8786 
0568       8782 
0569       8786 
0570       8792 
0571       8796 
0572       8802 
0573       8817 
0574       8823 
0575       8823 
0576       8834 
0577       8848 
0578       8852 
0579       8852 
0580       8872 
0581       8877 
0582       8883 
0583       8898 
0584       8911 
0585       8916 
0586       8916 
0587       8929 
0588       8938 
0589       8953 
0590       8975 
0591       8975 
0592       8985 
0593       8990 
0594       8992 
0595       9014 
0596       9031 
0597       9032 
0598       9039 
0599       9053 
0600       9066 
0601       9086 
0602       9094 
0603       9102 
0604       9105 
0605       9120 
0606       9137 
0607       9153 
0608       9154 
0609       9201 
0610       9201 
0611       9201 
0612       9211 
0613       9236 
0614       9249 
0615       9279 
0616       9287 
0617       9288 
0618       9312 
0619       9322 
0620       9346 
0621       9372 
0622       9398 
0623       9411 
0624       9424 
0625       9431 
0626       9437 
0627       9452 
0628       9472 
0629       9506 
0630       9508 
0631       9527 
0632       9538 
0633       9559 
0634       9575 
0635       9602 
0636       9632 
0637       9649 
0638       9658 
0639       9683 
0640       9706 
0641       9744 
0642       9758 
0643       9766 
0644       9796 
0645       9803 
0646       9828 
0647       9846 
0648       9870 
0649       9879 
0650       9927 
0651       9940 
0652       9972 
0653       9997 
0654       10013 
0655       10035 
0656       10066 
0657       10067 
0658       10088 
0659       10144 
0660       10172 
0661       10200 
0662       10228 
0663       10260 
0664       10288 
0665       10302 
0666       10336 
0667       10363 
0668       10404 
0669       10443 
0670       10443 
0671       10475 
0672       10508 
0673       10554 
0674       10592 
0675       10620 
0676       10668 
0677       10704 
0678       10737 
0679       10761 
0680       10798 
0681       10831 
0682       10861 
0683       10902 
0684       10953 
0685       10983 
0686       10997 
0687       11075 
0688       11104 
0689       11134 
0690       11159 
0691       11213 
0692       11250 
0693       11281 
0694       11333 
0695       11375 
0696       11438 
0697       11458 
0698       11495 
0699       11559 
0700       11600 
0701       11622 
0702       11677 
0703       11736 
0704       11769 
0705       11796 
0706       11855 
0707       11907 
0708       11954 
0709       11996 
0710       12055 
0711       12099 
0712       12142 
0713       12220 
0714       12232 
0715       12307 
0716       12373 
0717       12421 
0718       12479 
0719       12563 
0720       12600 
0721       12657 
0722       12716 
0723       12779 
0724       12847 
0725       12894 
0726       12967 
0727       13052 
0728       13101 
0729       13171 
0730       13248 
0731       13272 
0732       13339 
0733       13449 
0734       13539 
0735       13554 
0736       13661 
0737       13717 
0738       13795 
0739       13890 
0740       13927 
0741       14042 
0742       14105 
0743       14105 
0744       14194 
0745       14359 
0746       14444 
0747       14555 
0748       14600 
0749       14692 
0750       14759 
0751       14873 
0752       14908 
0753       15055 
0754       15111 
0755       15208 
0756       15316 
0757       15427 
0758       15427 
0759       15427 
0760       15483 
0761       15760 
0762       15760 
0763       1 
0764       1 
0765       1 
0766       1 
0767       1 
0768       1 
0769       1 
0770       1 
0771       1 
0772       1 
0773       1 
0774       1 
0775       16965 
0776       17200 
0777       17209 
0778       17209 
0779       17175 
0780       17159 
0781       17123 
0782       17071 
0783       1 
0784       1 
0785       1 
0786       1 
0787       1 
0788       1 
0789       1 
0790       1 
0791       1 
0792       1 
0793       1 
0794       1 
0795       1 
0796       1 
0797       13295 
0798       13295 
0799       13272 
0800       13252 
0801       13064 
0802       1 
0803       1 
0804       1 
0805       1 
0806       1 
0807       1 
0808       1 
0809       1 
0810       1 
0811       1 
0812       1 
0813       1 
0814       1 
0815       8914 
0816       8984 
0817       9043 
0818       9164 
0819       9253 
0820       9387 
0821       9455 
0822       9637 
0823       9783 
0824       9783 
0825       9783 
0826       1 
0827       1 
0828       1 
0829       10720 
0830       11188 
0831       11425 
0832       11659 
0833       11823 
0834       11990 
0835       12168 
0836       12359 
0837       12594 
0838       12830 
0839       13063 
0840       13272 
0841       13549 
0842       13756 
0843       13756 
0844       13756 
0845       1 
0846       1 
0847       1 
0848       1 
0849       1 
0850       1 
0851       1 
0852       1 
0853       1 
0854       1 
0855       1 
0856       1 
0857       1 
0858       1 
0859       1 
0860       1 
0861       1 
0862       1 
0863       1 
0864       1 
0865       1 
0866       1 
0867       1 
0868       1 
0869       1 
0870       1 
0871       1 
0872       1 
0873       1 
0874       1 
0875       1 
0876       1 
0877       1 
0878       1 
0879       1 
0880       1 
0881       1 
0882       1 
0883       1 
0884       1 
0885       1 
0886       1 
0887       1 
0888       1 
0889       1 
0890       1 
0891       1 
0892       1 
0893       1 
0894       1 
0895       1 
0896       1 
0897       1 
0898       1 
0899       1 
0900       1 
0901       1 
0902       1 
0903       1 
0904       1 
0905       1 
0906       1 
0907       1 
0908       1 
0909       1 
0910       1 
0911       1 
0912       1 
0913       1 
0914       1 
0915       1 
0916       1 
0917       1 
0918       1 
0919       1 
0920       1 
0921       1 
0922       1 
0923       1 
0924       1 
0925       1 
0926       1 
0927       1 
0928       1 
0929       1 
0930       1 
0931       1 
0932       1 
0933       1 
0934       1 
0935       1 
0936       1 
0937       1 
0938       1 
0939       1 
0940       1 
0941       1 
0942       1 
0943       1 
0944       1 
0945       1 
0946       1 
0947       1 
0948       1 
0949       1 
0950       1 
0951       1 
0952       1 
0953       1 
0954       1 
0955       1 
0956       1 
0957       1 
0958       1 
0959       1 
0960       1 
0961       1 
0962       1 
0963       1 
0964       1 
0965       1 
0966       1 
0967       1 
0968       1 
0969       1 
0970       1 
0971       1 
0972       1 
0973       1 
0974       1 
0975       1 
0976       1 
0977       1 
0978       1 
0979       1 
0980       1 
0981       1 
0982       1 
0983       1 
0984       1 
0985       1 
0986       1 
0987       1 
0988       1 
0989       1 
0990       1 
0991       1 
0992       1 
0993       1 
0994       1 
0995       1 
0996       1 
0997       1 
0998       1 
0999       1 
1000       1 
1001       1 
1002       1 
1003       1 
1004       1 
1005       1 
1006       1 
1007       4 
1008       4 
1009       4 
1010       4 
1011       4 
1012       4 
1013       4 
1014       4 
1015       4 
1016       4 
1017       41 
1018       42 
1019       50 
1020       50 
1021       63 
1022       65 
1023       73 
1024       73 
1025       65 
1026       65 
1027       65 
1028       64 
1029       56 
1030       56 
1031       44 
1032       44 
1033       56 
1034       64 
1035       65 
1036       65 
1037       65 
1038       69 
1039       65 
1040       65 
1041       72 
1042       72 
1043       72 
1044       72 
1045       67 
1046       67 
1047       66 
1048       66 
1049       64 
1050       64 
1051       63 
1052       64 
1053       64 
1054       66 
1055       66 
1056       66 
1057       62 
1058       62 
1059       62 
1060       62 
1061       66 
1062       66 
1063       67 
1064       67 
1065       67 
1066       67 
1067       67 
1068       66 
1069       66 
1070       71 
1071       71 
1072       73 
1073       73 
1074       73 
1075       70 
1076       69 
1077       69 
1078       70 
1079       70 
1297966631.312381
