0000       1 
0001       1 
0002       1 
0003       1 
0004       1 
0005       1 
0006       1 
0007       1 
0008       1 
0009       1 
0010       1 
0011       1 
0012       1 
0013       1 
0014       1 
0015       1 
0016       1 
0017       1 
0018       1 
0019       1 
0020       1 
0021       1 
0022       1 
0023       1 
0024       1 
0025       1 
0026       1 
0027       1 
0028       1 
0029       1 
0030       1 
0031       1 
0032       1 
0033       1 
0034       1 
0035       1 
0036       1 
0037       1 
0038       1 
0039       1 
0040       1 
0041       1 
0042       1 
0043       1 
0044       1 
0045       1 
0046       1 
0047       1 
0048       1 
0049       1 
0050       1 
0051       1 
0052       1 
0053       1 
0054       1 
0055       1 
0056       1 
0057       1 
0058       1 
0059       1 
0060       1 
0061       1 
0062       1 
0063       1 
0064       1 
0065       1 
0066       1 
0067       1 
0068       1 
0069       1 
0070       1 
0071       1 
0072       1 
0073       1 
0074       1 
0075       1 
0076       1 
0077       1 
0078       1 
0079       1 
0080       1 
0081       1 
0082       1 
0083       1 
0084       1 
0085       1 
0086       1 
0087       1 
0088       1 
0089       1 
0090       1 
0091       1 
0092       1 
0093       1 
0094       1 
0095       1 
0096       1 
0097       1 
0098       1 
0099       1 
0100       1 
0101       1 
0102       1 
0103       1 
0104       1 
0105       1 
0106       1 
0107       1 
0108       1 
0109       1 
0110       1 
0111       1 
0112       1 
0113       1 
0114       1 
0115       1 
0116       1 
0117       1 
0118       1 
0119       1 
0120       1 
0121       1 
0122       1 
0123       1 
0124       1 
0125       1 
0126       1 
0127       1 
0128       1 
0129       1 
0130       1 
0131       1 
0132       1 
0133       1 
0134       1 
0135       1 
0136       1 
0137       1 
0138       1 
0139       1 
0140       1 
0141       1 
0142       1 
0143       1 
0144       1 
0145       1 
0146       1 
0147       1 
0148       1 
0149       1 
0150       1 
0151       1 
0152       1 
0153       1 
0154       1 
0155       1 
0156       1 
0157       1 
0158       1 
0159       1 
0160       1 
0161       1 
0162       1 
0163       1 
0164       1 
0165       1 
0166       1 
0167       1 
0168       1 
0169       1 
0170       1 
0171       1 
0172       1 
0173       1 
0174       1 
0175       1 
0176       1 
0177       1 
0178       1 
0179       1 
0180       1 
0181       1 
0182       1 
0183       1 
0184       1 
0185       1 
0186       1 
0187       1 
0188       1 
0189       1 
0190       1 
0191       1 
0192       1 
0193       1 
0194       1 
0195       1 
0196       1 
0197       1 
0198       1 
0199       1 
0200       1 
0201       1 
0202       1 
0203       1 
0204       1 
0205       1 
0206       1 
0207       1 
0208       1 
0209       1 
0210       1 
0211       1 
0212       1 
0213       1 
0214       1 
0215       1 
0216       1 
0217       1 
0218       1 
0219       1 
0220       1 
0221       1 
0222       1 
0223       1 
0224       1 
0225       1 
0226       1 
0227       1 
0228       1 
0229       1 
0230       1 
0231       1 
0232       1 
0233       1 
0234       1 
0235       1 
0236       1 
0237       1 
0238       1 
0239       1 
0240       1 
0241       1 
0242       1 
0243       1 
0244       19371 
0245       19371 
0246       19166 
0247       19166 
0248       19166 
0249       19166 
0250       1 
0251       1 
0252       1 
0253       1 
0254       1 
0255       1 
0256       1 
0257       1 
0258       1 
0259       1 
0260       1 
0261       1 
0262       1 
0263       1 
0264       1 
0265       1 
0266       1 
0267       1 
0268       1 
0269       1 
0270       1 
0271       1 
0272       1 
0273       1 
0274       1 
0275       1 
0276       1 
0277       1 
0278       1 
0279       1 
0280       1 
0281       1 
0282       1 
0283       1 
0284       1 
0285       1 
0286       1 
0287       1 
0288       1 
0289       1 
0290       1 
0291       1 
0292       1 
0293       1 
0294       1 
0295       1 
0296       1 
0297       1 
0298       1 
0299       1 
0300       1 
0301       1 
0302       1 
0303       1 
0304       1 
0305       1 
0306       1 
0307       1 
0308       1 
0309       1 
0310       1 
0311       1 
0312       1 
0313       1 
0314       1 
0315       1 
0316       1 
0317       1 
0318       1 
0319       1 
0320       1 
0321       1 
0322       1 
0323       1 
0324       1 
0325       1 
0326       17865 
0327       17865 
0328       17865 
0329       17704 
0330       17549 
0331       17157 
0332       17027 
0333       17027 
0334       17027 
0335       16901 
0336       16772 
0337       16607 
0338       16498 
0339       16396 
0340       16291 
0341       16146 
0342       16044 
0343       15937 
0344       15821 
0345       15722 
0346       15624 
0347       15499 
0348       15388 
0349       15279 
0350       15197 
0351       15103 
0352       14999 
0353       14896 
0354       14833 
0355       14705 
0356       14654 
0357       14559 
0358       14469 
0359       14346 
0360       14279 
0361       14201 
0362       14113 
0363       13998 
0364       13943 
0365       13863 
0366       13792 
0367       13673 
0368       13613 
0369       13552 
0370       13537 
0371       13388 
0372       13288 
0373       13211 
0374       13150 
0375       12958 
0376       12780 
0377       12711 
0378       12653 
0379       12587 
0380       12493 
0381       12444 
0382       12397 
0383       12331 
0384       12268 
0385       12207 
0386       12139 
0387       12094 
0388       12037 
0389       12005 
0390       11938 
0391       11868 
0392       11841 
0393       11806 
0394       11772 
0395       11726 
0396       11726 
0397       11719 
0398       11718 
0399       11716 
0400       11674 
0401       11659 
0402       11593 
0403       11573 
0404       11519 
0405       11457 
0406       11405 
0407       11384 
0408       11316 
0409       11270 
0410       11231 
0411       11188 
0412       11166 
0413       11122 
0414       11069 
0415       11007 
0416       10985 
0417       10972 
0418       10908 
0419       10882 
0420       10841 
0421       10802 
0422       10786 
0423       10719 
0424       10695 
0425       10654 
0426       10638 
0427       10591 
0428       10577 
0429       10524 
0430       10486 
0431       10444 
0432       10420 
0433       10416 
0434       10365 
0435       10345 
0436       10272 
0437       10270 
0438       10221 
0439       10220 
0440       10197 
0441       10148 
0442       10121 
0443       10085 
0444       10061 
0445       10018 
0446       10000 
0447       9989 
0448       9956 
0449       9953 
0450       9882 
0451       9877 
0452       9841 
0453       9820 
0454       9789 
0455       9757 
0456       9717 
0457       9690 
0458       9671 
0459       9667 
0460       9647 
0461       9594 
0462       9585 
0463       9565 
0464       9521 
0465       9521 
0466       9521 
0467       9472 
0468       9443 
0469       9434 
0470       9406 
0471       9387 
0472       9386 
0473       9349 
0474       9341 
0475       9300 
0476       9300 
0477       9269 
0478       9269 
0479       9244 
0480       9224 
0481       9202 
0482       9202 
0483       9155 
0484       9139 
0485       9123 
0486       9119 
0487       9099 
0488       9098 
0489       9057 
0490       9047 
0491       9034 
0492       9014 
0493       9010 
0494       9003 
0495       8957 
0496       8955 
0497       8946 
0498       8936 
0499       8924 
0500       8920 
0501       8920 
0502       8893 
0503       8874 
0504       8869 
0505       8855 
0506       8849 
0507       8821 
0508       8801 
0509       8795 
0510       8788 
0511       8777 
0512       8777 
0513       8777 
0514       8755 
0515       8750 
0516       8732 
0517       8731 
0518       8726 
0519       8709 
0520       8708 
0521       8696 
0522       8680 
0523       8672 
0524       8660 
0525       8652 
0526       8652 
0527       8652 
0528       8630 
0529       8620 
0530       8616 
0531       8610 
0532       8594 
0533       8589 
0534       8593 
0535       8581 
0536       8581 
0537       8561 
0538       8561 
0539       8553 
0540       8546 
0541       8542 
0542       8546 
0543       8542 
0544       8525 
0545       8525 
0546       8512 
0547       8512 
0548       8512 
0549       8519 
0550       8509 
0551       8492 
0552       8492 
0553       8492 
0554       8498 
0555       8498 
0556       8497 
0557       8491 
0558       8477 
0559       8477 
0560       8479 
0561       8479 
0562       8486 
0563       8475 
0564       8478 
0565       8474 
0566       8472 
0567       8471 
0568       8471 
0569       8484 
0570       8491 
0571       8491 
0572       8487 
0573       8473 
0574       8473 
0575       8479 
0576       8486 
0577       8497 
0578       8507 
0579       8507 
0580       8478 
0581       8478 
0582       8508 
0583       8509 
0584       8508 
0585       8511 
0586       8511 
0587       8516 
0588       8518 
0589       8530 
0590       8532 
0591       8532 
0592       8531 
0593       8531 
0594       8547 
0595       8550 
0596       8552 
0597       8560 
0598       8564 
0599       8581 
0600       8581 
0601       8586 
0602       8597 
0603       8603 
0604       8603 
0605       8603 
0606       8605 
0607       8618 
0608       8624 
0609       8634 
0610       8635 
0611       8653 
0612       8652 
0613       8652 
0614       8644 
0615       8644 
0616       8652 
0617       8663 
0618       8674 
0619       8680 
0620       8684 
0621       8693 
0622       8695 
0623       8715 
0624       8717 
0625       8730 
0626       8738 
0627       8750 
0628       8753 
0629       8762 
0630       8765 
0631       8784 
0632       8785 
0633       8814 
0634       8817 
0635       8823 
0636       8836 
0637       8850 
0638       8858 
0639       8876 
0640       8882 
0641       8885 
0642       8885 
0643       8900 
0644       8914 
0645       8931 
0646       8937 
0647       8959 
0648       8960 
0649       8976 
0650       8988 
0651       8999 
0652       9013 
0653       9038 
0654       9039 
0655       9062 
0656       9066 
0657       9091 
0658       9100 
0659       9121 
0660       9143 
0661       9165 
0662       9172 
0663       9186 
0664       9211 
0665       9220 
0666       9242 
0667       9259 
0668       9266 
0669       9300 
0670       9302 
0671       9327 
0672       9346 
0673       9370 
0674       9395 
0675       9413 
0676       9415 
0677       9449 
0678       9475 
0679       9499 
0680       9521 
0681       9526 
0682       9561 
0683       9569 
0684       9597 
0685       9611 
0686       9630 
0687       9651 
0688       9703 
0689       9704 
0690       9745 
0691       9775 
0692       9775 
0693       9799 
0694       9813 
0695       9869 
0696       9893 
0697       9894 
0698       9894 
0699       9872 
0700       9871 
0701       9872 
0702       9882 
0703       9890 
0704       9918 
0705       9932 
0706       9945 
0707       9966 
0708       10020 
0709       10036 
0710       10063 
0711       10090 
0712       10116 
0713       10116 
0714       10134 
0715       10138 
0716       10143 
0717       10192 
0718       10252 
0719       10252 
0720       7533 
0721       7533 
0722       7533 
0723       7556 
0724       7582 
0725       7604 
0726       7630 
0727       7659 
0728       7698 
0729       7717 
0730       7749 
0731       7760 
0732       7808 
0733       7809 
0734       7816 
0735       7826 
0736       7840 
0737       7841 
0738       7847 
0739       7876 
0740       7883 
0741       7894 
0742       7936 
0743       7951 
0744       7971 
0745       8013 
0746       8049 
0747       8053 
0748       8091 
0749       8091 
0750       1 
0751       1 
0752       1 
0753       1 
0754       1 
0755       5516 
0756       5516 
0757       5478 
0758       5477 
0759       5456 
0760       5436 
0761       5408 
0762       5396 
0763       5348 
0764       5284 
0765       5264 
0766       5218 
0767       5191 
0768       5171 
0769       5141 
0770       5077 
0771       5063 
0772       5034 
0773       5012 
0774       4963 
0775       4955 
0776       4903 
0777       4870 
0778       4838 
0779       4796 
0780       4787 
0781       4740 
0782       4728 
0783       4728 
0784       4728 
0785       4729 
0786       4731 
0787       4765 
0788       4787 
0789       4800 
0790       4842 
0791       4874 
0792       4896 
0793       4927 
0794       4986 
0795       5020 
0796       5024 
0797       5050 
0798       5120 
0799       5143 
0800       5185 
0801       5240 
0802       5258 
0803       5304 
0804       5368 
0805       5428 
0806       5533 
0807       5598 
0808       5673 
0809       5730 
0810       5777 
0811       5823 
0812       5865 
0813       5893 
0814       5943 
0815       6009 
0816       6058 
0817       6128 
0818       6175 
0819       6211 
0820       6272 
0821       6329 
0822       6390 
0823       6438 
0824       6495 
0825       6565 
0826       6619 
0827       6667 
0828       6727 
0829       6797 
0830       6845 
0831       6939 
0832       6999 
0833       7046 
0834       7148 
0835       7181 
0836       7271 
0837       7328 
0838       7414 
0839       7453 
0840       7518 
0841       7579 
0842       7683 
0843       7738 
0844       7816 
0845       7893 
0846       7894 
0847       7894 
0848       8023 
0849       8127 
0850       8254 
0851       8557 
0852       8651 
0853       8748 
0854       8846 
0855       8975 
0856       9056 
0857       9184 
0858       9374 
0859       9503 
0860       9586 
0861       9793 
0862       9793 
0863       9949 
0864       10182 
0865       10302 
0866       10444 
0867       10595 
0868       10752 
0869       10926 
0870       11068 
0871       11179 
0872       11466 
0873       11698 
0874       11857 
0875       12056 
0876       12294 
0877       12509 
0878       12741 
0879       13011 
0880       13249 
0881       13565 
0882       13624 
0883       13624 
0884       1 
0885       1 
0886       1 
0887       15150 
0888       15150 
0889       15150 
0890       15150 
0891       22679 
0892       22679 
0893       22679 
0894       22679 
0895       22657 
0896       22631 
0897       22597 
0898       22597 
0899       22597 
0900       22592 
0901       22584 
0902       22558 
0903       22469 
0904       22469 
0905       1 
0906       1 
0907       1 
0908       1 
0909       1 
0910       1 
0911       1 
0912       22768 
0913       22777 
0914       22777 
0915       22751 
0916       22751 
0917       22751 
0918       22735 
0919       22714 
0920       22490 
0921       22435 
0922       22435 
0923       22423 
0924       22437 
0925       22422 
0926       22413 
0927       22407 
0928       22407 
0929       22432 
0930       22437 
0931       22437 
0932       22440 
0933       22433 
0934       22433 
0935       1 
0936       1 
0937       1 
0938       1 
0939       1 
0940       1 
0941       1 
0942       1 
0943       1 
0944       1 
0945       1 
0946       1 
0947       1 
0948       1 
0949       1 
0950       1 
0951       1 
0952       1 
0953       1 
0954       1 
0955       1 
0956       1 
0957       1 
0958       1 
0959       1 
0960       1 
0961       1 
0962       1 
0963       1 
0964       1 
0965       1 
0966       1 
0967       1 
0968       1 
0969       1 
0970       1 
0971       1 
0972       1 
0973       1 
0974       1 
0975       1 
0976       1 
0977       1 
0978       1 
0979       1 
0980       1 
0981       1 
0982       1 
0983       1 
0984       1 
0985       1 
0986       1 
0987       1 
0988       1 
0989       1 
0990       1 
0991       1 
0992       1 
0993       1 
0994       1 
0995       1 
0996       1 
0997       1 
0998       1 
0999       1 
1000       1 
1001       1 
1002       1 
1003       1 
1004       1 
1005       1 
1006       1 
1007       4 
1008       4 
1009       43 
1010       45 
1011       45 
1012       48 
1013       48 
1014       48 
1015       44 
1016       42 
1017       4 
1018       42 
1019       42 
1020       44 
1021       44 
1022       47 
1023       47 
1024       61 
1025       61 
1026       66 
1027       69 
1028       66 
1029       57 
1030       57 
1031       53 
1032       53 
1033       53 
1034       58 
1035       59 
1036       60 
1037       60 
1038       66 
1039       66 
1040       68 
1041       70 
1042       70 
1043       72 
1044       70 
1045       70 
1046       69 
1047       70 
1048       63 
1049       63 
1050       61 
1051       64 
1052       64 
1053       64 
1054       68 
1055       68 
1056       68 
1057       68 
1058       68 
1059       68 
1060       63 
1061       63 
1062       63 
1063       68 
1064       68 
1065       69 
1066       70 
1067       69 
1068       69 
1069       69 
1070       71 
1071       66 
1072       71 
1073       69 
1074       71 
1075       71 
1076       71 
1077       73 
1078       73 
1079       66 
1297966624.399753
